{
  "acoustic_entropy": 199.08575439453125,
  "bands": [
    {
      "high_freq": 148.1999969482422,
      "loudness": -20.31621742248535,
      "loudness_range": 9.094867706298828,
      "mid_mean": -16.855365753173828,
      "mid_to_side_loudness": -16.491724014282227,
      "mid_to_side_loudness_range": 24.491342544555664,
      "side_mean": -34.30760192871094
    },
    {
      "high_freq": 392.3793640136719,
      "loudness": -21.851465225219727,
      "loudness_range": 9.968812942504883,
      "low_freq": 148.1999969482422,
      "mid_mean": -20.156044006347656,
      "mid_to_side_loudness": -3.6239044666290283,
      "mid_to_side_loudness_range": 13.983969688415527,
      "side_mean": -23.935319900512695
    },
    {
      "high_freq": 794.6976318359375,
      "loudness": -26.2280216217041,
      "loudness_range": 15.463865280151367,
      "low_freq": 392.3793640136719,
      "mid_mean": -24.166584014892578,
      "mid_to_side_loudness": -4.4890217781066895,
      "mid_to_side_loudness_range": 10.445297241210938,
      "side_mean": -28.626819610595703
    },
    {
      "high_freq": 1457.5709228515625,
      "loudness": -31.079381942749023,
      "loudness_range": 20.52263641357422,
      "low_freq": 794.6976318359375,
      "mid_mean": -29.140478134155273,
      "mid_to_side_loudness": -4.081398963928223,
      "mid_to_side_loudness_range": 11.041459083557129,
      "side_mean": -33.24269104003906
    },
    {
      "high_freq": 2549.74365234375,
      "loudness": -29.20863151550293,
      "loudness_range": 25.81474494934082,
      "low_freq": 1457.5709228515625,
      "mid_mean": -26.7935733795166,
      "mid_to_side_loudness": -5.445774555206299,
      "mid_to_side_loudness_range": 11.117085456848145,
      "side_mean": -32.42437744140625
    },
    {
      "high_freq": 4349.24462890625,
      "loudness": -28.684844970703125,
      "loudness_range": 22.623920440673828,
      "low_freq": 2549.74365234375,
      "mid_mean": -26.017047882080078,
      "mid_to_side_loudness": -6.596843242645264,
      "mid_to_side_loudness_range": 10.945759773254395,
      "side_mean": -32.7970085144043
    },
    {
      "high_freq": 7314.1640625,
      "loudness": -35.117549896240234,
      "loudness_range": 18.504470825195312,
      "low_freq": 4349.24462890625,
      "mid_mean": -33.029640197753906,
      "mid_to_side_loudness": -4.770401954650879,
      "mid_to_side_loudness_range": 12.161077499389648,
      "side_mean": -37.99221420288086
    },
    {
      "high_freq": 12199.2666015625,
      "loudness": -37.85479736328125,
      "loudness_range": 17.20108413696289,
      "low_freq": 7314.1640625,
      "mid_mean": -35.76640701293945,
      "mid_to_side_loudness": -5.391975402832031,
      "mid_to_side_loudness_range": 15.423208236694336,
      "side_mean": -41.67845153808594
    },
    {
      "loudness": -45.6524658203125,
      "loudness_range": 17.522602081298828,
      "low_freq": 12199.2666015625,
      "mid_mean": -44.152366638183594,
      "mid_to_side_loudness": -2.911405563354492,
      "mid_to_side_loudness_range": 8.471966743469238,
      "side_mean": -47.40058517456055
    }
  ],
  "bands_short": [
    {
      "high_freq": 148.1999969482422,
      "loudness": -22.633625030517578,
      "loudness_range": 15.782161712646484,
      "mid_mean": -19.126785278320312,
      "mid_to_side_loudness": -21.322860717773438,
      "mid_to_side_loudness_range": 34.620235443115234,
      "side_mean": -43.64274978637695
    },
    {
      "high_freq": 392.3793640136719,
      "loudness": -21.509737014770508,
      "loudness_range": 12.580038070678711,
      "low_freq": 148.1999969482422,
      "mid_mean": -19.878137588500977,
      "mid_to_side_loudness": -4.644546985626221,
      "mid_to_side_loudness_range": 19.55765151977539,
      "side_mean": -24.767786026000977
    },
    {
      "high_freq": 794.6976318359375,
      "loudness": -27.058406829833984,
      "loudness_range": 18.418916702270508,
      "low_freq": 392.3793640136719,
      "mid_mean": -25.391925811767578,
      "mid_to_side_loudness": -3.908846139907837,
      "mid_to_side_loudness_range": 14.126649856567383,
      "side_mean": -29.336719512939453
    },
    {
      "high_freq": 1457.5709228515625,
      "loudness": -31.14818572998047,
      "loudness_range": 22.533172607421875,
      "low_freq": 794.6976318359375,
      "mid_mean": -29.228107452392578,
      "mid_to_side_loudness": -4.347140312194824,
      "mid_to_side_loudness_range": 13.113412857055664,
      "side_mean": -33.667724609375
    },
    {
      "high_freq": 2549.74365234375,
      "loudness": -30.088863372802734,
      "loudness_range": 27.753318786621094,
      "low_freq": 1457.5709228515625,
      "mid_mean": -28.019010543823242,
      "mid_to_side_loudness": -4.961021900177002,
      "mid_to_side_loudness_range": 14.837818145751953,
      "side_mean": -33.281986236572266
    },
    {
      "high_freq": 4349.24462890625,
      "loudness": -29.58241844177246,
      "loudness_range": 25.446056365966797,
      "low_freq": 2549.74365234375,
      "mid_mean": -27.16309928894043,
      "mid_to_side_loudness": -6.11519718170166,
      "mid_to_side_loudness_range": 14.349641799926758,
      "side_mean": -33.62212371826172
    },
    {
      "high_freq": 7314.1640625,
      "loudness": -37.006690979003906,
      "loudness_range": 21.48435401916504,
      "low_freq": 4349.24462890625,
      "mid_mean": -35.037540435791016,
      "mid_to_side_loudness": -4.433245658874512,
      "mid_to_side_loudness_range": 12.607696533203125,
      "side_mean": -40.08757781982422
    },
    {
      "high_freq": 12199.2666015625,
      "loudness": -40.732460021972656,
      "loudness_range": 23.124988555908203,
      "low_freq": 7314.1640625,
      "mid_mean": -38.73733139038086,
      "mid_to_side_loudness": -5.839759826660156,
      "mid_to_side_loudness_range": 18.571012496948242,
      "side_mean": -45.85129165649414
    },
    {
      "loudness": -50.656532287597656,
      "loudness_range": 27.916664123535156,
      "low_freq": 12199.2666015625,
      "mid_mean": -48.8341178894043,
      "mid_to_side_loudness": -5.1069746017456055,
      "mid_to_side_loudness_range": 16.410493850708008,
      "side_mean": -54.54823684692383
    }
  ],
  "bandwidth": 544.0518188476562,
  "channels": 2,
  "covariance": [
    [
      17.973026275634766,
      13.843574523925781,
      7.471739768981934,
      6.635887622833252,
      7.36702823638916,
      7.40577507019043,
      7.310638427734375,
      6.921872615814209,
      3.398482322692871,
      2.4593358039855957,
      3.2583072185516357,
      3.138967514038086,
      6.322793006896973,
      5.577881813049316,
      5.554535388946533,
      5.874677658081055,
      6.506396770477295,
      5.732883453369141
    ],
    [
      13.843574523925781,
      78.68412780761719,
      9.746769905090332,
      23.943700790405273,
      15.693986892700195,
      24.00033950805664,
      27.593082427978516,
      26.295516967773438,
      26.736186981201172,
      30.98887062072754,
      24.520912170410156,
      30.79595184326172,
      13.927334785461426,
      22.61275863647461,
      5.122862815856934,
      16.900741577148438,
      8.0831937789917,
      12.779661178588867
    ],
    [
      7.471739768981934,
      9.746769905090332,
      18.379770278930664,
      12.848337173461914,
      13.544883728027344,
      11.050347328186035,
      12.696725845336914,
      9.385151863098145,
      10.021294593811035,
      6.914238929748535,
      9.877345085144043,
      8.611035346984863,
      8.1298189163208,
      7.8204145431518555,
      8.510669708251953,
      6.943906784057617,
      7.018578052520752,
      5.8535356521606445
    ],
    [
      6.635887622833252,
      23.943700790405273,
      12.848337173461914,
      31.394521713256836,
      15.044370651245117,
      19.39082145690918,
      18.678688049316406,
      20.78514862060547,
      16.47185707092285,
      18.761253356933594,
      15.113250732421875,
      17.771120071411133,
      8.607085227966309,
      14.60239028930664,
      6.378708362579346,
      14.292845726013184,
      9.930678367614746,
      14.11806869506836
    ],
    [
      7.36702823638916,
      15.693986892700195,
      13.544883728027344,
      15.044370651245117,
      32.720420837402344,
      25.183124542236328,
      31.348512649536133,
      23.808748245239258,
      27.09931755065918,
      19.58034896850586,
      23.258691787719727,
      18.743642807006836,
      12.500179290771484,
      13.303567886352539,
      11.820846557617188,
      11.345695495605469,
      10.305293083190918,
      8.903844833374023
    ],
    [
      7.40577507019043,
      24.00033950805664,
      11.050347328186035,
      19.39082145690918,
      25.183124542236328,
      33.58816146850586,
      29.852733612060547,
      28.890235900878906,
      25.85399627685547,
      27.657962799072266,
      24.22901725769043,
      27.0791072845459,
      12.779809951782227,
      18.6815185546875,
      9.58718204498291,
      15.356354713439941,
      9.305891990661621,
      10.798958778381348
    ],
    [
      7.310638427734375,
      27.593082427978516,
      12.696725845336914,
      18.678688049316406,
      31.348512649536133,
      29.852733612060547,
      56.881378173828125,
      40.596736907958984,
      47.55391311645508,
      42.378299713134766,
      39.48741912841797,
      35.806243896484375,
      13.824588775634766,
      20.47000503540039,
      8.028149604797363,
      16.32971954345703,
      10.13288402557373,
      12.375070571899414
    ],
    [
      6.921872615814209,
      26.295516967773438,
      9.385151863098145,
      20.78514862060547,
      23.808748245239258,
      28.890235900878906,
      40.596736907958984,
      40.53071212768555,
      35.502227783203125,
      38.82988357543945,
      31.504858016967773,
      34.41178894042969,
      12.533346176147461,
      21.775775909423828,
      5.802541255950928,
      18.312124252319336,
      10.046797752380371,
      14.874320030212402
    ],
    [
      3.398482322692871,
      26.736186981201172,
      10.021294593811035,
      16.47185707092285,
      27.09931755065918,
      25.85399627685547,
      47.55391311645508,
      35.502227783203125,
      83.49628448486328,
      75.6967544555664,
      66.42102813720703,
      58.20286178588867,
      15.739684104919434,
      23.442230224609375,
      3.460069417953491,
      17.161453247070312,
      5.791708469390869,
      11.690465927124023
    ],
    [
      2.4593358039855957,
      30.98887062072754,
      6.914238929748535,
      18.761253356933594,
      19.58034896850586,
      27.657962799072266,
      42.378299713134766,
      38.82988357543945,
      75.6967544555664,
      84.6966781616211,
      62.78261184692383,
      65.88146209716797,
      14.461840629577637,
      28.4173583984375,
      -1.8877891302108765,
      21.126422882080078,
      4.457406997680664,
      14.142579078674316
    ],
    [
      3.2583072185516357,
      24.520912170410156,
      9.877345085144043,
      15.113250732421875,
      23.258691787719727,
      24.22901725769043,
      39.48741912841797,
      31.504858016967773,
      66.42102813720703,
      62.78261184692383,
      64.5001220703125,
      55.10551834106445,
      20.080520629882812,
      24.599302291870117,
      8.084256172180176,
      17.564895629882812,
      7.978878974914551,
      11.024295806884766
    ],
    [
      3.138967514038086,
      30.79595184326172,
      8.611035346984863,
      17.771120071411133,
      18.743642807006836,
      27.0791072845459,
      35.806243896484375,
      34.41178894042969,
      58.20286178588867,
      65.88146209716797,
      55.10551834106445,
      62.15199279785156,
      17.916303634643555,
      31.55344581604004,
      2.782243013381958,
      23.2972354888916,
      7.89708948135376,
      15.189413070678711
    ],
    [
      6.322793006896973,
      13.927334785461426,
      8.1298189163208,
      8.607085227966309,
      12.500179290771484,
      12.779809951782227,
      13.824588775634766,
      12.533346176147461,
      15.739684104919434,
      14.461840629577637,
      20.080520629882812,
      17.916303634643555,
      44.45836639404297,
      27.31039810180664,
      33.880096435546875,
      22.37267303466797,
      27.10395622253418,
      18.2054386138916
    ],
    [
      5.577881813049316,
      22.61275863647461,
      7.8204145431518555,
      14.60239028930664,
      13.303567886352539,
      18.6815185546875,
      20.47000503540039,
      21.775775909423828,
      23.442230224609375,
      28.4173583984375,
      24.599302291870117,
      31.55344581604004,
      27.31039810180664,
      36.14946746826172,
      16.820533752441406,
      32.25155258178711,
      23.207740783691406,
      29.272768020629883
    ],
    [
      5.554535388946533,
      5.122862815856934,
      8.510669708251953,
      6.378708362579346,
      11.820846557617188,
      9.58718204498291,
      8.028149604797363,
      5.802541255950928,
      3.460069417953491,
      -1.8877891302108765,
      8.084256172180176,
      2.782243013381958,
      33.880096435546875,
      16.820533752441406,
      41.27528762817383,
      17.964122772216797,
      29.057071685791016,
      17.078737258911133
    ],
    [
      5.874677658081055,
      16.900741577148438,
      6.943906784057617,
      14.292845726013184,
      11.345695495605469,
      15.356354713439941,
      16.32971954345703,
      18.312124252319336,
      17.161453247070312,
      21.126422882080078,
      17.564895629882812,
      23.2972354888916,
      22.37267303466797,
      32.25155258178711,
      17.964122772216797,
      38.560333251953125,
      30.088760375976562,
      41.82680130004883
    ],
    [
      6.506396770477295,
      8.0831937789917,
      7.018578052520752,
      9.930678367614746,
      10.305293083190918,
      9.305891990661621,
      10.13288402557373,
      10.046797752380371,
      5.791708469390869,
      4.457406997680664,
      7.978878974914551,
      7.89708948135376,
      27.10395622253418,
      23.207740783691406,
      29.057071685791016,
      30.088760375976562,
      39.90077209472656,
      39.299991607666016
    ],
    [
      5.732883453369141,
      12.779661178588867,
      5.8535356521606445,
      14.11806869506836,
      8.903844833374023,
      10.798958778381348,
      12.375070571899414,
      14.874320030212402,
      11.690465927124023,
      14.142579078674316,
      11.024295806884766,
      15.189413070678711,
      18.2054386138916,
      29.272768020629883,
      17.078737258911133,
      41.82680130004883,
      39.299991607666016,
      61.71345138549805
    ]
  ],
  "covariance_short": [
    [
      45.771583557128906,
      9.715465545654297,
      13.114837646484375,
      6.617331504821777,
      6.206283092498779,
      5.36469030380249,
      5.2954816818237305,
      5.795609951019287,
      -0.7519283294677734,
      -1.054332971572876,
      -0.3888091742992401,
      0.69919753074646,
      5.444082260131836,
      4.613828659057617,
      4.345124244689941,
      4.594247341156006,
      6.461770534515381,
      3.6654117107391357
    ],
    [
      9.715465545654297,
      95.40711975097656,
      16.22771453857422,
      38.21181869506836,
      21.338834762573242,
      33.30390167236328,
      33.54277801513672,
      34.74980545043945,
      30.858854293823242,
      37.743839263916016,
      31.251476287841797,
      42.877166748046875,
      21.217838287353516,
      35.15808868408203,
      11.91308307647705,
      29.72532844543457,
      15.700831413269043,
      26.259389877319336
    ],
    [
      13.114837646484375,
      16.22771453857422,
      29.889835357666016,
      16.09885025024414,
      17.555034637451172,
      13.543256759643555,
      15.207459449768066,
      11.658138275146484,
      12.393925666809082,
      9.459507942199707,
      11.943228721618652,
      11.744547843933105,
      8.900609970092773,
      10.80389404296875,
      11.23668384552002,
      12.209362983703613,
      11.519159317016602,
      12.811996459960938
    ],
    [
      6.617331504821777,
      38.21181869506836,
      16.09885025024414,
      51.70804977416992,
      22.43737030029297,
      32.89433670043945,
      26.628646850585938,
      29.794336318969727,
      20.234342575073242,
      24.919370651245117,
      19.69642448425293,
      25.710689544677734,
      13.310829162597656,
      21.786699295043945,
      10.787327766418457,
      20.896373748779297,
      14.243158340454102,
      20.85907554626465
    ],
    [
      6.206283092498779,
      21.338834762573242,
      17.555034637451172,
      22.43737030029297,
      45.16664123535156,
      32.731021881103516,
      38.792564392089844,
      29.757043838500977,
      33.63698959350586,
      25.03188705444336,
      30.325002670288086,
      25.72264289855957,
      17.122468948364258,
      18.74500274658203,
      19.214529037475586,
      18.214595794677734,
      18.74264144897461,
      16.935190200805664
    ],
    [
      5.36469030380249,
      33.30390167236328,
      13.543256759643555,
      32.89433670043945,
      32.731021881103516,
      49.896209716796875,
      35.105743408203125,
      37.49248123168945,
      28.312063217163086,
      33.32096481323242,
      28.02943229675293,
      34.266048431396484,
      18.449230194091797,
      26.64606285095215,
      15.202736854553223,
      24.759126663208008,
      17.021583557128906,
      22.315288543701172
    ],
    [
      5.2954816818237305,
      33.54277801513672,
      15.207459449768066,
      26.628646850585938,
      38.792564392089844,
      35.105743408203125,
      65.2921142578125,
      45.7407341003418,
      52.91904067993164,
      45.497047424316406,
      46.201080322265625,
      40.39833068847656,
      22.351348876953125,
      26.963104248046875,
      18.45577049255371,
      24.37836265563965,
      18.72105598449707,
      21.71546745300293
    ],
    [
      5.795609951019287,
      34.74980545043945,
      11.658138275146484,
      29.794336318969727,
      29.757043838500977,
      37.49248123168945,
      45.7407341003418,
      51.09449768066406,
      38.349639892578125,
      44.01065444946289,
      35.498653411865234,
      40.60774612426758,
      19.11016273498535,
      29.19148826599121,
      12.204333305358887,
      26.64093780517578,
      16.815336227416992,
      24.229917526245117
    ],
    [
      -0.7519283294677734,
      30.858854293823242,
      12.393925666809082,
      20.234342575073242,
      33.63698959350586,
      28.312063217163086,
      52.91904067993164,
      38.349639892578125,
      96.51529693603516,
      78.50337982177734,
      77.62338256835938,
      63.8157958984375,
      29.518808364868164,
      34.10780715942383,
      16.38500213623047,
      29.828289031982422,
      15.690850257873535,
      25.835397720336914
    ],
    [
      -1.054332971572876,
      37.743839263916016,
      9.459507942199707,
      24.919370651245117,
      25.03188705444336,
      33.32096481323242,
      45.497047424316406,
      44.01065444946289,
      78.50337982177734,
      93.42536926269531,
      67.85262298583984,
      73.8120346069336,
      26.635801315307617,
      41.47193145751953,
      6.735513687133789,
      36.05668258666992,
      12.305187225341797,
      32.73204803466797
    ],
    [
      -0.3888091742992401,
      31.251476287841797,
      11.943228721618652,
      19.69642448425293,
      30.325002670288086,
      28.02943229675293,
      46.201080322265625,
      35.498653411865234,
      77.62338256835938,
      67.85262298583984,
      81.4111328125,
      62.75856399536133,
      36.39834976196289,
      37.63471221923828,
      23.648422241210938,
      32.44888687133789,
      21.649784088134766,
      27.536039352416992
    ],
    [
      0.69919753074646,
      42.877166748046875,
      11.744547843933105,
      25.710689544677734,
      25.72264289855957,
      34.266048431396484,
      40.39833068847656,
      40.60774612426758,
      63.8157958984375,
      73.8120346069336,
      62.75856399536133,
      76.10895538330078,
      30.875646591186523,
      48.61735153198242,
      13.625102996826172,
      43.21943283081055,
      19.951929092407227,
      39.181495666503906
    ],
    [
      5.444082260131836,
      21.217838287353516,
      8.900609970092773,
      13.310829162597656,
      17.122468948364258,
      18.449230194091797,
      22.351348876953125,
      19.11016273498535,
      29.518808364868164,
      26.635801315307617,
      36.39834976196289,
      30.875646591186523,
      59.48930358886719,
      43.61404037475586,
      51.43252182006836,
      44.29041290283203,
      49.191749572753906,
      41.23015213012695
    ],
    [
      4.613828659057617,
      35.15808868408203,
      10.80389404296875,
      21.786699295043945,
      18.74500274658203,
      26.64606285095215,
      26.963104248046875,
      29.19148826599121,
      34.10780715942383,
      41.47193145751953,
      37.63471221923828,
      48.61735153198242,
      43.61404037475586,
      66.06520080566406,
      32.985313415527344,
      65.2615966796875,
      44.499855041503906,
      64.88633728027344
    ],
    [
      4.345124244689941,
      11.91308307647705,
      11.23668384552002,
      10.787327766418457,
      19.214529037475586,
      15.202736854553223,
      18.45577049255371,
      12.204333305358887,
      16.38500213623047,
      6.735513687133789,
      23.648422241210938,
      13.625102996826172,
      51.43252182006836,
      32.985313415527344,
      71.9504165649414,
      43.379127502441406,
      61.655025482177734,
      43.4908332824707
    ],
    [
      4.594247341156006,
      29.72532844543457,
      12.209362983703613,
      20.896373748779297,
      18.214595794677734,
      24.759126663208008,
      24.37836265563965,
      26.64093780517578,
      29.828289031982422,
      36.05668258666992,
      32.44888687133789,
      43.21943283081055,
      44.29041290283203,
      65.2615966796875,
      43.379127502441406,
      84.51102447509766,
      62.81614685058594,
      89.62688446044922
    ],
    [
      6.461770534515381,
      15.700831413269043,
      11.519159317016602,
      14.243158340454102,
      18.74264144897461,
      17.021583557128906,
      18.72105598449707,
      16.815336227416992,
      15.690850257873535,
      12.305187225341797,
      21.649784088134766,
      19.951929092407227,
      49.191749572753906,
      44.499855041503906,
      61.655025482177734,
      62.81614685058594,
      81.63665008544922,
      75.93107604980469
    ],
    [
      3.6654117107391357,
      26.259389877319336,
      12.811996459960938,
      20.85907554626465,
      16.935190200805664,
      22.315288543701172,
      21.71546745300293,
      24.229917526245117,
      25.835397720336914,
      32.73204803466797,
      27.536039352416992,
      39.181495666503906,
      41.23015213012695,
      64.88633728027344,
      43.4908332824707,
      89.62688446044922,
      75.93107604980469,
      118.10118865966797
    ]
  ],
  "damage": -5.647476673126221,
  "diff_bandwidth": 658.2698974609375,
  "dissonance": 7.618998713589042,
  "drr": 14.42172622680664,
  "dynamics": 3.1054444313049316,
  "format": 65538,
  "frames": 8723196,
  "freq_pan_to_db": [
    [
      -33.50471496582031,
      -28.297300338745117,
      -21.705230712890625,
      -18.609027862548828,
      -14.714920997619629,
      -14.571297645568848,
      -16.812795639038086,
      -18.883604049682617,
      -19.2541561126709,
      -25.28136444091797,
      -31.00873374938965
    ],
    [
      -15.826821327209473,
      -15.40396785736084,
      -14.297805786132812,
      -12.602184295654297,
      -9.258257865905762,
      -7.796847343444824,
      -9.97370719909668,
      -13.075050354003906,
      -15.239154815673828,
      -17.28701400756836,
      -18.975326538085938
    ],
    [
      -11.864883422851562,
      -11.559082984924316,
      -11.681857109069824,
      -11.19297981262207,
      -11.165770530700684,
      -10.23084831237793,
      -10.682122230529785,
      -11.367279052734375,
      -11.992661476135254,
      -12.544180870056152,
      -12.163359642028809
    ],
    [
      -14.918681144714355,
      -13.242751121520996,
      -13.476603507995605,
      -13.874661445617676,
      -14.452926635742188,
      -13.718012809753418,
      -14.446603775024414,
      -14.975692749023438,
      -15.418794631958008,
      -14.781285285949707,
      -14.52923583984375
    ],
    [
      -15.232134819030762,
      -15.08399486541748,
      -15.211381912231445,
      -15.694517135620117,
      -16.024913787841797,
      -15.816730499267578,
      -15.899578094482422,
      -15.349102973937988,
      -15.357537269592285,
      -15.3026123046875,
      -15.394002914428711
    ],
    [
      -15.461997032165527,
      -15.389639854431152,
      -14.59307861328125,
      -14.66023063659668,
      -14.259519577026367,
      -14.216532707214355,
      -14.475218772888184,
      -14.692453384399414,
      -15.570602416992188,
      -15.826105117797852,
      -16.54429817199707
    ],
    [
      -17.05156898498535,
      -16.27263641357422,
      -15.145276069641113,
      -14.737736701965332,
      -14.867898941040039,
      -14.877748489379883,
      -15.221965789794922,
      -15.449919700622559,
      -15.780543327331543,
      -16.699256896972656,
      -17.49614143371582
    ],
    [
      -17.94304656982422,
      -18.33758544921875,
      -17.92818832397461,
      -17.279823303222656,
      -15.963513374328613,
      -15.003464698791504,
      -15.960636138916016,
      -17.176591873168945,
      -17.906084060668945,
      -17.701618194580078,
      -16.356414794921875
    ],
    [
      -20.253881454467773,
      -19.266918182373047,
      -19.18181037902832,
      -18.267728805541992,
      -17.037307739257812,
      -16.76222038269043,
      -17.62833023071289,
      -19.016517639160156,
      -19.602811813354492,
      -19.53590202331543,
      -18.304790496826172
    ],
    [
      -18.591381072998047,
      -17.95543098449707,
      -19.439077377319336,
      -18.39136505126953,
      -17.702789306640625,
      -17.32208251953125,
      -17.620384216308594,
      -18.33174705505371,
      -18.311790466308594,
      -18.797435760498047,
      -17.606727600097656
    ],
    [
      -18.532920837402344,
      -18.72191619873047,
      -20.23136329650879,
      -20.251203536987305,
      -19.603124618530273,
      -17.900053024291992,
      -18.48193359375,
      -19.6082820892334,
      -19.73037338256836,
      -19.487455368041992,
      -19.038650512695312
    ],
    [
      -20.460365295410156,
      -22.849130630493164,
      -22.756244659423828,
      -21.445707321166992,
      -20.520591735839844,
      -18.993864059448242,
      -21.62718963623047,
      -22.98531723022461,
      -22.493267059326172,
      -22.365272521972656,
      -21.749486923217773
    ],
    [
      -23.435922622680664,
      -24.456499099731445,
      -25.032512664794922,
      -22.92424964904785,
      -21.082304000854492,
      -19.201831817626953,
      -22.03084373474121,
      -22.99327850341797,
      -23.67991828918457,
      -24.661088943481445,
      -25.00365447998047
    ],
    [
      -22.05522346496582,
      -24.700946807861328,
      -24.215831756591797,
      -21.385971069335938,
      -19.665864944458008,
      -19.038864135742188,
      -22.29108238220215,
      -24.05139923095703,
      -25.308992385864258,
      -24.06537628173828,
      -21.92832374572754
    ],
    [
      -21.273279190063477,
      -23.07607078552246,
      -24.701244354248047,
      -24.649646759033203,
      -23.22923469543457,
      -19.619375228881836,
      -22.011341094970703,
      -25.671855926513672,
      -25.703752517700195,
      -25.751890182495117,
      -23.824247360229492
    ],
    [
      -22.628925323486328,
      -25.15592384338379,
      -26.368478775024414,
      -26.430307388305664,
      -23.565935134887695,
      -20.50257682800293,
      -22.695898056030273,
      -25.318565368652344,
      -25.977998733520508,
      -26.03432846069336,
      -25.121292114257812
    ],
    [
      -23.763660430908203,
      -25.499309539794922,
      -28.303253173828125,
      -27.30402374267578,
      -24.20816993713379,
      -23.164413452148438,
      -26.44426155090332,
      -27.600067138671875,
      -26.023300170898438,
      -24.64838218688965,
      -23.486604690551758
    ],
    [
      -23.572452545166016,
      -24.07600975036621,
      -26.6521053314209,
      -28.125919342041016,
      -26.811012268066406,
      -23.106388092041016,
      -26.707595825195312,
      -27.70519256591797,
      -26.203018188476562,
      -24.667259216308594,
      -23.52173614501953
    ],
    [
      -24.727386474609375,
      -24.961984634399414,
      -26.786678314208984,
      -29.075658798217773,
      -25.5433292388916,
      -23.44235610961914,
      -26.516319274902344,
      -27.092954635620117,
      -24.44955825805664,
      -25.8236141204834,
      -26.183889389038086
    ],
    [
      -20.715890884399414,
      -22.173259735107422,
      -22.852596282958984,
      -23.4409236907959,
      -22.30803680419922,
      -22.260889053344727,
      -23.273658752441406,
      -22.748247146606445,
      -23.251996994018555,
      -23.64905548095703,
      -26.4800968170166
    ],
    [
      -19.884986877441406,
      -21.734996795654297,
      -20.33959197998047,
      -21.930665969848633,
      -22.214330673217773,
      -22.782026290893555,
      -21.378145217895508,
      -22.178102493286133,
      -22.51206398010254,
      -22.074705123901367,
      -19.78428840637207
    ],
    [
      -18.589275360107422,
      -22.388303756713867,
      -22.833465576171875,
      -21.939300537109375,
      -22.56017303466797,
      -23.87495231628418,
      -22.109132766723633,
      -22.267648696899414,
      -22.719968795776367,
      -21.366899490356445,
      -16.335737228393555
    ],
    [
      -17.147958755493164,
      -21.37203598022461,
      -22.540124893188477,
      -23.204538345336914,
      -21.65642738342285,
      -22.66238784790039,
      -22.21204376220703,
      -23.575571060180664,
      -22.084766387939453,
      -21.95477867126465,
      -17.597309112548828
    ],
    [
      -19.04979705810547,
      -22.738828659057617,
      -23.76749610900879,
      -23.711179733276367,
      -23.46120834350586,
      -22.887557983398438,
      -22.876760482788086,
      -24.873281478881836,
      -24.514936447143555,
      -23.865957260131836,
      -22.74551773071289
    ],
    [
      -29.92265510559082,
      -28.232507705688477,
      -26.794919967651367,
      -25.272809982299805,
      -23.73792839050293,
      -22.57119369506836,
      -23.007232666015625,
      -24.841571807861328,
      -27.04509925842285,
      -28.947608947753906,
      -27.564401626586914
    ],
    [
      -20.20611000061035,
      -29.302339553833008,
      -29.498594284057617,
      -28.655712127685547,
      -27.26698112487793,
      -26.453929901123047,
      -26.579538345336914,
      -28.050975799560547,
      -28.97178077697754,
      -30.38036346435547,
      -28.724655151367188
    ],
    [
      -24.560436248779297,
      -27.593957901000977,
      -27.578195571899414,
      -28.414262771606445,
      -27.511253356933594,
      -26.769466400146484,
      -26.49830436706543,
      -28.066030502319336,
      -27.44269371032715,
      -26.60409927368164,
      -24.081640243530273
    ],
    [
      -32.17196273803711,
      -31.893495559692383,
      -32.04695510864258,
      -31.351978302001953,
      -30.56287956237793,
      -29.2932186126709,
      -30.69694709777832,
      -31.397445678710938,
      -31.938024520874023,
      -30.950214385986328,
      -35.289268493652344
    ],
    [
      -39.04200744628906,
      -34.13549041748047,
      -35.10501480102539,
      -35.47968673706055,
      -35.14447021484375,
      -32.2702751159668,
      -34.97530746459961,
      -35.148780822753906,
      -35.05174255371094,
      -35.89979934692383,
      -50.35926818847656
    ],
    [
      -37.372222900390625,
      -36.475868225097656,
      -36.58274459838867,
      -36.539894104003906,
      -36.5082893371582,
      -30.05686378479004,
      -36.3385009765625,
      -36.5802116394043,
      -36.74188232421875,
      -36.700721740722656,
      -42.170082092285156
    ],
    [
      -43.61275100708008,
      -35.581642150878906,
      -36.572628021240234,
      -37.73161315917969,
      -37.4672966003418,
      -29.513179779052734,
      -37.559112548828125,
      -37.39971160888672,
      -37.183780670166016,
      -36.200416564941406,
      -51.556678771972656
    ],
    [
      -46.134925842285156,
      -36.066463470458984,
      -37.348270416259766,
      -38.489349365234375,
      -38.8895263671875,
      -32.219520568847656,
      -38.93351745605469,
      -39.07463073730469,
      -38.89873123168945,
      -34.750999450683594,
      -47.856693267822266
    ],
    [
      -37.26682662963867,
      -42.65628433227539,
      -37.513267517089844,
      -39.05210876464844,
      -39.72697448730469,
      -34.18218231201172,
      -39.84236526489258,
      -39.533782958984375,
      -40.15085220336914,
      -45.93727493286133,
      -370
    ],
    [
      -50.20366287231445,
      -40.400264739990234,
      -37.49971389770508,
      -38.650394439697266,
      -39.080379486083984,
      -34.50491714477539,
      -39.997833251953125,
      -40.50246810913086,
      -39.269142150878906,
      -47.809600830078125,
      -370
    ],
    [
      -37.75779342651367,
      -34.83055114746094,
      -37.00863265991211,
      -39.8641242980957,
      -39.68010330200195,
      -33.31378173828125,
      -38.9466667175293,
      -39.15650939941406,
      -40.31802749633789,
      -37.7268180847168,
      -35.9326171875
    ],
    [
      -55.81999969482422,
      -31.997570037841797,
      -37.070560455322266,
      -41.84804153442383,
      -42.93497848510742,
      -35.89083480834961,
      -39.56320571899414,
      -38.23524856567383,
      -37.42441940307617,
      -35.36844253540039,
      -64.07144927978516
    ],
    [
      -31.139951705932617,
      -34.10961151123047,
      -39.10436248779297,
      -42.02570343017578,
      -43.313758850097656,
      -39.721580505371094,
      -41.599544525146484,
      -40.604618072509766,
      -40.692867279052734,
      -40.64460372924805,
      -370
    ],
    [
      -31.090927124023438,
      -33.13167953491211,
      -39.67696762084961,
      -44.001705169677734,
      -44.364009857177734,
      -42.752113342285156,
      -42.840579986572266,
      -42.64384841918945,
      -42.962162017822266,
      -42.778743743896484,
      -370
    ],
    [
      -31.551090240478516,
      -35.12889099121094,
      -40.5651969909668,
      -45.61112976074219,
      -45.08510971069336,
      -44.624141693115234,
      -42.928035736083984,
      -42.07283401489258,
      -43.01295852661133,
      -42.883705139160156,
      -370
    ],
    [
      -36.26706314086914,
      -37.44630813598633,
      -41.053985595703125,
      -46.52751541137695,
      -47.4419059753418,
      -47.38356399536133,
      -43.188026428222656,
      -41.24971008300781,
      -41.03364181518555,
      -40.80690383911133,
      -370
    ],
    [
      -370,
      -36.91332244873047,
      -41.955284118652344,
      -46.6157341003418,
      -49.817447662353516,
      -50.83168029785156,
      -45.286582946777344,
      -43.78602981567383,
      -42.464542388916016,
      -45.4171257019043,
      -41.522098541259766
    ],
    [
      -370,
      -42.69959259033203,
      -43.096046447753906,
      -47.068458557128906,
      -52.93202209472656,
      -54.39674758911133,
      -47.67729568481445,
      -43.3267707824707,
      -41.58899688720703,
      -44.37075424194336,
      -50.55051040649414
    ]
  ],
  "histogram": [
    {
      "db": -70,
      "frequency": 1
    },
    {
      "db": -69,
      "frequency": 0
    },
    {
      "db": -68,
      "frequency": 0
    },
    {
      "db": -67,
      "frequency": 1
    },
    {
      "db": -66,
      "frequency": 0
    },
    {
      "db": -65,
      "frequency": 2
    },
    {
      "db": -64,
      "frequency": 0
    },
    {
      "db": -63,
      "frequency": 0
    },
    {
      "db": -62,
      "frequency": 1
    },
    {
      "db": -61,
      "frequency": 0
    },
    {
      "db": -60,
      "frequency": 1
    },
    {
      "db": -59,
      "frequency": 0
    },
    {
      "db": -58,
      "frequency": 1
    },
    {
      "db": -57,
      "frequency": 1
    },
    {
      "db": -56,
      "frequency": 1
    },
    {
      "db": -55,
      "frequency": 1
    },
    {
      "db": -54,
      "frequency": 2
    },
    {
      "db": -53,
      "frequency": 0
    },
    {
      "db": -52,
      "frequency": 1
    },
    {
      "db": -51,
      "frequency": 1
    },
    {
      "db": -50,
      "frequency": 1
    },
    {
      "db": -49,
      "frequency": 1
    },
    {
      "db": -48,
      "frequency": 2
    },
    {
      "db": -47,
      "frequency": 1
    },
    {
      "db": -46,
      "frequency": 1
    },
    {
      "db": -45,
      "frequency": 1
    },
    {
      "db": -44,
      "frequency": 1
    },
    {
      "db": -43,
      "frequency": 2
    },
    {
      "db": -42,
      "frequency": 3
    },
    {
      "db": -41,
      "frequency": 2
    },
    {
      "db": -40,
      "frequency": 2
    },
    {
      "db": -39,
      "frequency": 2
    },
    {
      "db": -38,
      "frequency": 3
    },
    {
      "db": -37,
      "frequency": 1
    },
    {
      "db": -36,
      "frequency": 1
    },
    {
      "db": -35,
      "frequency": 5
    },
    {
      "db": -34,
      "frequency": 4
    },
    {
      "db": -33,
      "frequency": 2
    },
    {
      "db": -32,
      "frequency": 1
    },
    {
      "db": -31,
      "frequency": 6
    },
    {
      "db": -30,
      "frequency": 6
    },
    {
      "db": -29,
      "frequency": 6
    },
    {
      "db": -28,
      "frequency": 6
    },
    {
      "db": -27,
      "frequency": 10
    },
    {
      "db": -26,
      "frequency": 6
    },
    {
      "db": -25,
      "frequency": 3
    },
    {
      "db": -24,
      "frequency": 6
    },
    {
      "db": -23,
      "frequency": 6
    },
    {
      "db": -22,
      "frequency": 7
    },
    {
      "db": -21,
      "frequency": 7
    },
    {
      "db": -20,
      "frequency": 8
    },
    {
      "db": -19,
      "frequency": 19
    },
    {
      "db": -18,
      "frequency": 24
    },
    {
      "db": -17,
      "frequency": 35
    },
    {
      "db": -16,
      "frequency": 62
    },
    {
      "db": -15,
      "frequency": 131
    },
    {
      "db": -14,
      "frequency": 225
    },
    {
      "db": -13,
      "frequency": 307
    },
    {
      "db": -12,
      "frequency": 253
    },
    {
      "db": -11,
      "frequency": 174
    },
    {
      "db": -10,
      "frequency": 183
    },
    {
      "db": -9,
      "frequency": 212
    },
    {
      "db": -8,
      "frequency": 164
    },
    {
      "db": -7,
      "frequency": 41
    },
    {
      "db": -6,
      "frequency": 8
    },
    {
      "db": -5,
      "frequency": 0
    },
    {
      "db": -4,
      "frequency": 0
    },
    {
      "db": -3,
      "frequency": 0
    },
    {
      "db": -2,
      "frequency": 0
    },
    {
      "db": -1,
      "frequency": 0
    },
    {
      "db": 0,
      "frequency": 0
    },
    {
      "db": 1,
      "frequency": 0
    },
    {
      "db": 2,
      "frequency": 0
    },
    {
      "db": 3,
      "frequency": 0
    },
    {
      "db": 4,
      "frequency": 0
    },
    {
