{
  "acoustic_entropy": 200.46702575683594,
  "bands": [
    {
      "high_freq": 148.1999969482422,
      "loudness": -19.28251838684082,
      "loudness_range": 8.796906471252441,
      "mid_mean": -15.83012866973877,
      "mid_to_side_loudness": -16.354482650756836,
      "mid_to_side_loudness_range": 24.475034713745117,
      "side_mean": -33.14791488647461
    },
    {
      "high_freq": 392.3793640136719,
      "loudness": -20.625934600830078,
      "loudness_range": 9.993049621582031,
      "low_freq": 148.1999969482422,
      "mid_mean": -18.941068649291992,
      "mid_to_side_loudness": -3.5971524715423584,
      "mid_to_side_loudness_range": 13.996713638305664,
      "side_mean": -22.691213607788086
    },
    {
      "high_freq": 794.6976318359375,
      "loudness": -24.96146583557129,
      "loudness_range": 15.383800506591797,
      "low_freq": 392.3793640136719,
      "mid_mean": -22.901126861572266,
      "mid_to_side_loudness": -4.484432220458984,
      "mid_to_side_loudness_range": 10.435840606689453,
      "side_mean": -27.368364334106445
    },
    {
      "high_freq": 1457.5709228515625,
      "loudness": -29.804777145385742,
      "loudness_range": 20.452293395996094,
      "low_freq": 794.6976318359375,
      "mid_mean": -27.86728286743164,
      "mid_to_side_loudness": -4.081936836242676,
      "mid_to_side_loudness_range": 11.047184944152832,
      "side_mean": -31.966352462768555
    },
    {
      "high_freq": 2549.74365234375,
      "loudness": -27.925931930541992,
      "loudness_range": 25.762828826904297,
      "low_freq": 1457.5709228515625,
      "mid_mean": -25.510643005371094,
      "mid_to_side_loudness": -5.44774866104126,
      "mid_to_side_loudness_range": 11.117480278015137,
      "side_mean": -31.14297866821289
    },
    {
      "high_freq": 4349.24462890625,
      "loudness": -27.402185440063477,
      "loudness_range": 22.598800659179688,
      "low_freq": 2549.74365234375,
      "mid_mean": -24.7344913482666,
      "mid_to_side_loudness": -6.5976338386535645,
      "mid_to_side_loudness_range": 10.945242881774902,
      "side_mean": -31.515544891357422
    },
    {
      "high_freq": 7314.1640625,
      "loudness": -33.83852767944336,
      "loudness_range": 18.485729217529297,
      "low_freq": 4349.24462890625,
      "mid_mean": -31.75103187561035,
      "mid_to_side_loudness": -4.776000022888184,
      "mid_to_side_loudness_range": 12.14432144165039,
      "side_mean": -36.71705627441406
    },
    {
      "high_freq": 12199.2666015625,
      "loudness": -36.582706451416016,
      "loudness_range": 17.127962112426758,
      "low_freq": 7314.1640625,
      "mid_mean": -34.49519348144531,
      "mid_to_side_loudness": -5.397512912750244,
      "mid_to_side_loudness_range": 15.432197570800781,
      "side_mean": -40.40361022949219
    },
    {
      "loudness": -44.38492965698242,
      "loudness_range": 17.454471588134766,
      "low_freq": 12199.2666015625,
      "mid_mean": -42.88353729248047,
      "mid_to_side_loudness": -2.9147231578826904,
      "mid_to_side_loudness_range": 8.476621627807617,
      "side_mean": -45.962520599365234
    }
  ],
  "bands_short": [
    {
      "high_freq": 148.1999969482422,
      "loudness": -21.598848342895508,
      "loudness_range": 15.725312232971191,
      "mid_mean": -18.0815486907959,
      "mid_to_side_loudness": -21.204713821411133,
      "mid_to_side_loudness_range": 34.618858337402344,
      "side_mean": -42.47380828857422
    },
    {
      "high_freq": 392.3793640136719,
      "loudness": -20.287837982177734,
      "loudness_range": 12.471887588500977,
      "low_freq": 148.1999969482422,
      "mid_mean": -18.661178588867188,
      "mid_to_side_loudness": -4.630884170532227,
      "mid_to_side_loudness_range": 19.555450439453125,
      "side_mean": -23.52581787109375
    },
    {
      "high_freq": 794.6976318359375,
      "loudness": -25.787771224975586,
      "loudness_range": 18.334745407104492,
      "low_freq": 392.3793640136719,
      "mid_mean": -24.121126174926758,
      "mid_to_side_loudness": -3.907924175262451,
      "mid_to_side_loudness_range": 14.145313262939453,
      "side_mean": -28.068632125854492
    },
    {
      "high_freq": 1457.5709228515625,
      "loudness": -29.868663787841797,
      "loudness_range": 22.437715530395508,
      "low_freq": 794.6976318359375,
      "mid_mean": -27.950931549072266,
      "mid_to_side_loudness": -4.34573221206665,
      "mid_to_side_loudness_range": 13.118657112121582,
      "side_mean": -32.38684844970703
    },
    {
      "high_freq": 2549.74365234375,
      "loudness": -28.80515480041504,
      "loudness_range": 27.673961639404297,
      "low_freq": 1457.5709228515625,
      "mid_mean": -26.73676109313965,
      "mid_to_side_loudness": -4.96229362487793,
      "mid_to_side_loudness_range": 14.829061508178711,
      "side_mean": -32.00063705444336
    },
    {
      "high_freq": 4349.24462890625,
      "loudness": -28.298269271850586,
      "loudness_range": 25.373184204101562,
      "low_freq": 2549.74365234375,
      "mid_mean": -25.879308700561523,
      "mid_to_side_loudness": -6.116125106811523,
      "mid_to_side_loudness_range": 14.334141731262207,
      "side_mean": -32.33831024169922
    },
    {
      "high_freq": 7314.1640625,
      "loudness": -35.7298698425293,
      "loudness_range": 21.400846481323242,
      "low_freq": 4349.24462890625,
      "mid_mean": -33.75612258911133,
      "mid_to_side_loudness": -4.434113502502441,
      "mid_to_side_loudness_range": 12.6044340133667,
      "side_mean": -38.79933547973633
    },
    {
      "high_freq": 12199.2666015625,
      "loudness": -39.46664047241211,
      "loudness_range": 23.08566665649414,
      "low_freq": 7314.1640625,
      "mid_mean": -37.45658874511719,
      "mid_to_side_loudness": -5.841073036193848,
      "mid_to_side_loudness_range": 18.58012580871582,
      "side_mean": -44.565269470214844
    },
    {
      "loudness": -49.373443603515625,
      "loudness_range": 27.872886657714844,
      "low_freq": 12199.2666015625,
      "mid_mean": -47.448970794677734,
      "mid_to_side_loudness": -5.107345104217529,
      "mid_to_side_loudness_range": 16.437910079956055,
      "side_mean": -53.47993850708008
    }
  ],
  "bandwidth": 555.6445922851562,
  "channels": 2,
  "covariance": [
    [
      17.708341598510742,
      13.537788391113281,
      7.206178665161133,
      6.377828121185303,
      7.1471171379089355,
      7.062482833862305,
      6.892379283905029,
      6.487088680267334,
      2.8295738697052,
      1.803464651107788,
      2.7282931804656982,
      2.5893378257751465,
      6.077764987945557,
      5.218304634094238,
      5.402417182922363,
      5.521655082702637,
      6.16933012008667,
      5.328035831451416
    ],
    [
      13.537788391113281,
      78.54853820800781,
      9.375200271606445,
      23.683454513549805,
      15.315291404724121,
      23.866500854492188,
      27.359464645385742,
      26.088104248046875,
      26.26924705505371,
      30.613237380981445,
      24.035602569580078,
      30.416946411132812,
      13.622855186462402,
      22.389162063598633,
      4.838979244232178,
      16.70992660522461,
      7.824577331542969,
      12.206631660461426
    ],
    [
      7.206178665161133,
      9.375200271606445,
      18.22189712524414,
      12.634753227233887,
      13.323068618774414,
      10.734695434570312,
      12.300558090209961,
      9.004768371582031,
      9.52280044555664,
      6.365916728973389,
      9.432612419128418,
      8.144367218017578,
      7.911860942840576,
      7.489962577819824,
      8.390331268310547,
      6.627799987792969,
      6.759779453277588,
      5.610696315765381
    ],
    [
      6.377828121185303,
      23.683454513549805,
      12.634753227233887,
      31.154401779174805,
      14.787748336791992,
      19.3013916015625,
      18.332843780517578,
      20.470497131347656,
      16.056869506835938,
      18.334583282470703,
      14.740157127380371,
      17.407550811767578,
      8.405238151550293,
      14.341136932373047,
      6.225950717926025,
      14.037286758422852,
      9.714211463928223,
      13.292254447937012
    ],
    [
      7.1471171379089355,
      15.315291404724121,
      13.323068618774414,
      14.787748336791992,
      32.402950286865234,
      25.07771873474121,
      30.94431495666504,
      23.45305824279785,
      26.639238357543945,
      19.137855529785156,
      22.85967445373535,
      18.355871200561523,
      12.28378963470459,
      13.02481746673584,
      11.65357494354248,
      11.078307151794434,
      10.007115364074707,
      8.503377914428711
    ],
    [
      7.062482833862305,
      23.866500854492188,
      10.734695434570312,
      19.3013916015625,
      25.07771873474121,
      33.476871490478516,
      29.6737003326416,
      28.720937728881836,
      25.551036834716797,
      27.385515213012695,
      24.016658782958984,
      26.857402801513672,
      12.764091491699219,
      18.586400985717773,
      9.376150131225586,
      15.26004695892334,
      9.19499683380127,
      10.150083541870117
    ],
    [
      6.892379283905029,
      27.359464645385742,
      12.300558090209961,
      18.332843780517578,
      30.94431495666504,
      29.6737003326416,
      56.4118537902832,
      40.1754035949707,
      47.08845138549805,
      41.93659210205078,
      39.07984924316406,
      35.40681838989258,
      13.560839653015137,
      20.14594268798828,
      7.783771991729736,
      15.79004192352295,
      9.783889770507812,
      11.161396980285645
    ],
    [
      6.487088680267334,
      26.088104248046875,
      9.004768371582031,
      20.470497131347656,
      23.45305824279785,
      28.720937728881836,
      40.1754035949707,
      40.15443801879883,
      35.07222366333008,
      38.40800094604492,
      31.11244010925293,
      34.036415100097656,
      12.282011032104492,
      21.48469352722168,
      5.565560817718506,
      18.01521110534668,
      9.692852973937988,
      13.336824417114258
    ],
    [
      2.8295738697052,
      26.26924705505371,
      9.52280044555664,
      16.056869506835938,
      26.639238357543945,
      25.551036834716797,
      47.08845138549805,
      35.07222366333008,
      83.02580261230469,
      75.2474365234375,
      65.99230194091797,
      57.79435729980469,
      15.437439918518066,
      23.10191535949707,
      3.1622676849365234,
      16.69232749938965,
      5.4995951652526855,
      10.401625633239746
    ],
    [
      1.803464651107788,
      30.613237380981445,
      6.365916728973389,
      18.334583282470703,
      19.137855529785156,
      27.385515213012695,
      41.93659210205078,
      38.40800094604492,
      75.2474365234375,
      84.25025939941406,
      62.36223220825195,
      65.47801971435547,
      14.14803409576416,
      28.072406768798828,
      -2.2168469429016113,
      20.665943145751953,
      4.106465816497803,
      12.825984001159668
    ],
    [
      2.7282931804656982,
      24.035602569580078,
      9.432612419128418,
      14.740157127380371,
      22.85967445373535,
      24.016658782958984,
      39.07984924316406,
      31.11244010925293,
      65.99230194091797,
      62.36223220825195,
      64.10651397705078,
      54.72892379760742,
      19.811189651489258,
      24.288490295410156,
      7.8170247077941895,
      17.143327713012695,
      7.679275989532471,
      10.096720695495605
    ],
    [
      2.5893378257751465,
      30.416946411132812,
      8.144367218017578,
      17.407550811767578,
      18.355871200561523,
      26.857402801513672,
      35.40681838989258,
      34.036415100097656,
      57.79435729980469,
      65.47801971435547,
      54.72892379760742,
      61.7930908203125,
      17.647293090820312,
      31.255496978759766,
      2.4997799396514893,
      22.856916427612305,
      7.602763652801514,
      13.8140287399292
    ],
    [
      6.077764987945557,
      13.622855186462402,
      7.911860942840576,
      8.405238151550293,
      12.28378963470459,
      12.764091491699219,
      13.560839653015137,
      12.282011032104492,
      15.437439918518066,
      14.14803409576416,
      19.811189651489258,
      17.647293090820312,
      44.32948684692383,
      27.128631591796875,
      33.78392791748047,
      22.21084213256836,
      26.878841400146484,
      17.494548797607422
    ],
    [
      5.218304634094238,
      22.389162063598633,
      7.489962577819824,
      14.341136932373047,
      13.02481746673584,
      18.586400985717773,
      20.14594268798828,
      21.48469352722168,
      23.10191535949707,
      28.072406768798828,
      24.288490295410156,
      31.255496978759766,
      27.128631591796875,
      35.94110870361328,
      16.642322540283203,
      31.82939338684082,
      22.915447235107422,
      27.674299240112305
    ],
    [
      5.402417182922363,
      4.838979244232178,
      8.390331268310547,
      6.225950717926025,
      11.65357494354248,
      9.376150131225586,
      7.783771991729736,
      5.565560817718506,
      3.1622676849365234,
      -2.2168469429016113,
      7.8170247077941895,
      2.4997799396514893,
      33.78392791748047,
      16.642322540283203,
      41.2285041809082,
      17.79844093322754,
      29.0086727142334,
      17.385398864746094
    ],
    [
      5.521655082702637,
      16.70992660522461,
      6.627799987792969,
      14.037286758422852,
      11.078307151794434,
      15.26004695892334,
      15.79004192352295,
      18.01521110534668,
      16.69232749938965,
      20.665943145751953,
      17.143327713012695,
      22.856916427612305,
      22.21084213256836,
      31.82939338684082,
      17.79844093322754,
      38.16538619995117,
      29.791242599487305,
      40.401554107666016
    ],
    [
      6.16933012008667,
      7.824577331542969,
      6.759779453277588,
      9.714211463928223,
      10.007115364074707,
      9.19499683380127,
      9.783889770507812,
      9.692852973937988,
      5.4995951652526855,
      4.106465816497803,
      7.679275989532471,
      7.602763652801514,
      26.878841400146484,
      22.915447235107422,
      29.0086727142334,
      29.791242599487305,
      39.759666442871094,
      37.119815826416016
    ],
    [
      5.328035831451416,
      12.206631660461426,
      5.610696315765381,
      13.292254447937012,
      8.503377914428711,
      10.150083541870117,
      11.161396980285645,
      13.336824417114258,
      10.401625633239746,
      12.825984001159668,
      10.096720695495605,
      13.8140287399292,
      17.494548797607422,
      27.674299240112305,
      17.385398864746094,
      40.401554107666016,
      37.119815826416016,
      58.63806915283203
    ]
  ],
  "covariance_short": [
    [
      45.61832046508789,
      9.397274017333984,
      12.707175254821777,
      6.368239879608154,
      5.910938262939453,
      5.086724758148193,
      4.879128932952881,
      5.443594455718994,
      -1.2056025266647339,
      -1.5446256399154663,
      -0.8434840440750122,
      0.29398205876350403,
      5.1707987785339355,
      4.31004524230957,
      3.9898247718811035,
      4.18991756439209,
      5.038178443908691,
      3.3626208305358887
    ],
    [
      9.397274017333984,
      95.5938949584961,
      15.826057434082031,
      37.877227783203125,
      21.128692626953125,
      33.09048080444336,
      33.420387268066406,
      34.61908721923828,
      30.689844131469727,
      37.58124542236328,
      31.07423210144043,
      42.67188262939453,
      21.05978012084961,
      34.90468215942383,
      11.784627914428711,
      29.363929748535156,
      14.179376602172852,
      26.789587020874023
    ],
    [
      12.707175254821777,
      15.826057434082031,
      29.55890464782715,
      15.776432037353516,
      17.379087448120117,
      13.26971435546875,
      14.85319995880127,
      11.334602355957031,
      11.973698616027832,
      8.985182762145996,
      11.52603816986084,
      11.319826126098633,
      8.577668190002441,
      10.350788116455078,
      10.95962905883789,
      11.631217002868652,
      10.5057373046875,
      12.562772750854492
    ],
    [
      6.368239879608154,
      37.877227783203125,
      15.776432037353516,
      51.34135818481445,
      22.137449264526367,
      32.57730484008789,
      26.23701286315918,
      29.44797706604004,
      19.810787200927734,
      24.484222412109375,
      19.289989471435547,
      25.295333862304688,
      13.028385162353516,
      21.376413345336914,
      10.518949508666992,
      20.46404266357422,
      13.111422538757324,
      20.988374710083008
    ],
    [
      5.910938262939453,
      21.128692626953125,
      17.379087448120117,
      22.137449264526367,
      44.83108139038086,
      32.43389129638672,
      38.40671920776367,
      29.42481803894043,
      33.243412017822266,
      24.63991355895996,
      29.95012855529785,
      25.36910629272461,
      16.896238327026367,
      18.410411834716797,
      18.992511749267578,
      17.867551803588867,
      17.67087173461914,
      17.062381744384766
    ],
    [
      5.086724758148193,
      33.09048080444336,
      13.26971435546875,
      32.57730484008789,
      32.43389129638672,
      49.597354888916016,
      34.7865104675293,
      37.17062759399414,
      27.927839279174805,
      32.94189453125,
      27.661598205566406,
      33.89741897583008,
      18.20088005065918,
      26.31478500366211,
      14.948283195495605,
      24.397127151489258,
      16.0864200592041,
      22.594614028930664
    ],
    [
      4.879128932952881,
      33.420387268066406,
      14.85319995880127,
      26.23701286315918,
      38.40671920776367,
      34.7865104675293,
      64.84081268310547,
      45.34152603149414,
      52.50664138793945,
      45.05369186401367,
      45.79836654663086,
      39.999080657958984,
      22.070146560668945,
      26.51059341430664,
      18.14697265625,
      23.928359985351562,
      17.731815338134766,
      21.942718505859375
    ],
    [
      5.443594455718994,
      34.61908721923828,
      11.334602355957031,
      29.44797706604004,
      29.42481803894043,
      37.17062759399414,
      45.34152603149414,
      50.717742919921875,
      37.93870162963867,
      43.615081787109375,
      35.10226058959961,
      40.225616455078125,
      18.833606719970703,
      28.79165267944336,
      11.91699504852295,
      26.237287521362305,
      15.692861557006836,
      24.538898468017578
    ],
    [
      -1.2056025266647339,
      30.689844131469727,
      11.973698616027832,
      19.810787200927734,
      33.243412017822266,
      27.927839279174805,
      52.50664138793945,
      37.93870162963867,
      96.08072662353516,
      78.07486724853516,
      77.22661590576172,
      63.408748626708984,
      29.19387435913086,
      33.717437744140625,
      16.05918312072754,
      29.274301528930664,
      14.329143524169922,
      26.261445999145508
    ],
    [
      -1.5446256399154663,
      37.58124542236328,
      8.985182762145996,
      24.484222412109375,
      24.63991355895996,
      32.94189453125,
      45.05369186401367,
      43.615081787109375,
      78.07486724853516,
      93.0068130493164,
      67.4300765991211,
      73.40225982666016,
      26.3039608001709,
      41.0895881652832,
      6.406743049621582,
      35.71052551269531,
      11.214780807495117,
      33.36024475097656
    ],
    [
      -0.8434840440750122,
      31.07423210144043,
      11.52603816986084,
      19.289989471435547,
      29.95012855529785,
      27.661598205566406,
      45.79836654663086,
      35.10226058959961,
      77.22661590576172,
      67.4300765991211,
      81.00350189208984,
      62.35502243041992,
      36.087188720703125,
      37.25056838989258,
      23.351991653442383,
      32.11661911010742,
      20.399425506591797,
      27.98771858215332
    ],
    [
      0.29398205876350403,
      42.67188262939453,
      11.319826126098633,
      25.295333862304688,
      25.36910629272461,
      33.89741897583008,
      39.999080657958984,
      40.225616455078125,
      63.408748626708984,
      73.40225982666016,
      62.35502243041992,
      75.71986389160156,
      30.548572540283203,
      48.253047943115234,
      13.297379493713379,
      42.85042953491211,
      18.64189910888672,
      39.9093132019043
    ],
    [
      5.1707987785339355,
      21.05978012084961,
      8.577668190002441,
      13.028385162353516,
      16.896238327026367,
      18.20088005065918,
      22.070146560668945,
      18.833606719970703,
      29.19387435913086,
      26.3039608001709,
      36.087188720703125,
      30.548572540283203,
      59.30084991455078,
      43.404212951660156,
      51.24195098876953,
      44.00830078125,
      48.270782470703125,
      41.8216552734375
    ],
    [
      4.31004524230957,
      34.90468215942383,
      10.350788116455078,
      21.376413345336914,
      18.410411834716797,
      26.31478500366211,
      26.51059341430664,
      28.79165267944336,
      33.717437744140625,
      41.0895881652832,
      37.25056838989258,
      48.253047943115234,
      43.404212951660156,
      65.73648834228516,
      32.70535659790039,
      64.99056243896484,
      43.34645080566406,
      65.92501831054688
    ],
    [
      3.9898247718811035,
      11.784627914428711,
      10.95962905883789,
      10.518949508666992,
      18.992511749267578,
      14.948283195495605,
      18.14697265625,
      11.91699504852295,
      16.05918312072754,
      6.406743049621582,
      23.351991653442383,
      13.297379493713379,
      51.24195098876953,
      32.70535659790039,
      71.81849670410156,
      43.15194320678711,
      61.604190826416016,
      43.77207565307617
    ],
    [
      4.18991756439209,
      29.363929748535156,
      11.631217002868652,
      20.46404266357422,
      17.867551803588867,
      24.397127151489258,
      23.928359985351562,
      26.237287521362305,
      29.274301528930664,
      35.71052551269531,
      32.11661911010742,
      42.85042953491211,
      44.00830078125,
      64.99056243896484,
      43.15194320678711,
      84.3804931640625,
      61.471702575683594,
      91.05274963378906
    ],
    [
      5.038178443908691,
      14.179376602172852,
      10.5057373046875,
      13.111422538757324,
      17.67087173461914,
      16.0864200592041,
      17.731815338134766,
      15.692861557006836,
      14.329143524169922,
      11.214780807495117,
      20.399425506591797,
      18.64189910888672,
      48.270782470703125,
      43.34645080566406,
      61.604190826416016,
      61.471702575683594,
      80.02326202392578,
      75.4747543334961
    ],
    [
      3.3626208305358887,
      26.789587020874023,
      12.562772750854492,
      20.988374710083008,
      17.062381744384766,
      22.594614028930664,
      21.942718505859375,
      24.538898468017578,
      26.261445999145508,
      33.36024475097656,
      27.98771858215332,
      39.9093132019043,
      41.8216552734375,
      65.92501831054688,
      43.77207565307617,
      91.05274963378906,
      75.4747543334961,
      122.8633041381836
    ]
  ],
  "damage": -4.6112060546875,
  "diff_bandwidth": 674.3875122070312,
  "dissonance": 7.643152217545213,
  "drr": 14.410778999328613,
  "dynamics": 3.0797739028930664,
  "format": 65538,
  "frames": 8723196,
  "freq_pan_to_db": [
    [
      -30.447242736816406,
      -27.01094627380371,
      -21.19615364074707,
      -18.376117706298828,
      -13.89564037322998,
      -13.886507987976074,
      -15.929559707641602,
      -17.06558609008789,
      -18.106788635253906,
      -23.429611206054688,
      -30.976966857910156
    ],
    [
      -14.717387199401855,
      -14.823287010192871,
      -12.819421768188477,
      -11.408086776733398,
      -8.273112297058105,
      -6.764703750610352,
      -8.965232849121094,
      -11.914774894714355,
      -14.933789253234863,
      -15.749512672424316,
      -18.308380126953125
    ],
    [
      -10.724717140197754,
      -10.388899803161621,
      -10.628202438354492,
      -10.091104507446289,
      -10.140974998474121,
      -9.2545166015625,
      -9.526650428771973,
      -10.418484687805176,
      -11.005838394165039,
      -11.415729522705078,
      -11.126927375793457
    ],
    [
      -13.725342750549316,
      -12.205094337463379,
      -12.32443904876709,
      -12.803940773010254,
      -13.409929275512695,
      -12.859633445739746,
      -13.400017738342285,
      -14.062127113342285,
      -14.144278526306152,
      -13.7015962600708,
      -13.411437034606934
    ],
    [
      -14.017717361450195,
      -13.888358116149902,
      -14.10224723815918,
      -14.436179161071777,
      -14.90713119506836,
      -14.68947982788086,
      -14.74490737915039,
      -14.12679386138916,
      -14.204020500183105,
      -14.23531436920166,
      -14.163219451904297
    ],
    [
      -14.278136253356934,
      -14.116961479187012,
      -13.457242965698242,
      -13.429661750793457,
      -12.981749534606934,
      -13.004358291625977,
      -13.22288990020752,
      -13.393364906311035,
      -14.301033973693848,
      -14.59904956817627,
      -15.348481178283691
    ],
    [
      -15.770072937011719,
      -15.081572532653809,
      -13.86229133605957,
      -13.508654594421387,
      -13.595698356628418,
      -13.668562889099121,
      -13.977348327636719,
      -14.168396949768066,
      -14.586873054504395,
      -15.500496864318848,
      -16.242481231689453
    ],
    [
      -16.764986038208008,
      -17.053422927856445,
      -16.688060760498047,
      -16.01079750061035,
      -14.76009464263916,
      -13.811365127563477,
      -14.698171615600586,
      -15.877054214477539,
      -16.69232749938965,
      -16.447763442993164,
      -15.12470817565918
    ],
    [
      -19.003639221191406,
      -18.046241760253906,
      -18.047250747680664,
      -17.082284927368164,
      -15.778365135192871,
      -15.58995246887207,
      -16.471385955810547,
      -17.76563262939453,
      -18.354907989501953,
      -18.307823181152344,
      -17.081741333007812
    ],
    [
      -17.26491928100586,
      -16.76593780517578,
      -18.171457290649414,
      -17.165464401245117,
      -16.461116790771484,
      -16.075876235961914,
      -16.365453720092773,
      -17.119050979614258,
      -17.20496368408203,
      -17.49747085571289,
      -16.457698822021484
    ],
    [
      -17.305070877075195,
      -17.506694793701172,
      -18.980331420898438,
      -18.995933532714844,
      -18.354063034057617,
      -16.634069442749023,
      -17.206745147705078,
      -18.358945846557617,
      -18.54270362854004,
      -18.299732208251953,
      -17.81863784790039
    ],
    [
      -19.43191146850586,
      -21.432069778442383,
      -21.48963165283203,
      -20.265972137451172,
      -19.273473739624023,
      -17.753034591674805,
      -20.420848846435547,
      -21.68544578552246,
      -21.35987663269043,
      -21.155397415161133,
      -20.72149658203125
    ],
    [
      -22.185134887695312,
      -23.156513214111328,
      -23.85123634338379,
      -21.62653350830078,
      -19.81569480895996,
      -17.94495391845703,
      -20.795541763305664,
      -21.796310424804688,
      -22.384212493896484,
      -23.40065574645996,
      -23.80093765258789
    ],
    [
      -20.70623779296875,
      -23.16927719116211,
      -23.0056209564209,
      -20.238868713378906,
      -18.484779357910156,
      -17.797042846679688,
      -21.172752380371094,
      -22.84537124633789,
      -24.029909133911133,
      -22.808841705322266,
      -20.705123901367188
    ],
    [
      -19.93549919128418,
      -21.740446090698242,
      -23.47530174255371,
      -23.44142723083496,
      -22.016775131225586,
      -18.441617965698242,
      -20.782629013061523,
      -24.433330535888672,
      -24.4437255859375,
      -24.482694625854492,
      -22.65890121459961
    ],
    [
      -21.383630752563477,
      -23.89213752746582,
      -25.18895149230957,
      -25.24874496459961,
      -22.301057815551758,
      -19.2683162689209,
      -21.557388305664062,
      -24.037532806396484,
      -24.792495727539062,
      -24.75387954711914,
      -23.960777282714844
    ],
    [
      -22.437990188598633,
      -24.24748992919922,
      -27.061737060546875,
      -26.000457763671875,
      -23.05365753173828,
      -21.9371337890625,
      -25.18331527709961,
      -26.509096145629883,
      -24.60502815246582,
      -23.361743927001953,
      -22.259092330932617
    ],
    [
      -22.23874855041504,
      -22.79145050048828,
      -25.406837463378906,
      -26.886232376098633,
      -25.52989959716797,
      -21.88372039794922,
      -25.522430419921875,
      -26.412080764770508,
      -24.975576400756836,
      -23.460363388061523,
      -22.241151809692383
    ],
    [
      -23.39270782470703,
      -23.686519622802734,
      -25.47218132019043,
      -27.7659912109375,
      -24.43830108642578,
      -22.184326171875,
      -25.274049758911133,
      -25.835342407226562,
      -23.17771339416504,
      -24.603818893432617,
      -25.02921485900879
    ],
    [
      -19.360212326049805,
      -20.911598205566406,
      -21.621004104614258,
      -22.16132354736328,
      -21.035694122314453,
      -20.999170303344727,
      -22.061763763427734,
      -21.436697006225586,
      -21.972238540649414,
      -22.509946823120117,
      -25.309309005737305
    ],
    [
      -18.620107650756836,
      -20.49790382385254,
      -19.15176010131836,
      -20.623249053955078,
      -20.990379333496094,
      -21.52161979675293,
      -20.190433502197266,
      -20.939783096313477,
      -21.262067794799805,
      -20.864805221557617,
      -18.483980178833008
    ],
    [
      -17.250696182250977,
      -21.077377319335938,
      -21.619157791137695,
      -20.735897064208984,
      -21.270645141601562,
      -22.608861923217773,
      -20.864517211914062,
      -20.988656997680664,
      -21.53772735595703,
      -20.192127227783203,
      -15.05910587310791
    ],
    [
      -15.898966789245605,
      -20.085599899291992,
      -21.292543411254883,
      -21.934833526611328,
      -20.331253051757812,
      -21.434192657470703,
      -21.015207290649414,
      -22.33489990234375,
      -20.933086395263672,
      -20.812274932861328,
      -15.952058792114258
    ],
    [
      -18.1677188873291,
      -21.468141555786133,
      -22.461894989013672,
      -22.53240394592285,
      -22.20294189453125,
      -21.635181427001953,
      -21.602920532226562,
      -23.651575088500977,
      -23.244150161743164,
      -22.668315887451172,
      -21.474348068237305
    ],
    [
      -28.601301193237305,
      -26.93965721130371,
      -25.551523208618164,
      -23.96615982055664,
      -22.48015594482422,
      -21.349939346313477,
      -21.725242614746094,
      -23.60531234741211,
      -25.913928985595703,
      -27.597246170043945,
      -26.21004867553711
    ],
    [
      -19.011064529418945,
      -28.04967498779297,
      -28.27953338623047,
      -27.299617767333984,
      -26.034072875976562,
      -25.213441848754883,
      -25.383037567138672,
      -26.808515548706055,
      -27.713645935058594,
      -29.203685760498047,
      -27.35963249206543
    ],
    [
      -23.740182876586914,
      -26.488248825073242,
      -26.230138778686523,
      -27.185487747192383,
      -26.236614227294922,
      -25.518054962158203,
      -25.28752326965332,
      -26.777984619140625,
      -26.216968536376953,
      -25.4445858001709,
      -22.553146362304688
    ],
    [
      -31.205467224121094,
      -30.682405471801758,
      -30.77155876159668,
      -30.017440795898438,
      -29.372163772583008,
      -28.02741241455078,
      -29.459260940551758,
      -30.111318588256836,
      -30.765262603759766,
      -29.72118377685547,
      -33.011192321777344
    ],
    [
      -41.4663200378418,
      -32.915618896484375,
      -33.85446548461914,
      -34.255455017089844,
      -33.88344192504883,
      -30.976016998291016,
      -33.71437454223633,
      -33.9087028503418,
      -33.835540771484375,
      -34.391021728515625,
      -49.04044723510742
    ],
    [
      -35.88425064086914,
      -35.21183395385742,
      -35.36958312988281,
      -35.26463317871094,
      -35.29743957519531,
      -28.750038146972656,
      -35.090858459472656,
      -35.33549499511719,
      -35.496822357177734,
      -35.51812744140625,
      -39.77399826049805
    ],
    [
      -70.42605590820312,
      -34.15924835205078,
      -35.35479736328125,
      -36.47787857055664,
      -36.21620178222656,
      -28.211748123168945,
      -36.23996353149414,
      -36.162235260009766,
      -35.915225982666016,
      -34.774330139160156,
      -370
    ],
    [
      -43.13294982910156,
      -35.0643310546875,
      -36.19812774658203,
      -37.25598907470703,
      -37.599365234375,
      -30.92959213256836,
      -37.64324951171875,
      -37.846134185791016,
      -37.68695831298828,
      -33.29240798950195,
      -370
    ],
    [
      -38.27581024169922,
      -41.390419006347656,
      -36.19623565673828,
      -37.85836410522461,
      -38.50387954711914,
      -32.875972747802734,
      -38.57247543334961,
      -38.3223991394043,
      -38.74300003051758,
      -44.21644973754883,
      -44.27340316772461
    ],
    [
      -48.914276123046875,
      -40.11333465576172,
      -36.24213409423828,
      -37.52540588378906,
      -37.75990295410156,
      -33.22563552856445,
      -38.73741912841797,
      -39.32115173339844,
      -37.861759185791016,
      -46.494991302490234,
      -370
    ],
    [
      -39.4351921081543,
      -33.989139556884766,
      -36.8123893737793,
      -38.24388885498047,
      -38.3918571472168,
      -32.03473663330078,
      -37.648345947265625,
      -37.95682907104492,
      -39.3139762878418,
      -36.423072814941406,
      -34.617740631103516
    ],
    [
      -54.50155258178711,
      -31.39027976989746,
      -35.95643997192383,
      -40.58623123168945,
      -41.67171859741211,
      -34.608848571777344,
      -38.28208923339844,
      -36.9596061706543,
      -36.20558547973633,
      -33.95290756225586,
      -47.57870101928711
    ],
    [
      -30.024372100830078,
      -38.71115493774414,
      -37.376380920410156,
      -40.896484375,
      -42.17687225341797,
      -38.43523025512695,
      -40.31610870361328,
      -39.31829071044922,
      -39.51636505126953,
      -39.125823974609375,
      -370
    ],
    [
      -29.969785690307617,
      -35.53520202636719,
      -37.80459976196289,
      -42.92840576171875,
      -43.1540412902832,
      -41.47333908081055,
      -41.58150863647461,
      -41.438987731933594,
      -41.65515899658203,
      -41.52324295043945,
      -370
    ],
    [
      -33.33682632446289,
      -36.63673400878906,
      -39.55813980102539,
      -44.11875534057617,
      -44.258872985839844,
      -43.24444580078125,
      -41.67430114746094,
      -40.78983688354492,
      -41.79829788208008,
      -41.57406997680664,
      -370
    ],
    [
      -37.04690170288086,
      -36.106178283691406,
      -40.24333572387695,
      -45.42300033569336,
      -46.1544189453125,
      -46.112525939941406,
      -41.93681335449219,
      -39.929500579833984,
      -39.765865325927734,
      -39.84323501586914,
      -370
    ],
    [
      -370,
      -36.06989669799805,
      -40.82675552368164,
      -45.37543487548828,
      -48.47312545776367,
      -49.57453155517578,
      -44.07425308227539,
      -42.51704406738281,
      -41.20522689819336,
      -44.06330871582031,
      -40.42458724975586
    ],
    [
      -79.54998779296875,
      -43.472171783447266,
      -42.34733200073242,
      -46.00161361694336,
      -51.3347282409668,
      -53.25713348388672,
      -46.456241607666016,
      -41.94923782348633,
      -40.414939880371094,
      -43.087825775146484,
      -51.861881256103516
    ]
  ],
  "histogram": [
    {
      "db": -70,
      "frequency": 0
    },
    {
      "db": -69,
      "frequency": 1
    },
    {
      "db": -68,
      "frequency": 0
    },
    {
      "db": -67,
      "frequency": 0
    },
    {
      "db": -66,
      "frequency": 1
    },
    {
      "db": -65,
      "frequency": 0
    },
    {
      "db": -64,
      "frequency": 2
    },
    {
      "db": -63,
      "frequency": 0
    },
    {
      "db": -62,
      "frequency": 0
    },
    {
      "db": -61,
      "frequency": 1
    },
    {
      "db": -60,
      "frequency": 0
    },
    {
      "db": -59,
      "frequency": 1
    },
    {
      "db": -58,
      "frequency": 0
    },
    {
      "db": -57,
      "frequency": 1
    },
    {
      "db": -56,
      "frequency": 1
    },
    {
      "db": -55,
      "frequency": 1
    },
    {
      "db": -54,
      "frequency": 1
    },
    {
      "db": -53,
      "frequency": 2
    },
    {
      "db": -52,
      "frequency": 0
    },
    {
      "db": -51,
      "frequency": 1
    },
    {
      "db": -50,
      "frequency": 1
    },
    {
      "db": -49,
      "frequency": 1
    },
    {
      "db": -48,
      "frequency": 1
    },
    {
      "db": -47,
      "frequency": 2
    },
    {
      "db": -46,
      "frequency": 0
    },
    {
      "db": -45,
      "frequency": 2
    },
    {
      "db": -44,
      "frequency": 1
    },
    {
      "db": -43,
      "frequency": 0
    },
    {
      "db": -42,
      "frequency": 1
    },
    {
      "db": -41,
      "frequency": 4
    },
    {
      "db": -40,
      "frequency": 2
    },
    {
      "db": -39,
      "frequency": 3
    },
    {
      "db": -38,
      "frequency": 1
    },
    {
      "db": -37,
      "frequency": 4
    },
    {
      "db": -36,
      "frequency": 0
    },
    {
      "db": -35,
      "frequency": 2
    },
    {
      "db": -34,
      "frequency": 3
    },
    {
      "db": -33,
      "frequency": 5
    },
    {
      "db": -32,
      "frequency": 2
    },
    {
      "db": -31,
      "frequency": 2
    },
    {
      "db": -30,
      "frequency": 6
    },
    {
      "db": -29,
      "frequency": 4
    },
    {
      "db": -28,
      "frequency": 7
    },
    {
      "db": -27,
      "frequency": 6
    },
    {
      "db": -26,
      "frequency": 5
    },
    {
      "db": -25,
      "frequency": 12
    },
    {
      "db": -24,
      "frequency": 3
    },
    {
      "db": -23,
      "frequency": 6
    },
    {
      "db": -22,
      "frequency": 3
    },
    {
      "db": -21,
      "frequency": 8
    },
    {
      "db": -20,
      "frequency": 6
    },
    {
      "db": -19,
      "frequency": 10
    },
    {
      "db": -18,
      "frequency": 13
    },
    {
      "db": -17,
      "frequency": 26
    },
    {
      "db": -16,
      "frequency": 29
    },
    {
      "db": -15,
      "frequency": 57
    },
    {
      "db": -14,
      "frequency": 114
    },
    {
      "db": -13,
      "frequency": 201
    },
    {
      "db": -12,
      "frequency": 290
    },
    {
      "db": -11,
      "frequency": 286
    },
    {
      "db": -10,
      "frequency": 187
    },
    {
      "db": -9,
      "frequency": 180
    },
    {
      "db": -8,
      "frequency": 211
    },
    {
      "db": -7,
      "frequency": 191
    },
    {
      "db": -6,
      "frequency": 43
    },
    {
      "db": -5,
      "frequency": 11
    },
    {
      "db": -4,
      "frequency": 0
    },
    {
      "db": -3,
      "frequency": 0
    },
    {
      "db": -2,
      "frequency": 0
    },
    {
      "db": -1,
      "frequency": 0
    },
    {
      "db": 0,
      "frequency": 0
    },
    {
      "db": 1,
      "frequency": 0
    },
    {
      "db": 2,
      "frequency": 0
    },
    {
      "db": 3,
      "frequency": 0
    },
    {
      "db": 4,
      "frequency": 0
    },
    {
      "db": 5,
      "frequency": 0
    },
    {
