{
  "acoustic_entropy": 198.8964385986328,
  "bands": [
    {
      "high_freq": 148.1999969482422,
      "loudness": -23.025959014892578,
      "loudness_range": 9.133325576782227,
      "mid_mean": -19.56339454650879,
      "mid_to_side_loudness": -16.520734786987305,
      "mid_to_side_loudness_range": 24.463659286499023,
      "side_mean": -37.05741882324219
    },
    {
      "high_freq": 392.3793640136719,
      "loudness": -24.584400177001953,
      "loudness_range": 9.996953964233398,
      "low_freq": 148.1999969482422,
      "mid_mean": -22.881656646728516,
      "mid_to_side_loudness": -3.6433115005493164,
      "mid_to_side_loudness_range": 14.067588806152344,
      "side_mean": -26.68157958984375
    },
    {
      "high_freq": 794.6976318359375,
      "loudness": -28.952939987182617,
      "loudness_range": 15.494016647338867,
      "low_freq": 392.3793640136719,
      "mid_mean": -26.91179847717285,
      "mid_to_side_loudness": -4.492084503173828,
      "mid_to_side_loudness_range": 10.453340530395508,
      "side_mean": -31.374828338623047
    },
    {
      "high_freq": 1457.5709228515625,
      "loudness": -33.8275146484375,
      "loudness_range": 20.544849395751953,
      "low_freq": 794.6976318359375,
      "mid_mean": -31.8875732421875,
      "mid_to_side_loudness": -4.0796332359313965,
      "mid_to_side_loudness_range": 11.075716018676758,
      "side_mean": -35.98896408081055
    },
    {
      "high_freq": 2549.74365234375,
      "loudness": -31.955764770507812,
      "loudness_range": 25.815536499023438,
      "low_freq": 1457.5709228515625,
      "mid_mean": -29.538619995117188,
      "mid_to_side_loudness": -5.450313091278076,
      "mid_to_side_loudness_range": 11.139647483825684,
      "side_mean": -35.17136764526367
    },
    {
      "high_freq": 4349.24462890625,
      "loudness": -31.4338436126709,
      "loudness_range": 22.654138565063477,
      "low_freq": 2549.74365234375,
      "mid_mean": -28.764890670776367,
      "mid_to_side_loudness": -6.5979838371276855,
      "mid_to_side_loudness_range": 10.946125030517578,
      "side_mean": -35.54478454589844
    },
    {
      "high_freq": 7314.1640625,
      "loudness": -37.866973876953125,
      "loudness_range": 18.50785255432129,
      "low_freq": 4349.24462890625,
      "mid_mean": -35.77619934082031,
      "mid_to_side_loudness": -4.769689083099365,
      "mid_to_side_loudness_range": 12.162046432495117,
      "side_mean": -40.74435043334961
    },
    {
      "high_freq": 12199.2666015625,
      "loudness": -40.59009552001953,
      "loudness_range": 17.193668365478516,
      "low_freq": 7314.1640625,
      "mid_mean": -38.51942443847656,
      "mid_to_side_loudness": -5.390997409820557,
      "mid_to_side_loudness_range": 15.419157028198242,
      "side_mean": -44.45879364013672
    },
    {
      "loudness": -48.386878967285156,
      "loudness_range": 17.51797866821289,
      "low_freq": 12199.2666015625,
      "mid_mean": -46.92612838745117,
      "mid_to_side_loudness": -2.9085488319396973,
      "mid_to_side_loudness_range": 8.460935592651367,
      "side_mean": -50.77323532104492
    }
  ],
  "bands_short": [
    {
      "high_freq": 148.1999969482422,
      "loudness": -25.34300994873047,
      "loudness_range": 15.707056045532227,
      "mid_mean": -21.851181030273438,
      "mid_to_side_loudness": -21.319133758544922,
      "mid_to_side_loudness_range": 34.66312026977539,
      "side_mean": -46.47111511230469
    },
    {
      "high_freq": 392.3793640136719,
      "loudness": -24.24604034423828,
      "loudness_range": 12.610099792480469,
      "low_freq": 148.1999969482422,
      "mid_mean": -22.61740493774414,
      "mid_to_side_loudness": -4.646907806396484,
      "mid_to_side_loudness_range": 19.580169677734375,
      "side_mean": -27.51445198059082
    },
    {
      "high_freq": 794.6976318359375,
      "loudness": -29.806528091430664,
      "loudness_range": 18.43335723876953,
      "low_freq": 392.3793640136719,
      "mid_mean": -28.139636993408203,
      "mid_to_side_loudness": -3.9091858863830566,
      "mid_to_side_loudness_range": 14.13480281829834,
      "side_mean": -32.084564208984375
    },
    {
      "high_freq": 1457.5709228515625,
      "loudness": -33.892250061035156,
      "loudness_range": 22.529897689819336,
      "low_freq": 794.6976318359375,
      "mid_mean": -31.974830627441406,
      "mid_to_side_loudness": -4.3455705642700195,
      "mid_to_side_loudness_range": 13.117932319641113,
      "side_mean": -36.41474151611328
    },
    {
      "high_freq": 2549.74365234375,
      "loudness": -32.83530807495117,
      "loudness_range": 27.789762496948242,
      "low_freq": 1457.5709228515625,
      "mid_mean": -30.765409469604492,
      "mid_to_side_loudness": -4.963820934295654,
      "mid_to_side_loudness_range": 14.825506210327148,
      "side_mean": -36.03195571899414
    },
    {
      "high_freq": 4349.24462890625,
      "loudness": -32.32988739013672,
      "loudness_range": 25.457185745239258,
      "low_freq": 2549.74365234375,
      "mid_mean": -29.908979415893555,
      "mid_to_side_loudness": -6.116427421569824,
      "mid_to_side_loudness_range": 14.3558931350708,
      "side_mean": -36.373538970947266
    },
    {
      "high_freq": 7314.1640625,
      "loudness": -39.75271987915039,
      "loudness_range": 21.473491668701172,
      "low_freq": 4349.24462890625,
      "mid_mean": -37.78852081298828,
      "mid_to_side_loudness": -4.432330131530762,
      "mid_to_side_loudness_range": 12.607075691223145,
      "side_mean": -42.85719299316406
    },
    {
      "high_freq": 12199.2666015625,
      "loudness": -43.457584381103516,
      "loudness_range": 23.101139068603516,
      "low_freq": 7314.1640625,
      "mid_mean": -41.502098083496094,
      "mid_to_side_loudness": -5.840182781219482,
      "mid_to_side_loudness_range": 18.567331314086914,
      "side_mean": -48.6572380065918
    },
    {
      "loudness": -53.40135955810547,
      "loudness_range": 27.901763916015625,
      "low_freq": 12199.2666015625,
      "mid_mean": -52.06136703491211,
      "mid_to_side_loudness": -5.100562572479248,
      "mid_to_side_loudness_range": 16.409896850585938,
      "side_mean": -56.73668670654297
    }
  ],
  "bandwidth": 541.8916015625,
  "channels": 2,
  "covariance": [
    [
      18.096664428710938,
      13.888283729553223,
      7.581185340881348,
      6.699342727661133,
      7.40878963470459,
      7.492935657501221,
      7.414638996124268,
      7.047736167907715,
      3.5858960151672363,
      2.681753396987915,
      3.4267053604125977,
      3.3167173862457275,
      6.391480445861816,
      5.8676981925964355,
      5.52586555480957,
      5.838378429412842,
      6.926469802856445,
      6.748025894165039
    ],
    [
      13.888283729553223,
      78.72718048095703,
      9.823769569396973,
      23.976974487304688,
      15.617329597473145,
      24.021686553955078,
      27.683435440063477,
      26.381807327270508,
      26.672483444213867,
      31.01587677001953,
      24.41659164428711,
      30.7822265625,
      13.920458793640137,
      22.662227630615234,
      5.01289701461792,
      17.193002700805664,
      8.820785522460938,
      14.744794845581055
    ],
    [
      7.581185340881348,
      9.823769569396973,
      18.446754455566406,
      12.899577140808105,
      13.59883975982666,
      11.143792152404785,
      12.813000679016113,
      9.507721900939941,
      10.17879581451416,
      7.093471527099609,
      10.020308494567871,
      8.761627197265625,
      8.193174362182617,
      8.078022003173828,
      8.576715469360352,
      7.205912113189697,
      7.297793388366699,
      7.546058654785156
    ],
    [
      6.699342727661133,
      23.976974487304688,
      12.899577140808105,
      31.4168701171875,
      15.06983470916748,
      19.416086196899414,
      18.728382110595703,
      20.80514144897461,
      16.53643226623535,
      18.812498092651367,
      15.166090965270996,
      17.809898376464844,
      8.614622116088867,
      14.784622192382812,
      6.391371250152588,
      14.506495475769043,
      10.24726390838623,
      14.829814910888672
    ],
    [
      7.40878963470459,
      15.617329597473145,
      13.59883975982666,
      15.06983470916748,
      32.77446746826172,
      25.2252197265625,
      31.42719078063965,
      23.847455978393555,
      27.17738151550293,
      19.63871955871582,
      23.325515747070312,
      18.796430587768555,
      12.51389217376709,
      13.513568878173828,
      11.843417167663574,
      11.464458465576172,
      10.676230430603027,
      10.173580169677734
    ],
    [
      7.492935657501221,
      24.021686553955078,
      11.143792152404785,
      19.416086196899414,
      25.2252197265625,
      33.61214828491211,
      29.907970428466797,
      28.90851402282715,
      25.912899017333984,
      27.690921783447266,
      24.2790584564209,
      27.104230880737305,
      12.798089981079102,
      18.672910690307617,
      9.575060844421387,
      15.348438262939453,
      9.525182723999023,
      11.093695640563965
    ],
    [
      7.414638996124268,
      27.683435440063477,
      12.813000679016113,
      18.728382110595703,
      31.42719078063965,
      29.907970428466797,
      56.976741790771484,
      40.63469696044922,
      47.64010238647461,
      42.42820739746094,
      39.564170837402344,
      35.84838104248047,
      13.844826698303223,
      20.602994918823242,
      8.09115219116211,
      16.511337280273438,
      10.246522903442383,
      14.155952453613281
    ],
    [
      7.047736167907715,
      26.381807327270508,
      9.507721900939941,
      20.80514144897461,
      23.847455978393555,
      28.90851402282715,
      40.63469696044922,
      40.5208854675293,
      35.55010986328125,
      38.845542907714844,
      31.548952102661133,
      34.422569274902344,
      12.540992736816406,
      21.9265193939209,
      5.800078392028809,
      18.53264045715332,
      10.547245979309082,
      14.632696151733398
    ],
    [
      3.5858960151672363,
      26.672483444213867,
      10.17879581451416,
      16.53643226623535,
      27.17738151550293,
      25.912899017333984,
      47.64010238647461,
      35.55010986328125,
      83.54047393798828,
      75.7188720703125,
      66.47042083740234,
      58.22859573364258,
      15.756488800048828,
      23.54511833190918,
      3.6154446601867676,
      17.882789611816406,
      6.371227264404297,
      14.548282623291016
    ],
    [
      2.681753396987915,
      31.01587677001953,
      7.093471527099609,
      18.812498092651367,
      19.63871955871582,
      27.690921783447266,
      42.42820739746094,
      38.845542907714844,
      75.7188720703125,
      84.67916870117188,
      62.80974578857422,
      65.87059783935547,
      14.475878715515137,
      28.419897079467773,
      -1.7725189924240112,
      21.589820861816406,
      4.90981388092041,
      16.95293426513672
    ],
    [
      3.4267053604125977,
      24.41659164428711,
      10.020308494567871,
      15.166090965270996,
      23.325515747070312,
      24.2790584564209,
      39.564170837402344,
      31.548952102661133,
      66.47042083740234,
      62.80974578857422,
      64.54692840576172,
      55.12704849243164,
      20.09121322631836,
      24.713930130004883,
      8.251731872558594,
      18.1502685546875,
      8.604032516479492,
      13.115904808044434
    ],
    [
      3.3167173862457275,
      30.7822265625,
      8.761627197265625,
      17.809898376464844,
      18.796430587768555,
      27.104230880737305,
      35.84838104248047,
      34.422569274902344,
      58.22859573364258,
      65.87059783935547,
      55.12704849243164,
      62.12765884399414,
      17.923728942871094,
      31.599687576293945,
      2.8796002864837646,
      23.814983367919922,
      8.500524520874023,
      17.28580665588379
    ],
    [
      6.391480445861816,
      13.920458793640137,
      8.193174362182617,
      8.614622116088867,
      12.51389217376709,
      12.798089981079102,
      13.844826698303223,
      12.540992736816406,
      15.756488800048828,
      14.475878715515137,
      20.09121322631836,
      17.923728942871094,
      44.419132232666016,
      27.255023956298828,
      33.989601135253906,
      22.747182846069336,
      27.34890365600586,
      19.861783981323242
    ],
    [
      5.8676981925964355,
      22.662227630615234,
      8.078022003173828,
      14.784622192382812,
      13.513568878173828,
      18.672910690307617,
      20.602994918823242,
      21.9265193939209,
      23.54511833190918,
      28.419897079467773,
      24.713930130004883,
      31.599687576293945,
      27.255023956298828,
      36.21440505981445,
      16.909229278564453,
      32.63820266723633,
      23.608713150024414,
      30.106321334838867
    ],
    [
      5.52586555480957,
      5.01289701461792,
      8.576715469360352,
      6.391371250152588,
      11.843417167663574,
      9.575060844421387,
      8.09115219116211,
      5.800078392028809,
      3.6154446601867676,
      -1.7725189924240112,
      8.251731872558594,
      2.8796002864837646,
      33.989601135253906,
      16.909229278564453,
      41.410518646240234,
      18.103994369506836,
      28.99861717224121,
      16.870784759521484
    ],
    [
      5.838378429412842,
      17.193002700805664,
      7.205912113189697,
      14.506495475769043,
      11.464458465576172,
      15.348438262939453,
      16.511337280273438,
      18.53264045715332,
      17.882789611816406,
      21.589820861816406,
      18.1502685546875,
      23.814983367919922,
      22.747182846069336,
      32.63820266723633,
      18.103994369506836,
      39.23385238647461,
      31.216625213623047,
      42.107479095458984
    ],
    [
      6.926469802856445,
      8.820785522460938,
      7.297793388366699,
      10.24726390838623,
      10.676230430603027,
      9.525182723999023,
      10.246522903442383,
      10.547245979309082,
      6.371227264404297,
      4.90981388092041,
      8.604032516479492,
      8.500524520874023,
      27.34890365600586,
      23.608713150024414,
      28.99861717224121,
      31.216625213623047,
      40.28968048095703,
      39.280269622802734
    ],
    [
      6.748025894165039,
      14.744794845581055,
      7.546058654785156,
      14.829814910888672,
      10.173580169677734,
      11.093695640563965,
      14.155952453613281,
      14.632696151733398,
      14.548282623291016,
      16.95293426513672,
      13.115904808044434,
      17.28580665588379,
      19.861783981323242,
      30.106321334838867,
      16.870784759521484,
      42.107479095458984,
      39.280269622802734,
      70.4723129272461
    ]
  ],
  "covariance_short": [
    [
      45.71710205078125,
      9.741827964782715,
      13.25083065032959,
      6.637267589569092,
      6.266877174377441,
      5.373093128204346,
      5.391658782958984,
      5.85792875289917,
      -0.6139034628868103,
      -0.9791850447654724,
      -0.24574200809001923,
      0.7116962671279907,
      5.556756496429443,
      4.776288032531738,
      4.619467258453369,
      5.151039123535156,
      7.099489212036133,
      3.5629403591156006
    ],
    [
      9.741827964782715,
      95.85384368896484,
      16.394277572631836,
      38.648094177246094,
      21.539148330688477,
      33.80312728881836,
      33.84723663330078,
      35.30878448486328,
      31.117450714111328,
      38.00677490234375,
      31.465932846069336,
      43.09547424316406,
      21.402124404907227,
      35.833744049072266,
      12.161935806274414,
      31.001789093017578,
      17.404930114746094,
      24.801952362060547
    ],
    [
      13.25083065032959,
      16.394277572631836,
      30.01186180114746,
      16.174829483032227,
      17.60167694091797,
      13.598094940185547,
      15.277134895324707,
      11.72142219543457,
      12.511787414550781,
      9.568153381347656,
      12.028732299804688,
      11.86635684967041,
      9.019210815429688,
      10.99240779876709,
      11.413285255432129,
      12.698370933532715,
      12.910608291625977,
      12.192583084106445
    ],
    [
      6.637267589569092,
      38.648094177246094,
      16.174829483032227,
      51.7228889465332,
      22.458003997802734,
      32.90492630004883,
      26.656003952026367,
      29.79608154296875,
      20.290756225585938,
      24.987285614013672,
      19.69867706298828,
      25.78180694580078,
      13.34804630279541,
      22.014453887939453,
      10.93520450592041,
      20.866649627685547,
      14.5225830078125,
      19.44277572631836
    ],
    [
      6.266877174377441,
      21.539148330688477,
      17.60167694091797,
      22.458003997802734,
      45.21537399291992,
      32.75637435913086,
      38.82975387573242,
      29.76543617248535,
      33.67518997192383,
      25.061229705810547,
      30.33342742919922,
      25.800390243530273,
      17.159181594848633,
      18.901145935058594,
      19.400606155395508,
      18.17658042907715,
      19.019521713256836,
      15.827820777893066
    ],
    [
      5.373093128204346,
      33.80312728881836,
      13.598094940185547,
      32.90492630004883,
      32.75637435913086,
      49.90458297729492,
      35.1356201171875,
      37.49054718017578,
      28.360795974731445,
      33.36639404296875,
      28.036409378051758,
      34.33291244506836,
      18.496423721313477,
      26.877288818359375,
      15.326933860778809,
      24.53252410888672,
      17.124483108520508,
      20.72296714782715
    ],
    [
      5.391658782958984,
      33.84723663330078,
      15.277134895324707,
      26.656003952026367,
      38.82975387573242,
      35.1356201171875,
      65.35198974609375,
      45.76667022705078,
      52.99332046508789,
      45.527957916259766,
      46.224918365478516,
      40.4865837097168,
      22.4313907623291,
      27.202877044677734,
      18.710783004760742,
      24.466535568237305,
      19.659517288208008,
      20.125492095947266
    ],
    [
      5.85792875289917,
      35.30878448486328,
      11.72142219543457,
      29.79608154296875,
      29.76543617248535,
      37.49054718017578,
      45.76667022705078,
      51.067806243896484,
      38.38493347167969,
      44.03826141357422,
      35.51337814331055,
      40.66633224487305,
      19.166826248168945,
      29.429811477661133,
      12.385863304138184,
      26.539045333862305,
      16.6875057220459,
      22.503400802612305
    ],
    [
      -0.6139034628868103,
      31.117450714111328,
      12.511787414550781,
      20.290756225585938,
      33.67518997192383,
      28.360795974731445,
      52.99332046508789,
      38.38493347167969,
      96.57192993164062,
      78.55341339111328,
      77.64878845214844,
      63.85254669189453,
      29.564157485961914,
      34.221221923828125,
      16.553861618041992,
      30.599327087402344,
      17.296615600585938,
      23.835283279418945
    ],
    [
      -0.9791850447654724,
      38.00677490234375,
      9.568153381347656,
      24.987285614013672,
      25.061229705810547,
      33.36639404296875,
      45.527957916259766,
      44.03826141357422,
      78.55341339111328,
      93.43281555175781,
      67.85353088378906,
      73.81497192382812,
      26.654218673706055,
      41.71345138549805,
      6.8802947998046875,
      36.619693756103516,
      14.388480186462402,
      30.186161041259766
    ],
    [
      -0.24574200809001923,
      31.465932846069336,
      12.028732299804688,
      19.69867706298828,
      30.33342742919922,
      28.036409378051758,
      46.224918365478516,
      35.51337814331055,
      77.64878845214844,
      67.85353088378906,
      81.41507720947266,
      62.753665924072266,
      36.38250732421875,
      37.69676208496094,
      23.794178009033203,
      33.01445388793945,
      22.714738845825195,
      25.453481674194336
    ],
    [
      0.7116962671279907,
      43.09547424316406,
      11.86635684967041,
      25.78180694580078,
      25.800390243530273,
      34.33291244506836,
      40.4865837097168,
      40.66633224487305,
      63.85254669189453,
      73.81497192382812,
      62.753665924072266,
      76.11811065673828,
      30.923377990722656,
      48.886234283447266,
      13.817663192749023,
      43.60684585571289,
      21.45564079284668,
      36.37966537475586
    ],
    [
      5.556756496429443,
      21.402124404907227,
      9.019210815429688,
      13.34804630279541,
      17.159181594848633,
      18.496423721313477,
      22.4313907623291,
      19.166826248168945,
      29.564157485961914,
      26.654218673706055,
      36.38250732421875,
      30.923377990722656,
      59.46938705444336,
      43.579524993896484,
      51.56769561767578,
      44.07429122924805,
      49.21200180053711,
      38.97315979003906
    ],
    [
      4.776288032531738,
      35.833744049072266,
      10.99240779876709,
      22.014453887939453,
      18.901145935058594,
      26.877288818359375,
      27.202877044677734,
      29.429811477661133,
      34.221221923828125,
      41.71345138549805,
      37.69676208496094,
      48.886234283447266,
      43.579524993896484,
      66.18974304199219,
      33.22636032104492,
      65.00112915039062,
      44.707618713378906,
      61.32023239135742
    ],
    [
      4.619467258453369,
      12.161935806274414,
      11.413285255432129,
      10.93520450592041,
      19.400606155395508,
      15.326933860778809,
      18.710783004760742,
      12.385863304138184,
      16.553861618041992,
      6.8802947998046875,
      23.794178009033203,
      13.817663192749023,
      51.56769561767578,
      33.22636032104492,
      72.04005432128906,
      43.210514068603516,
      61.043033599853516,
      42.049163818359375
    ],
    [
      5.151039123535156,
      31.001789093017578,
      12.698370933532715,
      20.866649627685547,
      18.17658042907715,
      24.53252410888672,
      24.466535568237305,
      26.539045333862305,
      30.599327087402344,
      36.619693756103516,
      33.01445388793945,
      43.60684585571289,
      44.07429122924805,
      65.00112915039062,
      43.210514068603516,
      84.45328521728516,
      63.769020080566406,
      85.22544860839844
    ],
    [
      7.099489212036133,
      17.404930114746094,
      12.910608291625977,
      14.5225830078125,
      19.019521713256836,
      17.124483108520508,
      19.659517288208008,
      16.6875057220459,
      17.296615600585938,
      14.388480186462402,
      22.714738845825195,
      21.45564079284668,
      49.21200180053711,
      44.707618713378906,
      61.043033599853516,
      63.769020080566406,
      86.51668548583984,
      77.0344009399414
    ],
    [
      3.5629403591156006,
      24.801952362060547,
      12.192583084106445,
      19.44277572631836,
      15.827820777893066,
      20.72296714782715,
      20.125492095947266,
      22.503400802612305,
      23.835283279418945,
      30.186161041259766,
      25.453481674194336,
      36.37966537475586,
      38.97315979003906,
      61.32023239135742,
      42.049163818359375,
      85.22544860839844,
      77.0344009399414,
      105.88912963867188
    ]
  ],
  "damage": -8.3546142578125,
  "diff_bandwidth": 654.1342163085938,
  "dissonance": 7.625507127561244,
  "drr": 14.426433563232422,
  "dynamics": 3.1148812770843506,
  "format": 65538,
  "frames": 8723196,
  "freq_pan_to_db": [
    [
      -34.556087493896484,
      -31.32604217529297,
      -23.38092803955078,
      -20.391748428344727,
      -17.683181762695312,
      -17.087841033935547,
      -19.677589416503906,
      -21.836490631103516,
      -24.24808692932129,
      -29.016218185424805,
      -33.96337890625
    ],
    [
      -18.70191192626953,
      -18.13108253479004,
      -17.178682327270508,
      -15.258715629577637,
      -12.115028381347656,
      -10.491043090820312,
      -12.680218696594238,
      -15.500533103942871,
      -18.172460556030273,
      -20.304058074951172,
      -21.227657318115234
    ],
    [
      -14.58853530883789,
      -14.35606575012207,
      -14.407866477966309,
      -13.920551300048828,
      -13.841617584228516,
      -12.892915725708008,
      -13.277854919433594,
      -14.271149635314941,
      -14.58370590209961,
      -15.445165634155273,
      -14.809638023376465
    ],
    [
      -17.617219924926758,
      -15.934983253479004,
      -16.244672775268555,
      -16.414960861206055,
      -17.013269424438477,
      -16.350051879882812,
      -16.951702117919922,
      -17.64636993408203,
      -17.923255920410156,
      -17.694133758544922,
      -17.25646209716797
    ],
    [
      -17.986831665039062,
      -17.825040817260742,
      -17.87552261352539,
      -18.46776580810547,
      -18.75550079345703,
      -18.461864471435547,
      -18.612581253051758,
      -18.060314178466797,
      -18.015745162963867,
      -18.04023551940918,
      -18.16058921813965
    ],
    [
      -18.208688735961914,
      -18.07199478149414,
      -17.340402603149414,
      -17.459043502807617,
      -16.99091148376465,
      -16.912616729736328,
      -17.206912994384766,
      -17.497268676757812,
      -18.308237075805664,
      -18.543298721313477,
      -19.3077449798584
    ],
    [
      -19.789871215820312,
      -18.937589645385742,
      -17.984716415405273,
      -17.498146057128906,
      -17.560335159301758,
      -17.616992950439453,
      -17.981517791748047,
      -18.143522262573242,
      -18.550254821777344,
      -19.46160888671875,
      -20.256214141845703
    ],
    [
      -20.707059860229492,
      -21.104244232177734,
      -20.6522216796875,
      -20.015512466430664,
      -18.71825408935547,
      -17.711240768432617,
      -18.703283309936523,
      -19.897743225097656,
      -20.661624908447266,
      -20.4884033203125,
      -19.10036277770996
    ],
    [
      -23.06965446472168,
      -21.991670608520508,
      -21.90590476989746,
      -21.162988662719727,
      -19.717721939086914,
      -19.494510650634766,
      -20.346660614013672,
      -21.77828598022461,
      -22.34002685546875,
      -22.259822845458984,
      -21.039323806762695
    ],
    [
      -21.39177894592285,
      -20.703781127929688,
      -22.193538665771484,
      -21.147016525268555,
      -20.453563690185547,
      -20.063674926757812,
      -20.340227127075195,
      -21.059017181396484,
      -21.063514709472656,
      -21.503307342529297,
      -20.35537338256836
    ],
    [
      -21.30670738220215,
      -21.507583618164062,
      -22.937236785888672,
      -23.002872467041016,
      -22.34833526611328,
      -20.647159576416016,
      -21.223726272583008,
      -22.3554630279541,
      -22.368364334106445,
      -22.356679916381836,
      -21.756383895874023
    ],
    [
      -23.324275970458984,
      -25.600685119628906,
      -25.557735443115234,
      -24.166057586669922,
      -23.2427921295166,
      -21.73893165588379,
      -24.369434356689453,
      -25.72442054748535,
      -25.266738891601562,
      -25.156511306762695,
      -24.30358123779297
    ],
    [
      -26.230266571044922,
      -27.194204330444336,
      -27.74858283996582,
      -25.694225311279297,
      -23.832651138305664,
      -21.93916893005371,
      -24.769224166870117,
      -25.74208641052246,
      -26.445980072021484,
      -27.40616798400879,
      -27.82950210571289
    ],
    [
      -24.52281951904297,
      -27.4152889251709,
      -26.907217025756836,
      -24.13603973388672,
      -22.411500930786133,
      -21.765335083007812,
      -25.00106430053711,
      -26.848630905151367,
      -28.042892456054688,
      -26.816171646118164,
      -24.786582946777344
    ],
    [
      -24.08466911315918,
      -25.828222274780273,
      -27.350765228271484,
      -27.366050720214844,
      -25.985763549804688,
      -22.347366333007812,
      -24.706453323364258,
      -28.453046798706055,
      -28.51040267944336,
      -28.511444091796875,
      -26.589492797851562
    ],
    [
      -25.47711944580078,
      -27.849102020263672,
      -29.09456443786621,
      -29.207477569580078,
      -26.313045501708984,
      -23.240211486816406,
      -25.42229652404785,
      -28.09234619140625,
      -28.646638870239258,
      -28.776172637939453,
      -27.797529220581055
    ],
    [
      -26.526819229125977,
      -28.147293090820312,
      -31.047840118408203,
      -30.083072662353516,
      -26.974082946777344,
      -25.914216995239258,
      -29.170352935791016,
      -30.433435440063477,
      -28.748437881469727,
      -27.394906997680664,
      -26.28551483154297
    ],
    [
      -26.416851043701172,
      -26.83625030517578,
      -29.36646842956543,
      -30.756622314453125,
      -29.505165100097656,
      -25.85136604309082,
      -29.56036949157715,
      -30.40465545654297,
      -28.948406219482422,
      -27.387012481689453,
      -26.253538131713867
    ],
    [
      -27.432287216186523,
      -27.74550437927246,
      -29.551122665405273,
      -31.82643699645996,
      -28.295942306518555,
      -26.19472885131836,
      -29.27729606628418,
      -29.80125617980957,
      -27.155628204345703,
      -28.584373474121094,
      -28.838184356689453
    ],
    [
      -23.420215606689453,
      -24.86976432800293,
      -25.631166458129883,
      -26.24351692199707,
      -25.05853271484375,
      -24.99445915222168,
      -26.007062911987305,
      -25.495229721069336,
      -25.91437339782715,
      -26.47838020324707,
      -29.137666702270508
    ],
    [
      -22.507505416870117,
      -24.502819061279297,
      -23.104516983032227,
      -24.64873504638672,
      -24.945972442626953,
      -25.534833908081055,
      -24.090808868408203,
      -24.88703155517578,
      -25.267410278320312,
      -24.844703674316406,
      -22.57691192626953
    ],
    [
      -21.474651336669922,
      -25.120882034301758,
      -25.630268096923828,
      -24.689531326293945,
      -25.215797424316406,
      -26.60260581970215,
      -24.837526321411133,
      -25.00791358947754,
      -25.539255142211914,
      -24.06230354309082,
      -19.17506980895996
    ],
    [
      -19.82662010192871,
      -24.0830135345459,
      -25.333139419555664,
      -25.927705764770508,
      -24.34442138671875,
      -25.391359329223633,
      -25.007205963134766,
      -26.348968505859375,
      -24.860755920410156,
      -24.76190757751465,
      -19.672595977783203
    ],
    [
      -21.802968978881836,
      -25.39231300354004,
      -26.642017364501953,
      -26.358877182006836,
      -26.230161666870117,
      -25.618690490722656,
      -25.614246368408203,
      -27.60785675048828,
      -27.323633193969727,
      -26.610572814941406,
      -25.681856155395508
    ],
    [
      -32.305233001708984,
      -30.965131759643555,
      -29.526016235351562,
      -28.055957794189453,
      -26.501585006713867,
      -25.29084587097168,
      -25.758426666259766,
      -27.63677215576172,
      -29.81395721435547,
      -31.656862258911133,
      -30.066404342651367
    ],
    [
      -23.440013885498047,
      -32.01865005493164,
      -32.256011962890625,
      -31.393329620361328,
      -29.978836059570312,
      -29.19500160217285,
      -29.333303451538086,
      -30.798255920410156,
      -31.757829666137695,
      -33.21928787231445,
      -31.183637619018555
    ],
    [
      -27.29939079284668,
      -30.3701171875,
      -30.287723541259766,
      -31.150985717773438,
      -30.273151397705078,
      -29.51087188720703,
      -29.26780128479004,
      -30.789836883544922,
      -30.210176467895508,
      -29.33504867553711,
      -27.242536544799805
    ],
    [
      -34.994850158691406,
      -34.64875030517578,
      -34.777400970458984,
      -34.06352996826172,
      -33.3348503112793,
      -32.054500579833984,
      -33.442378997802734,
      -34.12895584106445,
      -34.65910720825195,
      -33.753170013427734,
      -37.247398376464844
    ],
    [
      -46.01612854003906,
      -36.875640869140625,
      -37.8509521484375,
      -38.2239990234375,
      -37.89017868041992,
      -35.015235900878906,
      -37.73859786987305,
      -37.87443161010742,
      -37.87765121459961,
      -38.43266677856445,
      -40.11565399169922
    ],
    [
      -35.371063232421875,
      -39.27703094482422,
      -39.290828704833984,
      -39.2961540222168,
      -39.27001190185547,
      -32.804412841796875,
      -39.07560729980469,
      -39.33736038208008,
      -39.56884765625,
      -39.484947204589844,
      -36.29503631591797
    ],
    [
      -44.253990173339844,
      -37.97954177856445,
      -39.34074783325195,
      -40.4819450378418,
      -40.20560836791992,
      -32.27647018432617,
      -40.284645080566406,
      -40.15374755859375,
      -39.9308967590332,
      -38.834373474121094,
      -41.63077163696289
    ],
    [
      -44.191497802734375,
      -39.03650665283203,
      -40.05939483642578,
      -41.21205139160156,
      -41.68484878540039,
      -34.96674728393555,
      -41.690185546875,
      -41.75452423095703,
      -41.70248031616211,
      -37.2768669128418,
      -50.01569366455078
    ],
    [
      -47.15838623046875,
      -42.9151496887207,
      -40.14193344116211,
      -41.8229866027832,
      -42.4958610534668,
      -36.921363830566406,
      -42.573177337646484,
      -42.288116455078125,
      -42.814327239990234,
      -48.600547790527344,
      -370
    ],
    [
      -52.96177291870117,
      -42.893856048583984,
      -39.93330383300781,
      -41.41010665893555,
      -41.786312103271484,
      -37.25800704956055,
      -42.76183319091797,
      -43.285736083984375,
      -42.183658599853516,
      -46.87216567993164,
      -370
    ],
    [
      -40.51506805419922,
      -36.97202682495117,
      -39.86337661743164,
      -42.44247055053711,
      -42.42668533325195,
      -36.06315612792969,
      -41.700923919677734,
      -41.9350471496582,
      -43.29058074951172,
      -40.48063278198242,
      -38.6845817565918
    ],
    [
      -58.44480895996094,
      -34.376399993896484,
      -39.69522476196289,
      -44.6787109375,
      -45.64539337158203,
      -38.63594055175781,
      -42.33966827392578,
      -40.99713897705078,
      -40.261505126953125,
      -37.84761047363281,
      -370
    ],
    [
      -33.889095306396484,
      -36.35055160522461,
      -41.59646224975586,
      -44.41008377075195,
      -45.99470520019531,
      -42.488372802734375,
      -44.34697723388672,
      -43.3687744140625,
      -43.47618865966797,
      -43.04594421386719,
      -370
    ],
    [
      -33.84307098388672,
      -35.560237884521484,
      -42.0863151550293,
      -46.24047088623047,
      -47.21592330932617,
      -45.513023376464844,
      -45.58056640625,
      -45.404666900634766,
      -45.64870071411133,
      -45.53192901611328,
      -370
    ],
    [
      -34.303043365478516,
      -37.72690200805664,
      -43.17627716064453,
      -48.41545867919922,
      -47.71742248535156,
      -47.38092041015625,
      -45.668392181396484,
      -44.83378219604492,
      -45.65393829345703,
      -45.634639739990234,
      -370
    ],
    [
      -40.2057991027832,
      -39.8601188659668,
      -43.733055114746094,
      -49.06895446777344,
      -50.154762268066406,
      -50.16899871826172,
      -45.90355682373047,
      -44.040897369384766,
      -43.76179504394531,
      -43.560272216796875,
      -370
    ],
    [
      -370,
      -39.62859344482422,
      -44.671356201171875,
      -49.37896728515625,
      -52.52535629272461,
      -53.57825469970703,
      -48.026634216308594,
      -46.58632278442383,
      -45.18340301513672,
      -48.04570007324219,
      -44.27675247192383
    ],
    [
      -370,
      -44.68262481689453,
      -45.930912017822266,
      -50.02176284790039,
      -55.36865997314453,
      -57.18494415283203,
      -50.36629104614258,
      -46.043495178222656,
      -44.33878707885742,
      -46.640140533447266,
      -53.28857421875
    ]
  ],
  "histogram": [
    {
      "db": -70,
      "frequency": 1
    },
    {
      "db": -69,
      "frequency": 0
    },
    {
      "db": -68,
      "frequency": 2
    },
    {
      "db": -67,
      "frequency": 0
    },
    {
      "db": -66,
      "frequency": 0
    },
    {
      "db": -65,
      "frequency": 1
    },
    {
      "db": -64,
      "frequency": 0
    },
    {
      "db": -63,
      "frequency": 1
    },
    {
      "db": -62,
      "frequency": 0
    },
    {
      "db": -61,
      "frequency": 1
    },
    {
      "db": -60,
      "frequency": 1
    },
    {
      "db": -59,
      "frequency": 1
    },
    {
      "db": -58,
      "frequency": 1
    },
    {
      "db": -57,
      "frequency": 2
    },
    {
      "db": -56,
      "frequency": 0
    },
    {
      "db": -55,
      "frequency": 1
    },
    {
      "db": -54,
      "frequency": 1
    },
    {
      "db": -53,
      "frequency": 1
    },
    {
      "db": -52,
      "frequency": 1
    },
    {
      "db": -51,
      "frequency": 2
    },
    {
      "db": -50,
      "frequency": 0
    },
    {
      "db": -49,
      "frequency": 2
    },
    {
      "db": -48,
      "frequency": 1
    },
    {
      "db": -47,
      "frequency": 0
    },
    {
      "db": -46,
      "frequency": 1
    },
    {
      "db": -45,
      "frequency": 4
    },
    {
      "db": -44,
      "frequency": 2
    },
    {
      "db": -43,
      "frequency": 3
    },
    {
      "db": -42,
      "frequency": 1
    },
    {
      "db": -41,
      "frequency": 4
    },
    {
      "db": -40,
      "frequency": 0
    },
    {
      "db": -39,
      "frequency": 2
    },
    {
      "db": -38,
      "frequency": 3
    },
    {
      "db": -37,
      "frequency": 6
    },
    {
      "db": -36,
      "frequency": 1
    },
    {
      "db": -35,
      "frequency": 2
    },
    {
      "db": -34,
      "frequency": 6
    },
    {
      "db": -33,
      "frequency": 4
    },
    {
      "db": -32,
      "frequency": 7
    },
    {
      "db": -31,
      "frequency": 6
    },
    {
      "db": -30,
      "frequency": 6
    },
    {
      "db": -29,
      "frequency": 11
    },
    {
      "db": -28,
      "frequency": 3
    },
    {
      "db": -27,
      "frequency": 6
    },
    {
      "db": -26,
      "frequency": 3
    },
    {
      "db": -25,
      "frequency": 8
    },
    {
      "db": -24,
      "frequency": 6
    },
    {
      "db": -23,
      "frequency": 10
    },
    {
      "db": -22,
      "frequency": 12
    },
    {
      "db": -21,
      "frequency": 28
    },
    {
      "db": -20,
      "frequency": 23
    },
    {
      "db": -19,
      "frequency": 57
    },
    {
      "db": -18,
      "frequency": 109
    },
    {
      "db": -17,
      "frequency": 191
    },
    {
      "db": -16,
      "frequency": 286
    },
    {
      "db": -15,
      "frequency": 297
    },
    {
      "db": -14,
      "frequency": 182
    },
    {
      "db": -13,
      "frequency": 179
    },
    {
      "db": -12,
      "frequency": 211
    },
    {
      "db": -11,
      "frequency": 189
    },
    {
      "db": -10,
      "frequency": 59
    },
    {
      "db": -9,
      "frequency": 16
    },
    {
      "db": -8,
      "frequency": 0
    },
    {
      "db": -7,
      "frequency": 0
    },
    {
      "db": -6,
      "frequency": 0
    },
    {
      "db": -5,
      "frequency": 0
    },
    {
      "db": -4,
      "frequency": 0
    },
    {
      "db": -3,
      "frequency": 0
    },
    {
      "db": -2,
      "frequency": 0
    },
    {
      "db": -1,
      "frequency": 0
    },
    {
      "db": 0,
      "frequency": 0
    },
    {
      "db": 1,
      "frequency": 0
    },
    {
      "db": 2,
      "frequency": 0
    },
    {
      "db": 3,
      "frequency": 0
    },
    {
      "db": 4,
      "frequency": 0
    },
    {
      "db": 5,
      "frequency": 0
