{
  "acoustic_entropy": 198.63796997070312,
  "bands": [
    {
      "high_freq": 148.1999969482422,
      "loudness": -33.6386604309082,
      "loudness_range": 9.56645393371582,
      "mid_mean": -30.19617462158203,
      "mid_to_side_loudness": -16.694368362426758,
      "mid_to_side_loudness_range": 24.45421600341797,
      "side_mean": -48.05297088623047
    },
    {
      "high_freq": 392.3793640136719,
      "loudness": -33.925010681152344,
      "loudness_range": 11.067073822021484,
      "low_freq": 148.1999969482422,
      "mid_mean": -32.235286712646484,
      "mid_to_side_loudness": -3.6972196102142334,
      "mid_to_side_loudness_range": 13.896976470947266,
      "side_mean": -36.07496643066406
    },
    {
      "high_freq": 794.6976318359375,
      "loudness": -36.956939697265625,
      "loudness_range": 16.293842315673828,
      "low_freq": 392.3793640136719,
      "mid_mean": -34.8508186340332,
      "mid_to_side_loudness": -4.767604351043701,
      "mid_to_side_loudness_range": 10.5245361328125,
      "side_mean": -39.61824417114258
    },
    {
      "high_freq": 1457.5709228515625,
      "loudness": -42.593074798583984,
      "loudness_range": 21.65414810180664,
      "low_freq": 794.6976318359375,
      "mid_mean": -40.57158660888672,
      "mid_to_side_loudness": -4.409658432006836,
      "mid_to_side_loudness_range": 11.204843521118164,
      "side_mean": -45.0204963684082
    },
    {
      "high_freq": 2549.74365234375,
      "loudness": -42.053619384765625,
      "loudness_range": 26.447126388549805,
      "low_freq": 1457.5709228515625,
      "mid_mean": -39.57091522216797,
      "mid_to_side_loudness": -5.769567012786865,
      "mid_to_side_loudness_range": 11.144732475280762,
      "side_mean": -45.55064010620117
    },
    {
      "high_freq": 4349.24462890625,
      "loudness": -42.626285552978516,
      "loudness_range": 23.597766876220703,
      "low_freq": 2549.74365234375,
      "mid_mean": -39.909053802490234,
      "mid_to_side_loudness": -6.953089714050293,
      "mid_to_side_loudness_range": 10.943075180053711,
      "side_mean": -47.040199279785156
    },
    {
      "high_freq": 7314.1640625,
      "loudness": -49.43202590942383,
      "loudness_range": 18.611454010009766,
      "low_freq": 4349.24462890625,
      "mid_mean": -47.33951950073242,
      "mid_to_side_loudness": -5.126110553741455,
      "mid_to_side_loudness_range": 12.091898918151855,
      "side_mean": -52.95104217529297
    },
    {
      "high_freq": 12199.2666015625,
      "loudness": -52.144779205322266,
      "loudness_range": 17.543724060058594,
      "low_freq": 7314.1640625,
      "mid_mean": -50.95913314819336,
      "mid_to_side_loudness": -5.782410621643066,
      "mid_to_side_loudness_range": 15.469566345214844,
      "side_mean": -56.46379852294922
    },
    {
      "loudness": -59.79358673095703,
      "loudness_range": 17.361434936523438,
      "low_freq": 12199.2666015625,
      "mid_mean": -58.10118865966797,
      "mid_to_side_loudness": -3.2683916091918945,
      "mid_to_side_loudness_range": 8.409878730773926,
      "side_mean": -60.62129592895508
    }
  ],
  "bands_short": [
    {
      "high_freq": 148.1999969482422,
      "loudness": -35.89613723754883,
      "loudness_range": 15.779317855834961,
      "mid_mean": -32.44157409667969,
      "mid_to_side_loudness": -21.506513595581055,
      "mid_to_side_loudness_range": 34.55169677734375,
      "side_mean": -56.83901596069336
    },
    {
      "high_freq": 392.3793640136719,
      "loudness": -33.87554931640625,
      "loudness_range": 13.364418029785156,
      "low_freq": 148.1999969482422,
      "mid_mean": -32.22940444946289,
      "mid_to_side_loudness": -4.687683582305908,
      "mid_to_side_loudness_range": 19.36598014831543,
      "side_mean": -37.13717269897461
    },
    {
      "high_freq": 794.6976318359375,
      "loudness": -37.83219909667969,
      "loudness_range": 19.307899475097656,
      "low_freq": 392.3793640136719,
      "mid_mean": -36.12479782104492,
      "mid_to_side_loudness": -4.188205242156982,
      "mid_to_side_loudness_range": 14.202067375183105,
      "side_mean": -40.33858871459961
    },
    {
      "high_freq": 1457.5709228515625,
      "loudness": -42.60403060913086,
      "loudness_range": 23.61453628540039,
      "low_freq": 794.6976318359375,
      "mid_mean": -40.62931442260742,
      "mid_to_side_loudness": -4.690456390380859,
      "mid_to_side_loudness_range": 13.071885108947754,
      "side_mean": -45.44639205932617
    },
    {
      "high_freq": 2549.74365234375,
      "loudness": -42.93862533569336,
      "loudness_range": 28.46160316467285,
      "low_freq": 1457.5709228515625,
      "mid_mean": -40.830413818359375,
      "mid_to_side_loudness": -5.255835056304932,
      "mid_to_side_loudness_range": 14.843600273132324,
      "side_mean": -46.458221435546875
    },
    {
      "high_freq": 4349.24462890625,
      "loudness": -43.51976013183594,
      "loudness_range": 26.352991104125977,
      "low_freq": 2549.74365234375,
      "mid_mean": -41.05784225463867,
      "mid_to_side_loudness": -6.455506324768066,
      "mid_to_side_loudness_range": 14.40809154510498,
      "side_mean": -47.93137741088867
    },
    {
      "high_freq": 7314.1640625,
      "loudness": -51.34123611450195,
      "loudness_range": 21.92523956298828,
      "low_freq": 4349.24462890625,
      "mid_mean": -50.05122756958008,
      "mid_to_side_loudness": -4.7897114753723145,
      "mid_to_side_loudness_range": 12.586446762084961,
      "side_mean": -54.766536712646484
    },
    {
      "high_freq": 12199.2666015625,
      "loudness": -54.825782775878906,
      "loudness_range": 22.99251937866211,
      "low_freq": 7314.1640625,
      "mid_mean": -53.642147064208984,
      "mid_to_side_loudness": -6.23142147064209,
      "mid_to_side_loudness_range": 18.58830451965332,
      "side_mean": -59.39259338378906
    },
    {
      "loudness": -64.1708755493164,
      "loudness_range": 26.77758026123047,
      "low_freq": 12199.2666015625,
      "mid_mean": -61.2714729309082,
      "mid_to_side_loudness": -5.5071210861206055,
      "mid_to_side_loudness_range": 16.43968391418457,
      "side_mean": -64.1198501586914
    }
  ],
  "bandwidth": 557.1915283203125,
  "channels": 2,
  "covariance": [
    [
      18.695741653442383,
      15.676329612731934,
      9.087159156799316,
      7.984512805938721,
      9.549412727355957,
      9.23348617553711,
      10.513751983642578,
      9.50363826751709,
      7.2371134757995605,
      5.820342540740967,
      6.733052730560303,
      6.096685409545898,
      7.972562789916992,
      7.052696704864502,
      8.162424087524414,
      6.543136119842529,
      6.443475246429443,
      4.936081409454346
    ],
    [
      15.676329612731934,
      82.46481323242188,
      12.438572883605957,
      26.874391555786133,
      18.235071182250977,
      27.561344146728516,
      31.79067039489746,
      30.549739837646484,
      31.132020950317383,
      36.07383346557617,
      28.902742385864258,
      36.04903030395508,
      17.3570499420166,
      27.206924438476562,
      14.473318099975586,
      21.060943603515625,
      12.090075492858887,
      12.936537742614746
    ],
    [
      9.087159156799316,
      12.438572883605957,
      21.312204360961914,
      15.360055923461914,
      16.81624412536621,
      13.785783767700195,
      16.970491409301758,
      12.658218383789062,
      14.756916046142578,
      11.014970779418945,
      14.162582397460938,
      12.229361534118652,
      10.235686302185059,
      9.759568214416504,
      13.385699272155762,
      8.895563125610352,
      7.599315643310547,
      5.822983264923096
    ],
    [
      7.984512805938721,
      26.874391555786133,
      15.360055923461914,
      33.222137451171875,
      17.112506866455078,
      21.869388580322266,
      21.961952209472656,
      23.259672164916992,
      20.24939727783203,
      22.41590690612793,
      18.6673526763916,
      21.173189163208008,
      10.998941421508789,
      15.68422794342041,
      10.788810729980469,
      14.711235046386719,
      9.817734718322754,
      11.11911678314209
    ],
    [
      9.549412727355957,
      18.235071182250977,
      16.81624412536621,
      17.112506866455078,
      35.74601745605469,
      28.60009765625,
      35.2980842590332,
      26.82723617553711,
      31.741012573242188,
      23.692140579223633,
      27.401317596435547,
      22.26573944091797,
      14.76815414428711,
      14.896713256835938,
      16.768312454223633,
      12.617112159729004,
      10.4232759475708,
      8.333009719848633
    ],
    [
      9.23348617553711,
      27.561344146728516,
      13.785783767700195,
      21.869388580322266,
      28.60009765625,
      37.035926818847656,
      34.230743408203125,
      32.28989791870117,
      30.491426467895508,
      31.97282600402832,
      28.699922561645508,
      31.080270767211914,
      15.31005573272705,
      20.571109771728516,
      12.902969360351562,
      16.22472381591797,
      9.766263961791992,
      9.45423698425293
    ],
    [
      10.513751983642578,
      31.79067039489746,
      16.970491409301758,
      21.961952209472656,
      35.2980842590332,
      34.230743408203125,
      61.86984634399414,
      44.732582092285156,
      52.86801528930664,
      47.10834503173828,
      44.445804595947266,
      40.143009185791016,
      17.339645385742188,
      23.05023765563965,
      15.76947021484375,
      18.651073455810547,
      11.558119773864746,
      11.411205291748047
    ],
    [
      9.50363826751709,
      30.549739837646484,
      12.658218383789062,
      23.259672164916992,
      26.82723617553711,
      32.28989791870117,
      44.732582092285156,
      44.31498336791992,
      40.400917053222656,
      43.19962692260742,
      36.27244186401367,
      38.57789993286133,
      16.107999801635742,
      24.055011749267578,
      11.685510635375977,
      19.16166114807129,
      10.7464599609375,
      12.024389266967773
    ],
    [
      7.2371134757995605,
      31.132020950317383,
      14.756916046142578,
      20.24939727783203,
      31.741012573242188,
      30.491426467895508,
      52.86801528930664,
      40.400917053222656,
      88.24125671386719,
      79.31265258789062,
      71.80809020996094,
      62.7996940612793,
      19.797426223754883,
      28.28221893310547,
      14.00719165802002,
      21.740318298339844,
      9.563549995422363,
      11.374704360961914
    ],
    [
      5.820342540740967,
      36.07383346557617,
      11.014970779418945,
      22.41590690612793,
      23.692140579223633,
      31.97282600402832,
      47.10834503173828,
      43.19962692260742,
      79.31265258789062,
      87.90534973144531,
      67.47570037841797,
      70.0995864868164,
      18.26258659362793,
      33.660545349121094,
      8.501479148864746,
      25.372352600097656,
      8.799976348876953,
      13.106819152832031
    ],
    [
      6.733052730560303,
      28.902742385864258,
      14.162582397460938,
      18.6673526763916,
      27.401317596435547,
      28.699922561645508,
      44.445804595947266,
      36.27244186401367,
      71.80809020996094,
      67.47570037841797,
      70.3681411743164,
      60.00383758544922,
      23.94071388244629,
      28.94570541381836,
      17.163101196289062,
      21.288951873779297,
      10.99956226348877,
      10.722169876098633
    ],
    [
      6.096685409545898,
      36.04903030395508,
      12.229361534118652,
      21.173189163208008,
      22.26573944091797,
      31.080270767211914,
      40.143009185791016,
      38.57789993286133,
      62.7996940612793,
      70.0995864868164,
      60.00383758544922,
      66.51217651367188,
      21.617002487182617,
      35.95833969116211,
      12.671299934387207,
      26.54953956604004,
      11.32512378692627,
      13.819391250610352
    ],
    [
      7.972562789916992,
      17.3570499420166,
      10.235686302185059,
      10.998941421508789,
      14.76815414428711,
      15.31005573272705,
      17.339645385742188,
      16.107999801635742,
      19.797426223754883,
      18.26258659362793,
      23.94071388244629,
      21.617002487182617,
      45.96009063720703,
      28.225555419921875,
      40.150421142578125,
      23.068227767944336,
      25.504697799682617,
      15.569680213928223
    ],
    [
      7.052696704864502,
      27.206924438476562,
      9.759568214416504,
      15.68422794342041,
      14.896713256835938,
      20.571109771728516,
      23.05023765563965,
      24.055011749267578,
      28.28221893310547,
      33.660545349121094,
      28.94570541381836,
      35.95833969116211,
      28.225555419921875,
      41.949684143066406,
      30.722732543945312,
      35.818260192871094,
      26.330625534057617,
      26.025928497314453
    ],
    [
      8.162424087524414,
      14.473318099975586,
      13.385699272155762,
      10.788810729980469,
      16.768312454223633,
      12.902969360351562,
      15.76947021484375,
      11.685510635375977,
      14.00719165802002,
      8.501479148864746,
      17.163101196289062,
      12.671299934387207,
      40.150421142578125,
      30.722732543945312,
      57.46564865112305,
      29.731447219848633,
      36.04301452636719,
      23.042774200439453
    ],
    [
      6.543136119842529,
      21.060943603515625,
      8.895563125610352,
      14.711235046386719,
      12.617112159729004,
      16.22472381591797,
      18.651073455810547,
      19.16166114807129,
      21.740318298339844,
      25.372352600097656,
      21.288951873779297,
      26.54953956604004,
      23.068227767944336,
      35.818260192871094,
      29.731447219848633,
      38.4522590637207,
      30.176380157470703,
      32.91139602661133
    ],
    [
      6.443475246429443,
      12.090075492858887,
      7.599315643310547,
      9.817734718322754,
      10.4232759475708,
      9.766263961791992,
      11.558119773864746,
      10.7464599609375,
      9.563549995422363,
      8.799976348876953,
      10.99956226348877,
      11.32512378692627,
      25.504697799682617,
      26.330625534057617,
      36.04301452636719,
      30.176380157470703,
      34.437007904052734,
      29.793333053588867
    ],
    [
      4.936081409454346,
      12.936537742614746,
      5.822983264923096,
      11.11911678314209,
      8.333009719848633,
      9.45423698425293,
      11.411205291748047,
      12.024389266967773,
      11.374704360961914,
      13.106819152832031,
      10.722169876098633,
      13.819391250610352,
      15.569680213928223,
      26.025928497314453,
      23.042774200439453,
      32.91139602661133,
      29.793333053588867,
      35.534156799316406
    ]
  ],
  "covariance_short": [
    [
      44.70391845703125,
      9.977787971496582,
      13.256147384643555,
      7.208858489990234,
      7.474831581115723,
      6.482231140136719,
      7.260763168334961,
      7.493910312652588,
      2.3905646800994873,
      1.8266700506210327,
      2.2013437747955322,
      2.777350664138794,
      6.48030948638916,
      5.56366491317749,
      6.475985527038574,
      4.975863456726074,
      4.941083908081055,
      3.056389093399048
    ],
    [
      9.977787971496582,
      79.10823059082031,
      16.29887580871582,
      35.56627655029297,
      21.79368782043457,
      32.60639190673828,
      33.7102165222168,
      34.36365509033203,
      31.1095027923584,
      37.50874710083008,
      31.017980575561523,
      41.978515625,
      29.791276931762695,
      36.3367805480957,
      20.80955696105957,
      25.8197021484375,
      13.942727088928223,
      14.398313522338867
    ],
    [
      13.256147384643555,
      16.29887580871582,
      31.79814910888672,
      18.31987953186035,
      20.657550811767578,
      16.003450393676758,
      18.97498893737793,
      14.51336669921875,
      16.928098678588867,
      13.538067817687988,
      16.05277442932129,
      15.093647956848145,
      12.025773048400879,
      12.166621208190918,
      15.382722854614258,
      11.761280059814453,
      8.923406600952148,
      8.232170104980469
    ],
    [
      7.208858489990234,
      35.56627655029297,
      18.31987953186035,
      53.402259826660156,
      24.90941047668457,
      34.946231842041016,
      30.034687042236328,
      32.5820426940918,
      24.25687026977539,
      29.047361373901367,
      23.476638793945312,
      29.48264503479004,
      17.573421478271484,
      22.64753532409668,
      14.836146354675293,
      18.3835506439209,
      11.200606346130371,
      12.083123207092285
    ],
    [
      7.474831581115723,
      21.79368782043457,
      20.657550811767578,
      24.90941047668457,
      49.18018341064453,
      36.34873580932617,
      43.2287712097168,
      33.748756408691406,
      38.693641662597656,
      30.22810173034668,
      35.01321792602539,
      30.079011917114258,
      22.4708309173584,
      21.161348342895508,
      23.770463943481445,
      17.090084075927734,
      14.389694213867188,
      10.785629272460938
    ],
    [
      6.482231140136719,
      32.60639190673828,
      16.003450393676758,
      34.946231842041016,
      36.34873580932617,
      53.26894760131836,
      39.38191223144531,
      41.152774810791016,
      33.024742126464844,
      38.448455810546875,
      32.47783279418945,
      38.752471923828125,
      23.616853713989258,
      28.34415054321289,
      19.206945419311523,
      21.987960815429688,
      13.932241439819336,
      12.866375923156738
    ],
    [
      7.260763168334961,
      33.7102165222168,
      18.97498893737793,
      30.034687042236328,
      43.2287712097168,
      39.38191223144531,
      70.42263793945312,
      50.24143981933594,
      58.39076614379883,
      50.730472564697266,
      51.16183853149414,
      45.495784759521484,
      28.783557891845703,
      29.409221649169922,
      25.004798889160156,
      22.21746253967285,
      15.069189071655273,
      12.637771606445312
    ],
    [
      7.493910312652588,
      34.36365509033203,
      14.51336669921875,
      32.5820426940918,
      33.748756408691406,
      41.152774810791016,
      50.24143981933594,
      55.331390380859375,
      43.46723937988281,
      49.25628662109375,
      40.373619079589844,
      45.599849700927734,
      25.4409122467041,
      31.154760360717773,
      18.194976806640625,
      23.499929428100586,
      13.73768424987793,
      14.058171272277832
    ],
    [
      2.3905646800994873,
      31.1095027923584,
      16.928098678588867,
      24.25687026977539,
      38.693641662597656,
      33.024742126464844,
      58.39076614379883,
      43.46723937988281,
      101.74900817871094,
      82.92939758300781,
      83.0887680053711,
      69.07147216796875,
      36.09224319458008,
      36.7587890625,
      23.706422805786133,
      26.586837768554688,
      12.75811767578125,
      13.887735366821289
    ],
    [
      1.8266700506210327,
      37.50874710083008,
      13.538067817687988,
      29.047361373901367,
      30.22810173034668,
      38.448455810546875,
      50.730472564697266,
      49.25628662109375,
      82.92939758300781,
      97.10942840576172,
      72.90662384033203,
      78.87985229492188,
      34.77032470703125,
      44.0386848449707,
      15.516963958740234,
      31.930856704711914,
      11.711851119995117,
      17.35740089416504
    ],
    [
      2.2013437747955322,
      31.017980575561523,
      16.05277442932129,
      23.476638793945312,
      35.01321792602539,
      32.47783279418945,
      51.16183853149414,
      40.373619079589844,
      83.0887680053711,
      72.90662384033203,
      87.30597686767578,
      68.1198959350586,
      41.94847106933594,
      39.56480026245117,
      29.609872817993164,
      28.584482192993164,
      17.063026428222656,
      15.100081443786621
    ],
    [
      2.777350664138794,
      41.978515625,
      15.093647956848145,
      29.48264503479004,
      30.079011917114258,
      38.752471923828125,
      45.495784759521484,
      45.599849700927734,
      69.07147216796875,
      78.87985229492188,
      68.1198959350586,
      80.95641326904297,
      39.600276947021484,
      50.46002960205078,
      22.431407928466797,
      37.510074615478516,
      17.435592651367188,
      21.735349655151367
    ],
    [
      6.48030948638916,
      29.791276931762695,
      12.025773048400879,
      17.573421478271484,
      22.4708309173584,
      23.616853713989258,
      28.783557891845703,
      25.4409122467041,
      36.09224319458008,
      34.77032470703125,
      41.94847106933594,
      39.600276947021484,
      72.39436340332031,
      52.06575012207031,
      64.00846099853516,
      43.880165100097656,
      43.39271545410156,
      28.790863037109375
    ],
    [
      5.56366491317749,
      36.3367805480957,
      12.166621208190918,
      22.64753532409668,
      21.161348342895508,
      28.34415054321289,
      29.409221649169922,
      31.154760360717773,
      36.7587890625,
      44.0386848449707,
      39.56480026245117,
      50.46002960205078,
      52.06575012207031,
      62.41444396972656,
      41.331878662109375,
      53.569366455078125,
      35.922176361083984,
      37.78734588623047
    ],
    [
      6.475985527038574,
      20.80955696105957,
      15.382722854614258,
      14.836146354675293,
      23.770463943481445,
      19.206945419311523,
      25.004798889160156,
      18.194976806640625,
      23.706422805786133,
      15.516963958740234,
      29.609872817993164,
      22.431407928466797,
      64.00846099853516,
      41.331878662109375,
      76.48738098144531,
      43.005531311035156,
      51.56095886230469,
      32.29690933227539
    ],
    [
      4.975863456726074,
      25.8197021484375,
      11.761280059814453,
      18.3835506439209,
      17.090084075927734,
      21.987960815429688,
      22.21746253967285,
      23.499929428100586,
      26.586837768554688,
      31.930856704711914,
      28.584482192993164,
      37.510074615478516,
      43.880165100097656,
      53.569366455078125,
      43.005531311035156,
      58.18136215209961,
      42.81557083129883,
      46.84545135498047
    ],
    [
      4.941083908081055,
      13.942727088928223,
      8.923406600952148,
      11.200606346130371,
      14.389694213867188,
      13.932241439819336,
      15.069189071655273,
      13.73768424987793,
      12.75811767578125,
      11.711851119995117,
      17.063026428222656,
      17.435592651367188,
      43.39271545410156,
      35.922176361083984,
      51.56095886230469,
      42.81557083129883,
      50.6497802734375,
      40.750152587890625
    ],
    [
      3.056389093399048,
      14.398313522338867,
      8.232170104980469,
      12.083123207092285,
      10.785629272460938,
      12.866375923156738,
      12.637771606445312,
      14.058171272277832,
      13.887735366821289,
      17.35740089416504,
      15.100081443786621,
      21.735349655151367,
      28.790863037109375,
      37.78734588623047,
      32.29690933227539,
      46.84545135498047,
      40.750152587890625,
      47.418556213378906
    ]
  ],
  "damage": -18.986967086791992,
  "diff_bandwidth": 648.4362182617188,
  "dissonance": 7.390415330561658,
  "drr": 14.463435173034668,
  "dynamics": 3.454317331314087,
  "format": 1245190,
  "frames": 8723196,
  "freq_pan_to_db": [
    [
      -47.2896842956543,
      -41.0807991027832,
      -35.192378997802734,
      -29.822568893432617,
      -27.366867065429688,
      -27.327468872070312,
      -29.810094833374023,
      -33.07191467285156,
      -36.925662994384766,
      -42.611793518066406,
      -47.802650451660156
    ],
    [
      -29.675607681274414,
      -29.420473098754883,
      -27.519062042236328,
      -25.90920066833496,
      -22.82391357421875,
      -21.143146514892578,
      -23.38858985900879,
      -26.463459014892578,
      -29.344581604003906,
      -30.30499267578125,
      -32.03230285644531
    ],
    [
      -25.235872268676758,
      -25.053340911865234,
      -24.701200485229492,
      -24.44687843322754,
      -24.388994216918945,
      -23.572080612182617,
      -23.982397079467773,
      -24.563983917236328,
      -25.16969871520996,
      -25.914779663085938,
      -25.337251663208008
    ],
    [
      -27.947250366210938,
      -26.23522186279297,
      -26.718862533569336,
      -26.600318908691406,
      -27.130727767944336,
      -26.669292449951172,
      -27.497507095336914,
      -27.92336654663086,
      -28.096670150756836,
      -27.77199363708496,
      -27.52771759033203
    ],
    [
      -27.93391227722168,
      -27.60540199279785,
      -27.76222038269043,
      -28.00997543334961,
      -28.44615936279297,
      -28.64337921142578,
      -28.54566764831543,
      -27.897310256958008,
      -27.891918182373047,
      -27.94289779663086,
      -28.01367950439453
    ],
    [
      -27.564945220947266,
      -27.27875518798828,
      -26.768871307373047,
      -26.55274772644043,
      -26.341840744018555,
      -26.234766006469727,
      -26.559349060058594,
      -26.707429885864258,
      -27.603782653808594,
      -28.03603172302246,
      -28.58830451965332
    ],
    [
      -28.452180862426758,
      -28.03040313720703,
      -27.042430877685547,
      -26.201807022094727,
      -26.353404998779297,
      -26.412500381469727,
      -26.72663688659668,
      -27.01865005493164,
      -27.325803756713867,
      -28.424108505249023,
      -29.298303604125977
    ],
    [
      -29.152589797973633,
      -29.3697509765625,
      -28.83796501159668,
      -28.345752716064453,
      -26.78804588317871,
      -25.800275802612305,
      -26.746715545654297,
      -28.19940185546875,
      -29.2166805267334,
      -28.827178955078125,
      -27.593679428100586
    ],
    [
      -31.04646110534668,
      -30.046239852905273,
      -29.726558685302734,
      -28.61966896057129,
      -27.196231842041016,
      -27.00455093383789,
      -27.809593200683594,
      -29.427566528320312,
      -30.413393020629883,
      -30.40095329284668,
      -29.118736267089844
    ],
    [
      -28.833023071289062,
      -28.30112648010254,
      -29.860187530517578,
      -28.61832046508789,
      -28.198755264282227,
      -27.516693115234375,
      -27.88004493713379,
      -28.489131927490234,
      -28.867210388183594,
      -29.197263717651367,
      -28.16834831237793
    ],
    [
      -28.994548797607422,
      -29.20077133178711,
      -30.717775344848633,
      -30.79226303100586,
      -30.126266479492188,
      -28.402732849121094,
      -28.920032501220703,
      -29.97988510131836,
      -29.93985366821289,
      -30.092161178588867,
      -29.561925888061523
    ],
    [
      -30.607120513916016,
      -33.254886627197266,
      -33.55904006958008,
      -32.03207015991211,
      -31.15806007385254,
      -29.471290588378906,
      -31.889402389526367,
      -33.508304595947266,
      -32.91764450073242,
      -32.74490737915039,
      -32.362972259521484
    ],
    [
      -34.151859283447266,
      -35.55332946777344,
      -35.917030334472656,
      -33.41653060913086,
      -31.808494567871094,
      -29.796621322631836,
      -32.67750930786133,
      -33.90385818481445,
      -34.68370819091797,
      -35.87590026855469,
      -35.756561279296875
    ],
    [
      -32.24721908569336,
      -35.07780456542969,
      -35.137725830078125,
      -32.3884162902832,
      -30.238182067871094,
      -29.38888931274414,
      -32.96338653564453,
      -35.1015625,
      -36.29230880737305,
      -33.86408233642578,
      -33.900634765625
    ],
    [
      -31.602201461791992,
      -34.02557373046875,
      -35.49831008911133,
      -35.3256721496582,
      -34.16495132446289,
      -30.147010803222656,
      -32.782772064208984,
      -36.98645782470703,
      -37.191646575927734,
      -36.89378356933594,
      -34.723289489746094
    ],
    [
      -33.9972038269043,
      -36.254051208496094,
      -37.65331268310547,
      -37.97053527832031,
      -34.74087905883789,
      -31.264732360839844,
      -33.82697677612305,
      -36.73503112792969,
      -37.41574478149414,
      -37.23979187011719,
      -36.64366149902344
    ],
    [
      -34.913116455078125,
      -36.83780288696289,
      -39.83295440673828,
      -38.599403381347656,
      -35.80321502685547,
      -34.35787582397461,
      -37.880191802978516,
      -39.21255874633789,
      -37.24359130859375,
      -35.98659896850586,
      -34.84556198120117
    ],
    [
      -35.28886795043945,
      -35.52042770385742,
      -38.119544982910156,
      -39.6200065612793,
      -38.18574142456055,
      -34.604156494140625,
      -38.497047424316406,
      -39.46796798706055,
      -37.78470230102539,
      -36.15887451171875,
      -34.92094421386719
    ],
    [
      -37.06570816040039,
      -36.994449615478516,
      -38.81549072265625,
      -41.11975860595703,
      -37.58901596069336,
      -35.15703582763672,
      -38.705535888671875,
      -39.29835510253906,
      -36.31607437133789,
      -37.90532302856445,
      -38.306583404541016
    ],
    [
      -33.218814849853516,
      -34.38893127441406,
      -35.165550231933594,
      -35.7051887512207,
      -34.68915557861328,
      -34.38500213623047,
      -35.60586929321289,
      -34.94729232788086,
      -35.593746185302734,
      -35.98700714111328,
      -38.75273132324219
    ],
    [
      -32.42085647583008,
      -34.27228546142578,
      -32.93454360961914,
      -34.34121322631836,
      -34.713443756103516,
      -35.29842758178711,
      -33.69896697998047,
      -34.64958190917969,
      -35.040870666503906,
      -34.3244743347168,
      -32.51730728149414
    ],
    [
      -31.268831253051758,
      -34.650474548339844,
      -35.48600769042969,
      -34.85778045654297,
      -35.21986389160156,
      -36.56510925292969,
      -34.88508987426758,
      -34.98234939575195,
      -35.69563674926758,
      -34.3587646484375,
      -29.63587188720703
    ],
    [
      -31.219575881958008,
      -34.51899337768555,
      -35.65054702758789,
      -36.65520477294922,
      -34.74514389038086,
      -35.57143783569336,
      -35.28440475463867,
      -36.66484069824219,
      -35.152103424072266,
      -35.19069290161133,
      -29.10575294494629
    ],
    [
      -32.58784103393555,
      -36.12699508666992,
      -37.218292236328125,
      -37.0142707824707,
      -36.76061248779297,
      -36.145912170410156,
      -36.19512939453125,
      -37.8845100402832,
      -37.96717834472656,
      -37.22695541381836,
      -36.551536560058594
    ],
    [
      -42.9681510925293,
      -41.457481384277344,
      -40.52712631225586,
      -39.157222747802734,
      -37.15039825439453,
      -36.00861740112305,
      -36.42949676513672,
      -38.448883056640625,
      -40.59671401977539,
      -43.05060577392578,
      -42.07184600830078
    ],
    [
      -34.26164245605469,
      -43.22601318359375,
      -43.32356643676758,
      -42.51681137084961,
      -40.97043991088867,
      -40.046573638916016,
      -40.365577697753906,
      -41.45779037475586,
      -43.05211639404297,
      -44.2030143737793,
      -42.073822021484375
    ],
    [
      -38.813724517822266,
      -41.652740478515625,
      -41.49795150756836,
      -42.447059631347656,
      -41.360721588134766,
      -40.4975700378418,
      -40.34858322143555,
      -41.92261505126953,
      -41.60620880126953,
      -40.640132904052734,
      -37.483882904052734
    ],
    [
      -45.90367126464844,
      -46.139434814453125,
      -46.2242546081543,
      -45.336097717285156,
      -44.58224868774414,
      -43.278690338134766,
      -44.59531784057617,
      -45.40113830566406,
      -46.1091423034668,
      -45.18492889404297,
      -50.3150749206543
    ],
    [
      -47.28159713745117,
      -48.18930435180664,
      -49.307437896728516,
      -49.6759147644043,
      -49.29746627807617,
      -46.698829650878906,
      -49.34223937988281,
      -49.356590270996094,
      -49.24565505981445,
      -49.704742431640625,
      -44.42131423950195
    ],
    [
      -56.067176818847656,
      -50.85478591918945,
      -50.78712844848633,
      -50.75629425048828,
      -50.72777557373047,
      -44.69285583496094,
      -50.56912612915039,
      -50.82675552368164,
      -50.91606903076172,
      -50.76845169067383,
      -54.32791519165039
    ],
    [
      -51.61735153198242,
      -48.82880401611328,
      -50.754737854003906,
      -51.93402099609375,
      -51.67095947265625,
      -44.154178619384766,
      -52.01311111450195,
      -51.808692932128906,
      -51.59851837158203,
      -50.72539520263672,
      -48.270442962646484
    ],
    [
      -57.8774299621582,
      -50.920162200927734,
      -51.49163818359375,
      -52.758880615234375,
      -53.15524673461914,
      -46.704917907714844,
      -53.179443359375,
      -53.39634704589844,
      -53.20463180541992,
      -50.03679656982422,
      -64.7601318359375
    ],
    [
      -59.84107971191406,
      -54.46514892578125,
      -51.90153121948242,
      -53.24891662597656,
      -53.996212005615234,
      -48.5937614440918,
      -54.15914535522461,
      -54.0390625,
      -54.83000564575195,
      -53.62800979614258,
      -68.1497802734375
    ],
    [
      -66.04574584960938,
      -53.157447814941406,
      -51.772823333740234,
      -52.97471237182617,
      -53.349063873291016,
      -48.802513122558594,
      -54.2808723449707,
      -54.89495086669922,
      -53.778743743896484,
      -63.263240814208984,
      -370
    ],
    [
      -370,
      -49.008949279785156,
      -51.36064529418945,
      -53.93885803222656,
      -53.95915985107422,
      -47.48988342285156,
      -53.336273193359375,
      -53.41386413574219,
      -54.961875915527344,
      -51.880828857421875,
      -50.707786560058594
    ],
    [
      -370,
      -46.389488220214844,
      -50.927978515625,
      -55.77925491333008,
      -57.246089935302734,
      -50.07659912109375,
      -53.85435104370117,
      -52.64773941040039,
      -52.090065002441406,
      -50.00246810913086,
      -370
    ],
    [
      -44.958370208740234,
      -49.4991569519043,
      -53.13209533691406,
      -55.946041107177734,
      -57.445865631103516,
      -54.02318572998047,
      -55.9889030456543,
      -54.99153137207031,
      -55.246952056884766,
      -55.015464782714844,
      -370
    ],
    [
      -45.06146240234375,
      -47.11832046508789,
      -53.35791778564453,
      -56.950408935546875,
      -58.969200134277344,
      -57.062255859375,
      -57.04378890991211,
      -57.139320373535156,
      -57.4188117980957,
      -58.37080383300781,
      -370
    ],
    [
      -48.43544387817383,
      -49.01231002807617,
      -54.5552978515625,
      -59.26136779785156,
      -59.31496047973633,
      -58.85965347290039,
      -57.0933837890625,
      -56.23395919799805,
      -57.79197311401367,
      -57.580322265625,
      -370
    ],
    [
      -50.08882522583008,
      -51.94380187988281,
      -55.26108169555664,
      -60.148990631103516,
      -61.58670425415039,
      -61.599124908447266,
      -57.35420227050781,
      -55.540130615234375,
      -55.23239517211914,
      -56.037864685058594,
      -370
    ],
    [
      -370,
      -51.22134780883789,
      -56.670108795166016,
      -60.06037521362305,
      -63.77485275268555,
      -64.98021697998047,
      -59.38966369628906,
      -57.87520217895508,
      -57.43351745605469,
      -59.9173698425293,
      -55.04356002807617
    ],
    [
      -81.2838134765625,
      -57.04930877685547,
      -56.65533447265625,
      -61.1519775390625,
      -66.38566589355469,
      -68.21160125732422,
      -61.991004943847656,
      -57.583641052246094,
      -55.84018325805664,
      -58.73085021972656,
      -61.498043060302734
    ]
  ],
  "histogram": [
    {
      "db": -70,
      "frequency": 1
    },
    {
      "db": -69,
      "frequency": 1
    },
    {
      "db": -68,
      "frequency": 2
    },
    {
      "db": -67,
      "frequency": 1
    },
    {
      "db": -66,
      "frequency": 1
    },
    {
      "db": -65,
      "frequency": 0
    },
    {
      "db": -64,
      "frequency": 1
    },
    {
      "db": -63,
      "frequency": 2
    },
    {
      "db": -62,
      "frequency": 1
    },
    {
      "db": -61,
      "frequency": 2
    },
    {
      "db": -60,
      "frequency": 1
    },
    {
      "db": -59,
      "frequency": 0
    },
    {
      "db": -58,
      "frequency": 1
    },
    {
      "db": -57,
      "frequency": 3
    },
    {
      "db": -56,
      "frequency": 3
    },
    {
      "db": -55,
      "frequency": 2
    },
    {
      "db": -54,
      "frequency": 2
    },
    {
      "db": -53,
      "frequency": 1
    },
    {
      "db": -52,
      "frequency": 3
    },
    {
      "db": -51,
      "frequency": 2
    },
    {
      "db": -50,
      "frequency": 1
    },
    {
      "db": -49,
      "frequency": 6
    },
    {
      "db": -48,
      "frequency": 3
    },
    {
      "db": -47,
      "frequency": 1
    },
    {
      "db": -46,
      "frequency": 2
    },
    {
      "db": -45,
      "frequency": 6
    },
    {
      "db": -44,
      "frequency": 4
    },
    {
      "db": -43,
      "frequency": 6
    },
    {
      "db": -42,
      "frequency": 6
    },
    {
      "db": -41,
      "frequency": 9
    },
    {
      "db": -40,
      "frequency": 6
    },
    {
      "db": -39,
      "frequency": 4
    },
    {
      "db": -38,
      "frequency": 6
    },
    {
      "db": -37,
      "frequency": 4
    },
    {
      "db": -36,
      "frequency": 5
    },
    {
      "db": -35,
      "frequency": 4
    },
    {
      "db": -34,
      "frequency": 12
    },
    {
      "db": -33,
      "frequency": 4
    },
    {
      "db": -32,
      "frequency": 20
    },
    {
      "db": -31,
      "frequency": 29
    },
    {
      "db": -30,
      "frequency": 39
    },
    {
      "db": -29,
      "frequency": 67
    },
    {
      "db": -28,
      "frequency": 130
    },
    {
      "db": -27,
      "frequency": 199
    },
    {
      "db": -26,
      "frequency": 233
    },
    {
      "db": -25,
      "frequency": 235
    },
    {
      "db": -24,
      "frequency": 171
    },
    {
      "db": -23,
      "frequency": 132
    },
    {
      "db": -22,
      "frequency": 198
    },
    {
      "db": -21,
      "frequency": 209
    },
    {
      "db": -20,
      "frequency": 103
    },
    {
      "db": -19,
      "frequency": 61
    },
    {
      "db": -18,
      "frequency": 12
    },
    {
      "db": -17,
      "frequency": 0
    },
    {
      "db": -16,
      "frequency": 0
    },
    {
      "db": -15,
      "frequency": 0
    },
    {
      "db": -14,
      "frequency": 0
    },
    {
      "db": -13,
      "frequency": 0
    },
    {
      "db": -12,
      "frequency": 0
    },
    {
      "db": -11,
      "frequency": 0
    },
    {
      "db": -10,
      "frequency": 0
    },
    {
      "db": -9,
      "frequency": 0
    },
    {
      "db": -8,
      "frequency": 0
    },
    {
      "db": -7,
      "frequency": 0
    },
    {
      "db": -6,
      "frequency": 0
    },
    {
      "db": -5,
      "frequency": 0
    },
    {
      "db": -4,
      "frequency": 0
    },
    {
      "db": -3,
      "frequency": 0
    },
    {
      "db": -2,
      "frequency": 0
    },
    {
      "db": -1,
      "frequency": 0
    },
    {
      "db": 0,
      "frequency": 0
    },
    {
      "db": 1,
      "frequency": 0
    },
    {
      "db": 2,
      "frequency": 0
    },
    {
      "db": 3,
      "frequency": 0
    },
    {
      "db": 4,
      "frequency": 0
    },
    {
      "db": 5,
      "frequency": 0
    },
    {
      "db": 6,
      "frequency": 0
    },
    {
      "db": 7,
      "frequency": 0
    },
    {
      "db": 8,
