{
  "acoustic_entropy": 200.46702575683594,
  "bands": [
    {
      "high_freq": 148.1999969482422,
      "loudness": -33.00616455078125,
      "loudness_range": 8.781436920166016,
      "mid_mean": -29.564105987548828,
      "mid_to_side_loudness": -16.354482650756836,
      "mid_to_side_loudness_range": 24.475034713745117,
      "side_mean": -47.04169845581055
    },
    {
      "high_freq": 392.3793640136719,
      "loudness": -34.3609504699707,
      "loudness_range": 9.993047714233398,
      "low_freq": 148.1999969482422,
      "mid_mean": -32.67426681518555,
      "mid_to_side_loudness": -3.5971524715423584,
      "mid_to_side_loudness_range": 13.996713638305664,
      "side_mean": -36.42055892944336
    },
    {
      "high_freq": 794.6976318359375,
      "loudness": -38.66420364379883,
      "loudness_range": 15.30807113647461,
      "low_freq": 392.3793640136719,
      "mid_mean": -36.62998962402344,
      "mid_to_side_loudness": -4.484432220458984,
      "mid_to_side_loudness_range": 10.43584156036377,
      "side_mean": -41.11996078491211
    },
    {
      "high_freq": 1457.5709228515625,
      "loudness": -43.518653869628906,
      "loudness_range": 20.496509552001953,
      "low_freq": 794.6976318359375,
      "mid_mean": -41.58827590942383,
      "mid_to_side_loudness": -4.081936836242676,
      "mid_to_side_loudness_range": 11.047183990478516,
      "side_mean": -45.68143844604492
    },
    {
      "high_freq": 2549.74365234375,
      "loudness": -41.618988037109375,
      "loudness_range": 25.676664352416992,
      "low_freq": 1457.5709228515625,
      "mid_mean": -39.23750686645508,
      "mid_to_side_loudness": -5.44774866104126,
      "mid_to_side_loudness_range": 11.117480278015137,
      "side_mean": -44.86119842529297
    },
    {
      "high_freq": 4349.24462890625,
      "loudness": -41.12668228149414,
      "loudness_range": 22.565793991088867,
      "low_freq": 2549.74365234375,
      "mid_mean": -38.46784591674805,
      "mid_to_side_loudness": -6.5976338386535645,
      "mid_to_side_loudness_range": 10.945242881774902,
      "side_mean": -45.20777893066406
    },
    {
      "high_freq": 7314.1640625,
      "loudness": -47.56299591064453,
      "loudness_range": 18.482669830322266,
      "low_freq": 4349.24462890625,
      "mid_mean": -45.4764289855957,
      "mid_to_side_loudness": -4.776000022888184,
      "mid_to_side_loudness_range": 12.14432144165039,
      "side_mean": -50.88594436645508
    },
    {
      "high_freq": 12199.2666015625,
      "loudness": -50.296043395996094,
      "loudness_range": 17.11294937133789,
      "low_freq": 7314.1640625,
      "mid_mean": -48.51103973388672,
      "mid_to_side_loudness": -5.397512912750244,
      "mid_to_side_loudness_range": 15.432197570800781,
      "side_mean": -54.504478454589844
    },
    {
      "loudness": -58.05653762817383,
      "loudness_range": 17.308578491210938,
      "low_freq": 12199.2666015625,
      "mid_mean": -56.71739196777344,
      "mid_to_side_loudness": -2.9147233963012695,
      "mid_to_side_loudness_range": 8.476621627807617,
      "side_mean": -59.11957550048828
    }
  ],
  "bands_short": [
    {
      "high_freq": 148.1999969482422,
      "loudness": -35.20512771606445,
      "loudness_range": 15.235431671142578,
      "mid_mean": -31.77778434753418,
      "mid_to_side_loudness": -21.204713821411133,
      "mid_to_side_loudness_range": 34.618865966796875,
      "side_mean": -56.02450180053711
    },
    {
      "high_freq": 392.3793640136719,
      "loudness": -33.99988555908203,
      "loudness_range": 12.43264389038086,
      "low_freq": 148.1999969482422,
      "mid_mean": -32.3857536315918,
      "mid_to_side_loudness": -4.630884170532227,
      "mid_to_side_loudness_range": 19.555450439453125,
      "side_mean": -37.25301742553711
    },
    {
      "high_freq": 794.6976318359375,
      "loudness": -39.500213623046875,
      "loudness_range": 18.265281677246094,
      "low_freq": 392.3793640136719,
      "mid_mean": -37.84793472290039,
      "mid_to_side_loudness": -3.907924175262451,
      "mid_to_side_loudness_range": 14.145313262939453,
      "side_mean": -41.80499267578125
    },
    {
      "high_freq": 1457.5709228515625,
      "loudness": -43.58558654785156,
      "loudness_range": 22.41634178161621,
      "low_freq": 794.6976318359375,
      "mid_mean": -41.69460678100586,
      "mid_to_side_loudness": -4.34573221206665,
      "mid_to_side_loudness_range": 13.118657112121582,
      "side_mean": -46.14073181152344
    },
    {
      "high_freq": 2549.74365234375,
      "loudness": -42.51543426513672,
      "loudness_range": 27.644319534301758,
      "low_freq": 1457.5709228515625,
      "mid_mean": -40.4663200378418,
      "mid_to_side_loudness": -4.96229362487793,
      "mid_to_side_loudness_range": 14.829058647155762,
      "side_mean": -45.78195571899414
    },
    {
      "high_freq": 4349.24462890625,
      "loudness": -42.01498031616211,
      "loudness_range": 25.33111000061035,
      "low_freq": 2549.74365234375,
      "mid_mean": -39.61474609375,
      "mid_to_side_loudness": -6.116125106811523,
      "mid_to_side_loudness_range": 14.33414077758789,
      "side_mean": -46.09210205078125
    },
    {
      "high_freq": 7314.1640625,
      "loudness": -49.4078369140625,
      "loudness_range": 21.28521728515625,
      "low_freq": 4349.24462890625,
      "mid_mean": -47.634605407714844,
      "mid_to_side_loudness": -4.434113502502441,
      "mid_to_side_loudness_range": 12.6044340133667,
      "side_mean": -52.789939880371094
    },
    {
      "high_freq": 12199.2666015625,
      "loudness": -53.02121353149414,
      "loudness_range": 22.714439392089844,
      "low_freq": 7314.1640625,
      "mid_mean": -51.986515045166016,
      "mid_to_side_loudness": -5.841073036193848,
      "mid_to_side_loudness_range": 18.58012580871582,
      "side_mean": -57.669925689697266
    },
    {
      "loudness": -62.72977066040039,
      "loudness_range": 27.182968139648438,
      "low_freq": 12199.2666015625,
      "mid_mean": -60.10076141357422,
      "mid_to_side_loudness": -5.107345104217529,
      "mid_to_side_loudness_range": 16.43787384033203,
      "side_mean": -63.098907470703125
    }
  ],
  "bandwidth": 555.6445922851562,
  "channels": 2,
  "covariance": [
    [
      17.684865951538086,
      13.536076545715332,
      7.190225601196289,
      6.3562421798706055,
      7.1133551597595215,
      7.007730484008789,
      6.830794334411621,
      6.353854656219482,
      2.8164844512939453,
      1.7606796026229858,
      2.717827558517456,
      2.539065361022949,
      6.072981357574463,
      5.096335411071777,
      6.658996105194092,
      5.422082424163818,
      5.862421035766602,
      4.649276256561279
    ],
    [
      13.536076545715332,
      79.78277587890625,
      9.669036865234375,
      24.219934463500977,
      15.49349594116211,
      24.854774475097656,
      27.716493606567383,
      26.882156372070312,
      26.968416213989258,
      32.046478271484375,
      24.777193069458008,
      31.493478775024414,
      14.191609382629395,
      24.861474990844727,
      7.983349800109863,
      19.475393295288086,
      10.799890518188477,
      12.296453475952148
    ],
    [
      7.190225601196289,
      9.669036865234375,
      18.18732261657715,
      12.591242790222168,
      13.2704439163208,
      10.648173332214355,
      12.192299842834473,
      8.82308578491211,
      9.465901374816895,
      6.411266803741455,
      9.393237113952637,
      8.057331085205078,
      7.855339050292969,
      7.482401371002197,
      10.02002239227295,
      7.504777431488037,
      6.5967254638671875,
      5.153652667999268
    ],
    [
      6.3562421798706055,
      24.219934463500977,
      12.591242790222168,
      31.034820556640625,
      14.705595970153809,
      19.70836067199707,
      18.146312713623047,
      20.062236785888672,
      15.972917556762695,
      18.40379524230957,
      14.670906066894531,
      17.31680679321289,
      8.847951889038086,
      13.889803886413574,
      8.575433731079102,
      13.56350040435791,
      8.991559028625488,
      10.947395324707031
    ],
    [
      7.1133551597595215,
      15.49349594116211,
      13.2704439163208,
      14.705595970153809,
      32.265907287597656,
      24.895565032958984,
      30.903549194335938,
      23.0753116607666,
      26.49948501586914,
      19.154186248779297,
      22.75681495666504,
      18.069440841674805,
      12.430811882019043,
      12.719539642333984,
      14.025897026062012,
      11.006728172302246,
      9.29327392578125,
      7.348546028137207
    ],
    [
      7.007730484008789,
      24.854774475097656,
      10.648173332214355,
      19.70836067199707,
      24.895565032958984,
      33.77656936645508,
      29.56206512451172,
      28.775192260742188,
      25.70042610168457,
      27.59917640686035,
      24.29509735107422,
      26.922178268432617,
      12.968432426452637,
      18.420915603637695,
      10.821785926818848,
      14.562812805175781,
      8.490423202514648,
      8.584997177124023
    ],
    [
      6.830794334411621,
      27.716493606567383,
      12.192299842834473,
      18.146312713623047,
      30.903549194335938,
      29.56206512451172,
      56.03792190551758,
      39.82316589355469,
      46.79774856567383,
      41.771305084228516,
      38.9475212097168,
      35.06300354003906,
      13.744927406311035,
      20.034137725830078,
      11.129749298095703,
      16.35850715637207,
      9.498271942138672,
      9.934792518615723
    ],
    [
      6.353854656219482,
      26.882156372070312,
      8.82308578491211,
      20.062236785888672,
      23.0753116607666,
      28.775192260742188,
      39.82316589355469,
      39.65487289428711,
      35.00257110595703,
      38.33964538574219,
      30.994670867919922,
      33.79724884033203,
      12.619104385375977,
      21.23872947692871,
      8.607353210449219,
      16.894046783447266,
      8.731477737426758,
      10.765585899353027
    ],
    [
      2.8164844512939453,
      26.968416213989258,
      9.465901374816895,
      15.972917556762695,
      26.49948501586914,
      25.70042610168457,
      46.79774856567383,
      35.00257110595703,
      82.74060821533203,
      74.79613494873047,
      65.87443542480469,
      57.34083557128906,
      15.338848114013672,
      25.142484664916992,
      6.847611904144287,
      19.477746963500977,
      7.269943714141846,
      9.841001510620117
    ],
    [
      1.7606796026229858,
      32.046478271484375,
      6.411266803741455,
      18.40379524230957,
      19.154186248779297,
      27.59917640686035,
      41.771305084228516,
      38.33964538574219,
      74.79613494873047,
      83.62908935546875,
      62.00455856323242,
      64.8760757446289,
      14.231493949890137,
      30.610477447509766,
      0.4561891257762909,
      23.114341735839844,
      6.317441940307617,
      11.789106369018555
    ],
    [
      2.717827558517456,
      24.777193069458008,
      9.393237113952637,
      14.670906066894531,
      22.75681495666504,
      24.29509735107422,
      38.9475212097168,
      30.994670867919922,
      65.87443542480469,
      62.00455856323242,
      64.01993560791016,
      54.50107192993164,
      19.807174682617188,
      25.675588607788086,
      10.80660343170166,
      18.89537239074707,
      8.889857292175293,
      9.15174674987793
    ],
    [
      2.539065361022949,
      31.493478775024414,
      8.057331085205078,
      17.31680679321289,
      18.069440841674805,
      26.922178268432617,
      35.06300354003906,
      33.79724884033203,
      57.34083557128906,
      64.8760757446289,
      54.50107192993164,
      60.872615814208984,
      17.474210739135742,
      32.523921966552734,
      5.339540481567383,
      24.034866333007812,
      8.774611473083496,
      12.322689056396484
    ],
    [
      6.072981357574463,
      14.191609382629395,
      7.855339050292969,
      8.847951889038086,
      12.430811882019043,
      12.968432426452637,
      13.744927406311035,
      12.619104385375977,
      15.338848114013672,
      14.231493949890137,
      19.807174682617188,
      17.474210739135742,
      43.921142578125,
      26.3100643157959,
      37.14522933959961,
      22.11200714111328,
      25.291152954101562,
      15.426012992858887
    ],
    [
      5.096335411071777,
      24.861474990844727,
      7.482401371002197,
      13.889803886413574,
      12.719539642333984,
      18.420915603637695,
      20.034137725830078,
      21.23872947692871,
      25.142484664916992,
      30.610477447509766,
      25.675588607788086,
      32.523921966552734,
      26.3100643157959,
      42.87944412231445,
      19.912044525146484,
      37.37063217163086,
      27.512659072875977,
      28.10270881652832
    ],
    [
      6.658996105194092,
      7.983349800109863,
      10.02002239227295,
      8.575433731079102,
      14.025897026062012,
      10.821785926818848,
      11.129749298095703,
      8.607353210449219,
      6.847611904144287,
      0.4561891257762909,
      10.80660343170166,
      5.339540481567383,
      37.14522933959961,
      19.912044525146484,
      45.940147399902344,
      21.135284423828125,
      29.657068252563477,
      17.775632858276367
    ],
    [
      5.422082424163818,
      19.475393295288086,
      7.504777431488037,
      13.56350040435791,
      11.006728172302246,
      14.562812805175781,
      16.35850715637207,
      16.894046783447266,
      19.477746963500977,
      23.114341735839844,
      18.89537239074707,
      24.034866333007812,
      22.11200714111328,
      37.37063217163086,
      21.135284423828125,
      41.37833023071289,
      32.547889709472656,
      36.63983917236328
    ],
    [
      5.862421035766602,
      10.799890518188477,
      6.5967254638671875,
      8.991559028625488,
      9.29327392578125,
      8.490423202514648,
      9.498271942138672,
      8.731477737426758,
      7.269943714141846,
      6.317441940307617,
      8.889857292175293,
      8.774611473083496,
      25.291152954101562,
      27.512659072875977,
      29.657068252563477,
      32.547889709472656,
      37.32269287109375,
      33.06866455078125
    ],
    [
      4.649276256561279,
      12.296453475952148,
      5.153652667999268,
      10.947395324707031,
      7.348546028137207,
      8.584997177124023,
      9.934792518615723,
      10.765585899353027,
      9.841001510620117,
      11.789106369018555,
      9.15174674987793,
      12.322689056396484,
      15.426012992858887,
      28.10270881652832,
      17.775632858276367,
      36.63983917236328,
      33.06866455078125,
      40.99412155151367
    ]
  ],
  "covariance_short": [
    [
      44.72455978393555,
      8.717386245727539,
      12.472043991088867,
      6.249154567718506,
      5.804825782775879,
      5.06212854385376,
      4.76570987701416,
      5.365257263183594,
      -1.2794075012207031,
      -1.6746894121170044,
      -0.9279198050498962,
      -0.047166842967271805,
      4.957399845123291,
      3.9931793212890625,
      5.689478874206543,
      3.8066389560699463,
      4.477869987487793,
      2.2775015830993652
    ],
    [
      8.717386245727539,
      81.62895202636719,
      14.662589073181152,
      35.07033920288086,
      19.434673309326172,
      31.127965927124023,
      31.235448837280273,
      32.34983825683594,
      27.965972900390625,
      35.091548919677734,
      27.983081817626953,
      39.34135055541992,
      20.752452850341797,
      36.66424560546875,
      20.03416633605957,
      26.765151977539062,
      13.91167163848877,
      15.648087501525879
    ],
    [
      12.472043991088867,
      14.662589073181152,
      29.337299346923828,
      15.696122169494629,
      17.23335838317871,
      13.176298141479492,
      14.893430709838867,
      11.28955078125,
      11.968326568603516,
      9.292887687683105,
      11.574324607849121,
      11.284557342529297,
      9.277623176574707,
      10.248396873474121,
      13.789214134216309,
      10.885092735290527,
      8.412127494812012,
      8.134852409362793
    ],
    [
      6.249154567718506,
      35.07033920288086,
      15.696122169494629,
      51.10529327392578,
      22.028717041015625,
      32.503108978271484,
      26.420068740844727,
      29.38649559020996,
      19.842695236206055,
      25.160106658935547,
      19.26831817626953,
      25.504154205322266,
      14.054763793945312,
      21.092044830322266,
      12.977852821350098,
      17.494373321533203,
      10.232322692871094,
      12.171607971191406
    ],
    [
      5.804825782775879,
      19.434673309326172,
      17.23335838317871,
      22.028717041015625,
      44.616477966308594,
      32.42658233642578,
      38.444698333740234,
      29.384992599487305,
      33.2025260925293,
      25.22064971923828,
      29.92538070678711,
      25.441669464111328,
      18.00747299194336,
      18.50310516357422,
      21.491687774658203,
      15.415464401245117,
      13.215741157531738,
      10.175826072692871
    ],
    [
      5.06212854385376,
      31.127965927124023,
      13.176298141479492,
      32.503108978271484,
      32.42658233642578,
      49.40428924560547,
      34.98990249633789,
      37.11115646362305,
      28.051799774169922,
      33.7432746887207,
      27.780946731567383,
      34.29725646972656,
      19.492889404296875,
      26.3608341217041,
      17.025020599365234,
      20.902812957763672,
      12.704244613647461,
      12.823925971984863
    ],
    [
      4.76570987701416,
      31.235448837280273,
      14.893430709838867,
      26.420068740844727,
      38.444698333740234,
      34.98990249633789,
      64.73294830322266,
      45.388328552246094,
      52.54669952392578,
      45.57818603515625,
      45.80569839477539,
      40.47761154174805,
      23.156312942504883,
      26.687559127807617,
      21.966812133789062,
      20.651458740234375,
      13.271381378173828,
      12.198719024658203
    ],
    [
      5.365257263183594,
      32.34983825683594,
      11.28955078125,
      29.38649559020996,
      29.384992599487305,
      37.11115646362305,
      45.388328552246094,
      50.59565353393555,
      38.25102615356445,
      44.46665573120117,
      35.25836181640625,
      40.784423828125,
      20.520263671875,
      28.90689468383789,
      15.418183326721191,
      22.270750045776367,
      12.139129638671875,
      14.057044982910156
    ],
    [
      -1.2794075012207031,
      27.965972900390625,
      11.968326568603516,
      19.842695236206055,
      33.2025260925293,
      28.051799774169922,
      52.54669952392578,
      38.25102615356445,
      95.66079711914062,
      77.95623779296875,
      77.12887573242188,
      63.40841293334961,
      30.33136558532715,
      33.66952896118164,
      20.634065628051758,
      25.2082462310791,
      10.894743919372559,
      13.6742525100708
    ],
    [
      -1.6746894121170044,
      35.091548919677734,
      9.292887687683105,
      25.160106658935547,
      25.22064971923828,
      33.7432746887207,
      45.57818603515625,
      44.46665573120117,
      77.95623779296875,
      92.88681030273438,
      67.33019256591797,
      73.61478424072266,
      28.07172203063965,
      41.839813232421875,
      12.395456314086914,
      31.36390495300293,
      9.808014869689941,
      18.050561904907227
    ],
    [
      -0.9279198050498962,
      27.983081817626953,
      11.574324607849121,
      19.26831817626953,
      29.92538070678711,
      27.780946731567383,
      45.80569839477539,
      35.25836181640625,
      77.12887573242188,
      67.33019256591797,
      80.79352569580078,
      62.193904876708984,
      37.1867561340332,
      36.71915817260742,
      27.09910774230957,
      27.45606803894043,
      15.840015411376953,
      15.158620834350586
    ],
    [
      -0.047166842967271805,
      39.34135055541992,
      11.284557342529297,
      25.504154205322266,
      25.441669464111328,
      34.29725646972656,
      40.47761154174805,
      40.784423828125,
      63.40841293334961,
      73.61478424072266,
      62.193904876708984,
      75.25487518310547,
      32.297733306884766,
      47.992462158203125,
      19.10248374938965,
      36.99531555175781,
      15.699257850646973,
      22.682485580444336
    ],
    [
      4.957399845123291,
      20.752452850341797,
      9.277623176574707,
      14.054763793945312,
      18.00747299194336,
      19.492889404296875,
      23.156312942504883,
      20.520263671875,
      30.33136558532715,
      28.07172203063965,
      37.1867561340332,
      32.297733306884766,
      60.895816802978516,
      43.5660514831543,
      55.60005187988281,
      39.67317581176758,
      40.639583587646484,
      27.86829376220703
    ],
    [
      3.9931793212890625,
      36.66424560546875,
      10.248396873474121,
      21.092044830322266,
      18.50310516357422,
      26.3608341217041,
      26.687559127807617,
      28.90689468383789,
      33.66952896118164,
      41.839813232421875,
      36.71915817260742,
      47.992462158203125,
      43.5660514831543,
      65.40155029296875,
      42.786231994628906,
      57.86040115356445,
      38.14739227294922,
      42.4728889465332
    ],
    [
      5.689478874206543,
      20.03416633605957,
      13.789214134216309,
      12.977852821350098,
      21.491687774658203,
      17.025020599365234,
      21.966812133789062,
      15.418183326721191,
      20.634065628051758,
      12.395456314086914,
      27.09910774230957,
      19.10248374938965,
      55.60005187988281,
      42.786231994628906,
      79.70278930664062,
      46.23479080200195,
      55.408775329589844,
      35.61815643310547
    ],
    [
      3.8066389560699463,
      26.765151977539062,
      10.885092735290527,
      17.494373321533203,
      15.415464401245117,
      20.902812957763672,
      20.651458740234375,
      22.270750045776367,
      25.2082462310791,
      31.36390495300293,
      27.45606803894043,
      36.99531555175781,
      39.67317581176758,
      57.86040115356445,
      46.23479080200195,
      64.78453063964844,
      46.884857177734375,
      53.93452835083008
    ],
    [
      4.477869987487793,
      13.91167163848877,
      8.412127494812012,
      10.232322692871094,
      13.215741157531738,
      12.704244613647461,
      13.271381378173828,
      12.139129638671875,
      10.894743919372559,
      9.808014869689941,
      15.840015411376953,
      15.699257850646973,
      40.639583587646484,
      38.14739227294922,
      55.408775329589844,
      46.884857177734375,
      55.63624572753906,
      46.02777862548828
    ],
    [
      2.2775015830993652,
      15.648087501525879,
      8.134852409362793,
      12.171607971191406,
      10.175826072692871,
      12.823925971984863,
      12.198719024658203,
      14.057044982910156,
      13.6742525100708,
      18.050561904907227,
      15.158620834350586,
      22.682485580444336,
      27.86829376220703,
      42.4728889465332,
      35.61815643310547,
      53.93452835083008,
      46.02777862548828,
      56.29417419433594
    ]
  ],
  "damage": -18.346223831176758,
  "diff_bandwidth": 674.3875122070312,
  "dissonance": 7.643152217545213,
  "drr": 14.411340713500977,
  "dynamics": 3.072547674179077,
  "format": 1245190,
  "frames": 8723196,
  "freq_pan_to_db": [
    [
      -44.18225860595703,
      -40.74596405029297,
      -34.93117141723633,
      -32.11113357543945,
      -27.630657196044922,
      -27.621929168701172,
      -29.662817001342773,
      -30.80060386657715,
      -31.84180450439453,
      -37.179080963134766,
      -44.70408248901367
    ],
    [
      -28.452404022216797,
      -28.558303833007812,
      -26.554439544677734,
      -25.143104553222656,
      -22.008129119873047,
      -20.49972152709961,
      -22.702070236206055,
      -25.649791717529297,
      -28.668806076049805,
      -29.475357055664062,
      -32.04339599609375
    ],
    [
      -24.45757293701172,
      -24.127866744995117,
      -24.35856819152832,
      -23.822805404663086,
      -23.87975311279297,
      -22.991188049316406,
      -23.257801055908203,
      -24.153501510620117,
      -24.745820999145508,
      -25.159229278564453,
      -24.8533935546875
    ],
    [
      -27.460359573364258,
      -25.94011116027832,
      -26.05945587158203,
      -26.538957595825195,
      -27.144947052001953,
      -26.595869064331055,
      -27.13715934753418,
      -27.794132232666016,
      -27.88279914855957,
      -27.436613082885742,
      -27.141847610473633
    ],
    [
      -27.752735137939453,
      -27.623376846313477,
      -27.837265014648438,
      -28.17119789123535,
      -28.642148971557617,
      -28.424497604370117,
      -28.47992515563965,
      -27.8618106842041,
      -27.939037322998047,
      -27.970333099365234,
      -27.898237228393555
    ],
    [
      -28.013153076171875,
      -27.851978302001953,
      -27.1922607421875,
      -27.16468048095703,
      -26.716766357421875,
      -26.739376068115234,
      -26.95790672302246,
      -27.128381729125977,
      -28.03605079650879,
      -28.33406639099121,
      -29.083498001098633
    ],
    [
      -29.505090713500977,
      -28.81658935546875,
      -27.597309112548828,
      -27.243671417236328,
      -27.33071517944336,
      -27.403579711914062,
      -27.712366104125977,
      -27.903413772583008,
      -28.321889877319336,
      -29.235515594482422,
      -29.97749900817871
    ],
    [
      -30.500003814697266,
      -30.788440704345703,
      -30.423078536987305,
      -29.74581527709961,
      -28.4951114654541,
      -27.546382904052734,
      -28.433189392089844,
      -29.612071990966797,
      -30.427345275878906,
      -30.182781219482422,
      -28.859725952148438
    ],
    [
      -32.7386589050293,
      -31.781259536743164,
      -31.782268524169922,
      -30.817302703857422,
      -29.513381958007812,
      -29.324970245361328,
      -30.206403732299805,
      -31.50065040588379,
      -32.089927673339844,
      -32.04283905029297,
      -30.81675910949707
    ],
    [
      -30.999937057495117,
      -30.500953674316406,
      -31.90647315979004,
      -30.900480270385742,
      -30.19613265991211,
      -29.810894012451172,
      -30.10047149658203,
      -30.854068756103516,
      -30.93998146057129,
      -31.23248863220215,
      -30.192716598510742
    ],
    [
      -31.040088653564453,
      -31.24171257019043,
      -32.71534729003906,
      -32.730953216552734,
      -32.089080810546875,
      -30.36908721923828,
      -30.941762924194336,
      -32.093963623046875,
      -32.2777214050293,
      -32.03474807739258,
      -31.55365562438965
    ],
    [
      -33.16693115234375,
      -35.16708755493164,
      -35.224647521972656,
      -34.0009880065918,
      -33.00849151611328,
      -31.48805046081543,
      -34.15586471557617,
      -35.42046356201172,
      -35.09489440917969,
      -34.89041519165039,
      -34.456512451171875
    ],
    [
      -35.9201545715332,
      -36.89153289794922,
      -37.58625411987305,
      -35.36155319213867,
      -33.55071258544922,
      -31.67997169494629,
      -34.53055953979492,
      -35.53132629394531,
      -36.11922836303711,
      -37.13567352294922,
      -37.535953521728516
    ],
    [
      -34.44125747680664,
      -36.904296875,
      -36.740638732910156,
      -33.9738883972168,
      -32.21979522705078,
      -31.532060623168945,
      -34.90776824951172,
      -36.580387115478516,
      -37.76492691040039,
      -36.54385757446289,
      -34.44013977050781
    ],
    [
      -33.67051696777344,
      -35.4754638671875,
      -37.21031951904297,
      -37.17644500732422,
      -35.751792907714844,
      -32.1766357421875,
      -34.51764678955078,
      -38.1683464050293,
      -38.178741455078125,
      -38.21771240234375,
      -36.393917083740234
    ],
    [
      -35.118648529052734,
      -37.62715530395508,
      -38.92396926879883,
      -38.983760833740234,
      -36.036075592041016,
      -33.003334045410156,
      -35.29240417480469,
      -37.77254867553711,
      -38.52751159667969,
      -38.488895416259766,
      -37.69579315185547
    ],
    [
      -36.17300796508789,
      -37.982505798339844,
      -40.7967529296875,
      -39.7354736328125,
      -36.78867721557617,
      -35.67215347290039,
      -38.9183349609375,
      -40.24411392211914,
      -38.34004592895508,
      -37.09675979614258,
      -35.994110107421875
    ],
    [
      -35.9737663269043,
      -36.526466369628906,
      -39.14185333251953,
      -40.62125015258789,
      -39.264915466308594,
      -35.618736267089844,
      -39.257450103759766,
      -40.147098541259766,
      -38.710594177246094,
      -37.19538116455078,
      -35.97616958618164
    ],
    [
      -37.127723693847656,
      -37.421539306640625,
      -39.20719909667969,
      -41.501007080078125,
      -38.173316955566406,
      -35.919342041015625,
      -39.00906753540039,
      -39.57035827636719,
      -36.9127311706543,
      -38.338836669921875,
      -38.76423263549805
    ],
    [
      -33.09523010253906,
      -34.6466178894043,
      -35.356021881103516,
      -35.896339416503906,
      -34.77070999145508,
      -34.734188079833984,
      -35.79677963256836,
      -35.171714782714844,
      -35.70725631713867,
      -36.244964599609375,
      -39.04432678222656
    ],
    [
      -32.355125427246094,
      -34.2329216003418,
      -32.886775970458984,
      -34.3582649230957,
      -34.725399017333984,
      -35.25663757324219,
      -33.92544937133789,
      -34.674800872802734,
      -34.99708557128906,
      -34.599822998046875,
      -32.218997955322266
    ],
    [
      -30.985713958740234,
      -34.81239318847656,
      -35.35417556762695,
      -34.470916748046875,
      -35.00566101074219,
      -36.34387969970703,
      -34.59953308105469,
      -34.72367477416992,
      -35.27274703979492,
      -33.92714309692383,
      -28.79412269592285
    ],
    [
      -29.633983612060547,
      -33.82061767578125,
      -35.02756118774414,
      -35.66984939575195,
      -34.06626892089844,
      -35.16920852661133,
      -34.75022506713867,
      -36.069915771484375,
      -34.66810607910156,
      -34.54729080200195,
      -29.687076568603516
    ],
    [
      -31.90273666381836,
      -35.20315933227539,
      -36.1969108581543,
      -36.26742172241211,
      -35.937957763671875,
      -35.37019729614258,
      -35.33794021606445,
      -37.386592864990234,
      -36.97916793823242,
      -36.4033317565918,
      -35.20936584472656
    ],
    [
      -42.33631896972656,
      -40.67467498779297,
      -39.28654098510742,
      -37.70117950439453,
      -36.215171813964844,
      -35.084957122802734,
      -35.46025848388672,
      -37.34033203125,
      -39.64894485473633,
      -41.3322639465332,
      -39.945068359375
    ],
    [
      -32.7460823059082,
      -41.784690856933594,
      -42.014549255371094,
      -41.03463363647461,
      -39.76908874511719,
      -38.94845962524414,
      -39.11805725097656,
      -40.54353332519531,
      -41.448665618896484,
      -42.93870544433594,
      -41.09465026855469
    ],
    [
      -37.47520065307617,
      -40.2232666015625,
      -39.96515655517578,
      -40.92050552368164,
      -39.97163009643555,
      -39.25307083129883,
      -39.02254104614258,
      -40.51300048828125,
      -39.951988220214844,
      -39.179603576660156,
      -36.28816604614258
    ],
    [
      -44.940486907958984,
      -44.417423248291016,
      -44.50657653808594,
      -43.75245666503906,
      -43.107181549072266,
      -41.762428283691406,
      -43.194278717041016,
      -43.846336364746094,
      -44.50027847290039,
      -43.456199645996094,
      -46.74620819091797
    ],
    [
      -55.20133590698242,
      -46.650634765625,
      -47.58948516845703,
      -47.99047088623047,
      -47.61845779418945,
      -44.711036682128906,
      -47.44939422607422,
      -47.64371871948242,
      -47.570560455322266,
      -48.12603759765625,
      -62.77546310424805
    ],
    [
      -49.61927032470703,
      -48.94685363769531,
      -49.1046028137207,
      -48.99965286254883,
      -49.03245544433594,
      -42.48505401611328,
      -48.82587814331055,
      -49.07051467895508,
      -49.231842041015625,
      -49.253143310546875,
      -53.50901412963867
    ],
    [
      -84.16107177734375,
      -47.89426803588867,
      -49.089813232421875,
      -50.212894439697266,
      -49.95122146606445,
      -41.9467658996582,
      -49.974979400634766,
      -49.89725112915039,
      -49.65024185180664,
      -48.50934600830078,
      -370
    ],
    [
      -56.86796569824219,
      -48.79935073852539,
      -49.93314743041992,
      -50.991004943847656,
      -51.33438491821289,
      -44.664608001708984,
      -51.37826919555664,
      -51.581153869628906,
      -51.42197799682617,
      -47.027427673339844,
      -370
    ],
    [
      -52.010826110839844,
      -55.12543487548828,
      -49.931251525878906,
      -51.593379974365234,
      -52.238895416259766,
      -46.61098861694336,
      -52.307491302490234,
      -52.05741500854492,
      -52.4780158996582,
      -57.95146942138672,
      -58.0084228515625
    ],
    [
      -62.6492919921875,
      -53.848350524902344,
      -49.977149963378906,
      -51.26042556762695,
      -51.49491882324219,
      -46.960655212402344,
      -52.47243881225586,
      -53.05617141723633,
      -51.59677505493164,
      -60.23000717163086,
      -370
    ],
    [
      -53.17020797729492,
      -47.724159240722656,
      -50.54740905761719,
      -51.978904724121094,
      -52.12687301635742,
      -45.76975631713867,
      -51.38336181640625,
      -51.69184494018555,
      -53.04899597167969,
      -50.15808868408203,
      -48.35275650024414
    ],
    [
      -68.236572265625,
      -45.12529754638672,
      -49.69145965576172,
      -54.32124710083008,
      -55.406734466552734,
      -48.34386444091797,
      -52.01710891723633,
      -50.69462203979492,
      -49.94060516357422,
      -47.687923431396484,
      -61.313716888427734
    ],
    [
      -43.7593879699707,
      -52.44617462158203,
      -51.11139678955078,
      -54.631500244140625,
      -55.911888122558594,
      -52.170249938964844,
      -54.05112838745117,
      -53.053306579589844,
      -53.251380920410156,
      -52.86083984375,
      -370
    ],
    [
      -43.704803466796875,
      -49.27021789550781,
      -51.539615631103516,
      -56.66342544555664,
      -56.889060974121094,
      -55.20835494995117,
      -55.3165283203125,
      -55.17400360107422,
      -55.390174865722656,
      -55.25825881958008,
      -370
    ],
    [
      -47.07184600830078,
      -50.37174987792969,
      -53.29315948486328,
      -57.8537712097168,
      -57.99388885498047,
      -56.979461669921875,
      -55.40931701660156,
      -54.52485656738281,
      -55.53331756591797,
      -55.30908966064453,
      -370
    ],
    [
      -50.78192138671875,
      -49.84119415283203,
      -53.97835159301758,
      -59.15802001953125,
      -59.88943862915039,
      -59.8475456237793,
      -55.67182922363281,
      -53.664520263671875,
      -53.50088119506836,
      -53.57825469970703,
      -370
    ],
    [
      -370,
      -49.80491638183594,
      -54.561771392822266,
      -59.11045455932617,
      -62.2081413269043,
      -63.30955123901367,
      -57.809268951416016,
      -56.2520637512207,
      -54.940242767333984,
      -57.7983283996582,
      -54.15960693359375
    ],
    [
      -93.28500366210938,
      -57.20718765258789,
      -56.08234786987305,
      -59.736629486083984,
      -65.06974792480469,
      -66.99214935302734,
      -60.19125747680664,
      -55.68425369262695,
      -54.149959564208984,
      -56.822845458984375,
      -65.5969009399414
    ]
  ],
  "histogram": [
    {
      "db": -70,
      "frequency": 2
    },
    {
      "db": -69,
      "frequency": 0
    },
    {
      "db": -68,
      "frequency": 1
    },
    {
      "db": -67,
      "frequency": 2
    },
    {
      "db": -66,
      "frequency": 1
    },
    {
      "db": -65,
      "frequency": 1
    },
    {
      "db": -64,
      "frequency": 1
    },
    {
      "db": -63,
      "frequency": 0
    },
    {
      "db": -62,
      "frequency": 1
    },
    {
      "db": -61,
      "frequency": 2
    },
    {
      "db": -60,
      "frequency": 1
    },
    {
      "db": -59,
      "frequency": 2
    },
    {
      "db": -58,
      "frequency": 1
    },
    {
      "db": -57,
      "frequency": 0
    },
    {
      "db": -56,
      "frequency": 1
    },
    {
      "db": -55,
      "frequency": 3
    },
    {
      "db": -54,
      "frequency": 3
    },
    {
      "db": -53,
      "frequency": 2
    },
    {
      "db": -52,
      "frequency": 2
    },
    {
      "db": -51,
      "frequency": 2
    },
    {
      "db": -50,
      "frequency": 2
    },
    {
      "db": -49,
      "frequency": 2
    },
    {
      "db": -48,
      "frequency": 2
    },
    {
      "db": -47,
      "frequency": 6
    },
    {
      "db": -46,
      "frequency": 2
    },
    {
      "db": -45,
      "frequency": 1
    },
    {
      "db": -44,
      "frequency": 5
    },
    {
      "db": -43,
      "frequency": 3
    },
    {
      "db": -42,
      "frequency": 9
    },
    {
      "db": -41,
      "frequency": 6
    },
    {
      "db": -40,
      "frequency": 5
    },
    {
      "db": -39,
      "frequency": 12
    },
    {
      "db": -38,
      "frequency": 4
    },
    {
      "db": -37,
      "frequency": 5
    },
    {
      "db": -36,
      "frequency": 3
    },
    {
      "db": -35,
      "frequency": 7
    },
    {
      "db": -34,
      "frequency": 6
    },
    {
      "db": -33,
      "frequency": 9
    },
    {
      "db": -32,
      "frequency": 7
    },
    {
      "db": -31,
      "frequency": 26
    },
    {
      "db": -30,
      "frequency": 28
    },
    {
      "db": -29,
      "frequency": 49
    },
    {
      "db": -28,
      "frequency": 103
    },
    {
      "db": -27,
      "frequency": 165
    },
    {
      "db": -26,
      "frequency": 287
    },
    {
      "db": -25,
      "frequency": 293
    },
    {
      "db": -24,
      "frequency": 203
    },
    {
      "db": -23,
      "frequency": 170
    },
    {
      "db": -22,
      "frequency": 210
    },
    {
      "db": -21,
      "frequency": 209
    },
    {
      "db": -20,
      "frequency": 70
    },
    {
      "db": -19,
      "frequency": 21
    },
    {
      "db": -18,
      "frequency": 1
    },
    {
      "db": -17,
      "frequency": 0
    },
    {
      "db": -16,
      "frequency": 0
    },
    {
      "db": -15,
      "frequency": 0
    },
    {
      "db": -14,
      "frequency": 0
    },
    {
      "db": -13,
      "frequency": 0
    },
    {
      "db": -12,
      "frequency": 0
    },
    {
      "db": -11,
      "frequency": 0
    },
    {
      "db": -10,
      "frequency": 0
    },
    {
      "db": -9,
      "frequency": 0
    },
    {
      "db": -8,
      "frequency": 0
    },
    {
      "db": -7,
      "frequency": 0
    },
    {
      "db": -6,
      "frequency": 0
    },
    {
      "db": -5,
      "frequency": 0
    },
    {
      "db": -4,
      "frequency": 0
    },
    {
      "db": -3,
      "frequency": 0
    },
    {
      "db": -2,
      "frequency": 0
    },
    {
      "db": -1,
      "frequency": 0
    },
    {
      "db": 0,
      "frequency": 0
    },
    {
      "db": 1,
      "frequency": 0
    },
    {
      "db": 2,
      "frequency": 0
    },
    {
      "db": 3,
      "frequency": 0
    },
    {
      "db": 4,
      "frequency": 0
    },
    {
      "db": 5,
      "frequency": 0
    },
    {
      "db": 6,
      "frequency": 0
    },
    {
      "db": 7,
      "frequency": 0
    },
    {
