{
  "acoustic_entropy": 199.0857696533203,
  "bands": [
    {
      "high_freq": 148.1999969482422,
      "loudness": -32.85298538208008,
      "loudness_range": 8.986825942993164,
      "mid_mean": -29.41390609741211,
      "mid_to_side_loudness": -16.491724014282227,
      "mid_to_side_loudness_range": 24.49134063720703,
      "side_mean": -47.04936981201172
    },
    {
      "high_freq": 392.3793640136719,
      "loudness": -34.40027618408203,
      "loudness_range": 9.968814849853516,
      "low_freq": 148.1999969482422,
      "mid_mean": -32.71376419067383,
      "mid_to_side_loudness": -3.6239044666290283,
      "mid_to_side_loudness_range": 13.983968734741211,
      "side_mean": -36.4891471862793
    },
    {
      "high_freq": 794.6976318359375,
      "loudness": -38.755226135253906,
      "loudness_range": 15.426738739013672,
      "low_freq": 392.3793640136719,
      "mid_mean": -36.71988296508789,
      "mid_to_side_loudness": -4.4890217781066895,
      "mid_to_side_loudness_range": 10.445298194885254,
      "side_mean": -41.21384048461914
    },
    {
      "high_freq": 1457.5709228515625,
      "loudness": -43.61775207519531,
      "loudness_range": 20.521160125732422,
      "low_freq": 794.6976318359375,
      "mid_mean": -41.68561935424805,
      "mid_to_side_loudness": -4.081398963928223,
      "mid_to_side_loudness_range": 11.041460037231445,
      "side_mean": -45.78154373168945
    },
    {
      "high_freq": 2549.74365234375,
      "loudness": -41.726158142089844,
      "loudness_range": 25.72799301147461,
      "low_freq": 1457.5709228515625,
      "mid_mean": -39.34467315673828,
      "mid_to_side_loudness": -5.445774555206299,
      "mid_to_side_loudness_range": 11.117085456848145,
      "side_mean": -44.96622848510742
    },
    {
      "high_freq": 4349.24462890625,
      "loudness": -41.23386001586914,
      "loudness_range": 22.60737419128418,
      "low_freq": 2549.74365234375,
      "mid_mean": -38.574745178222656,
      "mid_to_side_loudness": -6.596843242645264,
      "mid_to_side_loudness_range": 10.945759773254395,
      "side_mean": -45.32353973388672
    },
    {
      "high_freq": 7314.1640625,
      "loudness": -47.66653060913086,
      "loudness_range": 18.50434112548828,
      "low_freq": 4349.24462890625,
      "mid_mean": -45.578857421875,
      "mid_to_side_loudness": -4.770401954650879,
      "mid_to_side_loudness_range": 12.161077499389648,
      "side_mean": -50.98161697387695
    },
    {
      "high_freq": 12199.2666015625,
      "loudness": -50.39262390136719,
      "loudness_range": 17.176830291748047,
      "low_freq": 7314.1640625,
      "mid_mean": -48.626609802246094,
      "mid_to_side_loudness": -5.391975402832031,
      "mid_to_side_loudness_range": 15.423208236694336,
      "side_mean": -54.58768844604492
    },
    {
      "loudness": -58.148460388183594,
      "loudness_range": 17.333118438720703,
      "low_freq": 12199.2666015625,
      "mid_mean": -56.79639434814453,
      "mid_to_side_loudness": -2.911405324935913,
      "mid_to_side_loudness_range": 8.472066879272461,
      "side_mean": -59.18479537963867
    }
  ],
  "bands_short": [
    {
      "high_freq": 148.1999969482422,
      "loudness": -35.08167266845703,
      "loudness_range": 15.34170150756836,
      "mid_mean": -31.64641571044922,
      "mid_to_side_loudness": -21.322860717773438,
      "mid_to_side_loudness_range": 34.620216369628906,
      "side_mean": -56.0073127746582
    },
    {
      "high_freq": 392.3793640136719,
      "loudness": -34.05070114135742,
      "loudness_range": 12.56814193725586,
      "low_freq": 148.1999969482422,
      "mid_mean": -32.4317626953125,
      "mid_to_side_loudness": -4.644546985626221,
      "mid_to_side_loudness_range": 19.55765151977539,
      "side_mean": -37.318328857421875
    },
    {
      "high_freq": 794.6976318359375,
      "loudness": -39.596439361572266,
      "loudness_range": 18.342647552490234,
      "low_freq": 392.3793640136719,
      "mid_mean": -37.94422912597656,
      "mid_to_side_loudness": -3.908846139907837,
      "mid_to_side_loudness_range": 14.1266508102417,
      "side_mean": -41.90056228637695
    },
    {
      "high_freq": 1457.5709228515625,
      "loudness": -43.68538284301758,
      "loudness_range": 22.499906539916992,
      "low_freq": 794.6976318359375,
      "mid_mean": -41.79692459106445,
      "mid_to_side_loudness": -4.347140312194824,
      "mid_to_side_loudness_range": 13.113414764404297,
      "side_mean": -46.24500274658203
    },
    {
      "high_freq": 2549.74365234375,
      "loudness": -42.62150955200195,
      "loudness_range": 27.7363224029541,
      "low_freq": 1457.5709228515625,
      "mid_mean": -40.57373809814453,
      "mid_to_side_loudness": -4.961021900177002,
      "mid_to_side_loudness_range": 14.837818145751953,
      "side_mean": -45.89177703857422
    },
    {
      "high_freq": 4349.24462890625,
      "loudness": -42.12257766723633,
      "loudness_range": 25.401952743530273,
      "low_freq": 2549.74365234375,
      "mid_mean": -39.723819732666016,
      "mid_to_side_loudness": -6.11519718170166,
      "mid_to_side_loudness_range": 14.349642753601074,
      "side_mean": -46.20328140258789
    },
    {
      "high_freq": 7314.1640625,
      "loudness": -49.51568603515625,
      "loudness_range": 21.36471939086914,
      "low_freq": 4349.24462890625,
      "mid_mean": -47.752628326416016,
      "mid_to_side_loudness": -4.433245658874512,
      "mid_to_side_loudness_range": 12.607696533203125,
      "side_mean": -52.88740539550781
    },
    {
      "high_freq": 12199.2666015625,
      "loudness": -53.1185302734375,
      "loudness_range": 22.769458770751953,
      "low_freq": 7314.1640625,
      "mid_mean": -52.08146667480469,
      "mid_to_side_loudness": -5.839759826660156,
      "mid_to_side_loudness_range": 18.571014404296875,
      "side_mean": -57.752655029296875
    },
    {
      "loudness": -62.8197135925293,
      "loudness_range": 27.183834075927734,
      "low_freq": 12199.2666015625,
      "mid_mean": -60.17573165893555,
      "mid_to_side_loudness": -5.1069746017456055,
      "mid_to_side_loudness_range": 16.410472869873047,
      "side_mean": -63.149070739746094
    }
  ],
  "bandwidth": 544.0518188476562,
  "channels": 2,
  "covariance": [
    [
      17.949874877929688,
      13.845404624938965,
      7.455659866333008,
      6.613858222961426,
      7.332592487335205,
      7.349790096282959,
      7.246817588806152,
      6.783512115478516,
      3.38421368598938,
      2.4109997749328613,
      3.2469921112060547,
      3.0859017372131348,
      6.314726829528809,
      5.446864604949951,
      6.823248386383057,
      5.760390281677246,
      6.071401596069336,
      4.921113014221191
    ],
    [
      13.845404624938965,
      80.33112335205078,
      10.039471626281738,
      24.684839248657227,
      15.990827560424805,
      25.328556060791016,
      28.221054077148438,
      27.313932418823242,
      27.368850708007812,
      32.640010833740234,
      25.159452438354492,
      32.23886489868164,
      14.471654891967773,
      25.33435821533203,
      8.598322868347168,
      19.9257755279541,
      11.144116401672363,
      12.626084327697754
    ],
    [
      7.455659866333008,
      10.039471626281738,
      18.344629287719727,
      12.803997993469238,
      13.491117477416992,
      10.9621000289917,
      12.58547306060791,
      9.198092460632324,
      9.962515830993652,
      6.952869415283203,
      9.836666107177734,
      8.520346641540527,
      8.068379402160645,
      7.802445888519287,
      10.143211364746094,
      7.807724952697754,
      6.771772861480713,
      5.401344299316406
    ],
    [
      6.613858222961426,
      24.684839248657227,
      12.803997993469238,
      31.273189544677734,
      14.960508346557617,
      19.98675537109375,
      18.488075256347656,
      20.368873596191406,
      16.38574981689453,
      18.824966430664062,
      15.042304039001465,
      17.6751766204834,
      9.044861793518066,
      14.138269424438477,
      8.725996017456055,
      13.805342674255371,
      9.152471542358398,
      11.128347396850586
    ],
    [
      7.332592487335205,
      15.990827560424805,
      13.491117477416992,
      14.960508346557617,
      32.58047103881836,
      25.209125518798828,
      31.302978515625,
      23.423112869262695,
      26.95629119873047,
      19.59237289428711,
      23.153417587280273,
      18.451501846313477,
      12.639985084533691,
      12.98577880859375,
      14.187936782836914,
      11.260363578796387,
      9.458205223083496,
      7.563662052154541
    ],
    [
      7.349790096282959,
      25.328556060791016,
      10.9621000289917,
      19.98675537109375,
      25.209125518798828,
      34.0999870300293,
      29.946372985839844,
      29.117895126342773,
      26.112131118774414,
      27.997976303100586,
      24.6647891998291,
      27.276832580566406,
      13.196582794189453,
      18.68962287902832,
      11.025846481323242,
      14.834430694580078,
      8.70361328125,
      8.82571792602539
    ],
    [
      7.246817588806152,
      28.221054077148438,
      12.58547306060791,
      18.488075256347656,
      31.302978515625,
      29.946372985839844,
      56.49647521972656,
      40.23116683959961,
      47.25605773925781,
      42.20659255981445,
      39.34992980957031,
      35.452396392822266,
      14.000171661376953,
      20.340900421142578,
      11.564363479614258,
      16.664417266845703,
      9.731388092041016,
      10.200362205505371
    ],
    [
      6.783512115478516,
      27.313932418823242,
      9.198092460632324,
      20.368873596191406,
      23.423112869262695,
      29.117895126342773,
      40.23116683959961,
      40.01171875,
      35.42317199707031,
      38.746726989746094,
      31.37929344177246,
      34.1594123840332,
      12.859831809997559,
      21.508544921875,
      9.028654098510742,
      17.17111587524414,
      8.957803726196289,
      11.001246452331543
    ],
    [
      3.38421368598938,
      27.368850708007812,
      9.962515830993652,
      16.38574981689453,
      26.95629119873047,
      26.112131118774414,
      47.25605773925781,
      35.42317199707031,
      83.20268249511719,
      75.23204040527344,
      66.2977523803711,
      57.894020080566406,
      15.633185386657715,
      25.45909309387207,
      7.476490020751953,
      19.783660888671875,
      7.537542819976807,
      10.104872703552246
    ],
    [
      2.4109997749328613,
      32.640010833740234,
      6.952869415283203,
      18.824966430664062,
      19.59237289428711,
      27.997976303100586,
      42.20659255981445,
      38.746726989746094,
      75.23204040527344,
      84.05205535888672,
      62.41506576538086,
      65.3747787475586,
      14.536593437194824,
      30.923343658447266,
      1.1089816093444824,
      23.441518783569336,
      6.61956787109375,
      12.07440185546875
    ],
    [
      3.2469921112060547,
      25.159452438354492,
      9.836666107177734,
      15.042304039001465,
      23.153417587280273,
      24.6647891998291,
      39.34992980957031,
      31.37929344177246,
      66.2977523803711,
      62.41506576538086,
      64.40861511230469,
      54.86800003051758,
      20.06877899169922,
      25.965866088867188,
      11.39024543762207,
      19.181100845336914,
      9.13537883758545,
      9.410321235656738
    ],
    [
      3.0859017372131348,
      32.23886489868164,
      8.520346641540527,
      17.6751766204834,
      18.451501846313477,
      27.276832580566406,
      35.452396392822266,
      34.1594123840332,
      57.894020080566406,
      65.3747787475586,
      54.86800003051758,
      61.397216796875,
      17.73432731628418,
      32.971153259277344,
      5.919933319091797,
      24.469289779663086,
      9.174417495727539,
      12.693360328674316
    ],
    [
      6.314726829528809,
      14.471654891967773,
      8.068379402160645,
      9.044861793518066,
      12.639985084533691,
      13.196582794189453,
      14.000171661376953,
      12.859831809997559,
      15.633185386657715,
      14.536593437194824,
      20.06877899169922,
      17.73432731628418,
      44.03146743774414,
      26.46946907043457,
      37.21913146972656,
      22.24884796142578,
      25.351987838745117,
      15.53975772857666
    ],
    [
      5.446864604949951,
      25.33435821533203,
      7.802445888519287,
      14.138269424438477,
      12.98577880859375,
      18.68962287902832,
      20.340900421142578,
      21.508544921875,
      25.45909309387207,
      30.923343658447266,
      25.965866088867188,
      32.971153259277344,
      26.46946907043457,
      42.95930862426758,
      20.424867630004883,
      37.460365295410156,
      27.572185516357422,
      28.170705795288086
    ],
    [
      6.823248386383057,
      8.598322868347168,
      10.143211364746094,
      8.725996017456055,
      14.187936782836914,
      11.025846481323242,
      11.564363479614258,
      9.028654098510742,
      7.476490020751953,
      1.1089816093444824,
      11.39024543762207,
      5.919933319091797,
      37.21913146972656,
      20.424867630004883,
      46.32785415649414,
      21.552692413330078,
      29.923215866088867,
      18.083580017089844
    ],
    [
      5.760390281677246,
      19.9257755279541,
      7.807724952697754,
      13.805342674255371,
      11.260363578796387,
      14.834430694580078,
      16.664417266845703,
      17.17111587524414,
      19.783660888671875,
      23.441518783569336,
      19.181100845336914,
      24.469289779663086,
      22.24884796142578,
      37.460365295410156,
      21.552692413330078,
      41.43745040893555,
      32.56977462768555,
      36.64812469482422
    ],
    [
      6.071401596069336,
      11.144116401672363,
      6.771772861480713,
      9.152471542358398,
      9.458205223083496,
      8.70361328125,
      9.731388092041016,
      8.957803726196289,
      7.537542819976807,
      6.61956787109375,
      9.13537883758545,
      9.174417495727539,
      25.351987838745117,
      27.572185516357422,
      29.923215866088867,
      32.56977462768555,
      37.242088317871094,
      33.03451919555664
    ],
    [
      4.921113014221191,
      12.626084327697754,
      5.401344299316406,
      11.128347396850586,
      7.563662052154541,
      8.82571792602539,
      10.200362205505371,
      11.001246452331543,
      10.104872703552246,
      12.07440185546875,
      9.410321235656738,
      12.693360328674316,
      15.53975772857666,
      28.170705795288086,
      18.083580017089844,
      36.64812469482422,
      33.03451919555664,
      40.88080978393555
    ]
  ],
  "covariance_short": [
    [
      44.85576629638672,
      8.860366821289062,
      12.86055850982666,
      6.441145896911621,
      5.965168476104736,
      5.31740665435791,
      5.062148094177246,
      5.611996173858643,
      -0.8288539052009583,
      -1.2240426540374756,
      -0.5197039246559143,
      0.3283986449241638,
      5.161063194274902,
      4.279572010040283,
      5.79492712020874,
      4.147846221923828,
      4.6875176429748535,
      2.63796329498291
    ],
    [
      8.860366821289062,
      81.65882110595703,
      14.930132865905762,
      35.235374450683594,
      19.55083656311035,
      31.240970611572266,
      31.32573699951172,
      32.42879867553711,
      28.108020782470703,
      35.29215621948242,
      28.145397186279297,
      39.585227966308594,
      21.066314697265625,
      36.799129486083984,
      20.10782814025879,
      26.86514663696289,
      13.967233657836914,
      15.694825172424316
    ],
    [
      12.86055850982666,
      14.930132865905762,
      29.758819580078125,
      16.053693771362305,
      17.484432220458984,
      13.510982513427734,
      15.286946296691895,
      11.658141136169434,
      12.424842834472656,
      9.836969375610352,
      11.998613357543945,
      11.723827362060547,
      9.660810470581055,
      10.642060279846191,
      14.024664878845215,
      11.285510063171387,
      8.676434516906738,
      8.4756498336792
    ],
    [
      6.441145896911621,
      35.235374450683594,
      16.053693771362305,
      51.44851303100586,
      22.34886932373047,
      32.82045364379883,
      26.83233642578125,
      29.736656188964844,
      20.273942947387695,
      25.622089385986328,
      19.684907913208008,
      25.889562606811523,
      14.384556770324707,
      21.405046463012695,
      13.20216178894043,
      17.803504943847656,
      10.448050498962402,
      12.402213096618652
    ],
    [
      5.965168476104736,
      19.55083656311035,
      17.484432220458984,
      22.34886932373047,
      44.96890640258789,
      32.75812530517578,
      38.861572265625,
      29.719972610473633,
      33.62971878051758,
      25.630054473876953,
      30.304494857788086,
      25.790435791015625,
      18.33037757873535,
      18.78070068359375,
      21.687179565429688,
      15.663748741149902,
      13.365935325622559,
      10.34960651397705
    ],
    [
      5.31740665435791,
      31.240970611572266,
      13.510982513427734,
      32.82045364379883,
      32.75812530517578,
      49.7540397644043,
      35.368255615234375,
      37.44625473022461,
      28.481979370117188,
      34.1766471862793,
      28.162641525268555,
      34.67638397216797,
      19.834386825561523,
      26.62940788269043,
      17.24673843383789,
      21.154911041259766,
      12.905353546142578,
      13.013758659362793
    ],
    [
      5.062148094177246,
      31.32573699951172,
      15.286946296691895,
      26.83233642578125,
      38.861572265625,
      35.368255615234375,
      65.18870544433594,
      45.7879638671875,
      52.984066009521484,
      46.035823822021484,
      46.21718978881836,
      40.8770751953125,
      23.544151306152344,
      26.99391746520996,
      22.202495574951172,
      20.933929443359375,
      13.477595329284668,
      12.41329288482666
    ],
    [
      5.611996173858643,
      32.42879867553711,
      11.658141136169434,
      29.736656188964844,
      29.719972610473633,
      37.44625473022461,
      45.7879638671875,
      50.940040588378906,
      38.64674758911133,
      44.87173080444336,
      35.64273452758789,
      41.14410400390625,
      20.88031578063965,
      29.164548873901367,
      15.641926765441895,
      22.50341033935547,
      12.332396507263184,
      14.216485977172852
    ],
    [
      -0.8288539052009583,
      28.108020782470703,
      12.424842834472656,
      20.273942947387695,
      33.62971878051758,
      28.481979370117188,
      52.984066009521484,
      38.64674758911133,
      96.09928894042969,
      78.3880615234375,
      77.56708526611328,
      63.828834533691406,
      30.786664962768555,
      33.959266662597656,
      20.8695125579834,
      25.441688537597656,
      11.092307090759277,
      13.83253002166748
    ],
    [
      -1.2240426540374756,
      35.29215621948242,
      9.836969375610352,
      25.622089385986328,
      25.630054473876953,
      34.1766471862793,
      46.035823822021484,
      44.87173080444336,
      78.3880615234375,
      93.34941864013672,
      67.75990295410156,
      74.08413696289062,
      28.522525787353516,
      42.152931213378906,
      12.67363166809082,
      31.612178802490234,
      10.041176795959473,
      18.205286026000977
    ],
    [
      -0.5197039246559143,
      28.145397186279297,
      11.998613357543945,
      19.684907913208008,
      30.304494857788086,
      28.162641525268555,
      46.21718978881836,
      35.64273452758789,
      77.56708526611328,
      67.75990295410156,
      81.20948028564453,
      62.59736633300781,
      37.584388732910156,
      37.002708435058594,
      27.3271484375,
      27.680278778076172,
      16.01344108581543,
      15.309297561645508
    ],
    [
      0.3283986449241638,
      39.585227966308594,
      11.723827362060547,
      25.889562606811523,
      25.790435791015625,
      34.67638397216797,
      40.8770751953125,
      41.14410400390625,
      63.828834533691406,
      74.08413696289062,
      62.59736633300781,
      75.6745376586914,
      32.72633361816406,
      48.28688049316406,
      19.37710952758789,
      37.220855712890625,
      15.921566009521484,
      22.806901931762695
    ],
    [
      5.161063194274902,
      21.066314697265625,
      9.660810470581055,
      14.384556770324707,
      18.33037757873535,
      19.834386825561523,
      23.544151306152344,
      20.88031578063965,
      30.786664962768555,
      28.522525787353516,
      37.584388732910156,
      32.72633361816406,
      61.27341079711914,
      43.91007614135742,
      55.871665954589844,
      39.90407943725586,
      40.75562286376953,
      27.99050521850586
    ],
    [
      4.279572010040283,
      36.799129486083984,
      10.642060279846191,
      21.405046463012695,
      18.78070068359375,
      26.62940788269043,
      26.99391746520996,
      29.164548873901367,
      33.959266662597656,
      42.152931213378906,
      37.002708435058594,
      48.28688049316406,
      43.91007614135742,
      65.41707611083984,
      42.81093215942383,
      57.84034729003906,
      38.14652633666992,
      42.398826599121094
    ],
    [
      5.79492712020874,
      20.10782814025879,
      14.024664878845215,
      13.20216178894043,
      21.687179565429688,
      17.24673843383789,
      22.202495574951172,
      15.641926765441895,
      20.8695125579834,
      12.67363166809082,
      27.3271484375,
      19.37710952758789,
      55.871665954589844,
      42.81093215942383,
      79.56575775146484,
      46.2006950378418,
      55.25657272338867,
      35.584922790527344
    ],
    [
      4.147846221923828,
      26.86514663696289,
      11.285510063171387,
      17.803504943847656,
      15.663748741149902,
      21.154911041259766,
      20.933929443359375,
      22.50341033935547,
      25.441688537597656,
      31.612178802490234,
      27.680278778076172,
      37.220855712890625,
      39.90407943725586,
      57.84034729003906,
      46.2006950378418,
      64.67732238769531,
      46.81074142456055,
      53.75654602050781
    ],
    [
      4.6875176429748535,
      13.967233657836914,
      8.676434516906738,
      10.448050498962402,
      13.365935325622559,
      12.905353546142578,
      13.477595329284668,
      12.332396507263184,
      11.092307090759277,
      10.041176795959473,
      16.01344108581543,
      15.921566009521484,
      40.75562286376953,
      38.14652633666992,
      55.25657272338867,
      46.81074142456055,
      55.430789947509766,
      45.875579833984375
    ],
    [
      2.63796329498291,
      15.694825172424316,
      8.4756498336792,
      12.402213096618652,
      10.34960651397705,
      13.013758659362793,
      12.41329288482666,
      14.216485977172852,
      13.83253002166748,
      18.205286026000977,
      15.309297561645508,
      22.806901931762695,
      27.99050521850586,
      42.398826599121094,
      35.584922790527344,
      53.75654602050781,
      45.875579833984375,
      55.97303009033203
    ]
  ],
  "damage": -18.207027435302734,
  "diff_bandwidth": 658.2698974609375,
  "dissonance": 7.618998713589042,
  "drr": 14.421968460083008,
  "dynamics": 3.099029541015625,
  "format": 1245190,
  "frames": 8723196,
  "freq_pan_to_db": [
    [
      -46.064266204833984,
      -40.856849670410156,
      -34.2647819519043,
      -31.1685791015625,
      -27.274471282958984,
      -27.130847930908203,
      -29.372344970703125,
      -31.443153381347656,
      -31.826461791992188,
      -37.871826171875,
      -43.546146392822266
    ],
    [
      -28.386371612548828,
      -27.963518142700195,
      -26.85735511779785,
      -25.16173553466797,
      -21.817808151245117,
      -20.35639762878418,
      -22.53325653076172,
      -25.634599685668945,
      -27.798704147338867,
      -29.84656524658203,
      -31.53487777709961
    ],
    [
      -24.42007064819336,
      -24.118633270263672,
      -24.236719131469727,
      -23.755727767944336,
      -23.727214813232422,
      -22.792861938476562,
      -23.239755630493164,
      -23.926828384399414,
      -24.55221176147461,
      -25.103731155395508,
      -24.720016479492188
    ],
    [
      -27.47823143005371,
      -25.80230140686035,
      -26.03615379333496,
      -26.43421173095703,
      -27.01042938232422,
      -26.281238555908203,
      -27.004045486450195,
      -27.535242080688477,
      -27.978343963623047,
      -27.340835571289062,
      -27.086483001708984
    ],
    [
      -27.791685104370117,
      -27.643545150756836,
      -27.770933151245117,
      -28.25406837463379,
      -28.58446502685547,
      -28.376279830932617,
      -28.45912742614746,
      -27.908653259277344,
      -27.91708755493164,
      -27.86216163635254,
      -27.95355224609375
    ],
    [
      -28.021547317504883,
      -27.949190139770508,
      -27.15262794494629,
      -27.21978187561035,
      -26.819068908691406,
      -26.77608299255371,
      -27.03476905822754,
      -27.252002716064453,
      -28.13015365600586,
      -28.38565444946289,
      -29.10384750366211
    ],
    [
      -29.61111831665039,
      -28.832185745239258,
      -27.70482635498047,
      -27.297286987304688,
      -27.427448272705078,
      -27.437297821044922,
      -27.78151512145996,
      -28.009469985961914,
      -28.3400936126709,
      -29.258808135986328,
      -30.05569076538086
    ],
    [
      -30.502595901489258,
      -30.89713478088379,
      -30.48773765563965,
      -29.839374542236328,
      -28.52306365966797,
      -27.56301498413086,
      -28.520187377929688,
      -29.736141204833984,
      -30.465633392333984,
      -30.261167526245117,
      -28.915966033935547
    ],
    [
      -32.81343078613281,
      -31.826467514038086,
      -31.741361618041992,
      -30.827280044555664,
      -29.59685707092285,
      -29.32176971435547,
      -30.18787956237793,
      -31.576068878173828,
      -32.16236114501953,
      -32.09545135498047,
      -30.864341735839844
    ],
    [
      -31.150930404663086,
      -30.514982223510742,
      -31.998626708984375,
      -30.950916290283203,
      -30.262338638305664,
      -29.88163185119629,
      -30.179933547973633,
      -30.89129638671875,
      -30.871339797973633,
      -31.356985092163086,
      -30.166276931762695
    ],
    [
      -31.092472076416016,
      -31.281465530395508,
      -32.79091262817383,
      -32.810752868652344,
      -32.16267395019531,
      -30.459604263305664,
      -31.04148292541504,
      -32.16783142089844,
      -32.28992462158203,
      -32.04700469970703,
      -31.59819984436035
    ],
    [
      -33.01991271972656,
      -35.4086799621582,
      -35.315792083740234,
      -34.00525665283203,
      -33.080142974853516,
      -31.55341339111328,
      -34.18674087524414,
      -35.54486846923828,
      -35.052818298339844,
      -34.92482376098633,
      -34.30903625488281
    ],
    [
      -35.9954719543457,
      -37.016048431396484,
      -37.592063903808594,
      -35.48379898071289,
      -33.64185333251953,
      -31.761383056640625,
      -34.59039306640625,
      -35.552825927734375,
      -36.23946762084961,
      -37.220638275146484,
      -37.56320571899414
    ],
    [
      -34.61477279663086,
      -37.260498046875,
      -36.77538299560547,
      -33.94552230834961,
      -32.22541427612305,
      -31.59841537475586,
      -34.85063171386719,
      -36.6109504699707,
      -37.8685417175293,
      -36.62492752075195,
      -34.48787307739258
    ],
    [
      -33.832828521728516,
      -35.6356201171875,
      -37.26079559326172,
      -37.209197998046875,
      -35.78878402709961,
      -32.178924560546875,
      -34.570892333984375,
      -38.231407165527344,
      -38.263301849365234,
      -38.311439514160156,
      -36.38379669189453
    ],
    [
      -35.1884765625,
      -37.71547317504883,
      -38.92802810668945,
      -38.9898567199707,
      -36.125484466552734,
      -33.06212615966797,
      -35.25544738769531,
      -37.878116607666016,
      -38.53754806518555,
      -38.59387969970703,
      -37.680843353271484
    ],
    [
      -36.323211669921875,
      -38.058860778808594,
      -40.8628044128418,
      -39.86357498168945,
      -36.76771926879883,
      -35.723960876464844,
      -39.00381088256836,
      -40.15961837768555,
      -38.58285140991211,
      -37.20793151855469,
      -36.0461540222168
    ],
    [
      -36.13199996948242,
      -36.63555908203125,
      -39.21165466308594,
      -40.68547058105469,
      -39.37056350708008,
      -35.66593933105469,
      -39.267147064208984,
      -40.26474380493164,
      -38.762569427490234,
      -37.226810455322266,
      -36.0812873840332
    ],
    [
      -37.28693771362305,
      -37.52153396606445,
      -39.346229553222656,
      -41.63520812988281,
      -38.10287857055664,
      -36.00190734863281,
      -39.075870513916016,
      -39.652503967285156,
      -37.00910949707031,
      -38.38316345214844,
      -38.743438720703125
    ],
    [
      -33.27544021606445,
      -34.732810974121094,
      -35.412147521972656,
      -36.00047302246094,
      -34.86758804321289,
      -34.820438385009766,
      -35.83320999145508,
      -35.307796478271484,
      -35.811546325683594,
      -36.2086067199707,
      -39.03964614868164
    ],
    [
      -32.44453811645508,
      -34.29454803466797,
      -32.89914321899414,
      -34.49021530151367,
      -34.77388000488281,
      -35.341575622558594,
      -33.93769454956055,
      -34.73765182495117,
      -35.07161331176758,
      -34.634254455566406,
      -32.34383773803711
    ],
    [
      -31.14882469177246,
      -34.947853088378906,
      -35.39301681518555,
      -34.49885177612305,
      -35.11972427368164,
      -36.43450164794922,
      -34.66868209838867,
      -34.82719802856445,
      -35.279518127441406,
      -33.926448822021484,
      -28.895286560058594
    ],
    [
      -29.707508087158203,
      -33.93158721923828,
      -35.099674224853516,
      -35.76408767700195,
      -34.21597671508789,
      -35.22193908691406,
      -34.7715950012207,
      -36.1351203918457,
      -34.644317626953125,
      -34.51432800292969,
      -30.1568603515625
    ],
    [
      -31.609346389770508,
      -35.298377990722656,
      -36.32704544067383,
      -36.270729064941406,
      -36.020755767822266,
      -35.44710922241211,
      -35.436309814453125,
      -37.432830810546875,
      -37.074485778808594,
      -36.425506591796875,
      -35.3050651550293
    ],
    [
      -42.48220443725586,
      -40.792057037353516,
      -39.354469299316406,
      -37.832359313964844,
      -36.29747772216797,
      -35.13074493408203,
      -35.5667839050293,
      -37.401123046875,
      -39.60464859008789,
      -41.50716018676758,
      -40.12395095825195
    ],
    [
      -32.76565933227539,
      -41.86188888549805,
      -42.058143615722656,
      -41.21526336669922,
      -39.82653045654297,
      -39.01348114013672,
      -39.13908767700195,
      -40.61052703857422,
      -41.53133010864258,
      -42.93991470336914,
      -41.28420639038086
    ],
    [
      -37.11998748779297,
      -40.153507232666016,
      -40.13774490356445,
      -40.973812103271484,
      -40.070804595947266,
      -39.329017639160156,
      -39.05785369873047,
      -40.625579833984375,
      -40.00224304199219,
      -39.16365051269531,
      -36.64118957519531
    ],
    [
      -44.731510162353516,
      -44.45304489135742,
      -44.60650634765625,
      -43.911529541015625,
      -43.12242889404297,
      -41.85276794433594,
      -43.25649642944336,
      -43.95699691772461,
      -44.49757385253906,
      -43.509765625,
      -47.84881591796875
    ],
    [
      -51.60155487060547,
      -46.69504165649414,
      -47.66456604003906,
      -48.03923416137695,
      -47.70402145385742,
      -44.82982635498047,
      -47.53485870361328,
      -47.70833206176758,
      -47.61129379272461,
      -48.4593505859375,
      -62.91881561279297
    ],
    [
      -49.93177032470703,
      -49.03541564941406,
      -49.142295837402344,
      -49.09944152832031,
      -49.06783676147461,
      -42.61641311645508,
      -48.89805221557617,
      -49.1397590637207,
      -49.301429748535156,
      -49.26027297973633,
      -54.72963333129883
    ],
    [
      -56.172298431396484,
      -48.14119338989258,
      -49.132179260253906,
      -50.291160583496094,
      -50.0268440246582,
      -42.072731018066406,
      -50.1186637878418,
      -49.95926284790039,
      -49.74333190917969,
      -48.75996398925781,
      -64.11622619628906
    ],
    [
      -58.69447708129883,
      -48.626014709472656,
      -49.90782165527344,
      -51.04889678955078,
      -51.44907760620117,
      -44.77906799316406,
      -51.49306869506836,
      -51.634178161621094,
      -51.458282470703125,
      -47.310550689697266,
      -60.41624450683594
    ],
    [
      -49.826377868652344,
      -55.21583557128906,
      -50.072818756103516,
      -51.61166000366211,
      -52.28652572631836,
      -46.74173355102539,
      -52.401912689208984,
      -52.09333419799805,
      -52.71039962768555,
      -58.496826171875,
      -370
    ],
    [
      -62.76321029663086,
      -52.95981216430664,
      -50.059261322021484,
      -51.20994567871094,
      -51.639930725097656,
      -47.06446838378906,
      -52.5573844909668,
      -53.06201934814453,
      -51.82868957519531,
      -60.3691520690918,
      -370
    ],
    [
      -50.317344665527344,
      -47.390098571777344,
      -49.56818389892578,
      -52.423675537109375,
      -52.239654541015625,
      -45.873329162597656,
      -51.50621795654297,
      -51.71605682373047,
      -52.87757873535156,
      -50.28636932373047,
      -48.49216842651367
    ],
    [
      -68.37954711914062,
      -44.55712127685547,
      -49.63011169433594,
      -54.4075927734375,
      -55.494529724121094,
      -48.450382232666016,
      -52.12275695800781,
      -50.794795989990234,
      -49.983970642089844,
      -47.92799377441406,
      -76.63099670410156
    ],
    [
      -43.699501037597656,
      -46.669158935546875,
      -51.66391372680664,
      -54.589515686035156,
      -55.87331008911133,
      -52.28069305419922,
      -54.159095764160156,
      -53.16416931152344,
      -53.252418518066406,
      -53.20415496826172,
      -370
    ],
    [
      -43.65047836303711,
      -45.69123077392578,
      -52.236515045166016,
      -56.561256408691406,
      -56.92355728149414,
      -55.31166458129883,
      -55.40013122558594,
      -55.203399658203125,
      -55.52171325683594,
      -55.33829116821289,
      -370
    ],
    [
      -44.11064147949219,
      -47.688438415527344,
      -53.12474822998047,
      -58.17068099975586,
      -57.644657135009766,
      -57.18368911743164,
      -55.487586975097656,
      -54.632381439208984,
      -55.572505950927734,
      -55.44325637817383,
      -370
    ],
    [
      -48.82661056518555,
      -50.005855560302734,
      -53.6135368347168,
      -59.087066650390625,
      -60.00145721435547,
      -59.943115234375,
      -55.74757766723633,
      -53.80925750732422,
      -53.59318923950195,
      -53.366455078125,
      -370
    ],
    [
      -370,
      -49.47287368774414,
      -54.51483154296875,
      -59.17528533935547,
      -62.37699890136719,
      -63.39122772216797,
      -57.846134185791016,
      -56.3455810546875,
      -55.02409362792969,
      -57.9766731262207,
      -54.08164978027344
    ],
    [
      -370,
      -55.2591438293457,
      -55.65559387207031,
      -59.62800979614258,
      -65.4915771484375,
      -66.956298828125,
      -60.236846923828125,
      -55.88631820678711,
      -54.1485481262207,
      -56.93030548095703,
      -63.11006164550781
    ]
  ],
  "histogram": [
    {
      "db": -70,
      "frequency": 2
    },
    {
      "db": -69,
      "frequency": 0
    },
    {
      "db": -68,
      "frequency": 1
    },
    {
      "db": -67,
      "frequency": 2
    },
    {
      "db": -66,
      "frequency": 1
    },
    {
      "db": -65,
      "frequency": 1
    },
    {
      "db": -64,
      "frequency": 1
    },
    {
      "db": -63,
      "frequency": 0
    },
    {
      "db": -62,
      "frequency": 1
    },
    {
      "db": -61,
      "frequency": 2
    },
    {
      "db": -60,
      "frequency": 1
    },
    {
      "db": -59,
      "frequency": 2
    },
    {
      "db": -58,
      "frequency": 1
    },
    {
      "db": -57,
      "frequency": 0
    },
    {
      "db": -56,
      "frequency": 1
    },
    {
      "db": -55,
      "frequency": 3
    },
    {
      "db": -54,
      "frequency": 3
    },
    {
      "db": -53,
      "frequency": 2
    },
    {
      "db": -52,
      "frequency": 2
    },
    {
      "db": -51,
      "frequency": 3
    },
    {
      "db": -50,
      "frequency": 1
    },
    {
      "db": -49,
      "frequency": 2
    },
    {
      "db": -48,
      "frequency": 2
    },
    {
      "db": -47,
      "frequency": 6
    },
    {
      "db": -46,
      "frequency": 2
    },
    {
      "db": -45,
      "frequency": 1
    },
    {
      "db": -44,
      "frequency": 6
    },
    {
      "db": -43,
      "frequency": 3
    },
    {
      "db": -42,
      "frequency": 9
    },
    {
      "db": -41,
      "frequency": 5
    },
    {
      "db": -40,
      "frequency": 6
    },
    {
      "db": -39,
      "frequency": 12
    },
    {
      "db": -38,
      "frequency": 3
    },
    {
      "db": -37,
      "frequency": 6
    },
    {
      "db": -36,
      "frequency": 2
    },
    {
      "db": -35,
      "frequency": 9
    },
    {
      "db": -34,
      "frequency": 5
    },
    {
      "db": -33,
      "frequency": 8
    },
    {
      "db": -32,
      "frequency": 7
    },
    {
      "db": -31,
      "frequency": 28
    },
    {
      "db": -30,
      "frequency": 24
    },
    {
      "db": -29,
      "frequency": 51
    },
    {
      "db": -28,
      "frequency": 104
    },
    {
      "db": -27,
      "frequency": 168
    },
    {
      "db": -26,
      "frequency": 281
    },
    {
      "db": -25,
      "frequency": 304
    },
    {
      "db": -24,
      "frequency": 197
    },
    {
      "db": -23,
      "frequency": 166
    },
    {
      "db": -22,
      "frequency": 206
    },
    {
      "db": -21,
      "frequency": 207
    },
    {
      "db": -20,
      "frequency": 76
    },
    {
      "db": -19,
      "frequency": 22
    },
    {
      "db": -18,
      "frequency": 1
    },
    {
      "db": -17,
      "frequency": 0
    },
    {
      "db": -16,
      "frequency": 0
    },
    {
      "db": -15,
      "frequency": 0
    },
    {
      "db": -14,
      "frequency": 0
    },
    {
      "db": -13,
      "frequency": 0
    },
    {
      "db": -12,
      "frequency": 0
    },
    {
      "db": -11,
      "frequency": 0
    },
    {
      "db": -10,
      "frequency": 0
    },
    {
      "db": -9,
      "frequency": 0
    },
    {
      "db": -8,
      "frequency": 0
    },
    {
      "db": -7,
      "frequency": 0
    },
    {
      "db": -6,
      "frequency": 0
    },
    {
      "db": -5,
      "frequency": 0
    },
    {
      "db": -4,
      "frequency": 0
    },
    {
      "db": -3,
      "frequency": 0
    },
    {
      "db": -2,
      "frequency": 0
    },
    {
      "db": -1,
      "frequency": 0
    },
    {
      "db": 0,
      "frequency": 0
    },
    {
      "db": 1,
      "frequency": 0
    },
    {
      "db": 2,
      "frequency": 0
    },
    {
      "db": 3,
      "frequency": 0
    },
    {
      "db": 4,
      "frequency": 0
    },
    {
      "db": 5,
      "frequency": 0
    },
    {
      "db": 6,
      "frequency": 0
    },
    {
      "db": 7,
      "frequency": 0
    },
    {
      "db": 8,
      "frequency": 0
