{
  "acoustic_entropy": 198.8964385986328,
  "bands": [
    {
      "high_freq": 148.1999969482422,
      "loudness": -32.819557189941406,
      "loudness_range": 9.067708969116211,
      "mid_mean": -29.3903751373291,
      "mid_to_side_loudness": -16.520734786987305,
      "mid_to_side_loudness_range": 24.463659286499023,
      "side_mean": -47.06256103515625
    },
    {
      "high_freq": 392.3793640136719,
      "loudness": -34.401588439941406,
      "loudness_range": 9.996955871582031,
      "low_freq": 148.1999969482422,
      "mid_mean": -32.69676208496094,
      "mid_to_side_loudness": -3.6433115005493164,
      "mid_to_side_loudness_range": 14.067588806152344,
      "side_mean": -36.504066467285156
    },
    {
      "high_freq": 794.6976318359375,
      "loudness": -38.77012634277344,
      "loudness_range": 15.478609085083008,
      "low_freq": 392.3793640136719,
      "mid_mean": -36.73378372192383,
      "mid_to_side_loudness": -4.492084503173828,
      "mid_to_side_loudness_range": 10.453340530395508,
      "side_mean": -41.230987548828125
    },
    {
      "high_freq": 1457.5709228515625,
      "loudness": -43.6342658996582,
      "loudness_range": 20.520751953125,
      "low_freq": 794.6976318359375,
      "mid_mean": -41.70228958129883,
      "mid_to_side_loudness": -4.0796332359313965,
      "mid_to_side_loudness_range": 11.075716972351074,
      "side_mean": -45.798728942871094
    },
    {
      "high_freq": 2549.74365234375,
      "loudness": -41.741676330566406,
      "loudness_range": 25.729129791259766,
      "low_freq": 1457.5709228515625,
      "mid_mean": -39.3590202331543,
      "mid_to_side_loudness": -5.450313091278076,
      "mid_to_side_loudness_range": 11.139647483825684,
      "side_mean": -44.98444366455078
    },
    {
      "high_freq": 4349.24462890625,
      "loudness": -41.251243591308594,
      "loudness_range": 22.63746452331543,
      "low_freq": 2549.74365234375,
      "mid_mean": -38.59157180786133,
      "mid_to_side_loudness": -6.5979838371276855,
      "mid_to_side_loudness_range": 10.946126937866211,
      "side_mean": -45.34230422973633
    },
    {
      "high_freq": 7314.1640625,
      "loudness": -47.67384338378906,
      "loudness_range": 18.506465911865234,
      "low_freq": 4349.24462890625,
      "mid_mean": -45.6071891784668,
      "mid_to_side_loudness": -4.769689559936523,
      "mid_to_side_loudness_range": 12.1620454788208,
      "side_mean": -50.99836349487305
    },
    {
      "high_freq": 12199.2666015625,
      "loudness": -50.407325744628906,
      "loudness_range": 17.176773071289062,
      "low_freq": 7314.1640625,
      "mid_mean": -48.64109420776367,
      "mid_to_side_loudness": -5.390997409820557,
      "mid_to_side_loudness_range": 15.419157028198242,
      "side_mean": -54.5999870300293
    },
    {
      "loudness": -58.16194534301758,
      "loudness_range": 17.36166000366211,
      "low_freq": 12199.2666015625,
      "mid_mean": -56.808109283447266,
      "mid_to_side_loudness": -2.9085488319396973,
      "mid_to_side_loudness_range": 8.460935592651367,
      "side_mean": -59.193538665771484
    }
  ],
  "bands_short": [
    {
      "high_freq": 148.1999969482422,
      "loudness": -35.08567810058594,
      "loudness_range": 15.356035232543945,
      "mid_mean": -31.645980834960938,
      "mid_to_side_loudness": -21.319133758544922,
      "mid_to_side_loudness_range": 34.66311264038086,
      "side_mean": -56.01962661743164
    },
    {
      "high_freq": 392.3793640136719,
      "loudness": -34.06087875366211,
      "loudness_range": 12.59756851196289,
      "low_freq": 148.1999969482422,
      "mid_mean": -32.439552307128906,
      "mid_to_side_loudness": -4.646907806396484,
      "mid_to_side_loudness_range": 19.580169677734375,
      "side_mean": -37.33503341674805
    },
    {
      "high_freq": 794.6976318359375,
      "loudness": -39.61402893066406,
      "loudness_range": 18.360389709472656,
      "low_freq": 392.3793640136719,
      "mid_mean": -37.96192932128906,
      "mid_to_side_loudness": -3.9091858863830566,
      "mid_to_side_loudness_range": 14.134803771972656,
      "side_mean": -41.91820526123047
    },
    {
      "high_freq": 1457.5709228515625,
      "loudness": -43.70318603515625,
      "loudness_range": 22.49976921081543,
      "low_freq": 794.6976318359375,
      "mid_mean": -41.81464767456055,
      "mid_to_side_loudness": -4.3455705642700195,
      "mid_to_side_loudness_range": 13.117932319641113,
      "side_mean": -46.262916564941406
    },
    {
      "high_freq": 2549.74365234375,
      "loudness": -42.638492584228516,
      "loudness_range": 27.769081115722656,
      "low_freq": 1457.5709228515625,
      "mid_mean": -40.590003967285156,
      "mid_to_side_loudness": -4.963820934295654,
      "mid_to_side_loudness_range": 14.825506210327148,
      "side_mean": -45.912235260009766
    },
    {
      "high_freq": 4349.24462890625,
      "loudness": -42.140594482421875,
      "loudness_range": 25.42136573791504,
      "low_freq": 2549.74365234375,
      "mid_mean": -39.74140930175781,
      "mid_to_side_loudness": -6.116427421569824,
      "mid_to_side_loudness_range": 14.3558931350708,
      "side_mean": -46.223140716552734
    },
    {
      "high_freq": 7314.1640625,
      "loudness": -49.53553771972656,
      "loudness_range": 21.37749481201172,
      "low_freq": 4349.24462890625,
      "mid_mean": -47.7718505859375,
      "mid_to_side_loudness": -4.432330131530762,
      "mid_to_side_loudness_range": 12.607076644897461,
      "side_mean": -52.905269622802734
    },
    {
      "high_freq": 12199.2666015625,
      "loudness": -53.13559341430664,
      "loudness_range": 22.788650512695312,
      "low_freq": 7314.1640625,
      "mid_mean": -52.09859085083008,
      "mid_to_side_loudness": -5.840182781219482,
      "mid_to_side_loudness_range": 18.567331314086914,
      "side_mean": -57.767364501953125
    },
    {
      "loudness": -62.83741760253906,
      "loudness_range": 27.18016815185547,
      "low_freq": 12199.2666015625,
      "mid_mean": -60.18903732299805,
      "mid_to_side_loudness": -5.100562572479248,
      "mid_to_side_loudness_range": 16.409910202026367,
      "side_mean": -63.15785217285156
    }
  ],
  "bandwidth": 541.8916015625,
  "channels": 2,
  "covariance": [
    [
      18.074438095092773,
      13.904839515686035,
      7.565825462341309,
      6.678261756896973,
      7.375887870788574,
      7.439429759979248,
      7.353432655334473,
      6.915205478668213,
      3.571989059448242,
      2.632948160171509,
      3.4156887531280518,
      3.26407527923584,
      6.3913421630859375,
      5.557236671447754,
      6.8708038330078125,
      5.873656272888184,
      6.147189617156982,
      5.018606662750244
    ],
    [
      13.904839515686035,
      80.34835815429688,
      10.004678726196289,
      24.713186264038086,
      16.02985382080078,
      25.36377716064453,
      28.266016006469727,
      27.337047576904297,
      27.4201717376709,
      32.6759033203125,
      25.201719284057617,
      32.27029800415039,
      14.729514122009277,
      25.3596248626709,
      8.62557315826416,
      19.94779396057129,
      11.163614273071289,
      12.64015007019043
    ],
    [
      7.565825462341309,
      10.004678726196289,
      18.18808937072754,
      12.671537399291992,
      13.341967582702637,
      10.863293647766113,
      12.513532638549805,
      9.171663284301758,
      10.035917282104492,
      7.086081504821777,
      9.866888999938965,
      8.589567184448242,
      7.97268009185791,
      7.776263236999512,
      10.016420364379883,
      7.814152717590332,
      6.737728118896484,
      5.412633419036865
    ],
    [
      6.678261756896973,
      24.713186264038086,
      12.671537399291992,
      31.301254272460938,
      14.989901542663574,
      20.01951789855957,
      18.546648025512695,
      20.409414291381836,
      16.454313278198242,
      18.887887954711914,
      15.09843635559082,
      17.72576904296875,
      9.068010330200195,
      14.169486045837402,
      8.740833282470703,
      13.838957786560059,
      9.17112922668457,
      11.15241527557373
    ],
    [
      7.375887870788574,
      16.02985382080078,
      13.341967582702637,
      14.989901542663574,
      32.641056060791016,
      25.25977325439453,
      31.393491744995117,
      23.480558395385742,
      27.041046142578125,
      19.66484260559082,
      23.225154876708984,
      18.516149520874023,
      12.674596786499023,
      13.032898902893066,
      14.212233543395996,
      11.309830665588379,
      9.4905366897583,
      7.606411933898926
    ],
    [
      7.439429759979248,
      25.36377716064453,
      10.863293647766113,
      20.01951789855957,
      25.25977325439453,
      34.138824462890625,
      30.016122817993164,
      29.15967559814453,
      26.17997169494629,
      28.05001449584961,
      24.72203254699707,
      27.319496154785156,
      13.23288631439209,
      18.72386932373047,
      11.058351516723633,
      14.877838134765625,
      8.742794036865234,
      8.870248794555664
    ],
    [
      7.353432655334473,
      28.266016006469727,
      12.513532638549805,
      18.546648025512695,
      31.393491744995117,
      30.016122817993164,
      56.6190071105957,
      40.303592681884766,
      47.35952377319336,
      42.28641891479492,
      39.439369201660156,
      35.519195556640625,
      14.245909690856934,
      20.380083084106445,
      11.596957206726074,
      16.704143524169922,
      9.763270378112793,
      10.233076095581055
    ],
    [
      6.915205478668213,
      27.337047576904297,
      9.171663284301758,
      20.409414291381836,
      23.480558395385742,
      29.15967559814453,
      40.303592681884766,
      40.055625915527344,
      35.49501419067383,
      38.80004119873047,
      31.443687438964844,
      34.204795837402344,
      12.895174026489258,
      21.539743423461914,
      9.06224250793457,
      17.2143611907959,
      8.995536804199219,
      11.041226387023926
    ],
    [
      3.571989059448242,
      27.4201717376709,
      10.035917282104492,
      16.454313278198242,
      27.041046142578125,
      26.17997169494629,
      47.35952377319336,
      35.49501419067383,
      83.26915740966797,
      75.28999328613281,
      66.3614501953125,
      57.94827651977539,
      15.79820728302002,
      25.50605583190918,
      7.509566783905029,
      19.834033966064453,
      7.585400581359863,
      10.154211044311523
    ],
    [
      2.632948160171509,
      32.6759033203125,
      7.086081504821777,
      18.887887954711914,
      19.66484260559082,
      28.05001449584961,
      42.28641891479492,
      38.80004119873047,
      75.28999328613281,
      84.09764862060547,
      62.46837615966797,
      65.41341400146484,
      14.662007331848145,
      30.95393180847168,
      1.1457879543304443,
      23.48420524597168,
      6.663593292236328,
      12.116020202636719
    ],
    [
      3.4156887531280518,
      25.201719284057617,
      9.866888999938965,
      15.09843635559082,
      23.225154876708984,
      24.72203254699707,
      39.439369201660156,
      31.443687438964844,
      66.3614501953125,
      62.46837615966797,
      64.46861267089844,
      54.9154052734375,
      20.206010818481445,
      26.001462936401367,
      11.419865608215332,
      19.220935821533203,
      9.17337417602539,
      9.451570510864258
    ],
    [
      3.26407527923584,
      32.27029800415039,
      8.589567184448242,
      17.72576904296875,
      18.516149520874023,
      27.319496154785156,
      35.519195556640625,
      34.204795837402344,
      57.94827651977539,
      65.41341400146484,
      54.9154052734375,
      61.42776870727539,
      17.885509490966797,
      32.996734619140625,
      5.958734512329102,
      24.509309768676758,
      9.21666431427002,
      12.737031936645508
    ],
    [
      6.3913421630859375,
      14.729514122009277,
      7.97268009185791,
      9.068010330200195,
      12.674596786499023,
      13.23288631439209,
      14.245909690856934,
      12.895174026489258,
      15.79820728302002,
      14.662007331848145,
      20.206010818481445,
      17.885509490966797,
      44.25354766845703,
      26.667875289916992,
      37.43879318237305,
      22.42709732055664,
      25.49860382080078,
      15.674332618713379
    ],
    [
      5.557236671447754,
      25.3596248626709,
      7.776263236999512,
      14.169486045837402,
      13.032898902893066,
      18.72386932373047,
      20.380083084106445,
      21.539743423461914,
      25.50605583190918,
      30.95393180847168,
      26.001462936401367,
      32.996734619140625,
      26.667875289916992,
      42.96591567993164,
      20.45697021484375,
      37.486244201660156,
      27.59246063232422,
      28.196517944335938
    ],
    [
      6.8708038330078125,
      8.62557315826416,
      10.016420364379883,
      8.740833282470703,
      14.212233543395996,
      11.058351516723633,
      11.596957206726074,
      9.06224250793457,
      7.509566783905029,
      1.1457879543304443,
      11.419865608215332,
      5.958734512329102,
      37.43879318237305,
      20.45697021484375,
      46.340755462646484,
      21.596145629882812,
      29.94322395324707,
      18.12209129333496
    ],
    [
      5.873656272888184,
      19.94779396057129,
      7.814152717590332,
      13.838957786560059,
      11.309830665588379,
      14.877838134765625,
      16.704143524169922,
      17.2143611907959,
      19.834033966064453,
      23.48420524597168,
      19.220935821533203,
      24.509309768676758,
      22.42709732055664,
      37.486244201660156,
      21.596145629882812,
      41.48749923706055,
      32.60356903076172,
      36.690589904785156
    ],
    [
      6.147189617156982,
      11.163614273071289,
      6.737728118896484,
      9.17112922668457,
      9.4905366897583,
      8.742794036865234,
      9.763270378112793,
      8.995536804199219,
      7.585400581359863,
      6.663593292236328,
      9.17337417602539,
      9.21666431427002,
      25.49860382080078,
      27.59246063232422,
      29.94322395324707,
      32.60356903076172,
      37.24687957763672,
      33.05732345581055
    ],
    [
      5.018606662750244,
      12.64015007019043,
      5.412633419036865,
      11.15241527557373,
      7.606411933898926,
      8.870248794555664,
      10.233076095581055,
      11.041226387023926,
      10.154211044311523,
      12.116020202636719,
      9.451570510864258,
      12.737031936645508,
      15.674332618713379,
      28.196517944335938,
      18.12209129333496,
      36.690589904785156,
      33.05732345581055,
      40.902992248535156
    ]
  ],
  "covariance_short": [
    [
      44.949920654296875,
      8.914726257324219,
      13.008970260620117,
      6.517137050628662,
      6.1015238761901855,
      5.428936004638672,
      5.218900680541992,
      5.725225448608398,
      -0.679373025894165,
      -1.1387015581130981,
      -0.3507007658481598,
      0.4179832339286804,
      5.315395832061768,
      4.37003755569458,
      5.902760028839111,
      4.228033065795898,
      4.799327373504639,
      2.7197365760803223
    ],
    [
      8.914726257324219,
      81.57759094238281,
      14.945289611816406,
      35.213134765625,
      19.563495635986328,
      31.225418090820312,
      31.325542449951172,
      32.40766143798828,
      28.09233283996582,
      35.27280044555664,
      28.13098907470703,
      39.57471466064453,
      21.077159881591797,
      36.78019332885742,
      20.10799217224121,
      26.84498405456543,
      13.968221664428711,
      15.681866645812988
    ],
    [
      13.008970260620117,
      14.945289611816406,
      29.88434600830078,
      16.107654571533203,
      17.523290634155273,
      13.545162200927734,
      15.34802532196045,
      11.716883659362793,
      12.533929824829102,
      9.967968940734863,
      12.092756271362305,
      11.809094429016113,
      9.709176063537598,
      10.706192970275879,
      14.064132690429688,
      11.366390228271484,
      8.744338989257812,
      8.562840461730957
    ],
    [
      6.517137050628662,
      35.213134765625,
      16.107654571533203,
      51.49863815307617,
      22.39712905883789,
      32.86264419555664,
      26.906291961669922,
      29.786392211914062,
      20.344858169555664,
      25.692033767700195,
      19.74293327331543,
      25.939701080322266,
      14.427332878112793,
      21.447025299072266,
      13.237147331237793,
      17.851306915283203,
      10.487648010253906,
      12.443739891052246
    ],
    [
      6.1015238761901855,
      19.563495635986328,
      17.523290634155273,
      22.39712905883789,
      45.05086898803711,
      32.81906509399414,
      38.94990921020508,
      29.77344512939453,
      33.70209503173828,
      25.697134017944336,
      30.36666488647461,
      25.838499069213867,
      18.364166259765625,
      18.815513610839844,
      21.7161922454834,
      15.699167251586914,
      13.39315414428711,
      10.379435539245605
    ],
    [
      5.428936004638672,
      31.225418090820312,
      13.545162200927734,
      32.86264419555664,
      32.81906509399414,
      49.79914855957031,
      35.4384765625,
      37.48993682861328,
      28.547863006591797,
      34.24170684814453,
      28.21953582763672,
      34.720298767089844,
      19.874250411987305,
      26.663509368896484,
      17.280027389526367,
      21.191566467285156,
      12.938800811767578,
      13.046000480651855
    ],
    [
      5.218900680541992,
      31.325542449951172,
      15.34802532196045,
      26.906291961669922,
      38.94990921020508,
      35.4384765625,
      65.30754089355469,
      45.86354064941406,
      53.08396911621094,
      46.11854553222656,
      46.30449676513672,
      40.941287994384766,
      23.601842880249023,
      27.0450439453125,
      22.249502182006836,
      20.987289428710938,
      13.523115158081055,
      12.4583740234375
    ],
    [
      5.725225448608398,
      32.40766143798828,
      11.716883659362793,
      29.786392211914062,
      29.77344512939453,
      37.48993682861328,
      45.86354064941406,
      50.981754302978516,
      38.711830139160156,
      44.9248161315918,
      35.7007942199707,
      41.18367385864258,
      20.915302276611328,
      29.19199562072754,
      15.673258781433105,
      22.535869598388672,
      12.363061904907227,
      14.242630958557129
    ],
    [
      -0.679373025894165,
      28.09233283996582,
      12.533929824829102,
      20.344858169555664,
      33.70209503173828,
      28.547863006591797,
      53.08396911621094,
      38.711830139160156,
      96.19600677490234,
      78.45858001708984,
      77.64891052246094,
      63.88752746582031,
      30.834470748901367,
      34.003353118896484,
      20.905550003051758,
      25.4887752532959,
      11.137929916381836,
      13.878024101257324
    ],
    [
      -1.1387015581130981,
      35.27280044555664,
      9.967968940734863,
      25.692033767700195,
      25.697134017944336,
      34.24170684814453,
      46.11854553222656,
      44.9248161315918,
      78.45858001708984,
      93.43063354492188,
      67.82106018066406,
      74.13552856445312,
      28.570877075195312,
      42.20213317871094,
      12.728402137756348,
      31.650562286376953,
      10.087368965148926,
      18.23114585876465
    ],
    [
      -0.3507007658481598,
      28.13098907470703,
      12.092756271362305,
      19.74293327331543,
      30.36666488647461,
      28.21953582763672,
      46.30449676513672,
      35.7007942199707,
      77.64891052246094,
      67.82106018066406,
      81.28120422363281,
      62.64879608154297,
      37.623470306396484,
      37.034889221191406,
      27.35502052307129,
      27.710620880126953,
      16.040668487548828,
      15.334447860717773
    ],
    [
      0.4179832339286804,
      39.57471466064453,
      11.809094429016113,
      25.939701080322266,
      25.838499069213867,
      34.720298767089844,
      40.941287994384766,
      41.18367385864258,
      63.88752746582031,
      74.13552856445312,
      62.64879608154297,
      75.72216796875,
      32.77583312988281,
      48.3160400390625,
      19.416017532348633,
      37.24370193481445,
      15.952980041503906,
      22.818798065185547
    ],
    [
      5.315395832061768,
      21.077159881591797,
      9.709176063537598,
      14.427332878112793,
      18.364166259765625,
      19.874250411987305,
      23.601842880249023,
      20.915302276611328,
      30.834470748901367,
      28.570877075195312,
      37.623470306396484,
      32.77583312988281,
      61.2930908203125,
      43.92625427246094,
      55.882232666015625,
      39.91667938232422,
      40.75632858276367,
      27.996047973632812
    ],
    [
      4.37003755569458,
      36.78019332885742,
      10.706192970275879,
      21.447025299072266,
      18.815513610839844,
      26.663509368896484,
      27.0450439453125,
      29.19199562072754,
      34.003353118896484,
      42.20213317871094,
      37.034889221191406,
      48.3160400390625,
      43.92625427246094,
      65.40493774414062,
      42.808406829833984,
      57.82957077026367,
      38.142333984375,
      42.38265609741211
    ],
    [
      5.902760028839111,
      20.10799217224121,
      14.064132690429688,
      13.237147331237793,
      21.7161922454834,
      17.280027389526367,
      22.249502182006836,
      15.673258781433105,
      20.905550003051758,
      12.728402137756348,
      27.35502052307129,
      19.416017532348633,
      55.882232666015625,
      42.808406829833984,
      79.54639434814453,
      46.19989776611328,
      55.23487854003906,
      35.585113525390625
    ],
    [
      4.228033065795898,
      26.84498405456543,
      11.366390228271484,
      17.851306915283203,
      15.699167251586914,
      21.191566467285156,
      20.987289428710938,
      22.535869598388672,
      25.4887752532959,
      31.650562286376953,
      27.710620880126953,
      37.24370193481445,
      39.91667938232422,
      57.82957077026367,
      46.19989776611328,
      64.66348266601562,
      46.80393981933594,
      53.73215866088867
    ],
    [
      4.799327373504639,
      13.968221664428711,
      8.744338989257812,
      10.487648010253906,
      13.39315414428711,
      12.938800811767578,
      13.523115158081055,
      12.363061904907227,
      11.137929916381836,
      10.087368965148926,
      16.040668487548828,
      15.952980041503906,
      40.75632858276367,
      38.142333984375,
      55.23487854003906,
      46.80393981933594,
      55.3986930847168,
      45.85545349121094
    ],
    [
      2.7197365760803223,
      15.681866645812988,
      8.562840461730957,
      12.443739891052246,
      10.379435539245605,
      13.046000480651855,
      12.4583740234375,
      14.242630958557129,
      13.878024101257324,
      18.23114585876465,
      15.334447860717773,
      22.818798065185547,
      27.996047973632812,
      42.38265609741211,
      35.585113525390625,
      53.73215866088867,
      45.85545349121094,
      55.92512893676758
    ]
  ],
  "damage": -18.182552337646484,
  "diff_bandwidth": 654.1342163085938,
  "dissonance": 7.625507127561244,
  "drr": 14.426187515258789,
  "dynamics": 3.1094326972961426,
  "format": 1245190,
  "frames": 8723196,
  "freq_pan_to_db": [
    [
      -44.38402557373047,
      -41.15398025512695,
      -33.208866119384766,
      -30.21968650817871,
      -27.51112174987793,
      -26.91577911376953,
      -29.50552749633789,
      -31.6644287109375,
      -34.076026916503906,
      -38.84415817260742,
      -43.79132080078125
    ],
    [
      -28.529850006103516,
      -27.959020614624023,
      -27.006620407104492,
      -25.086654663085938,
      -21.94296646118164,
      -20.318981170654297,
      -22.50815773010254,
      -25.328472137451172,
      -28.000398635864258,
      -30.131996154785156,
      -31.05559539794922
    ],
    [
      -24.416473388671875,
      -24.184003829956055,
      -24.23580551147461,
      -23.748491287231445,
      -23.6695556640625,
      -22.721670150756836,
      -23.107730865478516,
      -24.099088668823242,
      -24.411645889282227,
      -25.26890754699707,
      -24.634645462036133
    ],
    [
      -27.445158004760742,
      -25.762922286987305,
      -26.07261085510254,
      -26.242900848388672,
      -26.84120750427246,
      -26.181665420532227,
      -26.775405883789062,
      -27.47723388671875,
      -27.751195907592773,
      -27.51866912841797,
      -27.082117080688477
    ],
    [
      -27.814769744873047,
      -27.652978897094727,
      -27.703462600708008,
      -28.295705795288086,
      -28.583438873291016,
      -28.28980255126953,
      -28.440519332885742,
      -27.88825225830078,
      -27.84368324279785,
      -27.868175506591797,
      -27.988527297973633
    ],
    [
      -28.0366268157959,
      -27.899932861328125,
      -27.16834259033203,
      -27.286983489990234,
      -26.818851470947266,
      -26.740554809570312,
      -27.03485107421875,
      -27.32520866394043,
      -28.13617515563965,
      -28.371238708496094,
      -29.135683059692383
    ],
    [
      -29.617809295654297,
      -28.765527725219727,
      -27.812654495239258,
      -27.326086044311523,
      -27.388273239135742,
      -27.444931030273438,
      -27.80945587158203,
      -27.97146224975586,
      -28.37819480895996,
      -29.289548873901367,
      -30.084152221679688
    ],
    [
      -30.534997940063477,
      -30.93218421936035,
      -30.480159759521484,
      -29.84345054626465,
      -28.546194076538086,
      -27.539180755615234,
      -28.531221389770508,
      -29.725683212280273,
      -30.48956298828125,
      -30.316341400146484,
      -28.928300857543945
    ],
    [
      -32.8975944519043,
      -31.819610595703125,
      -31.733842849731445,
      -30.99092674255371,
      -29.5456600189209,
      -29.32244873046875,
      -30.17460060119629,
      -31.606225967407227,
      -32.167964935302734,
      -32.08776092529297,
      -30.86726188659668
    ],
    [
      -31.219717025756836,
      -30.531719207763672,
      -32.02147674560547,
      -30.974956512451172,
      -30.281503677368164,
      -29.891613006591797,
      -30.16816520690918,
      -30.88695526123047,
      -30.89145278930664,
      -31.33124542236328,
      -30.183311462402344
    ],
    [
      -31.134645462036133,
      -31.335521697998047,
      -32.765174865722656,
      -32.830810546875,
      -32.176273345947266,
      -30.47509765625,
      -31.051666259765625,
      -32.18340301513672,
      -32.19630432128906,
      -32.18461990356445,
      -31.58432388305664
    ],
    [
      -33.15221405029297,
      -35.42862319946289,
      -35.38567352294922,
      -33.993995666503906,
      -33.07073211669922,
      -31.566871643066406,
      -34.19737243652344,
      -35.55236053466797,
      -35.09467697143555,
      -34.98445129394531,
      -34.13151931762695
    ],
    [
      -36.058204650878906,
      -37.02214050292969,
      -37.57651901245117,
      -35.52216339111328,
      -33.66059112548828,
      -31.767108917236328,
      -34.597164154052734,
      -35.57002258300781,
      -36.27391815185547,
      -37.234107971191406,
      -37.657440185546875
    ],
    [
      -34.35075759887695,
      -37.243228912353516,
      -36.73515701293945,
      -33.9639778137207,
      -32.23944091796875,
      -31.59327507019043,
      -34.829002380371094,
      -36.676570892333984,
      -37.87083053588867,
      -36.64411163330078,
      -34.61452102661133
    ],
    [
      -33.9126091003418,
      -35.65616226196289,
      -37.17870330810547,
      -37.19398880004883,
      -35.81370162963867,
      -32.1753044128418,
      -34.53438949584961,
      -38.28098678588867,
      -38.338340759277344,
      -38.33938217163086,
      -36.41743087768555
    ],
    [
      -35.305057525634766,
      -37.677040100097656,
      -38.92250442504883,
      -39.03541564941406,
      -36.14098358154297,
      -33.06814956665039,
      -35.25023651123047,
      -37.920284271240234,
      -38.47457504272461,
      -38.60411071777344,
      -37.62546920776367
    ],
    [
      -36.35475540161133,
      -37.9752311706543,
      -40.87577819824219,
      -39.9110107421875,
      -36.80202102661133,
      -35.742156982421875,
      -38.998291015625,
      -40.261375427246094,
      -38.57637405395508,
      -37.22284698486328,
      -36.11345291137695
    ],
    [
      -36.244789123535156,
      -36.664188385009766,
      -39.19440841674805,
      -40.58456039428711,
      -39.33310317993164,
      -35.67930603027344,
      -39.388309478759766,
      -40.23259353637695,
      -38.776344299316406,
      -37.21495056152344,
      -36.081478118896484
    ],
    [
      -37.26022720336914,
      -37.57344436645508,
      -39.37906265258789,
      -41.65437698364258,
      -38.12388229370117,
      -36.022666931152344,
      -39.10523223876953,
      -39.62919616699219,
      -36.98356628417969,
      -38.41231155395508,
      -38.66612243652344
    ],
    [
      -33.24815368652344,
      -34.69770431518555,
      -35.4591064453125,
      -36.07145690917969,
      -34.886470794677734,
      -34.8223991394043,
      -35.83500289916992,
      -35.32316970825195,
      -35.742313385009766,
      -36.30632019042969,
      -38.965606689453125
    ],
    [
      -32.33544158935547,
      -34.33075714111328,
      -32.93245315551758,
      -34.4766731262207,
      -34.77391052246094,
      -35.36277389526367,
      -33.91874694824219,
      -34.714969635009766,
      -35.0953483581543,
      -34.67264175415039,
      -32.404850006103516
    ],
    [
      -31.302589416503906,
      -34.948822021484375,
      -35.45820617675781,
      -34.51747131347656,
      -35.04373550415039,
      -36.430545806884766,
      -34.66546630859375,
      -34.835853576660156,
      -35.36719512939453,
      -33.89024353027344,
      -29.003007888793945
    ],
    [
      -29.654558181762695,
      -33.910953521728516,
      -35.16107940673828,
      -35.755645751953125,
      -34.172359466552734,
      -35.21929931640625,
      -34.83514404296875,
      -36.17690658569336,
      -34.68869400024414,
      -34.589847564697266,
      -29.500534057617188
    ],
    [
      -31.63090705871582,
      -35.220252990722656,
      -36.46995544433594,
      -36.18681716918945,
      -36.058101654052734,
      -35.44662857055664,
      -35.44218444824219,
      -37.435794830322266,
      -37.151573181152344,
      -36.43851089477539,
      -35.509796142578125
    ],
    [
      -42.13317108154297,
      -40.79307174682617,
      -39.35395431518555,
      -37.88389587402344,
      -36.329524993896484,
      -35.1187858581543,
      -35.58636474609375,
      -37.4647102355957,
      -39.64189529418945,
      -41.48480224609375,
      -39.894344329833984
    ],
    [
      -33.26795196533203,
      -41.846588134765625,
      -42.08395004272461,
      -41.22126770019531,
      -39.8067741394043,
      -39.02294158935547,
      -39.1612434387207,
      -40.62619400024414,
      -41.58576965332031,
      -43.04722595214844,
      -41.01157760620117
    ],
    [
      -37.1273307800293,
      -40.198055267333984,
      -40.11566162109375,
      -40.97892379760742,
      -40.10108947753906,
      -39.338809967041016,
      -39.09573745727539,
      -40.617774963378906,
      -40.038116455078125,
      -39.162986755371094,
      -37.07047653198242
    ],
    [
      -44.82278823852539,
      -44.476688385009766,
      -44.60533905029297,
      -43.8914680480957,
      -43.16278839111328,
      -41.88243865966797,
      -43.27031707763672,
      -43.95689392089844,
      -44.48704528808594,
      -43.581111907958984,
      -47.07533645629883
    ],
    [
      -55.84406661987305,
      -46.70357894897461,
      -47.67889404296875,
      -48.051937103271484,
      -47.718116760253906,
      -44.843177795410156,
      -47.5665397644043,
      -47.702369689941406,
      -47.705589294433594,
      -48.26060485839844,
      -49.9435920715332
    ],
    [
      -45.19900131225586,
      -49.1049690246582,
      -49.11876678466797,
      -49.12409210205078,
      -49.09794998168945,
      -42.632354736328125,
      -48.90354537963867,
      -49.16529846191406,
      -49.396785736083984,
      -49.31288528442383,
      -46.12297439575195
    ],
    [
      -54.081932067871094,
      -47.80747985839844,
      -49.1686897277832,
      -50.30988693237305,
      -50.033546447753906,
      -42.104408264160156,
      -50.112586975097656,
      -49.981685638427734,
      -49.75883865356445,
      -48.66231155395508,
      -51.458709716796875
    ],
    [
      -54.019439697265625,
      -48.864444732666016,
      -49.887332916259766,
      -51.03998947143555,
      -51.512786865234375,
      -44.79468536376953,
      -51.518123626708984,
      -51.582462310791016,
      -51.530418395996094,
      -47.10480499267578,
      -59.843631744384766
    ],
    [
      -56.986324310302734,
      -52.74308776855469,
      -49.96987533569336,
      -51.65092468261719,
      -52.32379913330078,
      -46.74930191040039,
      -52.40111541748047,
      -52.11605453491211,
      -52.64226531982422,
      -58.42848587036133,
      -370
    ],
    [
      -62.789710998535156,
      -52.72179412841797,
      -49.7612419128418,
      -51.23804473876953,
      -51.61425018310547,
      -47.08594512939453,
      -52.58977127075195,
      -53.11367416381836,
      -52.0115966796875,
      -56.70010757446289,
      -370
    ],
    [
      -50.3430061340332,
      -46.799964904785156,
      -49.691314697265625,
      -52.27041244506836,
      -52.2546272277832,
      -45.89109420776367,
      -51.52886199951172,
      -51.76298904418945,
      -53.11852264404297,
      -50.308570861816406,
      -48.51251983642578
    ],
    [
      -68.27274322509766,
      -44.20433807373047,
      -49.523162841796875,
      -54.506649017333984,
      -55.473331451416016,
      -48.4638786315918,
      -52.167606353759766,
      -50.825077056884766,
      -50.08944320678711,
      -47.6755485534668,
      -370
    ],
    [
      -43.717037200927734,
      -46.17849349975586,
      -51.424400329589844,
      -54.23802185058594,
      -55.8226432800293,
      -52.31631088256836,
      -54.1749153137207,
      -53.196712493896484,
      -53.30413055419922,
      -52.87388229370117,
      -370
    ],
    [
      -43.6710090637207,
      -45.38817596435547,
      -51.91425323486328,
      -56.06840896606445,
      -57.043861389160156,
      -55.34096145629883,
      -55.408504486083984,
      -55.23260498046875,
      -55.47663879394531,
      -55.359867095947266,
      -370
    ],
    [
      -44.1309814453125,
      -47.554840087890625,
      -53.00421905517578,
      -58.24340057373047,
      -57.54536056518555,
      -57.2088623046875,
      -55.496334075927734,
      -54.661720275878906,
      -55.48188018798828,
      -55.462581634521484,
      -370
    ],
    [
      -50.03373718261719,
      -49.68805694580078,
      -53.56099319458008,
      -58.89689254760742,
      -59.982704162597656,
      -59.99694061279297,
      -55.73149871826172,
      -53.86883544921875,
      -53.58973693847656,
      -53.38821029663086,
      -370
    ],
    [
      -370,
      -49.45653533935547,
      -54.49929428100586,
      -59.2069091796875,
      -62.354705810546875,
      -63.40576934814453,
      -57.85457229614258,
      -56.41426086425781,
      -55.0113410949707,
      -57.87363815307617,
      -54.10469436645508
    ],
    [
      -370,
      -54.510562896728516,
      -55.758853912353516,
      -59.849700927734375,
      -65.19660186767578,
      -67.01288604736328,
      -60.19422912597656,
      -55.87143325805664,
      -54.166725158691406,
      -56.46807861328125,
      -63.116512298583984
    ]
  ],
  "histogram": [
    {
      "db": -70,
      "frequency": 2
    },
    {
      "db": -69,
      "frequency": 0
    },
    {
      "db": -68,
      "frequency": 1
    },
    {
      "db": -67,
      "frequency": 2
    },
    {
      "db": -66,
      "frequency": 1
    },
    {
      "db": -65,
      "frequency": 1
    },
    {
      "db": -64,
      "frequency": 1
    },
    {
      "db": -63,
      "frequency": 0
    },
    {
      "db": -62,
      "frequency": 1
    },
    {
      "db": -61,
      "frequency": 2
    },
    {
      "db": -60,
      "frequency": 1
    },
    {
      "db": -59,
      "frequency": 2
    },
    {
      "db": -58,
      "frequency": 1
    },
    {
      "db": -57,
      "frequency": 0
    },
    {
      "db": -56,
      "frequency": 1
    },
    {
      "db": -55,
      "frequency": 3
    },
    {
      "db": -54,
      "frequency": 3
    },
    {
      "db": -53,
      "frequency": 2
    },
    {
      "db": -52,
      "frequency": 2
    },
    {
      "db": -51,
      "frequency": 3
    },
    {
      "db": -50,
      "frequency": 1
    },
    {
      "db": -49,
      "frequency": 2
    },
    {
      "db": -48,
      "frequency": 2
    },
    {
      "db": -47,
      "frequency": 6
    },
    {
      "db": -46,
      "frequency": 2
    },
    {
      "db": -45,
      "frequency": 1
    },
    {
      "db": -44,
      "frequency": 7
    },
    {
      "db": -43,
      "frequency": 2
    },
    {
      "db": -42,
      "frequency": 9
    },
    {
      "db": -41,
      "frequency": 5
    },
    {
      "db": -40,
      "frequency": 6
    },
    {
      "db": -39,
      "frequency": 12
    },
    {
      "db": -38,
      "frequency": 3
    },
    {
      "db": -37,
      "frequency": 6
    },
    {
      "db": -36,
      "frequency": 2
    },
    {
      "db": -35,
      "frequency": 9
    },
    {
      "db": -34,
      "frequency": 5
    },
    {
      "db": -33,
      "frequency": 9
    },
    {
      "db": -32,
      "frequency": 6
    },
    {
      "db": -31,
      "frequency": 30
    },
    {
      "db": -30,
      "frequency": 22
    },
    {
      "db": -29,
      "frequency": 51
    },
    {
      "db": -28,
      "frequency": 102
    },
    {
      "db": -27,
      "frequency": 169
    },
    {
      "db": -26,
      "frequency": 284
    },
    {
      "db": -25,
      "frequency": 306
    },
    {
      "db": -24,
      "frequency": 188
    },
    {
      "db": -23,
      "frequency": 166
    },
    {
      "db": -22,
      "frequency": 205
    },
    {
      "db": -21,
      "frequency": 210
    },
    {
      "db": -20,
      "frequency": 78
    },
    {
      "db": -19,
      "frequency": 23
    },
    {
      "db": -18,
      "frequency": 1
    },
    {
      "db": -17,
      "frequency": 0
    },
    {
      "db": -16,
      "frequency": 0
    },
    {
      "db": -15,
      "frequency": 0
    },
    {
      "db": -14,
      "frequency": 0
    },
    {
      "db": -13,
      "frequency": 0
    },
    {
      "db": -12,
      "frequency": 0
    },
    {
      "db": -11,
      "frequency": 0
    },
    {
      "db": -10,
      "frequency": 0
    },
    {
      "db": -9,
      "frequency": 0
    },
    {
      "db": -8,
      "frequency": 0
    },
    {
      "db": -7,
      "frequency": 0
    },
    {
      "db": -6,
      "frequency": 0
    },
    {
      "db": -5,
      "frequency": 0
    },
    {
      "db": -4,
      "frequency": 0
    },
    {
      "db": -3,
      "frequency": 0
    },
    {
      "db": -2,
      "frequency": 0
    },
    {
      "db": -1,
      "frequency": 0
    },
    {
      "db": 0,
      "frequency": 0
    },
    {
      "db": 1,
      "frequency": 0
    },
    {
      "db": 2,
      "frequency": 0
    },
    {
      "db": 3,
      "frequency": 0
    },
    {
      "db": 4,
      "frequency": 0
    },
    {
      "db": 5,
      "frequency": 0
    },
    {
      "db": 6,
      "frequency": 0
    },
    {
      "db": 7,
      "frequency": 0
    },
    {
      "db": 8,
