{
  "acoustic_entropy": 207.6763458251953,
  "bands": [
    {
      "high_freq": 148.1999969482422,
      "loudness": -35.903724670410156,
      "loudness_range": 14.504173278808594,
      "mid_mean": -32.29603576660156,
      "mid_to_side_loudness": -32.616310119628906,
      "mid_to_side_loudness_range": 26.28812599182129,
      "side_mean": -63.695072174072266
    },
    {
      "high_freq": 392.3793640136719,
      "loudness": -34.34828567504883,
      "loudness_range": 12.271478652954102,
      "low_freq": 148.1999969482422,
      "mid_mean": -31.008865356445312,
      "mid_to_side_loudness": -12.857813835144043,
      "mid_to_side_loudness_range": 14.212953567504883,
      "side_mean": -43.852439880371094
    },
    {
      "high_freq": 794.6976318359375,
      "loudness": -35.87419509887695,
      "loudness_range": 16.102998733520508,
      "low_freq": 392.3793640136719,
      "mid_mean": -33.020477294921875,
      "mid_to_side_loudness": -8.441948890686035,
      "mid_to_side_loudness_range": 13.854886054992676,
      "side_mean": -41.35293197631836
    },
    {
      "high_freq": 1457.5709228515625,
      "loudness": -37.747554779052734,
      "loudness_range": 21.709205627441406,
      "low_freq": 794.6976318359375,
      "mid_mean": -35.51070022583008,
      "mid_to_side_loudness": -6.089456081390381,
      "mid_to_side_loudness_range": 15.285611152648926,
      "side_mean": -41.0640983581543
    },
    {
      "high_freq": 2549.74365234375,
      "loudness": -41.5521125793457,
      "loudness_range": 20.038331985473633,
      "low_freq": 1457.5709228515625,
      "mid_mean": -38.99835205078125,
      "mid_to_side_loudness": -6.78728723526001,
      "mid_to_side_loudness_range": 11.6260986328125,
      "side_mean": -45.17113494873047
    },
    {
      "high_freq": 4349.24462890625,
      "loudness": -43.32060241699219,
      "loudness_range": 19.880592346191406,
      "low_freq": 2549.74365234375,
      "mid_mean": -40.76155471801758,
      "mid_to_side_loudness": -6.507951259613037,
      "mid_to_side_loudness_range": 10.323816299438477,
      "side_mean": -47.06312561035156
    },
    {
      "high_freq": 7314.1640625,
      "loudness": -44.856048583984375,
      "loudness_range": 19.701358795166016,
      "low_freq": 4349.24462890625,
      "mid_mean": -42.74512481689453,
      "mid_to_side_loudness": -5.750997543334961,
      "mid_to_side_loudness_range": 10.517203330993652,
      "side_mean": -48.6328010559082
    },
    {
      "high_freq": 12199.2666015625,
      "loudness": -46.7337646484375,
      "loudness_range": 16.43313980102539,
      "low_freq": 7314.1640625,
      "mid_mean": -44.711090087890625,
      "mid_to_side_loudness": -5.078615188598633,
      "mid_to_side_loudness_range": 7.047658443450928,
      "side_mean": -51.715213775634766
    },
    {
      "loudness": -53.69718933105469,
      "loudness_range": 16.337356567382812,
      "low_freq": 12199.2666015625,
      "mid_mean": -53.531864166259766,
      "mid_to_side_loudness": -4.072451591491699,
      "mid_to_side_loudness_range": 4.5764007568359375,
      "side_mean": -57.024131774902344
    }
  ],
  "bands_short": [
    {
      "high_freq": 148.1999969482422,
      "loudness": -37.73334884643555,
      "loudness_range": 18.024612426757812,
      "mid_mean": -34.561649322509766,
      "mid_to_side_loudness": -33.913780212402344,
      "mid_to_side_loudness_range": 32.19473648071289,
      "side_mean": -66.21438598632812
    },
    {
      "high_freq": 392.3793640136719,
      "loudness": -34.59845733642578,
      "loudness_range": 14.587535858154297,
      "low_freq": 148.1999969482422,
      "mid_mean": -31.258689880371094,
      "mid_to_side_loudness": -13.867591857910156,
      "mid_to_side_loudness_range": 16.848648071289062,
      "side_mean": -45.13059616088867
    },
    {
      "high_freq": 794.6976318359375,
      "loudness": -36.2872200012207,
      "loudness_range": 18.028087615966797,
      "low_freq": 392.3793640136719,
      "mid_mean": -33.549068450927734,
      "mid_to_side_loudness": -8.321569442749023,
      "mid_to_side_loudness_range": 15.185273170471191,
      "side_mean": -41.85609817504883
    },
    {
      "high_freq": 1457.5709228515625,
      "loudness": -38.23175811767578,
      "loudness_range": 23.235715866088867,
      "low_freq": 794.6976318359375,
      "mid_mean": -36.257686614990234,
      "mid_to_side_loudness": -5.718067169189453,
      "mid_to_side_loudness_range": 16.642547607421875,
      "side_mean": -41.522193908691406
    },
    {
      "high_freq": 2549.74365234375,
      "loudness": -42.699588775634766,
      "loudness_range": 23.098159790039062,
      "low_freq": 1457.5709228515625,
      "mid_mean": -40.21146774291992,
      "mid_to_side_loudness": -6.880688190460205,
      "mid_to_side_loudness_range": 13.261704444885254,
      "side_mean": -46.79653549194336
    },
    {
      "high_freq": 4349.24462890625,
      "loudness": -44.459800720214844,
      "loudness_range": 23.37493133544922,
      "low_freq": 2549.74365234375,
      "mid_mean": -42.004669189453125,
      "mid_to_side_loudness": -6.636701583862305,
      "mid_to_side_loudness_range": 11.71285629272461,
      "side_mean": -48.655887603759766
    },
    {
      "high_freq": 7314.1640625,
      "loudness": -46.7003059387207,
      "loudness_range": 25.406078338623047,
      "low_freq": 4349.24462890625,
      "mid_mean": -44.751136779785156,
      "mid_to_side_loudness": -5.961978435516357,
      "mid_to_side_loudness_range": 12.6812744140625,
      "side_mean": -51.57278060913086
    },
    {
      "high_freq": 12199.2666015625,
      "loudness": -49.20353698730469,
      "loudness_range": 23.99494171142578,
      "low_freq": 7314.1640625,
      "mid_mean": -50.105987548828125,
      "mid_to_side_loudness": -5.463903427124023,
      "mid_to_side_loudness_range": 9.445520401000977,
      "side_mean": -54.961631774902344
    },
    {
      "loudness": -57.54865264892578,
      "loudness_range": 26.827129364013672,
      "low_freq": 12199.2666015625,
      "mid_mean": -57.26076889038086,
      "mid_to_side_loudness": -4.873166561126709,
      "mid_to_side_loudness_range": 8.657584190368652,
      "side_mean": -60.842552185058594
    }
  ],
  "bandwidth": 619.9532470703125,
  "channels": 2,
  "covariance": [
    [
      34.662620544433594,
      10.6014404296875,
      12.076977729797363,
      11.789043426513672,
      8.519482612609863,
      17.500106811523438,
      15.672252655029297,
      22.98120880126953,
      11.802675247192383,
      12.462011337280273,
      16.2441349029541,
      17.403871536254883,
      16.36825180053711,
      20.75013542175293,
      9.959722518920898,
      21.698917388916016,
      17.14289665222168,
      14.878806114196777
    ],
    [
      10.6014404296875,
      25.061168670654297,
      8.62392807006836,
      15.793298721313477,
      11.98091983795166,
      16.745189666748047,
      18.509035110473633,
      21.226890563964844,
      16.97791290283203,
      15.857015609741211,
      16.327035903930664,
      16.818214416503906,
      10.921374320983887,
      12.657275199890137,
      1.4807461500167847,
      9.751184463500977,
      4.402902126312256,
      4.479338645935059
    ],
    [
      12.076977729797363,
      8.62392807006836,
      21.911062240600586,
      18.30156898498535,
      12.874495506286621,
      17.96411895751953,
      14.651627540588379,
      16.8118896484375,
      16.036901473999023,
      14.030988693237305,
      17.169269561767578,
      18.66274070739746,
      13.247232437133789,
      15.926103591918945,
      6.350466728210449,
      16.444175720214844,
      13.30228328704834,
      11.8094482421875
    ],
    [
      11.789043426513672,
      15.793298721313477,
      18.30156898498535,
      37.5823860168457,
      20.246524810791016,
      32.31011199951172,
      24.108701705932617,
      32.08261489868164,
      25.48750877380371,
      25.345544815063477,
      23.376598358154297,
      29.40084457397461,
      13.690133094787598,
      18.76213836669922,
      1.8794841766357422,
      14.466414451599121,
      6.073080062866211,
      7.5132670402526855
    ],
    [
      8.519482612609863,
      11.98091983795166,
      12.874495506286621,
      20.246524810791016,
      35.90330123901367,
      30.615385055541992,
      32.65586471557617,
      28.76841163635254,
      32.443241119384766,
      24.121906280517578,
      30.2869815826416,
      26.232812881469727,
      21.24013328552246,
      19.752599716186523,
      8.189505577087402,
      17.519554138183594,
      12.51850700378418,
      10.970561027526855
    ],
    [
      17.500106811523438,
      16.745189666748047,
      17.96411895751953,
      32.31011199951172,
      30.615385055541992,
      50.60670852661133,
      37.781620025634766,
      49.269798278808594,
      34.039695739746094,
      34.066619873046875,
      32.04692459106445,
      38.25751876831055,
      22.65056800842285,
      30.718246459960938,
      6.879601955413818,
      26.651063919067383,
      16.880002975463867,
      16.69817543029785
    ],
    [
      15.672252655029297,
      18.509035110473633,
      14.651627540588379,
      24.108701705932617,
      32.65586471557617,
      37.781620025634766,
      60.19813919067383,
      54.42961883544922,
      43.048095703125,
      35.269775390625,
      41.496768951416016,
      37.90503692626953,
      29.175920486450195,
      30.542354583740234,
      8.593951225280762,
      23.786203384399414,
      14.880532264709473,
      13.430034637451172
    ],
    [
      22.98120880126953,
      21.226890563964844,
      16.8118896484375,
      32.08261489868164,
      28.76841163635254,
      49.269798278808594,
      54.42961883544922,
      81.1443862915039,
      40.32732391357422,
      45.07420349121094,
      38.67845916748047,
      44.5709114074707,
      25.523584365844727,
      36.842124938964844,
      6.1903977394104,
      26.333528518676758,
      12.465767860412598,
      13.921785354614258
    ],
    [
      11.802675247192383,
      16.97791290283203,
      16.036901473999023,
      25.48750877380371,
      32.443241119384766,
      34.039695739746094,
      43.048095703125,
      40.32732391357422,
      52.90998077392578,
      39.064353942871094,
      45.46961975097656,
      40.03704071044922,
      33.89834213256836,
      32.24288558959961,
      13.585087776184082,
      26.88739585876465,
      18.70018768310547,
      16.079689025878906
    ],
    [
      12.462011337280273,
      15.857015609741211,
      14.030988693237305,
      25.345544815063477,
      24.121906280517578,
      34.066619873046875,
      35.269775390625,
      45.07420349121094,
      39.064353942871094,
      47.44575881958008,
      34.99689865112305,
      40.61031723022461,
      26.778112411499023,
      34.1929931640625,
      11.534366607666016,
      24.431659698486328,
      13.731350898742676,
      14.774282455444336
    ],
    [
      16.2441349029541,
      16.327035903930664,
      17.169269561767578,
      23.376598358154297,
      30.2869815826416,
      32.04692459106445,
      41.496768951416016,
      38.67845916748047,
      45.46961975097656,
      34.99689865112305,
      52.93987274169922,
      46.0958137512207,
      41.37223815917969,
      40.55805587768555,
      20.096860885620117,
      36.015830993652344,
      26.040382385253906,
      22.2567138671875
    ],
    [
      17.403871536254883,
      16.818214416503906,
      18.66274070739746,
      29.40084457397461,
      26.232812881469727,
      38.25751876831055,
      37.90503692626953,
      44.5709114074707,
      40.03704071044922,
      40.61031723022461,
      46.0958137512207,
      56.07088088989258,
      38.517845153808594,
      48.720848083496094,
      19.001508712768555,
      42.48578643798828,
      27.85070037841797,
      26.911386489868164
    ],
    [
      16.36825180053711,
      10.921374320983887,
      13.247232437133789,
      13.690133094787598,
      21.24013328552246,
      22.65056800842285,
      29.175920486450195,
      25.523584365844727,
      33.89834213256836,
      26.778112411499023,
      41.37223815917969,
      38.517845153808594,
      55.24629592895508,
      46.73640060424805,
      36.096336364746094,
      44.9123649597168,
      39.347434997558594,
      32.06196594238281
    ],
    [
      20.75013542175293,
      12.657275199890137,
      15.926103591918945,
      18.76213836669922,
      19.752599716186523,
      30.718246459960938,
      30.542354583740234,
      36.842124938964844,
      32.24288558959961,
      34.1929931640625,
      40.55805587768555,
      48.720848083496094,
      46.73640060424805,
      61.5184326171875,
      30.90683364868164,
      56.897682189941406,
      44.21546936035156,
      40.84252166748047
    ],
    [
      9.959722518920898,
      1.4807461500167847,
      6.350466728210449,
      1.8794841766357422,
      8.189505577087402,
      6.879601955413818,
      8.593951225280762,
      6.1903977394104,
      13.585087776184082,
      11.534366607666016,
      20.096860885620117,
      19.001508712768555,
      36.096336364746094,
      30.90683364868164,
      45.561405181884766,
      36.782222747802734,
      38.256126403808594,
      31.354318618774414
    ],
    [
      21.698917388916016,
      9.751184463500977,
      16.444175720214844,
      14.466414451599121,
      17.519554138183594,
      26.651063919067383,
      23.786203384399414,
      26.333528518676758,
      26.88739585876465,
      24.431659698486328,
      36.015830993652344,
      42.48578643798828,
      44.9123649597168,
      56.897682189941406,
      36.782222747802734,
      71.95741271972656,
      63.187538146972656,
      56.14287185668945
    ],
    [
      17.14289665222168,
      4.402902126312256,
      13.30228328704834,
      6.073080062866211,
      12.51850700378418,
      16.880002975463867,
      14.880532264709473,
      12.465767860412598,
      18.70018768310547,
      13.731350898742676,
      26.040382385253906,
      27.85070037841797,
      39.347434997558594,
      44.21546936035156,
      38.256126403808594,
      63.187538146972656,
      65.66293334960938,
      55.04555892944336
    ],
    [
      14.878806114196777,
      4.479338645935059,
      11.8094482421875,
      7.5132670402526855,
      10.970561027526855,
      16.69817543029785,
      13.430034637451172,
      13.921785354614258,
      16.079689025878906,
      14.774282455444336,
      22.2567138671875,
      26.911386489868164,
      32.06196594238281,
      40.84252166748047,
      31.354318618774414,
      56.14287185668945,
      55.04555892944336,
      50.28139114379883
    ]
  ],
  "covariance_short": [
    [
      61.437355041503906,
      8.350936889648438,
      16.981035232543945,
      13.96173095703125,
      10.641347885131836,
      18.527494430541992,
      17.09803009033203,
      24.00790023803711,
      14.148512840270996,
      15.319714546203613,
      20.291561126708984,
      23.957763671875,
      21.317668914794922,
      29.359756469726562,
      28.163774490356445,
      27.412708282470703,
      18.984270095825195,
      16.784095764160156
    ],
    [
      8.350936889648438,
      19.76899528503418,
      7.534330368041992,
      13.72247314453125,
      10.205794334411621,
      12.758886337280273,
      14.810357093811035,
      15.64470386505127,
      14.772903442382812,
      14.910238265991211,
      13.925415992736816,
      14.905471801757812,
      10.073479652404785,
      13.055768966674805,
      7.965661525726318,
      9.58984375,
      5.846123695373535,
      6.143123626708984
    ],
    [
      16.981035232543945,
      7.534330368041992,
      29.127140045166016,
      20.32530975341797,
      16.36385726928711,
      20.669689178466797,
      17.258575439453125,
      18.8924560546875,
      18.61849021911621,
      18.276538848876953,
      20.236597061157227,
      23.425016403198242,
      17.265291213989258,
      23.722658157348633,
      22.77616310119629,
      21.08128547668457,
      16.120569229125977,
      14.439480781555176
    ],
    [
      13.96173095703125,
      13.72247314453125,
      20.32530975341797,
      45.69620895385742,
      24.186216354370117,
      35.48558044433594,
      26.549354553222656,
      32.91111755371094,
      29.01064109802246,
      32.28742980957031,
      27.65947723388672,
      36.43903732299805,
      19.480209350585938,
      29.41140365600586,
      16.84475326538086,
      21.65909194946289,
      10.735194206237793,
      12.043237686157227
    ],
    [
      10.641347885131836,
      10.205794334411621,
      16.36385726928711,
      24.186216354370117,
      44.972923278808594,
      34.34687423706055,
      37.498504638671875,
      31.502016067504883,
      39.60369873046875,
      32.316925048828125,
      37.85645294189453,
      34.43085861206055,
      30.816078186035156,
      31.94744110107422,
      28.342493057250977,
      25.364501953125,
      18.898941040039062,
      15.403773307800293
    ],
    [
      18.527494430541992,
      12.758886337280273,
      20.669689178466797,
      35.48558044433594,
      34.34687423706055,
      55.93978500366211,
      40.86311721801758,
      50.900611877441406,
      39.22102355957031,
      42.34510803222656,
      37.65677261352539,
      46.031517028808594,
      30.42464828491211,
      42.90260314941406,
      30.911561965942383,
      34.158294677734375,
      21.528045654296875,
      20.470008850097656
    ],
    [
      17.09803009033203,
      14.810357093811035,
      17.258575439453125,
      26.549354553222656,
      37.498504638671875,
      40.86311721801758,
      69.82518768310547,
      57.26194763183594,
      50.22299575805664,
      44.1812744140625,
      49.461761474609375,
      47.745582580566406,
      40.23774719238281,
      45.4665641784668,
      35.67094421386719,
      34.520545959472656,
      23.511856079101562,
      19.312936782836914
    ],
    [
      24.00790023803711,
      15.64470386505127,
      18.8924560546875,
      32.91111755371094,
      31.502016067504883,
      50.900611877441406,
      57.26194763183594,
      86.98674774169922,
      45.49363708496094,
      51.94966125488281,
      43.63605880737305,
      52.959144592285156,
      34.058589935302734,
      49.925960540771484,
      31.287391662597656,
      37.92748260498047,
      20.04985809326172,
      20.228336334228516
    ],
    [
      14.148512840270996,
      14.772903442382812,
      18.61849021911621,
      29.01064109802246,
      39.60369873046875,
      39.22102355957031,
      50.22299575805664,
      45.49363708496094,
      66.70777130126953,
      52.091793060302734,
      56.53641128540039,
      52.33467483520508,
      47.95219421386719,
      50.71009063720703,
      43.5749397277832,
      39.748348236083984,
      28.81562042236328,
      23.54163932800293
    ],
    [
      15.319714546203613,
      14.910238265991211,
      18.276538848876953,
      32.28742980957031,
      32.316925048828125,
      42.34510803222656,
      44.1812744140625,
      51.94966125488281,
      52.091793060302734,
      65.89521026611328,
      46.977760314941406,
      56.400814056396484,
      42.100032806396484,
      54.34066390991211,
      39.41213607788086,
      44.01032257080078,
      29.27433967590332,
      28.199125289916992
    ],
    [
      20.291561126708984,
      13.925415992736816,
      20.236597061157227,
      27.65947723388672,
      37.85645294189453,
      37.65677261352539,
      49.461761474609375,
      43.63605880737305,
      56.53641128540039,
      46.977760314941406,
      70.98004913330078,
      61.275856018066406,
      62.01849365234375,
      63.909263610839844,
      60.37458038330078,
      53.68798065185547,
      40.22564697265625,
      32.522804260253906
    ],
    [
      23.957763671875,
      14.905471801757812,
      23.425016403198242,
      36.43903732299805,
      34.43085861206055,
      46.031517028808594,
      47.745582580566406,
      52.959144592285156,
      52.33467483520508,
      56.400814056396484,
      61.275856018066406,
      75.30611419677734,
      57.000160217285156,
      75.61992645263672,
      59.99541473388672,
      64.02230072021484,
      42.512855529785156,
      40.171321868896484
    ],
    [
      21.317668914794922,
      10.073479652404785,
      17.265291213989258,
      19.480209350585938,
      30.816078186035156,
      30.42464828491211,
      40.23774719238281,
      34.058589935302734,
      47.95219421386719,
      42.100032806396484,
      62.01849365234375,
      57.000160217285156,
      84.89605712890625,
      73.69574737548828,
      84.9731674194336,
      71.18772888183594,
      62.879390716552734,
      49.05498504638672
    ],
    [
      29.359756469726562,
      13.055768966674805,
      23.722658157348633,
      29.41140365600586,
      31.94744110107422,
      42.90260314941406,
      45.4665641784668,
      49.925960540771484,
      50.71009063720703,
      54.34066390991211,
      63.909263610839844,
      75.61992645263672,
      73.69574737548828,
      99.93270874023438,
      93.32891845703125,
      92.7437744140625,
      70.39632415771484,
      63.2978630065918
    ],
    [
      28.163774490356445,
      7.965661525726318,
      22.77616310119629,
      16.84475326538086,
      28.342493057250977,
      30.911561965942383,
      35.67094421386719,
      31.287391662597656,
      43.5749397277832,
      39.41213607788086,
      60.37458038330078,
      59.99541473388672,
      84.9731674194336,
      93.32891845703125,
      121.37691497802734,
      98.45504760742188,
      93.04671478271484,
      72.43025970458984
    ],
    [
      27.412708282470703,
      9.58984375,
      21.08128547668457,
      21.65909194946289,
      25.364501953125,
      34.158294677734375,
      34.520545959472656,
      37.92748260498047,
      39.748348236083984,
      44.01032257080078,
      53.68798065185547,
      64.02230072021484,
      71.18772888183594,
      92.7437744140625,
      98.45504760742188,
      97.84772491455078,
      80.6968765258789,
      73.3582534790039
    ],
    [
      18.984270095825195,
      5.846123695373535,
      16.120569229125977,
      10.735194206237793,
      18.898941040039062,
      21.528045654296875,
      23.511856079101562,
      20.04985809326172,
      28.81562042236328,
      29.27433967590332,
      40.22564697265625,
      42.512855529785156,
      62.879390716552734,
      70.39632415771484,
      93.04671478271484,
      80.6968765258789,
      85.67884826660156,
      70.35926055908203
    ],
    [
      16.784095764160156,
      6.143123626708984,
      14.439480781555176,
      12.043237686157227,
      15.403773307800293,
      20.470008850097656,
      19.312936782836914,
      20.228336334228516,
      23.54163932800293,
      28.199125289916992,
      32.522804260253906,
      40.171321868896484,
      49.05498504638672,
      63.2978630065918,
      72.43025970458984,
      73.3582534790039,
      70.35926055908203,
      66.87702178955078
    ]
  ],
  "damage": -18.86865234375,
  "diff_bandwidth": 650.0662231445312,
  "dissonance": 7.782901150291567,
  "drr": 12.31321907043457,
  "dynamics": 4.002021789550781,
  "format": 1245190,
  "frames": 16633344,
  "freq_pan_to_db": [
    [
      -43.498802185058594,
      -43.81660461425781,
      -40.5852165222168,
      -36.26643753051758,
      -29.042190551757812,
      -24.602718353271484,
      -29.667972564697266,
      -35.48837661743164,
      -37.079341888427734,
      -42.780364990234375,
      -45.670597076416016
    ],
    [
      -41.005340576171875,
      -41.13496398925781,
      -36.34027862548828,
      -33.009952545166016,
      -27.180185317993164,
      -24.4063720703125,
      -27.223522186279297,
      -31.041574478149414,
      -35.73725891113281,
      -38.683692932128906,
      -45.907405853271484
    ],
    [
      -42.08986282348633,
      -39.97639465332031,
      -37.67803955078125,
      -35.76597213745117,
      -29.089731216430664,
      -25.26174545288086,
      -28.187442779541016,
      -32.19853591918945,
      -35.44655227661133,
      -38.897090911865234,
      -40.9002571105957
    ],
    [
      -43.342369079589844,
      -40.360591888427734,
      -37.885684967041016,
      -33.03864669799805,
      -29.392805099487305,
      -27.518001556396484,
      -30.265594482421875,
      -33.352725982666016,
      -36.629005432128906,
      -38.54640579223633,
      -39.2730712890625
    ],
    [
      -37.33192825317383,
      -34.81303405761719,
      -32.938453674316406,
      -30.52928352355957,
      -28.319421768188477,
      -26.926002502441406,
      -27.68984031677246,
      -29.885391235351562,
      -31.7633056640625,
      -33.92058181762695,
      -35.327964782714844
    ],
    [
      -33.33931350708008,
      -32.26502990722656,
      -30.712865829467773,
      -29.652578353881836,
      -27.98720932006836,
      -26.312814712524414,
      -27.23227882385254,
      -29.175504684448242,
      -30.71089744567871,
      -32.015411376953125,
      -32.7742919921875
    ],
    [
      -32.45912170410156,
      -31.718116760253906,
      -30.156230926513672,
      -29.142343521118164,
      -27.57952880859375,
      -25.13869857788086,
      -26.734437942504883,
      -29.194263458251953,
      -31.09012222290039,
      -32.21064376831055,
      -31.79550552368164
    ],
    [
      -31.84053611755371,
      -31.3218994140625,
      -30.41074562072754,
      -28.726703643798828,
      -25.867820739746094,
      -25.01023292541504,
      -27.16259765625,
      -29.329010009765625,
      -29.883182525634766,
      -30.729644775390625,
      -31.221797943115234
    ],
    [
      -32.80986022949219,
      -32.207763671875,
      -30.91217803955078,
      -28.92881965637207,
      -27.89459991455078,
      -28.168115615844727,
      -30.32466697692871,
      -32.16684341430664,
      -33.11405944824219,
      -33.77907943725586,
      -34.288597106933594
    ],
    [
      -30.94586181640625,
      -30.61166763305664,
      -29.856903076171875,
      -28.197044372558594,
      -25.740114212036133,
      -26.079355239868164,
      -28.704545974731445,
      -30.38950538635254,
      -29.8273868560791,
      -29.93182945251465,
      -30.907941818237305
    ],
    [
      -28.404151916503906,
      -30.032136917114258,
      -29.697803497314453,
      -28.340660095214844,
      -26.97214126586914,
      -25.717670440673828,
      -26.240610122680664,
      -28.30729866027832,
      -29.659997940063477,
      -30.845561981201172,
      -30.048805236816406
    ],
    [
      -29.312524795532227,
      -29.752763748168945,
      -29.455007553100586,
      -29.665212631225586,
      -29.494319915771484,
      -28.132858276367188,
      -29.042936325073242,
      -30.08816146850586,
      -30.596492767333984,
      -32.4888801574707,
      -32.419002532958984
    ],
    [
      -30.81429672241211,
      -31.259782791137695,
      -31.858776092529297,
      -30.807798385620117,
      -30.88482093811035,
      -30.265596389770508,
      -30.8067684173584,
      -31.244855880737305,
      -31.392419815063477,
      -32.10101318359375,
      -33.29671859741211
    ],
    [
      -31.144554138183594,
      -31.70672607421875,
      -31.324188232421875,
      -31.292598724365234,
      -30.62737274169922,
      -28.025203704833984,
      -28.470502853393555,
      -29.537294387817383,
      -30.124797821044922,
      -31.28408432006836,
      -31.370573043823242
    ],
    [
      -32.521217346191406,
      -30.977144241333008,
      -30.837005615234375,
      -29.364280700683594,
      -28.997764587402344,
      -27.43667984008789,
      -28.35994529724121,
      -28.23119354248047,
      -28.244117736816406,
      -28.718103408813477,
      -27.089473724365234
    ],
    [
      -34.10476303100586,
      -31.640357971191406,
      -30.80469512939453,
      -30.390798568725586,
      -31.774179458618164,
      -29.495010375976562,
      -29.562484741210938,
      -29.745214462280273,
      -29.2572021484375,
      -29.643770217895508,
      -27.689048767089844
    ],
    [
      -37.433223724365234,
      -33.12779235839844,
      -32.0880241394043,
      -31.592016220092773,
      -35.17372131347656,
      -32.33434295654297,
      -31.59282112121582,
      -31.73992156982422,
      -32.90838623046875,
      -31.52631950378418,
      -30.153108596801758
    ],
    [
      -33.50272750854492,
      -30.78891372680664,
      -28.982742309570312,
      -28.189085006713867,
      -31.98990821838379,
      -31.43551254272461,
      -29.009347915649414,
      -28.5091609954834,
      -31.218708038330078,
      -28.732080459594727,
      -26.658781051635742
    ],
    [
      -39.85637283325195,
      -36.743316650390625,
      -34.54783630371094,
      -34.91929626464844,
      -35.94072341918945,
      -32.416202545166016,
      -34.730072021484375,
      -35.08557891845703,
      -33.60401153564453,
      -33.510250091552734,
      -30.413999557495117
    ],
    [
      -36.29131317138672,
      -39.385833740234375,
      -38.21098709106445,
      -38.641029357910156,
      -38.50755310058594,
      -36.48715591430664,
      -37.49406814575195,
      -38.706668853759766,
      -37.90565872192383,
      -34.78118896484375,
      -32.200439453125
    ],
    [
      -40.918190002441406,
      -40.90669250488281,
      -39.717140197753906,
      -39.3513298034668,
      -37.74413299560547,
      -36.41298294067383,
      -40.67254638671875,
      -38.52632522583008,
      -39.66965866088867,
      -36.9361686706543,
      -32.81173324584961
    ],
    [
      -40.13094711303711,
      -41.55527877807617,
      -40.4928092956543,
      -40.19741439819336,
      -40.42723083496094,
      -39.121116638183594,
      -41.82963562011719,
      -41.15042495727539,
      -41.274986267089844,
      -41.134891510009766,
      -39.29250717163086
    ],
    [
      -41.95941925048828,
      -41.88996887207031,
      -41.81145477294922,
      -41.362911224365234,
      -41.335914611816406,
      -40.06850814819336,
      -42.87659454345703,
      -43.180477142333984,
      -42.77604293823242,
      -42.028160095214844,
      -43.40623474121094
    ],
    [
      -40.86499786376953,
      -42.182594299316406,
      -41.639259338378906,
      -41.533809661865234,
      -41.31521987915039,
      -39.608917236328125,
      -42.286102294921875,
      -42.9664192199707,
      -42.42993927001953,
      -41.575565338134766,
      -45.01822280883789
    ],
    [
      -42.52983093261719,
      -43.569644927978516,
      -42.98979568481445,
      -42.762081146240234,
      -42.15296173095703,
      -41.88401412963867,
      -43.02588653564453,
      -42.87493133544922,
      -43.46253967285156,
      -45.12099075317383,
      -49.0738525390625
    ],
    [
      -47.381385803222656,
      -45.08397674560547,
      -43.29983901977539,
      -42.674598693847656,
      -41.77241134643555,
      -40.04026794433594,
      -42.33342742919922,
      -43.22405242919922,
      -44.066219329833984,
      -44.8179931640625,
      -48.82865524291992
    ],
    [
      -47.259742736816406,
      -43.62502670288086,
      -42.7166862487793,
      -42.71110534667969,
      -42.03286361694336,
      -39.508056640625,
      -43.50898742675781,
      -43.642112731933594,
      -42.728965759277344,
      -42.63664245605469,
      -41.861515045166016
    ],
    [
      -50.420860290527344,
      -46.43593215942383,
      -44.66204833984375,
      -44.04690170288086,
      -44.505313873291016,
      -42.25165939331055,
      -45.812103271484375,
      -43.7974853515625,
      -43.58449935913086,
      -44.149288177490234,
      -46.341094970703125
    ],
    [
      -48.09750747680664,
      -46.286285400390625,
      -44.74541091918945,
      -44.6037712097168,
      -44.333377838134766,
      -43.13942337036133,
      -45.7796516418457,
      -44.36655044555664,
      -44.56702423095703,
      -46.707847595214844,
      -50.2263069152832
    ],
    [
      -42.39384460449219,
      -45.156288146972656,
      -44.85281753540039,
      -44.714534759521484,
      -44.04198455810547,
      -42.86874008178711,
      -45.16332244873047,
      -44.66753005981445,
      -44.6147575378418,
      -45.36652374267578,
      -51.39868927001953
    ],
    [
      -53.49229431152344,
      -47.239585876464844,
      -46.277000427246094,
      -45.809844970703125,
      -44.86238479614258,
      -42.293731689453125,
      -46.225528717041016,
      -45.78844451904297,
      -44.8885383605957,
      -46.35919952392578,
      -57.38494873046875
    ],
    [
      -47.75823211669922,
      -46.66511917114258,
      -46.496517181396484,
      -45.744049072265625,
      -45.40185546875,
      -44.165645599365234,
      -46.793636322021484,
      -46.8088493347168,
      -46.7142448425293,
      -44.59992980957031,
      -44.09560012817383
    ],
    [
      -45.52384567260742,
      -49.123870849609375,
      -48.51790237426758,
      -46.58317565917969,
      -47.126834869384766,
      -45.85905838012695,
      -47.536399841308594,
      -47.40059280395508,
      -46.366668701171875,
      -49.43993377685547,
      -64.9544677734375
    ],
    [
      -48.8223762512207,
      -47.81889724731445,
      -33.82583999633789,
      -41.96391677856445,
      -48.78622055053711,
      -47.055885314941406,
      -47.29705047607422,
      -45.87218475341797,
      -45.050235748291016,
      -46.236122131347656,
      -61.16472244262695
    ],
    [
      -66.39386749267578,
      -53.284786224365234,
      -39.455780029296875,
      -43.62735366821289,
      -48.7457160949707,
      -46.429595947265625,
      -46.59959030151367,
      -44.76838302612305,
      -43.24547576904297,
      -41.763160705566406,
      -40.46149444580078
    ],
    [
      -52.91858673095703,
      -53.014320373535156,
      -47.557769775390625,
      -47.44647979736328,
      -51.934844970703125,
      -49.316200256347656,
      -48.41876220703125,
      -45.41251754760742,
      -44.74290084838867,
      -46.956787109375,
      -370
    ],
    [
      -56.65068435668945,
      -50.204429626464844,
      -49.86668395996094,
      -49.41524124145508,
      -53.19775390625,
      -51.441043853759766,
      -49.132408142089844,
      -47.61723709106445,
      -46.35763931274414,
      -44.2241096496582,
      -62.229713439941406
    ],
    [
      -50.350223541259766,
      -48.21681594848633,
      -50.15876770019531,
      -50.488243103027344,
      -54.185699462890625,
      -52.39752960205078,
      -50.75525665283203,
      -49.50270462036133,
      -48.26280975341797,
      -47.11610412597656,
      -54.26005554199219
    ],
    [
      -48.55793762207031,
      -48.645912170410156,
      -51.97494888305664,
      -52.7535285949707,
      -55.17073059082031,
      -53.77236557006836,
      -50.7599983215332,
      -49.15506362915039,
      -48.34907531738281,
      -49.41823196411133,
      -55.886844635009766
    ],
    [
      -52.99396896362305,
      -53.7533073425293,
      -54.44255447387695,
      -56.11025619506836,
      -58.15873718261719,
      -58.291072845458984,
      -53.374507904052734,
      -49.494178771972656,
      -47.8128776550293,
      -47.33530807495117,
      -54.496559143066406
    ],
    [
      -64.29210662841797,
      -65.35301971435547,
      -67.16336059570312,
      -64.39795684814453,
      -65.79037475585938,
      -65.77737426757812,
      -61.5556755065918,
      -54.38321304321289,
      -49.71110916137695,
      -47.92148208618164,
      -49.884857177734375
    ],
    [
      -68.07086181640625,
      -69.02128601074219,
      -70.49298095703125,
      -71.94668579101562,
      -72.20479583740234,
      -71.02529907226562,
      -64.20526123046875,
      -57.77329635620117,
      -54.99596405029297,
      -54.71612548828125,
      -61.512420654296875
    ]
  ],
  "histogram": [
    {
      "db": -70,
      "frequency": 0
    },
    {
      "db": -69,
      "frequency": 0
    },
    {
      "db": -68,
      "frequency": 0
    },
    {
      "db": -67,
      "frequency": 1
    },
    {
      "db": -66,
      "frequency": 0
    },
    {
      "db": -65,
      "frequency": 1
    },
    {
      "db": -64,
      "frequency": 0
    },
    {
      "db": -63,
      "frequency": 1
    },
    {
      "db": -62,
      "frequency": 0
    },
    {
      "db": -61,
      "frequency": 1
    },
    {
      "db": -60,
      "frequency": 1
    },
    {
      "db": -59,
      "frequency": 0
    },
    {
      "db": -58,
      "frequency": 1
    },
    {
      "db": -57,
      "frequency": 1
    },
    {
      "db": -56,
      "frequency": 1
    },
    {
      "db": -55,
      "frequency": 1
    },
    {
      "db": -54,
      "frequency": 1
    },
    {
      "db": -53,
      "frequency": 1
    },
    {
      "db": -52,
      "frequency": 1
    },
    {
      "db": -51,
      "frequency": 1
    },
    {
      "db": -50,
      "frequency": 0
    },
    {
      "db": -49,
      "frequency": 1
    },
    {
      "db": -48,
      "frequency": 2
    },
    {
      "db": -47,
      "frequency": 1
    },
    {
      "db": -46,
      "frequency": 1
    },
    {
      "db": -45,
      "frequency": 2
    },
    {
      "db": -44,
      "frequency": 2
    },
    {
      "db": -43,
      "frequency": 1
    },
    {
      "db": -42,
      "frequency": 2
    },
    {
      "db": -41,
      "frequency": 13
    },
    {
      "db": -40,
      "frequency": 16
    },
    {
      "db": -39,
      "frequency": 24
    },
    {
      "db": -38,
      "frequency": 27
    },
    {
      "db": -37,
      "frequency": 31
    },
    {
      "db": -36,
      "frequency": 58
    },
    {
      "db": -35,
      "frequency": 42
    },
    {
      "db": -34,
      "frequency": 33
    },
    {
      "db": -33,
      "frequency": 42
    },
    {
      "db": -32,
      "frequency": 64
    },
    {
      "db": -31,
      "frequency": 73
    },
    {
      "db": -30,
      "frequency": 68
    },
    {
      "db": -29,
      "frequency": 122
    },
    {
      "db": -28,
      "frequency": 239
    },
    {
      "db": -27,
      "frequency": 312
    },
    {
      "db": -26,
      "frequency": 422
    },
    {
      "db": -25,
      "frequency": 383
    },
    {
      "db": -24,
      "frequency": 339
    },
    {
      "db": -23,
      "frequency": 252
    },
    {
      "db": -22,
      "frequency": 266
    },
    {
      "db": -21,
      "frequency": 308
    },
    {
      "db": -20,
      "frequency": 291
    },
    {
      "db": -19,
      "frequency": 165
    },
    {
      "db": -18,
      "frequency": 72
    },
    {
      "db": -17,
      "frequency": 30
    },
    {
      "db": -16,
      "frequency": 0
    },
    {
      "db": -15,
      "frequency": 0
    },
    {
      "db": -14,
      "frequency": 0
    },
    {
      "db": -13,
      "frequency": 0
    },
    {
      "db": -12,
      "frequency": 0
    },
    {
      "db": -11,
      "frequency": 0
    },
    {
      "db": -10,
      "frequency": 0
    },
    {
      "db": -9,
      "frequency": 0
    },
    {
      "db": -8,
      "frequency": 0
    },
    {
      "db": -7,
      "frequency": 0
    },
    {
      "db": -6,
      "frequency": 0
    },
    {
      "db": -5,
      "frequency": 0
    },
    {
      "db": -4,
      "frequency": 0
    },
    {
      "db": -3,
      "frequency": 0
    },
    {
      "db": -2,
      "frequency": 0
    },
    {
      "db": -1,
      "frequency": 0
    },
    {
      "db": 0,
      "frequency": 0
    },
    {
      "db": 1,
      "frequency": 0
    },
    {
      "db": 2,
      "frequency": 0
    },
    {
      "db": 3,
      "frequency": 0
    },
    {
      "db": 4,
      "frequency": 0
    },
    {
      "db": 5,
      "frequency": 0
    },
