{
  "acoustic_entropy": 209.64413452148438,
  "bands": [
    {
      "high_freq": 148.1999969482422,
      "loudness": -35.851165771484375,
      "loudness_range": 14.06260871887207,
      "mid_mean": -32.257877349853516,
      "mid_to_side_loudness": -30.870147705078125,
      "mid_to_side_loudness_range": 24.94901466369629,
      "side_mean": -62.3507194519043
    },
    {
      "high_freq": 392.3793640136719,
      "loudness": -34.29141616821289,
      "loudness_range": 11.475597381591797,
      "low_freq": 148.1999969482422,
      "mid_mean": -30.96090316772461,
      "mid_to_side_loudness": -12.727726936340332,
      "mid_to_side_loudness_range": 14.185243606567383,
      "side_mean": -43.67331314086914
    },
    {
      "high_freq": 794.6976318359375,
      "loudness": -35.755767822265625,
      "loudness_range": 15.331136703491211,
      "low_freq": 392.3793640136719,
      "mid_mean": -32.91576385498047,
      "mid_to_side_loudness": -8.427976608276367,
      "mid_to_side_loudness_range": 13.79347038269043,
      "side_mean": -41.24611282348633
    },
    {
      "high_freq": 1457.5709228515625,
      "loudness": -37.68281173706055,
      "loudness_range": 20.95092010498047,
      "low_freq": 794.6976318359375,
      "mid_mean": -35.433292388916016,
      "mid_to_side_loudness": -6.057961463928223,
      "mid_to_side_loudness_range": 15.146465301513672,
      "side_mean": -40.987335205078125
    },
    {
      "high_freq": 2549.74365234375,
      "loudness": -41.442832946777344,
      "loudness_range": 19.238229751586914,
      "low_freq": 1457.5709228515625,
      "mid_mean": -38.89815902709961,
      "mid_to_side_loudness": -6.680725574493408,
      "mid_to_side_loudness_range": 11.273449897766113,
      "side_mean": -44.958438873291016
    },
    {
      "high_freq": 4349.24462890625,
      "loudness": -43.185035705566406,
      "loudness_range": 19.30706024169922,
      "low_freq": 2549.74365234375,
      "mid_mean": -40.64509963989258,
      "mid_to_side_loudness": -6.366173267364502,
      "mid_to_side_loudness_range": 10.222905158996582,
      "side_mean": -46.7813835144043
    },
    {
      "high_freq": 7314.1640625,
      "loudness": -44.70900344848633,
      "loudness_range": 19.347145080566406,
      "low_freq": 4349.24462890625,
      "mid_mean": -42.585025787353516,
      "mid_to_side_loudness": -5.6167378425598145,
      "mid_to_side_loudness_range": 10.192811012268066,
      "side_mean": -48.22977828979492
    },
    {
      "high_freq": 12199.2666015625,
      "loudness": -46.506710052490234,
      "loudness_range": 16.147315979003906,
      "low_freq": 7314.1640625,
      "mid_mean": -44.497962951660156,
      "mid_to_side_loudness": -4.985971927642822,
      "mid_to_side_loudness_range": 6.888935089111328,
      "side_mean": -51.429622650146484
    },
    {
      "loudness": -53.44352722167969,
      "loudness_range": 16.14659881591797,
      "low_freq": 12199.2666015625,
      "mid_mean": -53.32622528076172,
      "mid_to_side_loudness": -3.982973575592041,
      "mid_to_side_loudness_range": 4.448245525360107,
      "side_mean": -56.75286865234375
    }
  ],
  "bands_short": [
    {
      "high_freq": 148.1999969482422,
      "loudness": -37.663246154785156,
      "loudness_range": 18.026823043823242,
      "mid_mean": -34.4689826965332,
      "mid_to_side_loudness": -32.08575439453125,
      "mid_to_side_loudness_range": 31.057361602783203,
      "side_mean": -65.07229614257812
    },
    {
      "high_freq": 392.3793640136719,
      "loudness": -34.46417236328125,
      "loudness_range": 13.780204772949219,
      "low_freq": 148.1999969482422,
      "mid_mean": -31.122573852539062,
      "mid_to_side_loudness": -13.774048805236816,
      "mid_to_side_loudness_range": 16.757770538330078,
      "side_mean": -44.89515686035156
    },
    {
      "high_freq": 794.6976318359375,
      "loudness": -36.14091110229492,
      "loudness_range": 17.357959747314453,
      "low_freq": 392.3793640136719,
      "mid_mean": -33.40492248535156,
      "mid_to_side_loudness": -8.321332931518555,
      "mid_to_side_loudness_range": 15.239558219909668,
      "side_mean": -41.72787094116211
    },
    {
      "high_freq": 1457.5709228515625,
      "loudness": -38.14377212524414,
      "loudness_range": 22.496000289916992,
      "low_freq": 794.6976318359375,
      "mid_mean": -36.15068054199219,
      "mid_to_side_loudness": -5.711542129516602,
      "mid_to_side_loudness_range": 16.64522361755371,
      "side_mean": -41.41450881958008
    },
    {
      "high_freq": 2549.74365234375,
      "loudness": -42.52854919433594,
      "loudness_range": 22.37892723083496,
      "low_freq": 1457.5709228515625,
      "mid_mean": -40.05712890625,
      "mid_to_side_loudness": -6.750068187713623,
      "mid_to_side_loudness_range": 13.08460807800293,
      "side_mean": -46.48106384277344
    },
    {
      "high_freq": 4349.24462890625,
      "loudness": -44.26247024536133,
      "loudness_range": 22.730579376220703,
      "low_freq": 2549.74365234375,
      "mid_mean": -41.8275032043457,
      "mid_to_side_loudness": -6.488321304321289,
      "mid_to_side_loudness_range": 11.509805679321289,
      "side_mean": -48.290016174316406
    },
    {
      "high_freq": 7314.1640625,
      "loudness": -46.49897003173828,
      "loudness_range": 24.939495086669922,
      "low_freq": 4349.24462890625,
      "mid_mean": -44.54187774658203,
      "mid_to_side_loudness": -5.840588569641113,
      "mid_to_side_loudness_range": 12.424407005310059,
      "side_mean": -51.242374420166016
    },
    {
      "high_freq": 12199.2666015625,
      "loudness": -48.989933013916016,
      "loudness_range": 23.838459014892578,
      "low_freq": 7314.1640625,
      "mid_mean": -49.045753479003906,
      "mid_to_side_loudness": -5.3547892570495605,
      "mid_to_side_loudness_range": 9.219197273254395,
      "side_mean": -54.633750915527344
    },
    {
      "loudness": -57.28236770629883,
      "loudness_range": 26.75418472290039,
      "low_freq": 12199.2666015625,
      "mid_mean": -57.05200958251953,
      "mid_to_side_loudness": -4.723261833190918,
      "mid_to_side_loudness_range": 8.325706481933594,
      "side_mean": -60.56221008300781
    }
  ],
  "bandwidth": 612.8575439453125,
  "channels": 2,
  "covariance": [
    [
      33.53419876098633,
      12.720858573913574,
      10.741131782531738,
      10.442164421081543,
      6.895498752593994,
      15.686113357543945,
      13.529644012451172,
      20.907983779907227,
      9.941043853759766,
      11.042082786560059,
      14.48653793334961,
      15.970002174377441,
      14.969858169555664,
      19.538597106933594,
      8.883552551269531,
      20.995851516723633,
      16.724014282226562,
      14.56552505493164
    ],
    [
      12.720858573913574,
      31.96040916442871,
      9.959870338439941,
      19.35584259033203,
      15.955570220947266,
      22.67120933532715,
      24.30257225036621,
      29.34598159790039,
      22.016164779663086,
      21.175634384155273,
      21.202314376831055,
      22.620805740356445,
      14.283061981201172,
      17.38774871826172,
      2.7884533405303955,
      14.844791412353516,
      7.345760822296143,
      7.84355354309082
    ],
    [
      10.741131782531738,
      9.959870338439941,
      20.104284286499023,
      16.428569793701172,
      10.720097541809082,
      15.477460861206055,
      11.828554153442383,
      14.117572784423828,
      13.483179092407227,
      11.803657531738281,
      14.675561904907227,
      16.132545471191406,
      11.05972671508789,
      13.163925170898438,
      5.000923156738281,
      14.751575469970703,
      11.912275314331055,
      10.63578987121582
    ],
    [
      10.442164421081543,
      19.35584259033203,
      16.428569793701172,
      35.63393783569336,
      18.454769134521484,
      30.491060256958008,
      21.979848861694336,
      30.373899459838867,
      23.385677337646484,
      23.716190338134766,
      21.294692993164062,
      27.534992218017578,
      11.803683280944824,
      16.397342681884766,
      0.7845852375030518,
      13.373716354370117,
      5.091402053833008,
      6.776210784912109
    ],
    [
      6.895498752593994,
      15.955570220947266,
      10.720097541809082,
      18.454769134521484,
      33.2581672668457,
      27.840171813964844,
      29.401626586914062,
      25.70020866394043,
      29.650718688964844,
      22.28772735595703,
      27.65729331970215,
      24.181608200073242,
      19.075698852539062,
      17.482742309570312,
      6.8871989250183105,
      16.314186096191406,
      11.294808387756348,
      10.160632133483887
    ],
    [
      15.686113357543945,
      22.67120933532715,
      15.477460861206055,
      30.491060256958008,
      27.840171813964844,
      47.65510940551758,
      34.69792938232422,
      46.6242561340332,
      31.258325576782227,
      32.18589782714844,
      29.446868896484375,
      36.39037322998047,
      20.66575050354004,
      27.99496078491211,
      5.451326370239258,
      25.609729766845703,
      15.866837501525879,
      16.093711853027344
    ],
    [
      13.529644012451172,
      24.30257225036621,
      11.828554153442383,
      21.979848861694336,
      29.401626586914062,
      34.69792938232422,
      56.111175537109375,
      50.6174430847168,
      39.6134147644043,
      33.259422302246094,
      38.34897994995117,
      35.79183578491211,
      26.3579044342041,
      28.00429916381836,
      6.791691780090332,
      22.52930450439453,
      13.386226654052734,
      12.635780334472656
    ],
    [
      20.907983779907227,
      29.34598159790039,
      14.117572784423828,
      30.373899459838867,
      25.70020866394043,
      46.6242561340332,
      50.6174430847168,
      77.25383758544922,
      37.287742614746094,
      43.27245330810547,
      35.98877716064453,
      43.126731872558594,
      23.05150604248047,
      34.53379821777344,
      4.667463779449463,
      25.865259170532227,
      11.585053443908691,
      13.752110481262207
    ],
    [
      9.941043853759766,
      22.016164779663086,
      13.483179092407227,
      23.385677337646484,
      29.650718688964844,
      31.258325576782227,
      39.6134147644043,
      37.287742614746094,
      49.64299392700195,
      36.706600189208984,
      42.60415267944336,
      38.049903869628906,
      31.170778274536133,
      29.613323211669922,
      11.840232849121094,
      25.924165725708008,
      17.40799331665039,
      15.423378944396973
    ],
    [
      11.042082786560059,
      21.175634384155273,
      11.803657531738281,
      23.716190338134766,
      22.28772735595703,
      32.18589782714844,
      33.259422302246094,
      43.27245330810547,
      36.706600189208984,
      45.26982498168945,
      32.99388122558594,
      38.96138381958008,
      24.916967391967773,
      32.26246643066406,
      10.067513465881348,
      23.52530860900879,
      12.64957332611084,
      14.130563735961914
    ],
    [
      14.48653793334961,
      21.202314376831055,
      14.675561904907227,
      21.294692993164062,
      27.65729331970215,
      29.446868896484375,
      38.34897994995117,
      35.98877716064453,
      42.60415267944336,
      32.99388122558594,
      50.06018829345703,
      44.11608123779297,
      38.86115646362305,
      38.19428634643555,
      18.454288482666016,
      35.26717758178711,
      24.904130935668945,
      21.78163719177246
    ],
    [
      15.970002174377441,
      22.620805740356445,
      16.132545471191406,
      27.534992218017578,
      24.181608200073242,
      36.39037322998047,
      35.79183578491211,
      43.126731872558594,
      38.049903869628906,
      38.96138381958008,
      44.11608123779297,
      54.289371490478516,
      36.91994857788086,
      46.19947052001953,
      17.81203842163086,
      41.56155014038086,
      26.860172271728516,
      26.337251663208008
    ],
    [
      14.969858169555664,
      14.283061981201172,
      11.05972671508789,
      11.803683280944824,
      19.075698852539062,
      20.66575050354004,
      26.3579044342041,
      23.05150604248047,
      31.170778274536133,
      24.916967391967773,
      38.86115646362305,
      36.91994857788086,
      53.09516143798828,
      44.861087799072266,
      34.69043731689453,
      44.60370635986328,
      38.715572357177734,
      32.04195785522461
    ],
    [
      19.538597106933594,
      17.38774871826172,
      13.163925170898438,
      16.397342681884766,
      17.482742309570312,
      27.99496078491211,
      28.00429916381836,
      34.53379821777344,
      29.613323211669922,
      32.26246643066406,
      38.19428634643555,
      46.19947052001953,
      44.861087799072266,
      58.86727523803711,
      30.027069091796875,
      54.8106689453125,
      42.43021011352539,
      39.57525634765625
    ],
    [
      8.883552551269531,
      2.7884533405303955,
      5.000923156738281,
      0.7845852375030518,
      6.8871989250183105,
      5.451326370239258,
      6.791691780090332,
      4.667463779449463,
      11.840232849121094,
      10.067513465881348,
      18.454288482666016,
      17.81203842163086,
      34.69043731689453,
      30.027069091796875,
      44.5863151550293,
      36.279762268066406,
      37.73922348022461,
      31.22262191772461
    ],
    [
      20.995851516723633,
      14.844791412353516,
      14.751575469970703,
      13.373716354370117,
      16.314186096191406,
      25.609729766845703,
      22.52930450439453,
      25.865259170532227,
      25.924165725708008,
      23.52530860900879,
      35.26717758178711,
      41.56155014038086,
      44.60370635986328,
      54.8106689453125,
      36.279762268066406,
      72.07911682128906,
      63.50649642944336,
      56.49379348754883
    ],
    [
      16.724014282226562,
      7.345760822296143,
      11.912275314331055,
      5.091402053833008,
      11.294808387756348,
      15.866837501525879,
      13.386226654052734,
      11.585053443908691,
      17.40799331665039,
      12.64957332611084,
      24.904130935668945,
      26.860172271728516,
      38.715572357177734,
      42.43021011352539,
      37.73922348022461,
      63.50649642944336,
      66.10903930664062,
      55.654396057128906
    ],
    [
      14.56552505493164,
      7.84355354309082,
      10.63578987121582,
      6.776210784912109,
      10.160632133483887,
      16.093711853027344,
      12.635780334472656,
      13.752110481262207,
      15.423378944396973,
      14.130563735961914,
      21.78163719177246,
      26.337251663208008,
      32.04195785522461,
      39.57525634765625,
      31.22262191772461,
      56.49379348754883,
      55.654396057128906,
      50.77847671508789
    ]
  ],
  "covariance_short": [
    [
      60.618736267089844,
      12.182877540588379,
      15.317763328552246,
      12.607783317565918,
      8.87489128112793,
      16.90624237060547,
      14.882095336914062,
      21.853954315185547,
      12.202202796936035,
      13.874910354614258,
      18.43077850341797,
      22.297534942626953,
      19.63283920288086,
      28.025514602661133,
      26.80196189880371,
      26.494441986083984,
      18.244667053222656,
      16.310497283935547
    ],
    [
      12.182877540588379,
      27.723163604736328,
      9.880962371826172,
      18.105472564697266,
      14.966318130493164,
      18.884973526000977,
      21.551626205444336,
      23.996538162231445,
      20.765947341918945,
      21.316049575805664,
      20.356691360473633,
      22.351783752441406,
      15.454627990722656,
      20.963741302490234,
      9.861178398132324,
      16.305788040161133,
      9.325630187988281,
      10.002840042114258
    ],
    [
      15.317763328552246,
      9.880962371826172,
      27.07982063293457,
      18.49740982055664,
      13.953187942504883,
      18.217601776123047,
      14.411460876464844,
      16.1832275390625,
      15.940850257873535,
      15.917180061340332,
      17.551429748535156,
      20.795934677124023,
      14.774192810058594,
      21.49169921875,
      17.654239654541016,
      19.29080581665039,
      14.588910102844238,
      13.282581329345703
    ],
    [
      12.607783317565918,
      18.105472564697266,
      18.49740982055664,
      43.61236572265625,
      22.227947235107422,
      33.6514778137207,
      24.529245376586914,
      30.99694061279297,
      26.895151138305664,
      30.394296646118164,
      25.60932159423828,
      34.27153396606445,
      17.59157943725586,
      27.719120025634766,
      8.914862632751465,
      20.433555603027344,
      9.74510383605957,
      11.406513214111328
    ],
    [
      8.87489128112793,
      14.966318130493164,
      13.953187942504883,
      22.227947235107422,
      42.16217803955078,
      31.431011199951172,
      34.14517593383789,
      28.345388412475586,
      36.45088577270508,
      29.979860305786133,
      34.904998779296875,
      31.97452163696289,
      28.163198471069336,
      30.03550148010254,
      21.32054328918457,
      23.98656463623047,
      17.418739318847656,
      14.639630317687988
    ],
    [
      16.90624237060547,
      18.884973526000977,
      18.217601776123047,
      33.6514778137207,
      31.431011199951172,
      52.98858642578125,
      37.77510452270508,
      48.016353607177734,
      36.142784118652344,
      39.99501037597656,
      34.75940704345703,
      43.6276741027832,
      27.869346618652344,
      40.96693801879883,
      21.550813674926758,
      32.73812484741211,
      20.197975158691406,
      19.787681579589844
    ],
    [
      14.882095336914062,
      21.551626205444336,
      14.411460876464844,
      24.529245376586914,
      34.14517593383789,
      37.77510452270508,
      65.8346176147461,
      53.39346694946289,
      46.74304962158203,
      41.7568359375,
      46.135169982910156,
      45.435218811035156,
      37.22102355957031,
      43.68256378173828,
      27.8441162109375,
      33.345157623291016,
      21.947927474975586,
      18.914430618286133
    ],
    [
      21.853954315185547,
      23.996538162231445,
      16.1832275390625,
      30.99694061279297,
      28.345388412475586,
      48.016353607177734,
      53.39346694946289,
      82.89642333984375,
      42.216583251953125,
      49.83635330200195,
      40.554786682128906,
      50.93031692504883,
      31.475671768188477,
      48.24679183959961,
      26.11604881286621,
      36.93014907836914,
      18.821453094482422,
      19.991914749145508
    ],
    [
      12.202202796936035,
      20.765947341918945,
      15.940850257873535,
      26.895151138305664,
      36.45088577270508,
      36.142784118652344,
      46.74304962158203,
      42.216583251953125,
      63.185279846191406,
      49.358543395996094,
      53.3037109375,
      49.92619705200195,
      44.999122619628906,
      49.12739562988281,
      34.75544357299805,
      38.864803314208984,
      27.40039825439453,
      23.29534339904785
    ],
    [
      13.874910354614258,
      21.316049575805664,
      15.917180061340332,
      30.394296646118164,
      29.979860305786133,
      39.99501037597656,
      41.7568359375,
      49.83635330200195,
      49.358543395996094,
      63.2593994140625,
      44.57667922973633,
      54.36100769042969,
      39.90315246582031,
      52.69563674926758,
      32.99116134643555,
      42.957916259765625,
      27.98823356628418,
      27.81053924560547
    ],
    [
      18.43077850341797,
      20.356691360473633,
      17.551429748535156,
      25.60932159423828,
      34.904998779296875,
      34.75940704345703,
      46.135169982910156,
      40.554786682128906,
      53.3037109375,
      44.57667922973633,
      67.81475067138672,
      59.118560791015625,
      59.310447692871094,
      62.68694305419922,
      52.80237579345703,
      53.1965217590332,
      39.11829376220703,
      32.60007095336914
    ],
    [
      22.297534942626953,
      22.351783752441406,
      20.795934677124023,
      34.27153396606445,
      31.97452163696289,
      43.6276741027832,
      45.435218811035156,
      50.93031692504883,
      49.92619705200195,
      54.36100769042969,
      59.118560791015625,
      73.25852966308594,
      55.29135513305664,
      74.06427764892578,
      51.50325393676758,
      63.08677291870117,
      41.56215286254883,
      40.00501251220703
    ],
    [
      19.63283920288086,
      15.454627990722656,
      14.774192810058594,
      17.59157943725586,
      28.163198471069336,
      27.869346618652344,
      37.22102355957031,
      31.475671768188477,
      44.999122619628906,
      39.90315246582031,
      59.310447692871094,
      55.29135513305664,
      82.37818908691406,
      72.80912780761719,
      78.7391357421875,
      71.13543701171875,
      62.18490219116211,
      49.599037170410156
    ],
    [
      28.025514602661133,
      20.963741302490234,
      21.49169921875,
      27.719120025634766,
      30.03550148010254,
      40.96693801879883,
      43.68256378173828,
      48.24679183959961,
      49.12739562988281,
      52.69563674926758,
      62.68694305419922,
      74.06427764892578,
      72.80912780761719,
      99.57731628417969,
      81.25370025634766,
      92.87798309326172,
      70.64323425292969,
      63.96818542480469
    ],
    [
      26.80196189880371,
      9.861178398132324,
      17.654239654541016,
      8.914862632751465,
      21.32054328918457,
      21.550813674926758,
      27.8441162109375,
      26.11604881286621,
      34.75544357299805,
      32.99116134643555,
      52.80237579345703,
      51.50325393676758,
      78.7391357421875,
      81.25370025634766,
      108.67803192138672,
      90.1121597290039,
      86.00843048095703,
      68.55261993408203
    ],
    [
      26.494441986083984,
      16.305788040161133,
      19.29080581665039,
      20.433555603027344,
      23.98656463623047,
      32.73812484741211,
      33.345157623291016,
      36.93014907836914,
      38.864803314208984,
      42.957916259765625,
      53.1965217590332,
      63.08677291870117,
      71.13543701171875,
      92.87798309326172,
      90.1121597290039,
      98.24003601074219,
      81.42362976074219,
      74.12368774414062
    ],
    [
      18.244667053222656,
      9.325630187988281,
      14.588910102844238,
      9.74510383605957,
      17.418739318847656,
      20.197975158691406,
      21.947927474975586,
      18.821453094482422,
      27.40039825439453,
      27.98823356628418,
      39.11829376220703,
      41.56215286254883,
      62.18490219116211,
      70.64323425292969,
      86.00843048095703,
      81.42362976074219,
      86.34248352050781,
      71.5165023803711
    ],
    [
      16.310497283935547,
      10.002840042114258,
      13.282581329345703,
      11.406513214111328,
      14.639630317687988,
      19.787681579589844,
      18.914430618286133,
      19.991914749145508,
      23.29534339904785,
      27.81053924560547,
      32.60007095336914,
      40.00501251220703,
      49.599037170410156,
      63.96818542480469,
      68.55261993408203,
      74.12368774414062,
      71.5165023803711,
      67.77766418457031
    ]
  ],
  "damage": -19.176513671875,
  "diff_bandwidth": 643.1427001953125,
  "dissonance": 7.806888272710094,
  "drr": 12.907645225524902,
  "dynamics": 3.7469675540924072,
  "format": 1245190,
  "frames": 16633344,
  "freq_pan_to_db": [
    [
      -42.94508361816406,
      -40.5810546875,
      -40.96994400024414,
      -33.21813201904297,
      -27.397686004638672,
      -24.639711380004883,
      -27.97564125061035,
      -34.19161605834961,
      -35.80414962768555,
      -41.31929397583008,
      -43.402244567871094
    ],
    [
      -40.24753189086914,
      -38.753665924072266,
      -35.290626525878906,
      -31.880023956298828,
      -26.505401611328125,
      -24.39152717590332,
      -26.47616958618164,
      -30.373708724975586,
      -33.905635833740234,
      -37.854759216308594,
      -45.865787506103516
    ],
    [
      -41.08821105957031,
      -38.889713287353516,
      -36.37115478515625,
      -33.45820999145508,
      -27.871646881103516,
      -25.349008560180664,
      -27.59000587463379,
      -30.744943618774414,
      -34.0435676574707,
      -37.36716842651367,
      -40.40637969970703
    ],
    [
      -42.214813232421875,
      -39.618370056152344,
      -35.860313415527344,
      -32.316280364990234,
      -29.136499404907227,
      -27.657609939575195,
      -29.975820541381836,
      -32.72968292236328,
      -35.64273452758789,
      -37.62702560424805,
      -38.44279098510742
    ],
    [
      -37.00651550292969,
      -34.171913146972656,
      -32.755821228027344,
      -30.47850227355957,
      -28.224533081054688,
      -27.2192440032959,
      -27.54180335998535,
      -29.784154891967773,
      -31.539775848388672,
      -33.758880615234375,
      -35.02458190917969
    ],
    [
      -33.27771759033203,
      -32.09767150878906,
      -30.605302810668945,
      -29.48212432861328,
      -27.998538970947266,
      -26.54896354675293,
      -27.107196807861328,
      -29.079071044921875,
      -30.510757446289062,
      -31.924192428588867,
      -32.531341552734375
    ],
    [
      -32.64764404296875,
      -31.642345428466797,
      -30.18597412109375,
      -29.142253875732422,
      -27.546113967895508,
      -25.51299476623535,
      -27.000316619873047,
      -29.042619705200195,
      -30.891916275024414,
      -32.192840576171875,
      -31.600744247436523
    ],
    [
      -31.675296783447266,
      -31.231170654296875,
      -30.33589744567871,
      -28.954538345336914,
      -26.35136604309082,
      -25.465717315673828,
      -27.34761619567871,
      -29.239768981933594,
      -29.94207191467285,
      -30.544780731201172,
      -31.26378059387207
    ],
    [
      -32.865997314453125,
      -32.14974594116211,
      -30.951757431030273,
      -29.270408630371094,
      -28.121225357055664,
      -28.35863494873047,
      -30.320016860961914,
      -32.16427993774414,
      -33.04694366455078,
      -33.531314849853516,
      -34.377498626708984
    ],
    [
      -30.80963897705078,
      -30.834720611572266,
      -29.90471076965332,
      -28.270570755004883,
      -26.066692352294922,
      -26.14463233947754,
      -28.788986206054688,
      -30.454450607299805,
      -30.041297912597656,
      -30.21323585510254,
      -30.802709579467773
    ],
    [
      -29.481571197509766,
      -29.867103576660156,
      -29.919443130493164,
      -28.665210723876953,
      -27.353960037231445,
      -26.09194564819336,
      -26.979705810546875,
      -29.06477165222168,
      -30.09786033630371,
      -30.432334899902344,
      -30.208059310913086
    ],
    [
      -29.351455688476562,
      -30.332189559936523,
      -29.60903549194336,
      -29.999954223632812,
      -29.636756896972656,
      -28.435394287109375,
      -29.392120361328125,
      -30.45636749267578,
      -30.945453643798828,
      -32.50834274291992,
      -32.63542175292969
    ],
    [
      -30.99675941467285,
      -31.581401824951172,
      -31.935745239257812,
      -31.012643814086914,
      -31.083383560180664,
      -30.409889221191406,
      -31.07932472229004,
      -31.295440673828125,
      -31.753225326538086,
      -31.960906982421875,
      -33.036415100097656
    ],
    [
      -30.981203079223633,
      -32.06465530395508,
      -31.457565307617188,
      -31.804140090942383,
      -30.822961807250977,
      -28.499780654907227,
      -28.7535457611084,
      -29.622819900512695,
      -30.21563720703125,
      -31.392715454101562,
      -31.640987396240234
    ],
    [
      -32.69363784790039,
      -31.33755874633789,
      -30.82554817199707,
      -29.663185119628906,
      -29.51641845703125,
      -27.947311401367188,
      -28.866111755371094,
      -28.764162063598633,
      -28.60587501525879,
      -29.213661193847656,
      -27.764291763305664
    ],
    [
      -34.10749053955078,
      -32.03329086303711,
      -31.314159393310547,
      -30.721939086914062,
      -32.09278869628906,
      -29.967819213867188,
      -30.063383102416992,
      -30.085460662841797,
      -29.533418655395508,
      -29.981176376342773,
      -28.085010528564453
    ],
    [
      -38.07985305786133,
      -33.538089752197266,
      -32.104793548583984,
      -31.95900535583496,
      -35.2672004699707,
      -32.685699462890625,
      -31.99187660217285,
      -31.994165420532227,
      -32.97160720825195,
      -31.877132415771484,
      -30.424833297729492
    ],
    [
      -33.76410675048828,
      -31.21403694152832,
      -29.10787582397461,
      -28.703689575195312,
      -32.201236724853516,
      -31.75434684753418,
      -29.216983795166016,
      -28.856178283691406,
      -31.511058807373047,
      -29.180524826049805,
      -27.02711296081543
    ],
    [
      -39.66318893432617,
      -36.699886322021484,
      -34.52674865722656,
      -35.42087936401367,
      -36.13053894042969,
      -33.15394592285156,
      -35.03135681152344,
      -35.34703826904297,
      -33.86458969116211,
      -33.682525634765625,
      -30.636083602905273
    ],
    [
      -36.048519134521484,
      -39.29764175415039,
      -38.18138885498047,
      -38.82233810424805,
      -38.67325973510742,
      -36.8097038269043,
      -38.195884704589844,
      -38.831390380859375,
      -37.87110137939453,
      -35.268402099609375,
      -32.66380310058594
    ],
    [
      -42.0722770690918,
      -41.451263427734375,
      -39.828025817871094,
      -39.341461181640625,
      -38.3092155456543,
      -36.710758209228516,
      -40.760536193847656,
      -38.62445831298828,
      -39.69304275512695,
      -36.96409606933594,
      -33.13454818725586
    ],
    [
      -39.90322494506836,
      -41.75874328613281,
      -40.45545196533203,
      -40.23484802246094,
      -40.89850997924805,
      -39.28358459472656,
      -41.760108947753906,
      -40.987464904785156,
      -41.21405792236328,
      -41.243743896484375,
      -39.593997955322266
    ],
    [
      -41.19438552856445,
      -41.81675720214844,
      -41.709632873535156,
      -41.762332916259766,
      -41.548580169677734,
      -40.09271240234375,
      -42.7901611328125,
      -42.89360046386719,
      -42.689659118652344,
      -42.063167572021484,
      -43.60383605957031
    ],
    [
      -41.10863494873047,
      -41.902278900146484,
      -41.84247589111328,
      -41.708309173583984,
      -41.46546936035156,
      -39.733882904052734,
      -42.2613525390625,
      -42.783206939697266,
      -42.48886489868164,
      -41.92475509643555,
      -44.343746185302734
    ],
    [
      -41.949520111083984,
      -43.30485916137695,
      -42.93815994262695,
      -42.56092071533203,
      -42.12485885620117,
      -42.163082122802734,
      -42.89143753051758,
      -42.92604064941406,
      -43.59429168701172,
      -44.686134338378906,
      -49.60918426513672
    ],
    [
      -48.13333511352539,
      -44.66561508178711,
      -43.22981262207031,
      -42.38042068481445,
      -41.785194396972656,
      -40.480411529541016,
      -42.237674713134766,
      -43.00501251220703,
      -43.80375289916992,
      -44.690940856933594,
      -49.29606628417969
    ],
    [
      -48.22975158691406,
      -43.405311584472656,
      -42.55687713623047,
      -42.64192199707031,
      -41.93649673461914,
      -39.9400520324707,
      -43.34709930419922,
      -43.304256439208984,
      -42.729373931884766,
      -42.949405670166016,
      -41.41180419921875
    ],
    [
      -50.18981170654297,
      -46.18467712402344,
      -44.5498046875,
      -44.08775329589844,
      -44.216392517089844,
      -42.626243591308594,
      -45.656002044677734,
      -43.779571533203125,
      -43.59778594970703,
      -44.05950164794922,
      -46.091556549072266
    ],
    [
      -47.734012603759766,
      -45.896602630615234,
      -44.65399932861328,
      -44.46731948852539,
      -44.1777458190918,
      -43.54047775268555,
      -45.647308349609375,
      -44.28857421875,
      -44.353424072265625,
      -46.832000732421875,
      -55.361351013183594
    ],
    [
      -43.49235916137695,
      -45.058650970458984,
      -44.678436279296875,
      -44.54650115966797,
      -43.98098373413086,
      -43.27056121826172,
      -45.05485534667969,
      -44.54389953613281,
      -44.39248275756836,
      -45.50077819824219,
      -46.4333610534668
    ],
    [
      -49.636383056640625,
      -47.46684265136719,
      -46.456939697265625,
      -45.522239685058594,
      -44.56752014160156,
      -42.66950988769531,
      -45.893402099609375,
      -45.71361541748047,
      -44.61807632446289,
      -46.511878967285156,
      -50.13467025756836
    ],
    [
      -53.881126403808594,
      -45.745906829833984,
      -46.24930191040039,
      -45.437950134277344,
      -45.41015625,
      -44.28562927246094,
      -46.42455291748047,
      -46.45637130737305,
      -46.52267074584961,
      -43.44485092163086,
      -49.40583419799805
    ],
    [
      -47.376644134521484,
      -49.36608123779297,
      -48.4991340637207,
      -46.41265869140625,
      -46.9715690612793,
      -45.910179138183594,
      -47.2639045715332,
      -47.024742126464844,
      -46.31132507324219,
      -51.05651092529297,
      -370
    ],
    [
      -46.30659866333008,
      -46.86150360107422,
      -35.19672393798828,
      -40.398658752441406,
      -48.44981384277344,
      -47.04570388793945,
      -47.043819427490234,
      -45.71306228637695,
      -44.869415283203125,
      -46.7054557800293,
      -62.85007858276367
    ],
    [
      -59.36526107788086,
      -53.570594787597656,
      -40.185367584228516,
      -42.86260223388672,
      -48.208702087402344,
      -46.452171325683594,
      -46.36772155761719,
      -44.59553527832031,
      -43.18367385864258,
      -41.4713249206543,
      -46.1269416809082
    ],
    [
      -55.53095626831055,
      -52.86483383178711,
      -47.63957214355469,
      -47.34782791137695,
      -51.474491119384766,
      -49.11689376831055,
      -48.091304779052734,
      -45.2744255065918,
      -44.595985412597656,
      -47.93629455566406,
      -370
    ],
    [
      -55.760379791259766,
      -50.243690490722656,
      -49.93048858642578,
      -49.1195068359375,
      -52.96429443359375,
      -51.14418411254883,
      -48.86366271972656,
      -47.4425163269043,
      -46.55004119873047,
      -44.881690979003906,
      -77.73461151123047
    ],
    [
      -49.91273498535156,
      -48.35231399536133,
      -50.020172119140625,
      -50.416866302490234,
      -53.73383331298828,
      -52.130367279052734,
      -50.467750549316406,
      -49.42561721801758,
      -48.67974090576172,
      -47.40066146850586,
      -52.48918533325195
    ],
    [
      -47.3237419128418,
      -48.81846618652344,
      -52.29582214355469,
      -52.71910095214844,
      -54.74327850341797,
      -53.442569732666016,
      -50.56675720214844,
      -48.992042541503906,
      -48.27067184448242,
      -49.362571716308594,
      -65.67137908935547
    ],
    [
      -54.1187858581543,
      -55.08669662475586,
      -54.86058044433594,
      -55.6773796081543,
      -58.11183166503906,
      -57.93287658691406,
      -53.127315521240234,
      -49.227134704589844,
      -47.658119201660156,
      -47.55069351196289,
      -54.82106399536133
    ],
    [
      -64.37419891357422,
      -65.31037902832031,
      -67.19151306152344,
      -64.67399597167969,
      -65.29733276367188,
      -65.53704071044922,
      -61.13096618652344,
      -53.97607421875,
      -49.46277618408203,
      -47.83168411254883,
      -49.26853561401367
    ],
    [
      -67.6943130493164,
      -68.4205551147461,
      -70.4183578491211,
      -71.4308853149414,
      -71.89994812011719,
      -70.7671890258789,
      -63.747074127197266,
      -57.44633102416992,
      -54.78211975097656,
      -54.150306701660156,
      -52.76622772216797
    ]
  ],
  "histogram": [
    {
      "db": -70,
      "frequency": 0
    },
    {
      "db": -69,
      "frequency": 0
    },
    {
      "db": -68,
      "frequency": 0
    },
    {
      "db": -67,
      "frequency": 1
    },
    {
      "db": -66,
      "frequency": 0
    },
    {
      "db": -65,
      "frequency": 1
    },
    {
      "db": -64,
      "frequency": 0
    },
    {
      "db": -63,
      "frequency": 1
    },
    {
      "db": -62,
      "frequency": 0
    },
    {
      "db": -61,
      "frequency": 1
    },
    {
      "db": -60,
      "frequency": 0
    },
    {
      "db": -59,
      "frequency": 1
    },
    {
      "db": -58,
      "frequency": 1
    },
    {
      "db": -57,
      "frequency": 1
    },
    {
      "db": -56,
      "frequency": 0
    },
    {
      "db": -55,
      "frequency": 1
    },
    {
      "db": -54,
      "frequency": 1
    },
    {
      "db": -53,
      "frequency": 1
    },
    {
      "db": -52,
      "frequency": 2
    },
    {
      "db": -51,
      "frequency": 1
    },
    {
      "db": -50,
      "frequency": 0
    },
    {
      "db": -49,
      "frequency": 1
    },
    {
      "db": -48,
      "frequency": 1
    },
    {
      "db": -47,
      "frequency": 2
    },
    {
      "db": -46,
      "frequency": 1
    },
    {
      "db": -45,
      "frequency": 1
    },
    {
      "db": -44,
      "frequency": 3
    },
    {
      "db": -43,
      "frequency": 1
    },
    {
      "db": -42,
      "frequency": 1
    },
    {
      "db": -41,
      "frequency": 8
    },
    {
      "db": -40,
      "frequency": 19
    },
    {
      "db": -39,
      "frequency": 13
    },
    {
      "db": -38,
      "frequency": 29
    },
    {
      "db": -37,
      "frequency": 28
    },
    {
      "db": -36,
      "frequency": 52
    },
    {
      "db": -35,
      "frequency": 49
    },
    {
      "db": -34,
      "frequency": 36
    },
    {
      "db": -33,
      "frequency": 38
    },
    {
      "db": -32,
      "frequency": 45
    },
    {
      "db": -31,
      "frequency": 81
    },
    {
      "db": -30,
      "frequency": 66
    },
    {
      "db": -29,
      "frequency": 107
    },
    {
      "db": -28,
      "frequency": 208
    },
    {
      "db": -27,
      "frequency": 271
    },
    {
      "db": -26,
      "frequency": 429
    },
    {
      "db": -25,
      "frequency": 406
    },
    {
      "db": -24,
      "frequency": 386
    },
    {
      "db": -23,
      "frequency": 279
    },
    {
      "db": -22,
      "frequency": 334
    },
    {
      "db": -21,
      "frequency": 399
    },
    {
      "db": -20,
      "frequency": 295
    },
    {
      "db": -19,
      "frequency": 98
    },
    {
      "db": -18,
      "frequency": 17
    },
    {
      "db": -17,
      "frequency": 0
    },
    {
      "db": -16,
      "frequency": 0
    },
    {
      "db": -15,
      "frequency": 0
    },
    {
      "db": -14,
      "frequency": 0
    },
    {
      "db": -13,
      "frequency": 0
    },
    {
      "db": -12,
      "frequency": 0
    },
    {
      "db": -11,
      "frequency": 0
    },
    {
      "db": -10,
      "frequency": 0
    },
    {
      "db": -9,
      "frequency": 0
    },
    {
      "db": -8,
      "frequency": 0
    },
    {
      "db": -7,
      "frequency": 0
    },
    {
      "db": -6,
      "frequency": 0
    },
    {
      "db": -5,
      "frequency": 0
    },
    {
      "db": -4,
      "frequency": 0
    },
    {
      "db": -3,
      "frequency": 0
    },
    {
      "db": -2,
      "frequency": 0
    },
    {
      "db": -1,
      "frequency": 0
    },
    {
      "db": 0,
      "frequency": 0
    },
    {
      "db": 1,
      "frequency": 0
    },
    {
      "db": 2,
      "frequency": 0
    },
    {
      "db": 3,
      "frequency": 0
    },
    {
      "db": 4,
      "frequency": 0
    },
    {
