{
  "acoustic_entropy": 212.40573120117188,
  "bands": [
    {
      "high_freq": 148.1999969482422,
      "loudness": -35.61681365966797,
      "loudness_range": 14.051267623901367,
      "mid_mean": -32.05648422241211,
      "mid_to_side_loudness": -32.68830108642578,
      "mid_to_side_loudness_range": 26.032962799072266,
      "side_mean": -63.59688186645508
    },
    {
      "high_freq": 392.3793640136719,
      "loudness": -34.15829849243164,
      "loudness_range": 11.685991287231445,
      "low_freq": 148.1999969482422,
      "mid_mean": -30.814205169677734,
      "mid_to_side_loudness": -12.60091781616211,
      "mid_to_side_loudness_range": 12.881409645080566,
      "side_mean": -43.41265106201172
    },
    {
      "high_freq": 794.6976318359375,
      "loudness": -36.10408401489258,
      "loudness_range": 15.534929275512695,
      "low_freq": 392.3793640136719,
      "mid_mean": -33.33269500732422,
      "mid_to_side_loudness": -7.836982727050781,
      "mid_to_side_loudness_range": 12.711503028869629,
      "side_mean": -41.1522102355957
    },
    {
      "high_freq": 1457.5709228515625,
      "loudness": -38.14558029174805,
      "loudness_range": 21.008413314819336,
      "low_freq": 794.6976318359375,
      "mid_mean": -35.8513298034668,
      "mid_to_side_loudness": -6.057221412658691,
      "mid_to_side_loudness_range": 14.121909141540527,
      "side_mean": -41.44620132446289
    },
    {
      "high_freq": 2549.74365234375,
      "loudness": -40.331058502197266,
      "loudness_range": 19.194753646850586,
      "low_freq": 1457.5709228515625,
      "mid_mean": -37.69188690185547,
      "mid_to_side_loudness": -6.843743801116943,
      "mid_to_side_loudness_range": 10.805875778198242,
      "side_mean": -44.03644943237305
    },
    {
      "high_freq": 4349.24462890625,
      "loudness": -42.47447967529297,
      "loudness_range": 19.402725219726562,
      "low_freq": 2549.74365234375,
      "mid_mean": -39.92631149291992,
      "mid_to_side_loudness": -6.262614727020264,
      "mid_to_side_loudness_range": 9.55537223815918,
      "side_mean": -45.99403762817383
    },
    {
      "high_freq": 7314.1640625,
      "loudness": -44.73594665527344,
      "loudness_range": 19.527252197265625,
      "low_freq": 4349.24462890625,
      "mid_mean": -42.632484436035156,
      "mid_to_side_loudness": -5.43290901184082,
      "mid_to_side_loudness_range": 10.485312461853027,
      "side_mean": -48.05641555786133
    },
    {
      "high_freq": 12199.2666015625,
      "loudness": -45.659767150878906,
      "loudness_range": 16.263675689697266,
      "low_freq": 7314.1640625,
      "mid_mean": -43.477561950683594,
      "mid_to_side_loudness": -5.499566555023193,
      "mid_to_side_loudness_range": 7.053407669067383,
      "side_mean": -51.008419036865234
    },
    {
      "loudness": -53.69047927856445,
      "loudness_range": 15.788093566894531,
      "low_freq": 12199.2666015625,
      "mid_mean": -53.30495834350586,
      "mid_to_side_loudness": -4.558017730712891,
      "mid_to_side_loudness_range": 4.614772319793701,
      "side_mean": -57.2249870300293
    }
  ],
  "bands_short": [
    {
      "high_freq": 148.1999969482422,
      "loudness": -37.560054779052734,
      "loudness_range": 18.236467361450195,
      "mid_mean": -34.327545166015625,
      "mid_to_side_loudness": -34.01368713378906,
      "mid_to_side_loudness_range": 31.657127380371094,
      "side_mean": -66.18749237060547
    },
    {
      "high_freq": 392.3793640136719,
      "loudness": -34.393585205078125,
      "loudness_range": 14.078561782836914,
      "low_freq": 148.1999969482422,
      "mid_mean": -31.037704467773438,
      "mid_to_side_loudness": -13.65064811706543,
      "mid_to_side_loudness_range": 15.856496810913086,
      "side_mean": -44.705345153808594
    },
    {
      "high_freq": 794.6976318359375,
      "loudness": -36.496620178222656,
      "loudness_range": 17.517986297607422,
      "low_freq": 392.3793640136719,
      "mid_mean": -33.82948303222656,
      "mid_to_side_loudness": -7.750603675842285,
      "mid_to_side_loudness_range": 14.506112098693848,
      "side_mean": -41.61017608642578
    },
    {
      "high_freq": 1457.5709228515625,
      "loudness": -38.66215896606445,
      "loudness_range": 22.673076629638672,
      "low_freq": 794.6976318359375,
      "mid_mean": -36.597190856933594,
      "mid_to_side_loudness": -5.697381973266602,
      "mid_to_side_loudness_range": 15.841157913208008,
      "side_mean": -41.89677429199219
    },
    {
      "high_freq": 2549.74365234375,
      "loudness": -41.4644660949707,
      "loudness_range": 22.310497283935547,
      "low_freq": 1457.5709228515625,
      "mid_mean": -38.90496063232422,
      "mid_to_side_loudness": -6.959586143493652,
      "mid_to_side_loudness_range": 12.729375839233398,
      "side_mean": -45.62858200073242
    },
    {
      "high_freq": 4349.24462890625,
      "loudness": -43.60479736328125,
      "loudness_range": 22.981380462646484,
      "low_freq": 2549.74365234375,
      "mid_mean": -41.15255355834961,
      "mid_to_side_loudness": -6.398843765258789,
      "mid_to_side_loudness_range": 11.201407432556152,
      "side_mean": -47.48592758178711
    },
    {
      "high_freq": 7314.1640625,
      "loudness": -46.5192756652832,
      "loudness_range": 25.087749481201172,
      "low_freq": 4349.24462890625,
      "mid_mean": -44.61320114135742,
      "mid_to_side_loudness": -5.64094877243042,
      "mid_to_side_loudness_range": 12.621254920959473,
      "side_mean": -51.1057014465332
    },
    {
      "high_freq": 12199.2666015625,
      "loudness": -48.18506622314453,
      "loudness_range": 24.033702850341797,
      "low_freq": 7314.1640625,
      "mid_mean": -47.079898834228516,
      "mid_to_side_loudness": -5.879270553588867,
      "mid_to_side_loudness_range": 9.422859191894531,
      "side_mean": -54.31132125854492
    },
    {
      "loudness": -57.46001052856445,
      "loudness_range": 26.533279418945312,
      "low_freq": 12199.2666015625,
      "mid_mean": -57.00731658935547,
      "mid_to_side_loudness": -5.355137825012207,
      "mid_to_side_loudness_range": 8.661176681518555,
      "side_mean": -60.95424270629883
    }
  ],
  "bandwidth": 618.6690063476562,
  "channels": 2,
  "covariance": [
    [
      34.30789566040039,
      10.427719116210938,
      10.8099946975708,
      10.303423881530762,
      7.66086483001709,
      16.61388397216797,
      15.860130310058594,
      22.134824752807617,
      11.09726619720459,
      11.494176864624023,
      16.09041404724121,
      17.10270881652832,
      16.233413696289062,
      20.773313522338867,
      9.24611759185791,
      22.93865394592285,
      17.90009307861328,
      15.136653900146484
    ],
    [
      10.427719116210938,
      24.38982582092285,
      7.39619255065918,
      13.007061004638672,
      10.324779510498047,
      14.31640338897705,
      16.812299728393555,
      18.841806411743164,
      15.126336097717285,
      14.171299934387207,
      15.047669410705566,
      15.240784645080566,
      10.492122650146484,
      11.29845142364502,
      1.5424015522003174,
      9.851004600524902,
      4.9146037101745605,
      4.6457953453063965
    ],
    [
      10.8099946975708,
      7.39619255065918,
      19.719972610473633,
      15.949251174926758,
      11.160998344421387,
      16.106882095336914,
      13.19959831237793,
      15.013622283935547,
      14.053266525268555,
      12.919448852539062,
      15.327031135559082,
      16.698713302612305,
      12.1544189453125,
      13.730535507202148,
      5.7390594482421875,
      15.129997253417969,
      11.94194507598877,
      10.448500633239746
    ],
    [
      10.303423881530762,
      13.007061004638672,
      15.949251174926758,
      31.51847267150879,
      17.561229705810547,
      27.51003074645996,
      21.621782302856445,
      28.03852081298828,
      22.21804428100586,
      22.62186622619629,
      20.93845558166504,
      26.01923370361328,
      12.598527908325195,
      16.234085083007812,
      2.074563980102539,
      13.63305377960205,
      6.003058910369873,
      7.051799297332764
    ],
    [
      7.66086483001709,
      10.324779510498047,
      11.160998344421387,
      17.561229705810547,
      33.973426818847656,
      28.809343338012695,
      30.406309127807617,
      27.189762115478516,
      29.778539657592773,
      22.66694450378418,
      28.37449836730957,
      24.778966903686523,
      20.210391998291016,
      17.727798461914062,
      7.903092384338379,
      16.757530212402344,
      11.797791481018066,
      10.128705024719238
    ],
    [
      16.61388397216797,
      14.31640338897705,
      16.106882095336914,
      27.51003074645996,
      28.809343338012695,
      45.42714309692383,
      35.3316650390625,
      45.09896469116211,
      31.467519760131836,
      31.522449493408203,
      30.709125518798828,
      35.733551025390625,
      22.487829208374023,
      28.162742614746094,
      7.097262382507324,
      27.10684585571289,
      17.574642181396484,
      16.639318466186523
    ],
    [
      15.860130310058594,
      16.812299728393555,
      13.19959831237793,
      21.621782302856445,
      30.406309127807617,
      35.3316650390625,
      56.8751220703125,
      51.543155670166016,
      39.664310455322266,
      32.69356918334961,
      39.61371612548828,
      36.265769958496094,
      27.634233474731445,
      28.18905258178711,
      7.777491569519043,
      24.0567569732666,
      15.05581283569336,
      13.259751319885254
    ],
    [
      22.134824752807617,
      18.841806411743164,
      15.013622283935547,
      28.03852081298828,
      27.189762115478516,
      45.09896469116211,
      51.543155670166016,
      75.16107940673828,
      37.827274322509766,
      41.710819244384766,
      37.52383804321289,
      42.66534423828125,
      25.297584533691406,
      35.1796875,
      6.274311065673828,
      27.320308685302734,
      13.535490036010742,
      14.553668975830078
    ],
    [
      11.09726619720459,
      15.126336097717285,
      14.053266525268555,
      22.21804428100586,
      29.778539657592773,
      31.467519760131836,
      39.664310455322266,
      37.827274322509766,
      47.92045593261719,
      36.150875091552734,
      42.48577117919922,
      37.69346237182617,
      31.85577964782715,
      29.27609634399414,
      12.580886840820312,
      26.337289810180664,
      18.149425506591797,
      15.322787284851074
    ],
    [
      11.494176864624023,
      14.171299934387207,
      12.919448852539062,
      22.62186622619629,
      22.66694450378418,
      31.522449493408203,
      32.69356918334961,
      41.710819244384766,
      36.150875091552734,
      44.02496337890625,
      33.62852478027344,
      38.759727478027344,
      26.35137176513672,
      32.6397819519043,
      11.199121475219727,
      25.424068450927734,
      14.915070533752441,
      15.322948455810547
    ],
    [
      16.09041404724121,
      15.047669410705566,
      15.327031135559082,
      20.93845558166504,
      28.37449836730957,
      30.709125518798828,
      39.61371612548828,
      37.52383804321289,
      42.48577117919922,
      33.62852478027344,
      50.39775848388672,
      44.223289489746094,
      39.854896545410156,
      37.8537712097168,
      18.9932804107666,
      35.55924606323242,
      25.315214157104492,
      21.2718563079834
    ],
    [
      17.10270881652832,
      15.240784645080566,
      16.698713302612305,
      26.01923370361328,
      24.778966903686523,
      35.733551025390625,
      36.265769958496094,
      42.66534423828125,
      37.69346237182617,
      38.759727478027344,
      44.223289489746094,
      53.0467643737793,
      37.61868667602539,
      45.27436447143555,
      18.23410415649414,
      41.89509582519531,
      27.165403366088867,
      25.728050231933594
    ],
    [
      16.233413696289062,
      10.492122650146484,
      12.1544189453125,
      12.598527908325195,
      20.210391998291016,
      22.487829208374023,
      27.634233474731445,
      25.297584533691406,
      31.85577964782715,
      26.35137176513672,
      39.854896545410156,
      37.61868667602539,
      53.675315856933594,
      44.0870475769043,
      34.61582565307617,
      45.0589485168457,
      38.733699798583984,
      30.95787811279297
    ],
    [
      20.773313522338867,
      11.29845142364502,
      13.730535507202148,
      16.234085083007812,
      17.727798461914062,
      28.162742614746094,
      28.18905258178711,
      35.1796875,
      29.27609634399414,
      32.6397819519043,
      37.8537712097168,
      45.27436447143555,
      44.0870475769043,
      57.8475341796875,
      29.223247528076172,
      55.0261116027832,
      41.493892669677734,
      38.059261322021484
    ],
    [
      9.24611759185791,
      1.5424015522003174,
      5.7390594482421875,
      2.074563980102539,
      7.903092384338379,
      7.097262382507324,
      7.777491569519043,
      6.274311065673828,
      12.580886840820312,
      11.199121475219727,
      18.9932804107666,
      18.23410415649414,
      34.61582565307617,
      29.223247528076172,
      43.80529022216797,
      35.42799758911133,
      35.9412727355957,
      29.142261505126953
    ],
    [
      22.93865394592285,
      9.851004600524902,
      15.129997253417969,
      13.63305377960205,
      16.757530212402344,
      27.10684585571289,
      24.0567569732666,
      27.320308685302734,
      26.337289810180664,
      25.424068450927734,
      35.55924606323242,
      41.89509582519531,
      45.0589485168457,
      55.0261116027832,
      35.42799758911133,
      73.9635238647461,
      62.98728561401367,
      55.05976486206055
    ],
    [
      17.90009307861328,
      4.9146037101745605,
      11.94194507598877,
      6.003058910369873,
      11.797791481018066,
      17.574642181396484,
      15.05581283569336,
      13.535490036010742,
      18.149425506591797,
      14.915070533752441,
      25.315214157104492,
      27.165403366088867,
      38.733699798583984,
      41.493892669677734,
      35.9412727355957,
      62.98728561401367,
      63.10682678222656,
      51.95017623901367
    ],
    [
      15.136653900146484,
      4.6457953453063965,
      10.448500633239746,
      7.051799297332764,
      10.128705024719238,
      16.639318466186523,
      13.259751319885254,
      14.553668975830078,
      15.322787284851074,
      15.322948455810547,
      21.2718563079834,
      25.728050231933594,
      30.95787811279297,
      38.059261322021484,
      29.142261505126953,
      55.05976486206055,
      51.95017623901367,
      46.92816162109375
    ]
  ],
  "covariance_short": [
    [
      60.9875373840332,
      8.298202514648438,
      15.806499481201172,
      12.879376411437988,
      9.841756820678711,
      17.851598739624023,
      16.87715721130371,
      22.954946517944336,
      13.552079200744629,
      14.6491060256958,
      19.817710876464844,
      23.097126007080078,
      21.45686912536621,
      29.174280166625977,
      17.483484268188477,
      28.17191505432129,
      19.333354949951172,
      16.679391860961914
    ],
    [
      8.298202514648438,
      19.23902130126953,
      6.857245922088623,
      11.810230255126953,
      9.085744857788086,
      11.009510040283203,
      13.555363655090332,
      13.999409675598145,
      13.437878608703613,
      13.588818550109863,
      12.956686973571777,
      13.573226928710938,
      9.56274127960205,
      12.40089225769043,
      5.345352649688721,
      9.52086067199707,
      6.118839263916016,
      6.164725303649902
    ],
    [
      15.806499481201172,
      6.857245922088623,
      27.138517379760742,
      18.43486213684082,
      14.755304336547852,
      18.788110733032227,
      15.788554191589355,
      17.328693389892578,
      16.830373764038086,
      16.982929229736328,
      18.555816650390625,
      21.042829513549805,
      16.19540023803711,
      22.05044937133789,
      13.041975021362305,
      20.187744140625,
      15.253978729248047,
      13.466440200805664
    ],
    [
      12.879376411437988,
      11.810230255126953,
      18.43486213684082,
      39.866493225097656,
      21.5036678314209,
      30.288787841796875,
      23.723268508911133,
      28.705678939819336,
      25.803207397460938,
      28.75539207458496,
      25.1739559173584,
      32.067684173583984,
      17.897417068481445,
      26.940731048583984,
      10.384424209594727,
      20.51739501953125,
      10.443967819213867,
      11.281326293945312
    ],
    [
      9.841756820678711,
      9.085744857788086,
      14.755304336547852,
      21.5036678314209,
      43.06758117675781,
      32.0762939453125,
      35.23877716064453,
      29.890995025634766,
      37.01473617553711,
      30.533477783203125,
      36.08137130737305,
      32.21988296508789,
      29.46285057067871,
      30.40532112121582,
      19.88229751586914,
      24.78394317626953,
      18.32642364501953,
      14.622295379638672
    ],
    [
      17.851598739624023,
      11.009510040283203,
      18.788110733032227,
      30.288787841796875,
      32.0762939453125,
      50.36865997314453,
      38.20285415649414,
      46.37775421142578,
      36.25457763671875,
      39.051998138427734,
      35.78487014770508,
      42.303340911865234,
      29.366260528564453,
      41.003292083740234,
      18.3863582611084,
      33.84798812866211,
      21.61452865600586,
      19.71018409729004
    ],
    [
      16.87715721130371,
      13.555363655090332,
      15.788554191589355,
      23.723268508911133,
      35.23877716064453,
      38.20285415649414,
      66.38961791992188,
      54.74452209472656,
      46.752079010009766,
      41.57858657836914,
      47.360389709472656,
      45.32185363769531,
      38.663150787353516,
      44.07072067260742,
      23.96471405029297,
      34.49946975708008,
      23.17763900756836,
      18.713552474975586
    ],
    [
      22.954946517944336,
      13.999409675598145,
      17.328693389892578,
      28.705678939819336,
      29.890995025634766,
      46.37775421142578,
      54.74452209472656,
      81.04840087890625,
      42.67866897583008,
      48.10955047607422,
      42.19685363769531,
      50.25313949584961,
      33.51811599731445,
      48.7855110168457,
      21.440134048461914,
      38.46636199951172,
      20.594337463378906,
      20.1710205078125
    ],
    [
      13.552079200744629,
      13.437878608703613,
      16.830373764038086,
      25.803207397460938,
      37.01473617553711,
      36.25457763671875,
      46.752079010009766,
      42.67866897583008,
      61.92415237426758,
      48.79903030395508,
      53.58846664428711,
      49.01154708862305,
      45.697662353515625,
      48.71246337890625,
      31.573354721069336,
      39.31591796875,
      28.230823516845703,
      22.683387756347656
    ],
    [
      14.6491060256958,
      13.588818550109863,
      16.982929229736328,
      28.75539207458496,
      30.533477783203125,
      39.051998138427734,
      41.57858657836914,
      48.10955047607422,
      48.79903030395508,
      61.759281158447266,
      45.08042907714844,
      53.321712493896484,
      40.724727630615234,
      53.03861618041992,
      30.967918395996094,
      44.3456916809082,
      29.6396541595459,
      27.805917739868164
    ],
    [
      19.817710876464844,
      12.956686973571777,
      18.555816650390625,
      25.1739559173584,
      36.08137130737305,
      35.78487014770508,
      47.360389709472656,
      42.19685363769531,
      53.58846664428711,
      45.08042907714844,
      68.43569946289062,
      58.59550476074219,
      60.09476089477539,
      62.05007553100586,
      45.80665969848633,
      53.472198486328125,
      39.57169723510742,
      31.41104507446289
    ],
    [
      23.097126007080078,
      13.573226928710938,
      21.042829513549805,
      32.067684173583984,
      32.21988296508789,
      42.303340911865234,
      45.32185363769531,
      50.25313949584961,
      49.01154708862305,
      53.321712493896484,
      58.59550476074219,
      71.16126251220703,
      55.20147705078125,
      72.27977752685547,
      43.68951416015625,
      62.80181884765625,
      41.19576644897461,
      38.26808166503906
    ],
    [
      21.45686912536621,
      9.56274127960205,
      16.19540023803711,
      17.897417068481445,
      29.46285057067871,
      29.366260528564453,
      38.663150787353516,
      33.51811599731445,
      45.697662353515625,
      40.724727630615234,
      60.09476089477539,
      55.20147705078125,
      82.758544921875,
      72.1611557006836,
      72.16361999511719,
      71.40520477294922,
      62.10456466674805,
      47.48627471923828
    ],
    [
      29.174280166625977,
      12.40089225769043,
      22.05044937133789,
      26.940731048583984,
      30.40532112121582,
      41.003292083740234,
      44.07072067260742,
      48.7855110168457,
      48.71246337890625,
      53.03861618041992,
      62.05007553100586,
      72.27977752685547,
      72.1611557006836,
      98.91509246826172,
      66.62512969970703,
      93.90792846679688,
      69.89846801757812,
      61.76971435546875
    ],
    [
      17.483484268188477,
      5.345352649688721,
      13.041975021362305,
      10.384424209594727,
      19.88229751586914,
      18.3863582611084,
      23.96471405029297,
      21.440134048461914,
      31.573354721069336,
      30.967918395996094,
      45.80665969848633,
      43.68951416015625,
      72.16361999511719,
      66.62512969970703,
      93.40435028076172,
      78.13545989990234,
      75.59954833984375,
      59.32749938964844
    ],
    [
      28.17191505432129,
      9.52086067199707,
      20.187744140625,
      20.51739501953125,
      24.78394317626953,
      33.84798812866211,
      34.49946975708008,
      38.46636199951172,
      39.31591796875,
      44.3456916809082,
      53.472198486328125,
      62.80181884765625,
      71.40520477294922,
      93.90792846679688,
      78.13545989990234,
      101.05320739746094,
      81.4466323852539,
      72.78071594238281
    ],
    [
      19.333354949951172,
      6.118839263916016,
      15.253978729248047,
      10.443967819213867,
      18.32642364501953,
      21.61452865600586,
      23.17763900756836,
      20.594337463378906,
      28.230823516845703,
      29.6396541595459,
      39.57169723510742,
      41.19576644897461,
      62.10456466674805,
      69.89846801757812,
      75.59954833984375,
      81.4466323852539,
      84.3758773803711,
      68.09003448486328
    ],
    [
      16.679391860961914,
      6.164725303649902,
      13.466440200805664,
      11.281326293945312,
      14.622295379638672,
      19.71018409729004,
      18.713552474975586,
      20.1710205078125,
      22.683387756347656,
      27.805917739868164,
      31.41104507446289,
      38.26808166503906,
      47.48627471923828,
      61.76971435546875,
      59.32749938964844,
      72.78071594238281,
      68.09003448486328,
      64.0302963256836
    ]
  ],
  "damage": -19.24938201904297,
  "diff_bandwidth": 652.0083618164062,
  "dissonance": 7.957901816723153,
  "drr": 12.55479907989502,
  "dynamics": 3.890146493911743,
  "format": 1245190,
  "frames": 16633344,
  "freq_pan_to_db": [
    [
      -43.4373779296875,
      -43.268951416015625,
      -40.02864074707031,
      -36.841156005859375,
      -29.095272064208984,
      -24.348268508911133,
      -29.633808135986328,
      -35.466670989990234,
      -38.40534973144531,
      -43.77140426635742,
      -46.40670394897461
    ],
    [
      -40.97389602661133,
      -42.55194091796875,
      -36.361961364746094,
      -33.05635070800781,
      -27.13871955871582,
      -24.163198471069336,
      -27.13036346435547,
      -31.09476661682129,
      -35.6405029296875,
      -38.66347122192383,
      -46.4624137878418
    ],
    [
      -42.830562591552734,
      -41.089210510253906,
      -38.3647575378418,
      -35.64973068237305,
      -29.060943603515625,
      -25.022701263427734,
      -28.071073532104492,
      -32.38449478149414,
      -34.4760856628418,
      -39.81657028198242,
      -41.89474105834961
    ],
    [
      -43.55860137939453,
      -39.9753303527832,
      -38.2930908203125,
      -32.88484191894531,
      -29.277503967285156,
      -27.309803009033203,
      -30.107240676879883,
      -33.2974967956543,
      -36.32173156738281,
      -38.21443176269531,
      -39.288963317871094
    ],
    [
      -37.211551666259766,
      -34.95041275024414,
      -32.678009033203125,
      -30.438865661621094,
      -28.255170822143555,
      -26.72789192199707,
      -27.647289276123047,
      -29.792415618896484,
      -31.718965530395508,
      -34.08368682861328,
      -35.28056716918945
    ],
    [
      -33.569950103759766,
      -32.40357208251953,
      -30.8006649017334,
      -29.46153450012207,
      -27.902938842773438,
      -26.18881607055664,
      -27.18966293334961,
      -29.25075912475586,
      -30.618846893310547,
      -32.39851760864258,
      -33.077396392822266
    ],
    [
      -32.75584030151367,
      -31.965742111206055,
      -30.152610778808594,
      -29.10441017150879,
      -27.625629425048828,
      -25.139270782470703,
      -26.666065216064453,
      -29.1978702545166,
      -31.256818771362305,
      -32.45675277709961,
      -31.9737491607666
    ],
    [
      -32.130577087402344,
      -31.521371841430664,
      -30.40276336669922,
      -28.73856544494629,
      -25.863767623901367,
      -25.108537673950195,
      -27.186973571777344,
      -29.348064422607422,
      -30.076749801635742,
      -30.9718017578125,
      -31.51056671142578
    ],
    [
      -33.14540100097656,
      -32.21488952636719,
      -30.846647262573242,
      -29.233675003051758,
      -28.040782928466797,
      -28.276411056518555,
      -30.419218063354492,
      -32.320091247558594,
      -33.32876968383789,
      -33.893672943115234,
      -34.578155517578125
    ],
    [
      -31.442506790161133,
      -31.098148345947266,
      -30.051464080810547,
      -28.25668716430664,
      -26.031187057495117,
      -26.29915428161621,
      -28.87556266784668,
      -30.5284423828125,
      -30.5792179107666,
      -30.466291427612305,
      -31.541908264160156
    ],
    [
      -29.063581466674805,
      -30.48642921447754,
      -30.34129524230957,
      -28.675552368164062,
      -27.190584182739258,
      -26.112009048461914,
      -26.530223846435547,
      -28.788867950439453,
      -30.086217880249023,
      -30.54391860961914,
      -30.754793167114258
    ],
    [
      -29.78873062133789,
      -30.357837677001953,
      -29.9508056640625,
      -30.264934539794922,
      -29.936710357666016,
      -28.56117820739746,
      -29.6046085357666,
      -30.448694229125977,
      -31.027070999145508,
      -32.90843200683594,
      -32.90216827392578
    ],
    [
      -31.200422286987305,
      -31.9438419342041,
      -32.37519836425781,
      -31.385940551757812,
      -31.472246170043945,
      -30.762577056884766,
      -31.515426635742188,
      -31.75510597229004,
      -31.997909545898438,
      -32.58305358886719,
      -33.693695068359375
    ],
    [
      -32.03569412231445,
      -32.398372650146484,
      -32.1878662109375,
      -32.08938217163086,
      -31.28947639465332,
      -28.860336303710938,
      -29.4190731048584,
      -30.284854888916016,
      -30.866579055786133,
      -32.1374397277832,
      -32.1964225769043
    ],
    [
      -32.59734344482422,
      -32.033843994140625,
      -31.85784149169922,
      -30.271207809448242,
      -29.845077514648438,
      -28.31012535095215,
      -29.35223388671875,
      -29.01763343811035,
      -29.064247131347656,
      -29.625551223754883,
      -27.943090438842773
    ],
    [
      -34.04990005493164,
      -32.489654541015625,
      -31.747411727905273,
      -31.33422088623047,
      -32.472679138183594,
      -30.316204071044922,
      -30.436208724975586,
      -30.498579025268555,
      -30.120712280273438,
      -30.6054630279541,
      -28.168046951293945
    ],
    [
      -37.750816345214844,
      -33.48817825317383,
      -32.396881103515625,
      -32.11053466796875,
      -35.7031364440918,
      -32.862525939941406,
      -32.055015563964844,
      -32.2453727722168,
      -33.461151123046875,
      -32.033748626708984,
      -30.601634979248047
    ],
    [
      -33.55070495605469,
      -30.948265075683594,
      -29.083402633666992,
      -28.328264236450195,
      -32.29399490356445,
      -31.568225860595703,
      -29.169174194335938,
      -28.73943519592285,
      -31.601877212524414,
      -28.93288803100586,
      -26.836265563964844
    ],
    [
      -39.06301498413086,
      -36.238563537597656,
      -34.15961456298828,
      -34.59967803955078,
      -35.5439338684082,
      -32.092735290527344,
      -34.3889045715332,
      -34.90449523925781,
      -33.229278564453125,
      -33.030052185058594,
      -30.00822639465332
    ],
    [
      -35.54393768310547,
      -38.413543701171875,
      -37.3419075012207,
      -37.83937454223633,
      -37.576385498046875,
      -35.65728759765625,
      -36.7059326171875,
      -37.71555709838867,
      -37.2410774230957,
      -33.74726867675781,
      -31.166044235229492
    ],
    [
      -39.340858459472656,
      -39.59579849243164,
      -38.452938079833984,
      -38.2583122253418,
      -36.53351974487305,
      -35.34560775756836,
      -39.398197174072266,
      -37.42540740966797,
      -38.58774185180664,
      -35.64796829223633,
      -31.95770835876465
    ],
    [
      -39.064395904541016,
      -40.41390609741211,
      -39.29037857055664,
      -38.99245834350586,
      -39.099700927734375,
      -37.95191955566406,
      -40.514869689941406,
      -39.92833709716797,
      -40.03062438964844,
      -40.05403137207031,
      -38.202735900878906
    ],
    [
      -40.60976028442383,
      -40.61894989013672,
      -40.73015213012695,
      -40.21487808227539,
      -40.148502349853516,
      -38.9952507019043,
      -41.73234558105469,
      -42.00743103027344,
      -41.543243408203125,
      -40.826480865478516,
      -41.99982452392578
    ],
    [
      -39.62986755371094,
      -41.27699279785156,
      -40.716861724853516,
      -40.50234603881836,
      -40.372554779052734,
      -38.73480224609375,
      -41.355072021484375,
      -41.94113540649414,
      -41.49106979370117,
      -40.67903137207031,
      -42.99917221069336
    ],
    [
      -41.8216438293457,
      -42.76167297363281,
      -42.13557815551758,
      -42.08687210083008,
      -41.35400390625,
      -41.21394348144531,
      -42.26300811767578,
      -42.05603790283203,
      -42.80324935913086,
      -44.23320388793945,
      -48.39748764038086
    ],
    [
      -45.877532958984375,
      -44.13574981689453,
      -42.5279426574707,
      -41.96997833251953,
      -41.044281005859375,
      -39.51033401489258,
      -41.418739318847656,
      -42.452754974365234,
      -43.302947998046875,
      -43.78764343261719,
      -47.91952133178711
    ],
    [
      -46.49522399902344,
      -42.901790618896484,
      -42.01876449584961,
      -41.93633270263672,
      -41.35739517211914,
      -38.907264709472656,
      -42.747589111328125,
      -42.80020523071289,
      -42.044944763183594,
      -42.0185661315918,
      -41.240966796875
    ],
    [
      -49.272438049316406,
      -45.86994552612305,
      -43.92361068725586,
      -43.634918212890625,
      -43.9003791809082,
      -41.76554870605469,
      -45.275108337402344,
      -43.2720832824707,
      -43.162113189697266,
      -43.62921905517578,
      -47.64451599121094
    ],
    [
      -48.740230560302734,
      -45.80596160888672,
      -44.53145217895508,
      -44.40076446533203,
      -44.11375045776367,
      -42.989280700683594,
      -45.53418731689453,
      -44.194801330566406,
      -44.400917053222656,
      -46.61402893066406,
      -50.65845489501953
    ],
    [
      -42.92473220825195,
      -45.02735900878906,
      -44.68837356567383,
      -44.63490295410156,
      -44.020267486572266,
      -42.816410064697266,
      -45.15745544433594,
      -44.57960891723633,
      -44.52277755737305,
      -44.81853103637695,
      -49.56209182739258
    ],
    [
      -51.16404724121094,
      -46.7041130065918,
      -46.24917221069336,
      -45.739295959472656,
      -44.740867614746094,
      -42.28867721557617,
      -46.14365005493164,
      -45.6850700378418,
      -45.03034591674805,
      -45.5567512512207,
      -49.05643081665039
    ],
    [
      -60.54133987426758,
      -45.70890426635742,
      -46.405372619628906,
      -45.5692253112793,
      -45.4619026184082,
      -44.11759948730469,
      -46.70951461791992,
      -46.6998405456543,
      -46.85014343261719,
      -45.31840515136719,
      -53.76980209350586
    ],
    [
      -43.722923278808594,
      -48.142574310302734,
      -47.98493957519531,
      -46.14752197265625,
      -46.680965423583984,
      -45.48554992675781,
      -47.05325698852539,
      -46.970787048339844,
      -46.21293640136719,
      -43.87961959838867,
      -46.50821304321289
    ],
    [
      -44.66509246826172,
      -46.3730583190918,
      -33.9130973815918,
      -39.7234992980957,
      -47.82982635498047,
      -46.10784912109375,
      -46.28630065917969,
      -44.81510543823242,
      -44.138267517089844,
      -45.637001037597656,
      -59.798526763916016
    ],
    [
      -370,
      -52.492393493652344,
      -40.0145263671875,
      -41.79558181762695,
      -47.65898895263672,
      -45.396827697753906,
      -45.48904037475586,
      -43.59133529663086,
      -42.140472412109375,
      -40.83898162841797,
      -370
    ],
    [
      -50.3052864074707,
      -51.83699417114258,
      -48.2939338684082,
      -45.9893684387207,
      -50.711814880371094,
      -48.32696533203125,
      -47.167327880859375,
      -44.276920318603516,
      -43.76399612426758,
      -46.128448486328125,
      -370
    ],
    [
      -53.43363571166992,
      -49.308441162109375,
      -49.1026611328125,
      -48.27299880981445,
      -52.107357025146484,
      -50.42525100708008,
      -48.01041793823242,
      -46.50816345214844,
      -45.18832015991211,
      -43.878814697265625,
      -64.34691619873047
    ],
    [
      -49.83549880981445,
      -47.94950485229492,
      -50.10140609741211,
      -49.66830062866211,
      -53.41021728515625,
      -51.734920501708984,
      -50.06345748901367,
      -48.91581344604492,
      -47.60620880126953,
      -46.78682327270508,
      -67.93812561035156
    ],
    [
      -48.49082565307617,
      -48.74049758911133,
      -52.16819381713867,
      -52.51017761230469,
      -55.169921875,
      -53.898414611816406,
      -50.76774978637695,
      -49.33789825439453,
      -48.56879425048828,
      -49.66694641113281,
      -72.01219940185547
    ],
    [
      -52.86455535888672,
      -53.963218688964844,
      -54.50468444824219,
      -55.953102111816406,
      -58.06153869628906,
      -58.41293716430664,
      -53.42798614501953,
      -49.510154724121094,
      -47.974449157714844,
      -48.372562408447266,
      -54.3258056640625
    ],
    [
      -63.362037658691406,
      -66.770263671875,
      -67.64781188964844,
      -64.13491821289062,
      -65.55583953857422,
      -65.8259048461914,
      -61.610145568847656,
      -54.131412506103516,
      -49.58195114135742,
      -48.626224517822266,
      -57.46147918701172
    ],
    [
      -68.40347290039062,
      -68.975830078125,
      -72.24461364746094,
      -71.880615234375,
      -71.86497497558594,
      -71.06758880615234,
      -64.12528228759766,
      -57.69171142578125,
      -55.05488967895508,
      -55.19783020019531,
      -61.392921447753906
    ]
  ],
  "histogram": [
    {
      "db": -70,
      "frequency": 1
    },
    {
      "db": -69,
      "frequency": 0
    },
    {
      "db": -68,
      "frequency": 1
    },
    {
      "db": -67,
      "frequency": 0
    },
    {
      "db": -66,
      "frequency": 0
    },
    {
      "db": -65,
      "frequency": 0
    },
    {
      "db": -64,
      "frequency": 0
    },
    {
      "db": -63,
      "frequency": 1
    },
    {
      "db": -62,
      "frequency": 1
    },
    {
      "db": -61,
      "frequency": 0
    },
    {
      "db": -60,
      "frequency": 1
    },
    {
      "db": -59,
      "frequency": 0
    },
    {
      "db": -58,
      "frequency": 1
    },
    {
      "db": -57,
      "frequency": 1
    },
    {
      "db": -56,
      "frequency": 0
    },
    {
      "db": -55,
      "frequency": 1
    },
    {
      "db": -54,
      "frequency": 1
    },
    {
      "db": -53,
      "frequency": 1
    },
    {
      "db": -52,
      "frequency": 1
    },
    {
      "db": -51,
      "frequency": 2
    },
    {
      "db": -50,
      "frequency": 1
    },
    {
      "db": -49,
      "frequency": 1
    },
    {
      "db": -48,
      "frequency": 0
    },
    {
      "db": -47,
      "frequency": 1
    },
    {
      "db": -46,
      "frequency": 2
    },
    {
      "db": -45,
      "frequency": 2
    },
    {
      "db": -44,
      "frequency": 0
    },
    {
      "db": -43,
      "frequency": 3
    },
    {
      "db": -42,
      "frequency": 2
    },
    {
      "db": -41,
      "frequency": 1
    },
    {
      "db": -40,
      "frequency": 13
    },
    {
      "db": -39,
      "frequency": 16
    },
    {
      "db": -38,
      "frequency": 25
    },
    {
      "db": -37,
      "frequency": 27
    },
    {
      "db": -36,
      "frequency": 48
    },
    {
      "db": -35,
      "frequency": 58
    },
    {
      "db": -34,
      "frequency": 36
    },
    {
      "db": -33,
      "frequency": 34
    },
    {
      "db": -32,
      "frequency": 52
    },
    {
      "db": -31,
      "frequency": 79
    },
    {
      "db": -30,
      "frequency": 69
    },
    {
      "db": -29,
      "frequency": 113
    },
    {
      "db": -28,
      "frequency": 191
    },
    {
      "db": -27,
      "frequency": 317
    },
    {
      "db": -26,
      "frequency": 428
    },
    {
      "db": -25,
      "frequency": 424
    },
    {
      "db": -24,
      "frequency": 371
    },
    {
      "db": -23,
      "frequency": 267
    },
    {
      "db": -22,
      "frequency": 300
    },
    {
      "db": -21,
      "frequency": 323
    },
    {
      "db": -20,
      "frequency": 273
    },
    {
      "db": -19,
      "frequency": 151
    },
    {
      "db": -18,
      "frequency": 62
    },
    {
      "db": -17,
      "frequency": 16
    },
    {
      "db": -16,
      "frequency": 0
    },
    {
      "db": -15,
      "frequency": 0
    },
    {
      "db": -14,
      "frequency": 0
    },
    {
      "db": -13,
      "frequency": 0
    },
    {
      "db": -12,
      "frequency": 0
    },
    {
      "db": -11,
      "frequency": 0
    },
    {
      "db": -10,
      "frequency": 0
    },
    {
      "db": -9,
      "frequency": 0
    },
    {
      "db": -8,
      "frequency": 0
    },
    {
      "db": -7,
      "frequency": 0
    },
    {
      "db": -6,
      "frequency": 0
    },
    {
      "db": -5,
      "frequency": 0
    },
    {
      "db": -4,
      "frequency": 0
    },
    {
      "db": -3,
      "frequency": 0
    },
    {
      "db": -2,
      "frequency": 0
    },
    {
      "db": -1,
      "frequency": 0
    },
    {
      "db": 0,
      "frequency": 0
    },
    {
      "db": 1,
      "frequency": 0
    },
    {
      "db": 2,
      "frequency": 0
    },
    {
      "db": 3,
      "frequency": 0
    },
    {
      "db": 4,
      "frequency": 0
    },
    {
      "db": 5,
      "frequency": 0
    },
    {
      "db": 6,
      "frequency": 0
    },
    {
      "db": 7,
