{
  "acoustic_entropy": 213.82154846191406,
  "bands": [
    {
      "high_freq": 148.1999969482422,
      "loudness": -35.579124450683594,
      "loudness_range": 13.746862411499023,
      "mid_mean": -32.0202522277832,
      "mid_to_side_loudness": -30.9462890625,
      "mid_to_side_loudness_range": 24.606643676757812,
      "side_mean": -62.26589584350586
    },
    {
      "high_freq": 392.3793640136719,
      "loudness": -34.09834671020508,
      "loudness_range": 10.960729598999023,
      "low_freq": 148.1999969482422,
      "mid_mean": -30.757251739501953,
      "mid_to_side_loudness": -12.474462509155273,
      "mid_to_side_loudness_range": 12.862180709838867,
      "side_mean": -43.2369270324707
    },
    {
      "high_freq": 794.6976318359375,
      "loudness": -35.983367919921875,
      "loudness_range": 14.859601974487305,
      "low_freq": 392.3793640136719,
      "mid_mean": -33.2133674621582,
      "mid_to_side_loudness": -7.830814361572266,
      "mid_to_side_loudness_range": 12.691987037658691,
      "side_mean": -41.036739349365234
    },
    {
      "high_freq": 1457.5709228515625,
      "loudness": -38.03329086303711,
      "loudness_range": 20.233854293823242,
      "low_freq": 794.6976318359375,
      "mid_mean": -35.743343353271484,
      "mid_to_side_loudness": -6.009510517120361,
      "mid_to_side_loudness_range": 14.014464378356934,
      "side_mean": -41.33070373535156
    },
    {
      "high_freq": 2549.74365234375,
      "loudness": -40.21812057495117,
      "loudness_range": 18.421672821044922,
      "low_freq": 1457.5709228515625,
      "mid_mean": -37.58506774902344,
      "mid_to_side_loudness": -6.739775657653809,
      "mid_to_side_loudness_range": 10.597905158996582,
      "side_mean": -43.86089324951172
    },
    {
      "high_freq": 4349.24462890625,
      "loudness": -42.3356819152832,
      "loudness_range": 18.809993743896484,
      "low_freq": 2549.74365234375,
      "mid_mean": -39.81382751464844,
      "mid_to_side_loudness": -6.1335062980651855,
      "mid_to_side_loudness_range": 9.471925735473633,
      "side_mean": -45.74773025512695
    },
    {
      "high_freq": 7314.1640625,
      "loudness": -44.56768798828125,
      "loudness_range": 19.105636596679688,
      "low_freq": 4349.24462890625,
      "mid_mean": -42.473838806152344,
      "mid_to_side_loudness": -5.301614761352539,
      "mid_to_side_loudness_range": 10.214818954467773,
      "side_mean": -47.62295150756836
    },
    {
      "high_freq": 12199.2666015625,
      "loudness": -45.44009780883789,
      "loudness_range": 15.934791564941406,
      "low_freq": 7314.1640625,
      "mid_mean": -43.269805908203125,
      "mid_to_side_loudness": -5.399503231048584,
      "mid_to_side_loudness_range": 6.931710243225098,
      "side_mean": -50.723018646240234
    },
    {
      "loudness": -53.4458122253418,
      "loudness_range": 15.5865478515625,
      "low_freq": 12199.2666015625,
      "mid_mean": -53.09693145751953,
      "mid_to_side_loudness": -4.440587043762207,
      "mid_to_side_loudness_range": 4.4665937423706055,
      "side_mean": -56.93572235107422
    }
  ],
  "bands_short": [
    {
      "high_freq": 148.1999969482422,
      "loudness": -37.47589111328125,
      "loudness_range": 18.233877182006836,
      "mid_mean": -34.2200927734375,
      "mid_to_side_loudness": -32.24425506591797,
      "mid_to_side_loudness_range": 30.552017211914062,
      "side_mean": -65.07225799560547
    },
    {
      "high_freq": 392.3793640136719,
      "loudness": -34.243221282958984,
      "loudness_range": 13.276582717895508,
      "low_freq": 148.1999969482422,
      "mid_mean": -30.89429473876953,
      "mid_to_side_loudness": -13.560297966003418,
      "mid_to_side_loudness_range": 15.785056114196777,
      "side_mean": -44.47209548950195
    },
    {
      "high_freq": 794.6976318359375,
      "loudness": -36.3393440246582,
      "loudness_range": 16.89585304260254,
      "low_freq": 392.3793640136719,
      "mid_mean": -33.66843032836914,
      "mid_to_side_loudness": -7.750808238983154,
      "mid_to_side_loudness_range": 14.520737648010254,
      "side_mean": -41.465309143066406
    },
    {
      "high_freq": 1457.5709228515625,
      "loudness": -38.542293548583984,
      "loudness_range": 22.02661895751953,
      "low_freq": 794.6976318359375,
      "mid_mean": -36.470970153808594,
      "mid_to_side_loudness": -5.680278301239014,
      "mid_to_side_loudness_range": 15.817737579345703,
      "side_mean": -41.75996780395508
    },
    {
      "high_freq": 2549.74365234375,
      "loudness": -41.29261016845703,
      "loudness_range": 21.62410545349121,
      "low_freq": 1457.5709228515625,
      "mid_mean": -38.74397277832031,
      "mid_to_side_loudness": -6.842777729034424,
      "mid_to_side_loudness_range": 12.560096740722656,
      "side_mean": -45.34560012817383
    },
    {
      "high_freq": 4349.24462890625,
      "loudness": -43.409027099609375,
      "loudness_range": 22.357341766357422,
      "low_freq": 2549.74365234375,
      "mid_mean": -40.970115661621094,
      "mid_to_side_loudness": -6.2691802978515625,
      "mid_to_side_loudness_range": 11.041028022766113,
      "side_mean": -47.154170989990234
    },
    {
      "high_freq": 7314.1640625,
      "loudness": -46.30742645263672,
      "loudness_range": 24.656646728515625,
      "low_freq": 4349.24462890625,
      "mid_mean": -44.389976501464844,
      "mid_to_side_loudness": -5.527053356170654,
      "mid_to_side_loudness_range": 12.41236400604248,
      "side_mean": -50.77392578125
    },
    {
      "high_freq": 12199.2666015625,
      "loudness": -47.97149658203125,
      "loudness_range": 23.886077880859375,
      "low_freq": 7314.1640625,
      "mid_mean": -46.77022171020508,
      "mid_to_side_loudness": -5.764132022857666,
      "mid_to_side_loudness_range": 9.241406440734863,
      "side_mean": -53.97523880004883
    },
    {
      "loudness": -57.19720458984375,
      "loudness_range": 26.473297119140625,
      "low_freq": 12199.2666015625,
      "mid_mean": -56.79558563232422,
      "mid_to_side_loudness": -5.181087970733643,
      "mid_to_side_loudness_range": 8.321348190307617,
      "side_mean": -60.65837478637695
    }
  ],
  "bandwidth": 613.1006469726562,
  "channels": 2,
  "covariance": [
    [
      33.371578216552734,
      12.491889953613281,
      9.477612495422363,
      9.09527587890625,
      6.21697998046875,
      15.184236526489258,
      13.916285514831543,
      20.12824249267578,
      9.392913818359375,
      10.093368530273438,
      14.487598419189453,
      15.81629467010498,
      15.013934135437012,
      19.203691482543945,
      8.226434707641602,
      22.37069320678711,
      17.58677101135254,
      14.953124046325684
    ],
    [
      12.491889953613281,
      30.21720314025879,
      8.596156120300293,
      16.034467697143555,
      14.176339149475098,
      19.824424743652344,
      22.20956039428711,
      26.271699905395508,
      19.731956481933594,
      19.133686065673828,
      19.709217071533203,
      20.621234893798828,
      13.937212944030762,
      15.466920852661133,
      2.9293737411499023,
      15.005237579345703,
      7.9641900062561035,
      8.067566871643066
    ],
    [
      9.477612495422363,
      8.596156120300293,
      18.028636932373047,
      14.20662784576416,
      9.283111572265625,
      13.894293785095215,
      10.666755676269531,
      12.559956550598145,
      11.669232368469238,
      10.862921714782715,
      13.046378135681152,
      14.33510971069336,
      10.136731147766113,
      10.9458589553833,
      4.488703727722168,
      13.467074394226074,
      10.60976505279541,
      9.365190505981445
    ],
    [
      9.09527587890625,
      16.034467697143555,
      14.20662784576416,
      29.772384643554688,
      16.015066146850586,
      25.878524780273438,
      19.70279884338379,
      26.31057357788086,
      20.308012008666992,
      21.238750457763672,
      19.078388214111328,
      24.266929626464844,
      11.092276573181152,
      13.525232315063477,
      1.0589563846588135,
      12.56601619720459,
      5.068881988525391,
      6.386918067932129
    ],
    [
      6.21697998046875,
      14.176339149475098,
      9.283111572265625,
      16.015066146850586,
      31.668447494506836,
      26.383527755737305,
      27.607542037963867,
      24.467586517333984,
      27.303211212158203,
      21.10799217224121,
      26.119264602661133,
      22.97403335571289,
      18.345706939697266,
      15.34006404876709,
      6.657986164093018,
      15.667978286743164,
      10.690446853637695,
      9.488605499267578
    ],
    [
      15.184236526489258,
      19.824424743652344,
      13.894293785095215,
      25.878524780273438,
      26.383527755737305,
      42.83281326293945,
      32.689144134521484,
      42.58768844604492,
      28.967702865600586,
      29.998584747314453,
      28.43062400817871,
      33.87063980102539,
      20.720304489135742,
      24.93238639831543,
      5.759990215301514,
      26.154808044433594,
      16.65777015686035,
      16.186931610107422
    ],
    [
      13.916285514831543,
      22.20956039428711,
      10.666755676269531,
      19.70279884338379,
      27.607542037963867,
      32.689144134521484,
      53.17695999145508,
      48.03432083129883,
      36.55541229248047,
      30.99491310119629,
      36.72072219848633,
      34.327571868896484,
      25.44321632385254,
      25.59773063659668,
      6.201015949249268,
      22.968809127807617,
      13.737283706665039,
      12.732706069946289
    ],
    [
      20.12824249267578,
      26.271699905395508,
      12.559956550598145,
      26.31057357788086,
      24.467586517333984,
      42.58768844604492,
      48.03432083129883,
      71.55834197998047,
      35.22655487060547,
      40.21051788330078,
      34.91592025756836,
      41.06114959716797,
      23.53801918029785,
      32.62263107299805,
      5.069797515869141,
      26.784666061401367,
      12.729501724243164,
      14.433585166931152
    ],
    [
      9.392913818359375,
      19.731956481933594,
      11.669232368469238,
      20.308012008666992,
      27.303211212158203,
      28.967702865600586,
      36.55541229248047,
      35.22655487060547,
      44.91421890258789,
      34.217552185058594,
      39.83561706542969,
      35.668609619140625,
      29.63666534423828,
      26.412057876586914,
      10.994404792785645,
      25.281982421875,
      16.781978607177734,
      14.715324401855469
    ],
    [
      10.093368530273438,
      19.133686065673828,
      10.862921714782715,
      21.238750457763672,
      21.10799217224121,
      29.998584747314453,
      30.99491310119629,
      40.21051788330078,
      34.217552185058594,
      42.22328186035156,
      31.70220375061035,
      37.34495544433594,
      24.989133834838867,
      30.14697265625,
      9.810442924499512,
      24.854814529418945,
      14.172260284423828,
      15.003351211547852
    ],
    [
      14.487598419189453,
      19.709217071533203,
      13.046378135681152,
      19.078388214111328,
      26.119264602661133,
      28.43062400817871,
      36.72072219848633,
      34.91592025756836,
      39.83561706542969,
      31.70220375061035,
      47.81074905395508,
      42.23357009887695,
      37.74287033081055,
      35.17433547973633,
      17.40459442138672,
      34.97937774658203,
      24.32192611694336,
      21.02577781677246
    ],
    [
      15.81629467010498,
      20.621234893798828,
      14.33510971069336,
      24.266929626464844,
      22.97403335571289,
      33.87063980102539,
      34.327571868896484,
      41.06114959716797,
      35.668609619140625,
      37.34495544433594,
      42.23357009887695,
      51.39057540893555,
      36.33732604980469,
      42.08610153198242,
      17.048931121826172,
      41.13873291015625,
      26.30669593811035,
      25.364368438720703
    ],
    [
      15.013934135437012,
      13.937212944030762,
      10.136731147766113,
      11.092276573181152,
      18.345706939697266,
      20.720304489135742,
      25.44321632385254,
      23.53801918029785,
      29.63666534423828,
      24.989133834838867,
      37.74287033081055,
      36.33732604980469,
      51.95315170288086,
      42.021514892578125,
      33.218475341796875,
      45.05152893066406,
      38.3353271484375,
      31.239133834838867
    ],
    [
      19.203691482543945,
      15.466920852661133,
      10.9458589553833,
      13.525232315063477,
      15.34006404876709,
      24.93238639831543,
      25.59773063659668,
      32.62263107299805,
      26.412057876586914,
      30.14697265625,
      35.17433547973633,
      42.08610153198242,
      42.021514892578125,
      54.60687255859375,
      28.3923397064209,
      52.28077697753906,
      39.24344253540039,
      36.4912223815918
    ],
    [
      8.226434707641602,
      2.9293737411499023,
      4.488703727722168,
      1.0589563846588135,
      6.657986164093018,
      5.759990215301514,
      6.201015949249268,
      5.069797515869141,
      10.994404792785645,
      9.810442924499512,
      17.40459442138672,
      17.048931121826172,
      33.218475341796875,
      28.3923397064209,
      42.80706024169922,
      34.91659927368164,
      35.40436553955078,
      29.05342674255371
    ],
    [
      22.37069320678711,
      15.005237579345703,
      13.467074394226074,
      12.56601619720459,
      15.667978286743164,
      26.154808044433594,
      22.968809127807617,
      26.784666061401367,
      25.281982421875,
      24.854814529418945,
      34.97937774658203,
      41.13873291015625,
      45.05152893066406,
      52.28077697753906,
      34.91659927368164,
      74.04806518554688,
      63.28666687011719,
      55.45573043823242
    ],
    [
      17.58677101135254,
      7.9641900062561035,
      10.60976505279541,
      5.068881988525391,
      10.690446853637695,
      16.65777015686035,
      13.737283706665039,
      12.729501724243164,
      16.781978607177734,
      14.172260284423828,
      24.32192611694336,
      26.30669593811035,
      38.3353271484375,
      39.24344253540039,
      35.40436553955078,
      63.28666687011719,
      63.5269775390625,
      52.596405029296875
    ],
    [
      14.953124046325684,
      8.067566871643066,
      9.365190505981445,
      6.386918067932129,
      9.488605499267578,
      16.186931610107422,
      12.732706069946289,
      14.433585166931152,
      14.715324401855469,
      15.003351211547852,
      21.02577781677246,
      25.364368438720703,
      31.239133834838867,
      36.4912223815918,
      29.05342674255371,
      55.45573043823242,
      52.596405029296875,
      47.47454833984375
    ]
  ],
  "covariance_short": [
    [
      60.143489837646484,
      12.04153823852539,
      14.328214645385742,
      11.715232849121094,
      8.22802448272705,
      16.334247589111328,
      14.82983684539795,
      21.133380889892578,
      11.698805809020996,
      13.2654447555542,
      18.007064819335938,
      21.491355895996094,
      19.75230598449707,
      27.820425033569336,
      15.555726051330566,
      27.138286590576172,
      18.473649978637695,
      16.151582717895508
    ],
    [
      12.04153823852539,
      26.387083053588867,
      9.091910362243652,
      15.61598014831543,
      13.628294944763184,
      16.600778579711914,
      19.81784439086914,
      21.615047454833984,
      19.0358829498291,
      19.494075775146484,
      19.079975128173828,
      20.51691246032715,
      14.853120803833008,
      20.0203857421875,
      9.271171569824219,
      16.288816452026367,
      9.77881908416748,
      10.132328987121582
    ],
    [
      14.328214645385742,
      9.091910362243652,
      25.250568389892578,
      16.779897689819336,
      12.57676887512207,
      16.530149459838867,
      13.295228958129883,
      14.896456718444824,
      14.364173889160156,
      14.864653587341309,
      16.07393455505371,
      18.660888671875,
      13.857527732849121,
      19.98727798461914,
      11.016138076782227,
      18.47886085510254,
      13.812479972839355,
      12.413920402526855
    ],
    [
      11.715232849121094,
      15.61598014831543,
      16.779897689819336,
      37.96460723876953,
      19.72762107849121,
      28.54660415649414,
      21.916362762451172,
      26.943622589111328,
      23.86738395690918,
      27.071840286254883,
      23.239198684692383,
      30.107742309570312,
      16.103315353393555,
      25.323925018310547,
      8.888225555419922,
      19.306589126586914,
      9.498527526855469,
      10.692031860351562
    ],
    [
      8.22802448272705,
      13.628294944763184,
      12.57676887512207,
      19.72762107849121,
      40.497718811035156,
      29.325712203979492,
      32.31572341918945,
      27.069355010986328,
      34.10601043701172,
      28.38738250732422,
      33.31681442260742,
      29.965700149536133,
      27.05725860595703,
      28.667552947998047,
      17.722578048706055,
      23.525957107543945,
      16.9754581451416,
      14.032727241516113
    ],
    [
      16.334247589111328,
      16.600778579711914,
      16.530149459838867,
      28.54660415649414,
      29.325712203979492,
      47.62113571166992,
      35.41246795654297,
      43.70685958862305,
      33.438777923583984,
      36.90422821044922,
      33.05928039550781,
      40.020973205566406,
      27.034564971923828,
      39.1541633605957,
      16.24486541748047,
      32.47026824951172,
      20.348167419433594,
      19.141433715820312
    ],
    [
      14.82983684539795,
      19.81784439086914,
      13.295228958129883,
      21.916362762451172,
      32.31572341918945,
      35.41246795654297,
      62.90849685668945,
      51.34910202026367,
      43.66069412231445,
      39.41802215576172,
      44.367027282714844,
      43.12273406982422,
      35.954734802246094,
      42.4017219543457,
      21.543842315673828,
      33.39835739135742,
      21.710500717163086,
      18.487592697143555
    ],
    [
      21.133380889892578,
      21.615047454833984,
      14.896456718444824,
      26.943622589111328,
      27.069355010986328,
      43.70685958862305,
      51.34910202026367,
      77.3863754272461,
      39.71323776245117,
      46.17643737792969,
      39.36533737182617,
      48.17765426635742,
      31.160703659057617,
      47.14488220214844,
      19.185197830200195,
      37.4699592590332,
      19.416030883789062,
      20.02872085571289
    ],
    [
      11.698805809020996,
      19.0358829498291,
      14.364173889160156,
      23.86738395690918,
      34.10601043701172,
      33.438777923583984,
      43.66069412231445,
      39.71323776245117,
      58.69107437133789,
      46.28988265991211,
      50.54864501953125,
      46.63510513305664,
      42.9881706237793,
      47.24575424194336,
      29.151470184326172,
      38.519100189208984,
      26.908903121948242,
      22.601530075073242
    ],
    [
      13.2654447555542,
      19.494075775146484,
      14.864653587341309,
      27.071840286254883,
      28.38738250732422,
      36.90422821044922,
      39.41802215576172,
      46.17643737792969,
      46.28988265991211,
      59.36689758300781,
      42.86338806152344,
      51.33310317993164,
      38.732460021972656,
      51.58457946777344,
      28.979341506958008,
      43.43158721923828,
      28.5184326171875,
      27.61761474609375
    ],
    [
      18.007064819335938,
      19.079975128173828,
      16.07393455505371,
      23.239198684692383,
      33.31681442260742,
      33.05928039550781,
      44.367027282714844,
      39.36533737182617,
      50.54864501953125,
      42.86338806152344,
      65.4208755493164,
      56.421714782714844,
      57.48779296875,
      60.871883392333984,
      43.348697662353516,
      53.00406265258789,
      38.47816467285156,
      31.623605728149414
    ],
    [
      21.491355895996094,
      20.51691246032715,
      18.660888671875,
      30.107742309570312,
      29.965700149536133,
      40.020973205566406,
      43.12273406982422,
      48.17765426635742,
      46.63510513305664,
      51.33310317993164,
      56.421714782714844,
      69.14065551757812,
      53.39823532104492,
      70.83992004394531,
      41.713932037353516,
      61.946720123291016,
      40.409183502197266,
      38.25667953491211
    ],
    [
      19.75230598449707,
      14.853120803833008,
      13.857527732849121,
      16.103315353393555,
      27.05725860595703,
      27.034564971923828,
      35.954734802246094,
      31.160703659057617,
      42.9881706237793,
      38.732460021972656,
      57.48779296875,
      53.39823532104492,
      80.403076171875,
      71.3318099975586,
      69.79270935058594,
      71.39136505126953,
      61.42259979248047,
      48.18647003173828
    ],
    [
      27.820425033569336,
      20.0203857421875,
      19.98727798461914,
      25.323925018310547,
      28.667552947998047,
      39.1541633605957,
      42.4017219543457,
      47.14488220214844,
      47.24575424194336,
      51.58457946777344,
      60.871883392333984,
      70.83992004394531,
      71.3318099975586,
      98.537353515625,
      64.99751281738281,
      93.98897552490234,
      70.13805389404297,
      62.52742385864258
    ],
    [
      15.555726051330566,
      9.271171569824219,
      11.016138076782227,
      8.888225555419922,
      17.722578048706055,
      16.24486541748047,
      21.543842315673828,
      19.185197830200195,
      29.151470184326172,
      28.979341506958008,
      43.348697662353516,
      41.713932037353516,
      69.79270935058594,
      64.99751281738281,
      90.98578643798828,
      77.17587280273438,
      74.51402282714844,
      59.53180694580078
    ],
    [
      27.138286590576172,
      16.288816452026367,
      18.47886085510254,
      19.306589126586914,
      23.525957107543945,
      32.47026824951172,
      33.39835739135742,
      37.4699592590332,
      38.519100189208984,
      43.43158721923828,
      53.00406265258789,
      61.946720123291016,
      71.39136505126953,
      93.98897552490234,
      77.17587280273438,
      101.3547134399414,
      82.1549301147461,
      73.58695983886719
    ],
    [
      18.473649978637695,
      9.77881908416748,
      13.812479972839355,
      9.498527526855469,
      16.9754581451416,
      20.348167419433594,
      21.710500717163086,
      19.416030883789062,
      26.908903121948242,
      28.5184326171875,
      38.47816467285156,
      40.409183502197266,
      61.42259979248047,
      70.13805389404297,
      74.51402282714844,
      82.1549301147461,
      85.02622985839844,
      69.32518005371094
    ],
    [
      16.151582717895508,
      10.132328987121582,
      12.413920402526855,
      10.692031860351562,
      14.032727241516113,
      19.141433715820312,
      18.487592697143555,
      20.02872085571289,
      22.601530075073242,
      27.61761474609375,
      31.623605728149414,
      38.25667953491211,
      48.18647003173828,
      62.52742385864258,
      59.53180694580078,
      73.58695983886719,
      69.32518005371094,
      64.98577880859375
    ]
  ],
  "damage": -19.493783950805664,
  "diff_bandwidth": 646.7918701171875,
  "dissonance": 7.97113897485085,
  "drr": 13.524974822998047,
  "dynamics": 3.683976888656616,
  "format": 1245190,
  "frames": 16633344,
  "freq_pan_to_db": [
    [
      -42.98829650878906,
      -42.99828338623047,
      -39.23323440551758,
      -34.901611328125,
      -27.433551788330078,
      -24.35023307800293,
      -28.054941177368164,
      -34.57166290283203,
      -35.38380432128906,
      -42.850467681884766,
      -45.4953498840332
    ],
    [
      -40.63751983642578,
      -40.18587112426758,
      -35.65196228027344,
      -31.935251235961914,
      -26.43766975402832,
      -24.1422119140625,
      -26.367616653442383,
      -30.31854248046875,
      -34.26936721801758,
      -38.333316802978516,
      -46.14421081542969
    ],
    [
      -41.43498992919922,
      -39.3234748840332,
      -36.96317672729492,
      -33.89494705200195,
      -27.80855369567871,
      -25.096595764160156,
      -27.451189041137695,
      -31.07207679748535,
      -33.62382888793945,
      -38.959495544433594,
      -40.62294006347656
    ],
    [
      -42.867462158203125,
      -39.74540710449219,
      -36.5283203125,
      -32.18929672241211,
      -28.97917938232422,
      -27.45191764831543,
      -29.80793571472168,
      -32.68170166015625,
      -35.27497100830078,
      -37.69942855834961,
      -38.115509033203125
    ],
    [
      -36.96220779418945,
      -34.38365936279297,
      -32.54310607910156,
      -30.34581756591797,
      -28.12647819519043,
      -27.030805587768555,
      -27.471275329589844,
      -29.648521423339844,
      -31.586570739746094,
      -33.675907135009766,
      -35.09490203857422
    ],
    [
      -33.45180130004883,
      -32.19625473022461,
      -30.73348617553711,
      -29.333873748779297,
      -27.846744537353516,
      -26.415958404541016,
      -26.996566772460938,
      -29.093021392822266,
      -30.427568435668945,
      -32.37665939331055,
      -32.626495361328125
    ],
    [
      -32.89107894897461,
      -31.863323211669922,
      -30.22748374938965,
      -29.080333709716797,
      -27.547353744506836,
      -25.440053939819336,
      -26.91527557373047,
      -29.091529846191406,
      -31.046485900878906,
      -32.364646911621094,
      -31.82819938659668
    ],
    [
      -31.99351692199707,
      -31.372234344482422,
      -30.296812057495117,
      -28.88262939453125,
      -26.364675521850586,
      -25.49260711669922,
      -27.29808807373047,
      -29.24445343017578,
      -30.078510284423828,
      -30.794368743896484,
      -31.538801193237305
    ],
    [
      -33.0555305480957,
      -32.183284759521484,
      -30.93170738220215,
      -29.532798767089844,
      -28.26464080810547,
      -28.42264747619629,
      -30.386083602905273,
      -32.22918701171875,
      -33.21006774902344,
      -33.892581939697266,
      -34.31571960449219
    ],
    [
      -31.17122459411621,
      -31.296300888061523,
      -30.0837459564209,
      -28.319068908691406,
      -26.30588150024414,
      -26.322546005249023,
      -28.9193115234375,
      -30.48917579650879,
      -30.51595687866211,
      -30.88019371032715,
      -31.35785675048828
    ],
    [
      -29.792030334472656,
      -30.470674514770508,
      -30.40079689025879,
      -28.998462677001953,
      -27.537748336791992,
      -26.408653259277344,
      -27.18099021911621,
      -29.277034759521484,
      -30.43608856201172,
      -30.355627059936523,
      -30.619403839111328
    ],
    [
      -29.84819793701172,
      -30.89073371887207,
      -30.022174835205078,
      -30.522918701171875,
      -29.970890045166016,
      -28.870704650878906,
      -29.7755126953125,
      -30.799415588378906,
      -31.277135848999023,
      -32.949249267578125,
      -33.18925476074219
    ],
    [
      -31.64381217956543,
      -32.060508728027344,
      -32.37120819091797,
      -31.464675903320312,
      -31.639686584472656,
      -30.868364334106445,
      -31.709226608276367,
      -31.86457633972168,
      -32.206844329833984,
      -32.41057586669922,
      -33.41238784790039
    ],
    [
      -32.106082916259766,
      -32.81424331665039,
      -32.20420837402344,
      -32.4122428894043,
      -31.504592895507812,
      -29.206314086914062,
      -29.637948989868164,
      -30.371540069580078,
      -30.958690643310547,
      -32.13750457763672,
      -32.40730667114258
    ],
    [
      -33.243465423583984,
      -32.21878433227539,
      -31.672821044921875,
      -30.512134552001953,
      -30.12894058227539,
      -28.74754524230957,
      -29.708633422851562,
      -29.472877502441406,
      -29.444957733154297,
      -29.91739845275879,
      -28.72399139404297
    ],
    [
      -34.68179702758789,
      -32.82948684692383,
      -32.02287292480469,
      -31.571657180786133,
      -32.82794952392578,
      -30.653514862060547,
      -30.84939193725586,
      -30.754619598388672,
      -30.27309226989746,
      -30.928306579589844,
      -28.574827194213867
    ],
    [
      -38.224021911621094,
      -33.93014144897461,
      -32.396240234375,
      -32.395015716552734,
      -35.79189682006836,
      -33.144527435302734,
      -32.34657669067383,
      -32.49546432495117,
      -33.44757843017578,
      -32.2643928527832,
      -30.779979705810547
    ],
    [
      -33.790924072265625,
      -31.35293197631836,
      -29.000093460083008,
      -28.9368896484375,
      -32.493980407714844,
      -31.798583984375,
      -29.42321014404297,
      -29.11302375793457,
      -31.823741912841797,
      -29.269777297973633,
      -27.001209259033203
    ],
    [
      -38.83188247680664,
      -36.220157623291016,
      -34.19212341308594,
      -35.04492950439453,
      -35.680625915527344,
      -32.75238037109375,
      -34.56755447387695,
      -34.94354248046875,
      -33.4733772277832,
      -33.170169830322266,
      -30.12863540649414
    ],
    [
      -35.2711296081543,
      -38.419246673583984,
      -37.32536315917969,
      -38.152992248535156,
      -37.894351959228516,
      -35.90798568725586,
      -37.3650016784668,
      -37.70962142944336,
      -37.076847076416016,
      -34.06317138671875,
      -32.00679016113281
    ],
    [
      -40.61078643798828,
      -40.20550537109375,
      -38.52561950683594,
      -38.36111831665039,
      -37.18008804321289,
      -35.59986877441406,
      -39.555755615234375,
      -37.47435760498047,
      -38.620540618896484,
      -35.71689987182617,
      -32.14390182495117
    ],
    [
      -39.35837936401367,
      -40.58896255493164,
      -39.31377029418945,
      -39.05076599121094,
      -39.638511657714844,
      -38.0765380859375,
      -40.58927536010742,
      -39.71162796020508,
      -40.00056838989258,
      -40.212120056152344,
      -38.449462890625
    ],
    [
      -39.7995719909668,
      -40.712249755859375,
      -40.634281158447266,
      -40.54659652709961,
      -40.38325119018555,
      -39.00885772705078,
      -41.68180847167969,
      -41.8129997253418,
      -41.45203399658203,
      -40.851383209228516,
      -42.15749740600586
    ],
    [
      -39.639461517333984,
      -40.92764663696289,
      -40.9121208190918,
      -40.79429244995117,
      -40.56187438964844,
      -38.83794403076172,
      -41.280853271484375,
      -41.95273971557617,
      -41.54798889160156,
      -41.09580612182617,
      -43.4305419921875
    ],
    [
      -41.125709533691406,
      -42.45915222167969,
      -42.188819885253906,
      -41.9403076171875,
      -41.3721923828125,
      -41.42428207397461,
      -42.209686279296875,
      -42.17995834350586,
      -42.75312423706055,
      -43.91937255859375,
      -48.016090393066406
    ],
    [
      -46.34141159057617,
      -43.92601776123047,
      -42.53854751586914,
      -41.787757873535156,
      -41.076480865478516,
      -39.86552810668945,
      -41.47727584838867,
      -42.18408966064453,
      -43.080894470214844,
      -43.82911682128906,
      -48.49639129638672
    ],
    [
      -47.621192932128906,
      -42.6561164855957,
      -41.85973358154297,
      -41.94059371948242,
      -41.28809356689453,
      -39.30854415893555,
      -42.51946258544922,
      -42.73832321166992,
      -41.992618560791016,
      -42.32651901245117,
      -40.62467956542969
    ],
    [
      -50.063167572021484,
      -45.63960647583008,
      -43.912498474121094,
      -43.54572296142578,
      -43.75724792480469,
      -42.106876373291016,
      -45.055519104003906,
      -43.287532806396484,
      -43.104801177978516,
      -43.552127838134766,
      -47.0303840637207
    ],
    [
      -47.6152229309082,
      -45.61743927001953,
      -44.40855026245117,
      -44.28142166137695,
      -43.883487701416016,
      -43.3738899230957,
      -45.45963668823242,
      -44.06080627441406,
      -44.112022399902344,
      -46.492279052734375,
      -51.46261215209961
    ],
    [
      -43.263973236083984,
      -44.875038146972656,
      -44.622318267822266,
      -44.39987564086914,
      -43.823326110839844,
      -43.2255973815918,
      -44.959163665771484,
      -44.4691047668457,
      -44.273685455322266,
      -45.430328369140625,
      -50.361228942871094
    ],
    [
      -49.073062896728516,
      -47.42176818847656,
      -46.1944580078125,
      -45.441871643066406,
      -44.51613998413086,
      -42.60269546508789,
      -45.85240936279297,
      -45.56455612182617,
      -44.677337646484375,
      -45.56124496459961,
      -48.19545364379883
    ],
    [
      -55.20366668701172,
      -45.76542663574219,
      -46.21578598022461,
      -45.41948318481445,
      -45.343807220458984,
      -44.192813873291016,
      -46.37384033203125,
      -46.445743560791016,
      -46.47068405151367,
      -44.28999328613281,
      -52.69175720214844
    ],
    [
      -62.102230072021484,
      -49.10504913330078,
      -47.94981384277344,
      -46.03368377685547,
      -46.47365951538086,
      -45.500770568847656,
      -46.805660247802734,
      -46.628849029541016,
      -45.81232833862305,
      -44.8879508972168,
      -370
    ],
    [
      -46.553016662597656,
      -45.78318786621094,
      -38.0611572265625,
      -38.13936996459961,
      -47.557098388671875,
      -46.040061950683594,
      -46.05812454223633,
      -44.686607360839844,
      -44.02828598022461,
      -45.161415100097656,
      -44.72201156616211
    ],
    [
      -370,
      -52.52914047241211,
      -42.150352478027344,
      -41.17362594604492,
      -47.07472229003906,
      -45.42103958129883,
      -45.25934982299805,
      -43.44905471801758,
      -42.07973098754883,
      -40.380043029785156,
      -53.82609176635742
    ],
    [
      -51.15575408935547,
      -52.35626220703125,
      -48.27113342285156,
      -45.93156051635742,
      -50.24162292480469,
      -48.098392486572266,
      -46.85285568237305,
      -44.13658905029297,
      -43.782535552978516,
      -46.7712516784668,
      -66.29412841796875
    ],
    [
      -53.649715423583984,
      -49.76531219482422,
      -49.160526275634766,
      -48.1019401550293,
      -51.85961151123047,
      -50.092159271240234,
      -47.751712799072266,
      -46.3562126159668,
      -45.6358642578125,
      -43.51228713989258,
      -370
    ],
    [
      -49.49574279785156,
      -48.16170120239258,
      -50.06617736816406,
      -49.7076301574707,
      -52.84329605102539,
      -51.503726959228516,
      -49.78834533691406,
      -48.83350372314453,
      -48.20867156982422,
      -46.606258392333984,
      -67.61009979248047
    ],
    [
      -47.529624938964844,
      -49.34970474243164,
      -52.48857879638672,
      -52.41194152832031,
      -54.78866958618164,
      -53.5277214050293,
      -50.57890701293945,
      -49.22476577758789,
      -48.280174255371094,
      -49.5429801940918,
      -76.33904266357422
    ],
    [
      -53.96037673950195,
      -55.91292190551758,
      -54.9650764465332,
      -55.605037689208984,
      -57.98074722290039,
      -58.05582046508789,
      -53.073272705078125,
      -49.25532150268555,
      -48.02839279174805,
      -48.50041580200195,
      -54.249149322509766
    ],
    [
      -370,
      -66.23887634277344,
      -67.95156860351562,
      -64.26226806640625,
      -65.09579467773438,
      -65.58769989013672,
      -61.156978607177734,
      -53.79261016845703,
      -49.32255935668945,
      -48.64482879638672,
      -56.34360885620117
    ],
    [
      -68.0595703125,
      -68.46372985839844,
      -72.40045928955078,
      -71.57199096679688,
      -71.46617889404297,
      -70.72318267822266,
      -63.70072937011719,
      -57.355403900146484,
      -54.89833450317383,
      -54.957252502441406,
      -62.85981750488281
    ]
  ],
  "histogram": [
    {
      "db": -70,
      "frequency": 1
    },
    {
      "db": -69,
      "frequency": 0
    },
    {
      "db": -68,
      "frequency": 0
    },
    {
      "db": -67,
      "frequency": 1
    },
    {
      "db": -66,
      "frequency": 0
    },
    {
      "db": -65,
      "frequency": 0
    },
    {
      "db": -64,
      "frequency": 0
    },
    {
      "db": -63,
      "frequency": 1
    },
    {
      "db": -62,
      "frequency": 0
    },
    {
      "db": -61,
      "frequency": 1
    },
    {
      "db": -60,
      "frequency": 0
    },
    {
      "db": -59,
      "frequency": 1
    },
    {
      "db": -58,
      "frequency": 1
    },
    {
      "db": -57,
      "frequency": 0
    },
    {
      "db": -56,
      "frequency": 1
    },
    {
      "db": -55,
      "frequency": 1
    },
    {
      "db": -54,
      "frequency": 1
    },
    {
      "db": -53,
      "frequency": 1
    },
    {
      "db": -52,
      "frequency": 1
    },
    {
      "db": -51,
      "frequency": 1
    },
    {
      "db": -50,
      "frequency": 1
    },
    {
      "db": -49,
      "frequency": 1
    },
    {
      "db": -48,
      "frequency": 1
    },
    {
      "db": -47,
      "frequency": 1
    },
    {
      "db": -46,
      "frequency": 1
    },
    {
      "db": -45,
      "frequency": 2
    },
    {
      "db": -44,
      "frequency": 1
    },
    {
      "db": -43,
      "frequency": 3
    },
    {
      "db": -42,
      "frequency": 2
    },
    {
      "db": -41,
      "frequency": 1
    },
    {
      "db": -40,
      "frequency": 5
    },
    {
      "db": -39,
      "frequency": 19
    },
    {
      "db": -38,
      "frequency": 14
    },
    {
      "db": -37,
      "frequency": 34
    },
    {
      "db": -36,
      "frequency": 28
    },
    {
      "db": -35,
      "frequency": 63
    },
    {
      "db": -34,
      "frequency": 48
    },
    {
      "db": -33,
      "frequency": 34
    },
    {
      "db": -32,
      "frequency": 43
    },
    {
      "db": -31,
      "frequency": 72
    },
    {
      "db": -30,
      "frequency": 76
    },
    {
      "db": -29,
      "frequency": 92
    },
    {
      "db": -28,
      "frequency": 173
    },
    {
      "db": -27,
      "frequency": 268
    },
    {
      "db": -26,
      "frequency": 428
    },
    {
      "db": -25,
      "frequency": 442
    },
    {
      "db": -24,
      "frequency": 421
    },
    {
      "db": -23,
      "frequency": 298
    },
    {
      "db": -22,
      "frequency": 358
    },
    {
      "db": -21,
      "frequency": 408
    },
    {
      "db": -20,
      "frequency": 269
    },
    {
      "db": -19,
      "frequency": 94
    },
    {
      "db": -18,
      "frequency": 6
    },
    {
      "db": -17,
      "frequency": 0
    },
    {
      "db": -16,
      "frequency": 0
    },
    {
      "db": -15,
      "frequency": 0
    },
    {
      "db": -14,
      "frequency": 0
    },
    {
      "db": -13,
      "frequency": 0
    },
    {
      "db": -12,
      "frequency": 0
    },
    {
      "db": -11,
      "frequency": 0
    },
    {
      "db": -10,
      "frequency": 0
    },
    {
      "db": -9,
      "frequency": 0
    },
    {
      "db": -8,
      "frequency": 0
    },
    {
      "db": -7,
      "frequency": 0
    },
    {
      "db": -6,
      "frequency": 0
    },
    {
      "db": -5,
      "frequency": 0
    },
    {
      "db": -4,
      "frequency": 0
    },
    {
      "db": -3,
      "frequency": 0
    },
    {
      "db": -2,
      "frequency": 0
    },
    {
      "db": -1,
      "frequency": 0
    },
    {
      "db": 0,
      "frequency": 0
    },
    {
      "db": 1,
      "frequency": 0
    },
    {
      "db": 2,
      "frequency": 0
    },
    {
      "db": 3,
      "frequency": 0
    },
    {
      "db": 4,
      "frequency": 0
    },
    {
      "db": 5,
      "frequency": 0
    },
    {
      "db": 6,
      "frequency": 0
    },
    {
      "db": 7,
