{
  "acoustic_entropy": 208.40170288085938,
  "bands": [
    {
      "high_freq": 148.1999969482422,
      "loudness": -35.88748550415039,
      "loudness_range": 14.28580093383789,
      "mid_mean": -32.2803840637207,
      "mid_to_side_loudness": -31.988054275512695,
      "mid_to_side_loudness_range": 25.932374954223633,
      "side_mean": -63.2127799987793
    },
    {
      "high_freq": 392.3793640136719,
      "loudness": -34.332008361816406,
      "loudness_range": 11.902509689331055,
      "low_freq": 148.1999969482422,
      "mid_mean": -30.995750427246094,
      "mid_to_side_loudness": -12.808320045471191,
      "mid_to_side_loudness_range": 14.170875549316406,
      "side_mean": -43.79378128051758
    },
    {
      "high_freq": 794.6976318359375,
      "loudness": -35.83447265625,
      "loudness_range": 15.864084243774414,
      "low_freq": 392.3793640136719,
      "mid_mean": -32.98148727416992,
      "mid_to_side_loudness": -8.441606521606445,
      "mid_to_side_loudness_range": 13.858696937561035,
      "side_mean": -41.317466735839844
    },
    {
      "high_freq": 1457.5709228515625,
      "loudness": -37.71821594238281,
      "loudness_range": 21.5028018951416,
      "low_freq": 794.6976318359375,
      "mid_mean": -35.4768180847168,
      "mid_to_side_loudness": -6.086086273193359,
      "mid_to_side_loudness_range": 15.239100456237793,
      "side_mean": -41.0342903137207
    },
    {
      "high_freq": 2549.74365234375,
      "loudness": -41.51670455932617,
      "loudness_range": 19.740461349487305,
      "low_freq": 1457.5709228515625,
      "mid_mean": -38.96734619140625,
      "mid_to_side_loudness": -6.75203275680542,
      "mid_to_side_loudness_range": 11.490386962890625,
      "side_mean": -45.09952163696289
    },
    {
      "high_freq": 4349.24462890625,
      "loudness": -43.2852668762207,
      "loudness_range": 19.698169708251953,
      "low_freq": 2549.74365234375,
      "mid_mean": -40.72386169433594,
      "mid_to_side_loudness": -6.460324764251709,
      "mid_to_side_loudness_range": 10.28385066986084,
      "side_mean": -46.968074798583984
    },
    {
      "high_freq": 7314.1640625,
      "loudness": -44.821170806884766,
      "loudness_range": 19.592769622802734,
      "low_freq": 4349.24462890625,
      "mid_mean": -42.694698333740234,
      "mid_to_side_loudness": -5.704396724700928,
      "mid_to_side_loudness_range": 10.539015769958496,
      "side_mean": -48.485416412353516
    },
    {
      "high_freq": 12199.2666015625,
      "loudness": -46.65993881225586,
      "loudness_range": 16.320514678955078,
      "low_freq": 7314.1640625,
      "mid_mean": -44.644500732421875,
      "mid_to_side_loudness": -5.041221618652344,
      "mid_to_side_loudness_range": 7.005589485168457,
      "side_mean": -51.618690490722656
    },
    {
      "loudness": -53.619606018066406,
      "loudness_range": 16.277606964111328,
      "low_freq": 12199.2666015625,
      "mid_mean": -53.46759033203125,
      "mid_to_side_loudness": -4.0431342124938965,
      "mid_to_side_loudness_range": 4.5508880615234375,
      "side_mean": -56.93681335449219
    }
  ],
  "bands_short": [
    {
      "high_freq": 148.1999969482422,
      "loudness": -37.70441818237305,
      "loudness_range": 18.04668426513672,
      "mid_mean": -34.53269577026367,
      "mid_to_side_loudness": -33.28410720825195,
      "mid_to_side_loudness_range": 31.84680938720703,
      "side_mean": -65.82237243652344
    },
    {
      "high_freq": 392.3793640136719,
      "loudness": -34.553062438964844,
      "loudness_range": 14.279315948486328,
      "low_freq": 148.1999969482422,
      "mid_mean": -31.212242126464844,
      "mid_to_side_loudness": -13.836999893188477,
      "mid_to_side_loudness_range": 16.78594207763672,
      "side_mean": -45.05030822753906
    },
    {
      "high_freq": 794.6976318359375,
      "loudness": -36.23596954345703,
      "loudness_range": 17.799999237060547,
      "low_freq": 392.3793640136719,
      "mid_mean": -33.500205993652344,
      "mid_to_side_loudness": -8.322502136230469,
      "mid_to_side_loudness_range": 15.218713760375977,
      "side_mean": -41.80970001220703
    },
    {
      "high_freq": 1457.5709228515625,
      "loudness": -38.19636154174805,
      "loudness_range": 23.005075454711914,
      "low_freq": 794.6976318359375,
      "mid_mean": -36.21791458129883,
      "mid_to_side_loudness": -5.715447425842285,
      "mid_to_side_loudness_range": 16.651161193847656,
      "side_mean": -41.483055114746094
    },
    {
      "high_freq": 2549.74365234375,
      "loudness": -42.64148712158203,
      "loudness_range": 22.849271774291992,
      "low_freq": 1457.5709228515625,
      "mid_mean": -40.159690856933594,
      "mid_to_side_loudness": -6.8373517990112305,
      "mid_to_side_loudness_range": 13.206160545349121,
      "side_mean": -46.68891143798828
    },
    {
      "high_freq": 4349.24462890625,
      "loudness": -44.395042419433594,
      "loudness_range": 23.14223861694336,
      "low_freq": 2549.74365234375,
      "mid_mean": -41.94546890258789,
      "mid_to_side_loudness": -6.583459377288818,
      "mid_to_side_loudness_range": 11.620806694030762,
      "side_mean": -48.53324890136719
    },
    {
      "high_freq": 7314.1640625,
      "loudness": -46.637550354003906,
      "loudness_range": 25.241226196289062,
      "low_freq": 4349.24462890625,
      "mid_mean": -44.68767166137695,
      "mid_to_side_loudness": -5.918570518493652,
      "mid_to_side_loudness_range": 12.597121238708496,
      "side_mean": -51.46289825439453
    },
    {
      "high_freq": 12199.2666015625,
      "loudness": -49.1279411315918,
      "loudness_range": 23.91356658935547,
      "low_freq": 7314.1640625,
      "mid_mean": -50.03696060180664,
      "mid_to_side_loudness": -5.422407150268555,
      "mid_to_side_loudness_range": 9.348505973815918,
      "side_mean": -54.85163116455078
    },
    {
      "loudness": -57.460941314697266,
      "loudness_range": 26.791221618652344,
      "low_freq": 12199.2666015625,
      "mid_mean": -57.194053649902344,
      "mid_to_side_loudness": -4.82007360458374,
      "mid_to_side_loudness_range": 8.558752059936523,
      "side_mean": -60.74965286254883
    }
  ],
  "bandwidth": 617.3486328125,
  "channels": 2,
  "covariance": [
    [
      34.14890670776367,
      11.432401657104492,
      11.559985160827637,
      11.333128929138184,
      7.920772075653076,
      16.846900939941406,
      14.856553077697754,
      22.26254653930664,
      11.143095970153809,
      11.93918228149414,
      15.607576370239258,
      16.83026695251465,
      15.717577934265137,
      20.23552703857422,
      9.566271781921387,
      21.42133331298828,
      16.94647216796875,
      14.735162734985352
    ],
    [
      11.432401657104492,
      27.58925437927246,
      9.407331466674805,
      17.21688461303711,
      13.852972030639648,
      19.393564224243164,
      21.059572219848633,
      24.642568588256836,
      19.07284164428711,
      17.957550048828125,
      18.30144500732422,
      19.23289680480957,
      12.365665435791016,
      14.591862678527832,
      2.137540102005005,
      11.768025398254395,
      5.600959300994873,
      5.823046684265137
    ],
    [
      11.559985160827637,
      9.407331466674805,
      21.194969177246094,
      17.583044052124023,
      12.063997268676758,
      17.070154190063477,
      13.597036361694336,
      15.795023918151855,
      15.10136890411377,
      13.181068420410156,
      16.208831787109375,
      17.70389175415039,
      12.387543678283691,
      14.837451934814453,
      5.821582794189453,
      15.841083526611328,
      12.787973403930664,
      11.382791519165039
    ],
    [
      11.333128929138184,
      17.21688461303711,
      17.583044052124023,
      36.89105224609375,
      19.629314422607422,
      31.71266746520996,
      23.327661514282227,
      31.424123764038086,
      24.813932418823242,
      24.730375289916992,
      22.650205612182617,
      28.77040672302246,
      13.033220291137695,
      17.920825958251953,
      1.4826947450637817,
      14.11256217956543,
      5.728788375854492,
      7.254310131072998
    ],
    [
      7.920772075653076,
      13.852972030639648,
      12.063997268676758,
      19.629314422607422,
      34.986915588378906,
      29.679550170898438,
      31.508142471313477,
      27.66046142578125,
      31.49712371826172,
      23.494508743286133,
      29.3570499420166,
      25.5553035736084,
      20.45034408569336,
      18.958568572998047,
      7.681744575500488,
      17.127094268798828,
      12.063155174255371,
      10.686192512512207
    ],
    [
      16.846900939941406,
      19.393564224243164,
      17.070154190063477,
      31.71266746520996,
      29.679550170898438,
      49.65247344970703,
      36.67278289794922,
      48.37846755981445,
      33.07966995239258,
      33.424713134765625,
      31.16822052001953,
      37.642433166503906,
      21.98512077331543,
      29.68968391418457,
      6.368566036224365,
      26.361648559570312,
      16.54848289489746,
      16.515422821044922
    ],
    [
      14.856553077697754,
      21.059572219848633,
      13.597036361694336,
      23.327661514282227,
      31.508142471313477,
      36.67278289794922,
      58.70695114135742,
      53.1313362121582,
      41.810646057128906,
      34.532981872558594,
      40.33810043334961,
      37.178497314453125,
      28.154434204101562,
      29.664020538330078,
      7.9580769538879395,
      23.394975662231445,
      14.34874439239502,
      13.18994426727295
    ],
    [
      22.26254653930664,
      24.642568588256836,
      15.795023918151855,
      31.424123764038086,
      27.66046142578125,
      48.37846755981445,
      53.1313362121582,
      79.8338394165039,
      39.19612121582031,
      44.50731658935547,
      37.57600402832031,
      44.00132369995117,
      24.55646324157715,
      35.98897933959961,
      5.582366943359375,
      26.132675170898438,
      12.043193817138672,
      13.801939010620117
    ],
    [
      11.143095970153809,
      19.07284164428711,
      15.10136890411377,
      24.813932418823242,
      31.49712371826172,
      33.07966995239258,
      41.810646057128906,
      39.19612121582031,
      51.83419418334961,
      38.22832107543945,
      44.446266174316406,
      39.37478256225586,
      32.91239929199219,
      31.310897827148438,
      12.953411102294922,
      26.632572174072266,
      18.261369705200195,
      15.876758575439453
    ],
    [
      11.93918228149414,
      17.957550048828125,
      13.181068420410156,
      24.730375289916992,
      23.494508743286133,
      33.424713134765625,
      34.532981872558594,
      44.50731658935547,
      38.22832107543945,
      46.63592529296875,
      34.21046829223633,
      39.9638786315918,
      26.058979034423828,
      33.650489807128906,
      11.002043724060059,
      24.09196662902832,
      13.306185722351074,
      14.504668235778809
    ],
    [
      15.607576370239258,
      18.30144500732422,
      16.208831787109375,
      22.650205612182617,
      29.3570499420166,
      31.16822052001953,
      40.33810043334961,
      37.57600402832031,
      44.446266174316406,
      34.21046829223633,
      51.875370025634766,
      45.42512512207031,
      40.420631408691406,
      39.61520767211914,
      19.486595153808594,
      35.72551727294922,
      25.547977447509766,
      22.04698944091797
    ],
    [
      16.83026695251465,
      19.23289680480957,
      17.70389175415039,
      28.77040672302246,
      25.5553035736084,
      37.642433166503906,
      37.178497314453125,
      44.00132369995117,
      39.37478256225586,
      39.9638786315918,
      45.42512512207031,
      55.43146896362305,
      37.9442253112793,
      47.735740661621094,
      18.59550666809082,
      42.144474029541016,
      27.474151611328125,
      26.690982818603516
    ],
    [
      15.717577934265137,
      12.365665435791016,
      12.387543678283691,
      13.033220291137695,
      20.45034408569336,
      21.98512077331543,
      28.154434204101562,
      24.55646324157715,
      32.91239929199219,
      26.058979034423828,
      40.420631408691406,
      37.9442253112793,
      54.36745071411133,
      45.9791259765625,
      35.581050872802734,
      44.763553619384766,
      39.027286529541016,
      32.009883880615234
    ],
    [
      20.23552703857422,
      14.591862678527832,
      14.837451934814453,
      17.920825958251953,
      18.958568572998047,
      29.68968391418457,
      29.664020538330078,
      35.98897933959961,
      31.310897827148438,
      33.650489807128906,
      39.61520767211914,
      47.735740661621094,
      45.9791259765625,
      60.43296813964844,
      30.666303634643555,
      55.99606704711914,
      43.412017822265625,
      40.27299880981445
    ],
    [
      9.566271781921387,
      2.137540102005005,
      5.821582794189453,
      1.4826947450637817,
      7.681744575500488,
      6.368566036224365,
      7.9580769538879395,
      5.582366943359375,
      12.953411102294922,
      11.002043724060059,
      19.486595153808594,
      18.59550666809082,
      35.581050872802734,
      30.666303634643555,
      45.22370529174805,
      36.646484375,
      38.061161041259766,
      31.32060432434082
    ],
    [
      21.42133331298828,
      11.768025398254395,
      15.841083526611328,
      14.11256217956543,
      17.127094268798828,
      26.361648559570312,
      23.394975662231445,
      26.132675170898438,
      26.632572174072266,
      24.09196662902832,
      35.72551727294922,
      42.144474029541016,
      44.763553619384766,
      55.99606704711914,
      36.646484375,
      71.97056579589844,
      63.27440643310547,
      56.233154296875
    ],
    [
      16.94647216796875,
      5.600959300994873,
      12.787973403930664,
      5.728788375854492,
      12.063155174255371,
      16.54848289489746,
      14.34874439239502,
      12.043193817138672,
      18.261369705200195,
      13.306185722351074,
      25.547977447509766,
      27.474151611328125,
      39.027286529541016,
      43.412017822265625,
      38.061161041259766,
      63.27440643310547,
      65.76980590820312,
      55.23228454589844
    ],
    [
      14.735162734985352,
      5.823046684265137,
      11.382791519165039,
      7.254310131072998,
      10.686192512512207,
      16.515422821044922,
      13.18994426727295,
      13.801939010620117,
      15.876758575439453,
      14.504668235778809,
      22.04698944091797,
      26.690982818603516,
      32.009883880615234,
      40.27299880981445,
      31.32060432434082,
      56.233154296875,
      55.23228454589844,
      50.43510818481445
    ]
  ],
  "covariance_short": [
    [
      61.28003692626953,
      9.789505004882812,
      16.41358757019043,
      13.50136661529541,
      10.088029861450195,
      17.984886169433594,
      16.36842918395996,
      23.326831817626953,
      13.544953346252441,
      14.867682456970215,
      19.721885681152344,
      23.453001022338867,
      20.800737380981445,
      29.02899932861328,
      27.883102416992188,
      27.20825958251953,
      18.78146743774414,
      16.67902183532715
    ],
    [
      9.789505004882812,
      22.495319366455078,
      8.78239631652832,
      15.430397033691406,
      12.218853950500488,
      15.227738380432129,
      17.494535446166992,
      18.905353546142578,
      17.118371963500977,
      17.334304809570312,
      16.381338119506836,
      17.768768310546875,
      12.199889183044434,
      15.986087799072266,
      10.091094970703125,
      12.088656425476074,
      7.254460334777832,
      7.668184757232666
    ],
    [
      16.41358757019043,
      8.78239631652832,
      28.420682907104492,
      19.696916580200195,
      15.568609237670898,
      19.807893753051758,
      16.273052215576172,
      17.976259231567383,
      17.727663040161133,
      17.504375457763672,
      19.31397819519043,
      22.556825637817383,
      16.412498474121094,
      23.007701873779297,
      22.0638427734375,
      20.51198959350586,
      15.592730522155762,
      14.0586576461792
    ],
    [
      13.50136661529541,
      15.430397033691406,
      19.696916580200195,
      44.94332504272461,
      23.58390235900879,
      34.87295913696289,
      25.87732696533203,
      32.2822265625,
      28.325454711914062,
      31.63141441345215,
      26.969106674194336,
      35.71147918701172,
      18.882736206054688,
      28.8780460357666,
      16.367069244384766,
      21.281457901000977,
      10.413586616516113,
      11.835766792297363
    ],
    [
      10.088029861450195,
      12.218853950500488,
      15.568609237670898,
      23.58390235900879,
      44.09376525878906,
      33.40141296386719,
      36.38397979736328,
      30.465810775756836,
      38.577476501464844,
      31.625167846679688,
      36.88054275512695,
      33.725162506103516,
      29.943431854248047,
      31.38521957397461,
      27.6296329498291,
      24.986629486083984,
      18.406009674072266,
      15.183662414550781
    ],
    [
      17.984886169433594,
      15.227738380432129,
      19.807893753051758,
      34.87295913696289,
      33.40141296386719,
      54.927833557128906,
      39.798675537109375,
      49.91877746582031,
      38.16780471801758,
      41.56056594848633,
      36.66852951049805,
      45.2192268371582,
      29.56416130065918,
      42.266990661621094,
      30.222835540771484,
      33.698299407958984,
      21.04352569580078,
      20.223783493041992
    ],
    [
      16.36842918395996,
      17.494535446166992,
      16.273052215576172,
      25.87732696533203,
      36.38397979736328,
      39.798675537109375,
      68.49270629882812,
      55.98188400268555,
      49.05961227416992,
      43.40650939941406,
      48.34873580932617,
      47.02301788330078,
      39.219425201416016,
      44.9368782043457,
      34.87650680541992,
      34.189476013183594,
      22.965167999267578,
      19.225149154663086
    ],
    [
      23.326831817626953,
      18.905353546142578,
      17.976259231567383,
      32.2822265625,
      30.465810775756836,
      49.91877746582031,
      55.98188400268555,
      85.66513061523438,
      44.41899871826172,
      51.25688934326172,
      42.58405685424805,
      52.269535064697266,
      33.138702392578125,
      49.453941345214844,
      30.577009201049805,
      37.681419372558594,
      19.586101531982422,
      20.174789428710938
    ],
    [
      13.544953346252441,
      17.118371963500977,
      17.727663040161133,
      28.325454711914062,
      38.577476501464844,
      38.16780471801758,
      49.05961227416992,
      44.41899871826172,
      65.5579605102539,
      51.205230712890625,
      55.45457458496094,
      51.5869026184082,
      46.954349517822266,
      50.25697326660156,
      42.845848083496094,
      39.54011917114258,
      28.326332092285156,
      23.488845825195312
    ],
    [
      14.867682456970215,
      17.334304809570312,
      17.504375457763672,
      31.63141441345215,
      31.625167846679688,
      41.56056594848633,
      43.40650939941406,
      51.25688934326172,
      51.205230712890625,
      65.01614379882812,
      46.162052154541016,
      55.73198318481445,
      41.36408615112305,
      53.83852767944336,
      38.78969192504883,
      43.701942443847656,
      28.839452743530273,
      28.064430236816406
    ],
    [
      19.721885681152344,
      16.381338119506836,
      19.31397819519043,
      26.969106674194336,
      36.88054275512695,
      36.66852951049805,
      48.34873580932617,
      42.58405685424805,
      55.45457458496094,
      46.162052154541016,
      69.89088439941406,
      60.58806610107422,
      61.08318328857422,
      63.52701950073242,
      59.70780944824219,
      53.570125579833984,
      39.805328369140625,
      32.561885833740234
    ],
    [
      23.453001022338867,
      17.768768310546875,
      22.556825637817383,
      35.71147918701172,
      33.725162506103516,
      45.2192268371582,
      47.02301788330078,
      52.269535064697266,
      51.5869026184082,
      55.73198318481445,
      60.58806610107422,
      74.65679931640625,
      56.469635009765625,
      75.1670150756836,
      59.51406478881836,
      63.76784896850586,
      42.2081298828125,
      40.14634323120117
    ],
    [
      20.800737380981445,
      12.199889183044434,
      16.412498474121094,
      18.882736206054688,
      29.943431854248047,
      29.56416130065918,
      39.219425201416016,
      33.138702392578125,
      46.954349517822266,
      41.36408615112305,
      61.08318328857422,
      56.469635009765625,
      84.02568817138672,
      73.48033905029297,
      84.4737548828125,
      71.26873779296875,
      62.633460998535156,
      49.28494644165039
    ],
    [
      29.02899932861328,
      15.986087799072266,
      23.007701873779297,
      28.8780460357666,
      31.38521957397461,
      42.266990661621094,
      44.9368782043457,
      49.453941345214844,
      50.25697326660156,
      53.83852767944336,
      63.52701950073242,
      75.1670150756836,
      73.48033905029297,
      99.89811706542969,
      93.43485260009766,
      92.85774993896484,
      70.5079116821289,
      63.552310943603516
    ],
    [
      27.883102416992188,
      10.091094970703125,
      22.0638427734375,
      16.367069244384766,
      27.6296329498291,
      30.222835540771484,
      34.87650680541992,
      30.577009201049805,
      42.845848083496094,
      38.78969192504883,
      59.70780944824219,
      59.51406478881836,
      84.4737548828125,
      93.43485260009766,
      121.30785369873047,
      98.84981536865234,
      93.15272521972656,
      72.87980651855469
    ],
    [
      27.20825958251953,
      12.088656425476074,
      20.51198959350586,
      21.281457901000977,
      24.986629486083984,
      33.698299407958984,
      34.189476013183594,
      37.681419372558594,
      39.54011917114258,
      43.701942443847656,
      53.570125579833984,
      63.76784896850586,
      71.26873779296875,
      92.85774993896484,
      98.84981536865234,
      98.02288818359375,
      80.97168731689453,
      73.61819458007812
    ],
    [
      18.78146743774414,
      7.254460334777832,
      15.592730522155762,
      10.413586616516113,
      18.406009674072266,
      21.04352569580078,
      22.965167999267578,
      19.586101531982422,
      28.326332092285156,
      28.839452743530273,
      39.805328369140625,
      42.2081298828125,
      62.633460998535156,
      70.5079116821289,
      93.15272521972656,
      80.97168731689453,
      85.87691497802734,
      70.74671173095703
    ],
    [
      16.67902183532715,
      7.668184757232666,
      14.0586576461792,
      11.835766792297363,
      15.183662414550781,
      20.223783493041992,
      19.225149154663086,
      20.174789428710938,
      23.488845825195312,
      28.064430236816406,
      32.561885833740234,
      40.14634323120117,
      49.28494644165039,
      63.552310943603516,
      72.87980651855469,
      73.61819458007812,
      70.74671173095703,
      67.15718078613281
    ]
  ],
  "damage": -18.987112045288086,
  "diff_bandwidth": 647.5026245117188,
  "dissonance": 7.784651854580753,
  "drr": 11.635093688964844,
  "dynamics": 3.9118542671203613,
  "format": 1245190,
  "frames": 16633344,
  "freq_pan_to_db": [
    [
      -43.371273040771484,
      -41.489498138427734,
      -41.26333999633789,
      -35.7815055847168,
      -28.167112350463867,
      -24.6236629486084,
      -29.06885528564453,
      -35.48063659667969,
      -35.82106018066406,
      -41.702850341796875,
      -46.753665924072266
    ],
    [
      -40.82192611694336,
      -41.108070373535156,
      -35.73233413696289,
      -32.591590881347656,
      -26.943668365478516,
      -24.40976905822754,
      -26.992002487182617,
      -30.853294372558594,
      -35.110511779785156,
      -38.32242202758789,
      -45.81913375854492
    ],
    [
      -41.760398864746094,
      -39.27462387084961,
      -37.275997161865234,
      -34.91045379638672,
      -28.36261749267578,
      -25.31607437133789,
      -27.934946060180664,
      -31.893291473388672,
      -35.40304946899414,
      -38.07878494262695,
      -42.23760986328125
    ],
    [
      -42.97892761230469,
      -40.178924560546875,
      -37.1453971862793,
      -32.71661376953125,
      -29.192590713500977,
      -27.602994918823242,
      -30.140710830688477,
      -33.19660949707031,
      -36.24783706665039,
      -38.11640548706055,
      -39.113807678222656
    ],
    [
      -37.33793258666992,
      -34.58203125,
      -32.7860107421875,
      -30.500226974487305,
      -28.28813362121582,
      -27.059497833251953,
      -27.618450164794922,
      -29.84555435180664,
      -31.682777404785156,
      -33.75291061401367,
      -35.258358001708984
    ],
    [
      -33.342281341552734,
      -32.130958557128906,
      -30.702383041381836,
      -29.61137580871582,
      -27.994508743286133,
      -26.424707412719727,
      -27.17992401123047,
      -29.10740089416504,
      -30.44515609741211,
      -32.19791030883789,
      -32.6131591796875
    ],
    [
      -32.52985763549805,
      -31.74704933166504,
      -30.15546989440918,
      -29.124109268188477,
      -27.589168548583984,
      -25.29197120666504,
      -26.80392837524414,
      -29.08109474182129,
      -31.00860023498535,
      -32.21876525878906,
      -31.588973999023438
    ],
    [
      -31.768552780151367,
      -31.43840217590332,
      -30.34804916381836,
      -28.86724090576172,
      -26.002321243286133,
      -25.22932243347168,
      -27.196735382080078,
      -29.251083374023438,
      -29.88725471496582,
      -30.619659423828125,
      -31.24697494506836
    ],
    [
      -32.93532943725586,
      -32.16814422607422,
      -30.992431640625,
      -29.022672653198242,
      -27.974218368530273,
      -28.256860733032227,
      -30.2755069732666,
      -32.121009826660156,
      -33.09864044189453,
      -33.60423278808594,
      -34.477787017822266
    ],
    [
      -30.655168533325195,
      -30.849838256835938,
      -29.899272918701172,
      -28.2266845703125,
      -25.846599578857422,
      -26.09054183959961,
      -28.723175048828125,
      -30.416099548339844,
      -29.93964385986328,
      -30.012102127075195,
      -30.891063690185547
    ],
    [
      -28.93552017211914,
      -29.98021697998047,
      -29.671710968017578,
      -28.516164779663086,
      -26.986570358276367,
      -25.898292541503906,
      -26.628082275390625,
      -28.672407150268555,
      -30.037500381469727,
      -30.255783081054688,
      -30.117563247680664
    ],
    [
      -29.353452682495117,
      -30.011741638183594,
      -29.441844940185547,
      -29.815698623657227,
      -29.586894989013672,
      -28.23410415649414,
      -29.217409133911133,
      -30.152965545654297,
      -30.803884506225586,
      -32.483489990234375,
      -32.638729095458984
    ],
    [
      -31.0185489654541,
      -31.39988136291504,
      -31.870349884033203,
      -30.843786239624023,
      -31.003021240234375,
      -30.31129264831543,
      -30.91558265686035,
      -31.168193817138672,
      -31.565433502197266,
      -31.991655349731445,
      -33.264827728271484
    ],
    [
      -31.112390518188477,
      -31.96042823791504,
      -31.33919906616211,
      -31.398412704467773,
      -30.714433670043945,
      -28.190305709838867,
      -28.576505661010742,
      -29.575769424438477,
      -30.106294631958008,
      -31.301158905029297,
      -31.445077896118164
    ],
    [
      -32.42611312866211,
      -31.13800621032715,
      -30.774267196655273,
      -29.53738021850586,
      -29.263530731201172,
      -27.603485107421875,
      -28.638599395751953,
      -28.36279296875,
      -28.329111099243164,
      -28.977521896362305,
      -27.335420608520508
    ],
    [
      -33.90608215332031,
      -31.94585418701172,
      -30.900461196899414,
      -30.463966369628906,
      -31.98097038269043,
      -29.659822463989258,
      -29.86140251159668,
      -29.857324600219727,
      -29.3837833404541,
      -29.749055862426758,
      -27.765682220458984
    ],
    [
      -37.944297790527344,
      -33.292598724365234,
      -32.12494659423828,
      -31.69542694091797,
      -35.177310943603516,
      -32.46175003051758,
      -31.73895835876465,
      -31.82159423828125,
      -32.952449798583984,
      -31.64486312866211,
      -30.262969970703125
    ],
    [
      -33.442108154296875,
      -30.972274780273438,
      -29.102558135986328,
      -28.28055763244629,
      -31.931854248046875,
      -31.545198440551758,
      -29.011371612548828,
      -28.70191764831543,
      -31.399404525756836,
      -28.90693473815918,
      -26.751266479492188
    ],
    [
      -39.90904998779297,
      -36.72832107543945,
      -34.61320877075195,
      -35.14131546020508,
      -35.95458984375,
      -32.697967529296875,
      -34.84859085083008,
      -35.19940185546875,
      -33.71666717529297,
      -33.562721252441406,
      -30.50850486755371
    ],
    [
      -36.384674072265625,
      -39.354671478271484,
      -38.26399230957031,
      -38.627620697021484,
      -38.74003982543945,
      -36.58311080932617,
      -37.92070007324219,
      -38.57838821411133,
      -37.89949035644531,
      -34.84382247924805,
      -32.66340637207031
    ],
    [
      -40.85415267944336,
      -41.18877410888672,
      -39.80417251586914,
      -39.33203887939453,
      -37.959999084472656,
      -36.51399612426758,
      -40.85031509399414,
      -38.54065704345703,
      -39.64817428588867,
      -36.90822982788086,
      -32.86015319824219
    ],
    [
      -40.416561126708984,
      -41.46298599243164,
      -40.496639251708984,
      -40.18301773071289,
      -40.62065124511719,
      -39.149322509765625,
      -41.89604187011719,
      -41.17039489746094,
      -41.36896514892578,
      -41.23093032836914,
      -39.08394241333008
    ],
    [
      -41.45600128173828,
      -41.77823257446289,
      -41.873191833496094,
      -41.60227584838867,
      -41.435997009277344,
      -40.08906936645508,
      -42.812808990478516,
      -43.02252960205078,
      -42.67586898803711,
      -41.905052185058594,
      -43.70686340332031
    ],
    [
      -40.87706756591797,
      -42.069759368896484,
      -41.797210693359375,
      -41.68733215332031,
      -41.34521484375,
      -39.65332794189453,
      -42.22526931762695,
      -42.85211181640625,
      -42.435665130615234,
      -42.007179260253906,
      -45.976600646972656
    ],
    [
      -41.879329681396484,
      -43.31171798706055,
      -42.92689514160156,
      -42.77407455444336,
      -42.200531005859375,
      -41.95309829711914,
      -42.988059997558594,
      -42.95603942871094,
      -43.56856918334961,
      -45.04707717895508,
      -48.94712829589844
    ],
    [
      -47.61984634399414,
      -44.88949966430664,
      -43.26322555541992,
      -42.58879089355469,
      -41.76436233520508,
      -40.22221374511719,
      -42.27734375,
      -43.12046813964844,
      -44.00287628173828,
      -44.89134979248047,
      -48.610958099365234
    ],
    [
      -47.45246124267578,
      -43.580257415771484,
      -42.714942932128906,
      -42.60978698730469,
      -42.11280059814453,
      -39.695640563964844,
      -43.323421478271484,
      -43.44418716430664,
      -42.831321716308594,
      -42.75686264038086,
      -41.96247100830078
    ],
    [
      -50.018863677978516,
      -46.377540588378906,
      -44.43545150756836,
      -44.21001434326172,
      -44.376041412353516,
      -42.44324493408203,
      -45.700077056884766,
      -43.80597686767578,
      -43.59307098388672,
      -44.123321533203125,
      -45.50455856323242
    ],
    [
      -49.49527359008789,
      -46.08390808105469,
      -44.64545822143555,
      -44.5405158996582,
      -44.32915115356445,
      -43.33565902709961,
      -45.73865509033203,
      -44.288082122802734,
      -44.51336669921875,
      -46.758094787597656,
      -50.524234771728516
    ],
    [
      -42.99576187133789,
      -44.9261474609375,
      -44.7639045715332,
      -44.76076126098633,
      -44.02262496948242,
      -43.06772232055664,
      -45.072696685791016,
      -44.6595458984375,
      -44.56819534301758,
      -45.486793518066406,
      -48.6405143737793
    ],
    [
      -53.8367919921875,
      -47.220245361328125,
      -46.322933197021484,
      -45.73707580566406,
      -44.811302185058594,
      -42.470672607421875,
      -45.967803955078125,
      -45.7977180480957,
      -44.73928451538086,
      -46.3294677734375,
      -52.72681427001953
    ],
    [
      -56.335357666015625,
      -46.78672409057617,
      -46.366939544677734,
      -45.52318572998047,
      -45.5255012512207,
      -44.2000617980957,
      -46.63870620727539,
      -46.67401123046875,
      -46.92567443847656,
      -44.46465301513672,
      -52.39236068725586
    ],
    [
      -47.96299362182617,
      -48.949562072753906,
      -48.567378997802734,
      -46.51234817504883,
      -47.03030014038086,
      -45.94252395629883,
      -47.36861801147461,
      -47.27838897705078,
      -46.55310821533203,
      -48.325035095214844,
      -52.318885803222656
    ],
    [
      -51.072479248046875,
      -47.373172760009766,
      -33.816463470458984,
      -41.7310676574707,
      -48.744178771972656,
      -47.069358825683594,
      -47.21875,
      -45.81768035888672,
      -44.95939636230469,
      -46.463966369628906,
      -63.97959518432617
    ],
    [
      -69.8113784790039,
      -53.12959289550781,
      -39.23580551147461,
      -43.5687370300293,
      -48.41265106201172,
      -46.47520446777344,
      -46.52876281738281,
      -44.736366271972656,
      -43.21255874633789,
      -41.8073616027832,
      -40.383113861083984
    ],
    [
      -57.55164337158203,
      -52.66080093383789,
      -47.85453796386719,
      -47.31344985961914,
      -51.75690841674805,
      -49.2779655456543,
      -48.27829360961914,
      -45.382266998291016,
      -44.686275482177734,
      -46.96247100830078,
      -370
    ],
    [
      -56.2738037109375,
      -49.86235046386719,
      -50.00004577636719,
      -49.281898498535156,
      -53.13755798339844,
      -51.36738967895508,
      -49.03374099731445,
      -47.54245376586914,
      -46.43915557861328,
      -45.38779067993164,
      -70.16857147216797
    ],
    [
      -50.48431396484375,
      -48.44248962402344,
      -50.0799560546875,
      -50.43214416503906,
      -54.02915573120117,
      -52.318824768066406,
      -50.63364028930664,
      -49.54978561401367,
      -48.43621826171875,
      -47.35829162597656,
      -54.1379508972168
    ],
    [
      -48.915260314941406,
      -48.5987663269043,
      -51.908538818359375,
      -52.90455627441406,
      -54.98609161376953,
      -53.64562225341797,
      -50.730709075927734,
      -49.11622619628906,
      -48.32710647583008,
      -49.296058654785156,
      -62.84529113769531
    ],
    [
      -53.901954650878906,
      -53.68006134033203,
      -54.98044967651367,
      -55.825096130371094,
      -58.16007995605469,
      -58.290218353271484,
      -53.26509475708008,
      -49.42111587524414,
      -47.71077346801758,
      -47.792137145996094,
      -54.6713981628418
    ],
    [
      -65.92292785644531,
      -65.34162139892578,
      -66.96556091308594,
      -64.59587097167969,
      -65.59691619873047,
      -65.68309020996094,
      -61.465858459472656,
      -54.276187896728516,
      -49.592247009277344,
      -48.03021240234375,
      -50.52821350097656
    ],
    [
      -69.70980834960938,
      -68.75636291503906,
      -70.13765716552734,
      -71.79814147949219,
      -72.09368896484375,
      -70.97115325927734,
      -64.02938079833984,
      -57.68911361694336,
      -54.88540267944336,
      -54.54182815551758,
      -63.10254669189453
    ]
  ],
  "histogram": [
    {
      "db": -70,
      "frequency": 0
    },
    {
      "db": -69,
      "frequency": 0
    },
    {
      "db": -68,
      "frequency": 0
    },
    {
      "db": -67,
      "frequency": 1
    },
    {
      "db": -66,
      "frequency": 0
    },
    {
      "db": -65,
      "frequency": 1
    },
    {
      "db": -64,
      "frequency": 0
    },
    {
      "db": -63,
      "frequency": 1
    },
    {
      "db": -62,
      "frequency": 0
    },
    {
      "db": -61,
      "frequency": 1
    },
    {
      "db": -60,
      "frequency": 1
    },
    {
      "db": -59,
      "frequency": 0
    },
    {
      "db": -58,
      "frequency": 1
    },
    {
      "db": -57,
      "frequency": 1
    },
    {
      "db": -56,
      "frequency": 1
    },
    {
      "db": -55,
      "frequency": 1
    },
    {
      "db": -54,
      "frequency": 1
    },
    {
      "db": -53,
      "frequency": 1
    },
    {
      "db": -52,
      "frequency": 1
    },
    {
      "db": -51,
      "frequency": 1
    },
    {
      "db": -50,
      "frequency": 0
    },
    {
      "db": -49,
      "frequency": 1
    },
    {
      "db": -48,
      "frequency": 2
    },
    {
      "db": -47,
      "frequency": 1
    },
    {
      "db": -46,
      "frequency": 1
    },
    {
      "db": -45,
      "frequency": 2
    },
    {
      "db": -44,
      "frequency": 2
    },
    {
      "db": -43,
      "frequency": 1
    },
    {
      "db": -42,
      "frequency": 2
    },
    {
      "db": -41,
      "frequency": 11
    },
    {
      "db": -40,
      "frequency": 17
    },
    {
      "db": -39,
      "frequency": 18
    },
    {
      "db": -38,
      "frequency": 30
    },
    {
      "db": -37,
      "frequency": 30
    },
    {
      "db": -36,
      "frequency": 58
    },
    {
      "db": -35,
      "frequency": 41
    },
    {
      "db": -34,
      "frequency": 37
    },
    {
      "db": -33,
      "frequency": 39
    },
    {
      "db": -32,
      "frequency": 56
    },
    {
      "db": -31,
      "frequency": 76
    },
    {
      "db": -30,
      "frequency": 72
    },
    {
      "db": -29,
      "frequency": 114
    },
    {
      "db": -28,
      "frequency": 226
    },
    {
      "db": -27,
      "frequency": 306
    },
    {
      "db": -26,
      "frequency": 418
    },
    {
      "db": -25,
      "frequency": 390
    },
    {
      "db": -24,
      "frequency": 355
    },
    {
      "db": -23,
      "frequency": 252
    },
    {
      "db": -22,
      "frequency": 288
    },
    {
      "db": -21,
      "frequency": 344
    },
    {
      "db": -20,
      "frequency": 300
    },
    {
      "db": -19,
      "frequency": 152
    },
    {
      "db": -18,
      "frequency": 59
    },
    {
      "db": -17,
      "frequency": 3
    },
    {
      "db": -16,
      "frequency": 0
    },
    {
      "db": -15,
      "frequency": 0
    },
    {
      "db": -14,
      "frequency": 0
    },
    {
      "db": -13,
      "frequency": 0
    },
    {
      "db": -12,
      "frequency": 0
    },
    {
      "db": -11,
      "frequency": 0
    },
    {
      "db": -10,
      "frequency": 0
    },
    {
      "db": -9,
      "frequency": 0
    },
    {
      "db": -8,
      "frequency": 0
    },
    {
      "db": -7,
      "frequency": 0
    },
    {
      "db": -6,
      "frequency": 0
    },
    {
      "db": -5,
      "frequency": 0
    },
    {
      "db": -4,
      "frequency": 0
    },
    {
      "db": -3,
      "frequency": 0
    },
    {
      "db": -2,
      "frequency": 0
    },
    {
      "db": -1,
      "frequency": 0
    },
    {
      "db": 0,
      "frequency": 0
    },
    {
      "db": 1,
      "frequency": 0
    },
    {
      "db": 2,
      "frequency": 0
    },
    {
      "db": 3,
      "frequency": 0
    },
    {
      "db": 4,
      "frequency": 0
    },
    {
      "db": 5,
