{
  "acoustic_entropy": 202.91119384765625,
  "bands": [
    {
      "high_freq": 148.1999969482422,
      "loudness": -36.20699691772461,
      "loudness_range": 14.736412048339844,
      "mid_mean": -32.589927673339844,
      "mid_to_side_loudness": -31.803707122802734,
      "mid_to_side_loudness_range": 26.512248992919922,
      "side_mean": -63.228790283203125
    },
    {
      "high_freq": 392.3793640136719,
      "loudness": -34.53400421142578,
      "loudness_range": 12.45947265625,
      "low_freq": 148.1999969482422,
      "mid_mean": -31.21375274658203,
      "mid_to_side_loudness": -12.998931884765625,
      "mid_to_side_loudness_range": 15.699627876281738,
      "side_mean": -44.16252517700195
    },
    {
      "high_freq": 794.6976318359375,
      "loudness": -35.606285095214844,
      "loudness_range": 16.290054321289062,
      "low_freq": 392.3793640136719,
      "mid_mean": -32.73946762084961,
      "mid_to_side_loudness": -8.976842880249023,
      "mid_to_side_loudness_range": 14.970325469970703,
      "side_mean": -41.4249267578125
    },
    {
      "high_freq": 1457.5709228515625,
      "loudness": -37.257022857666016,
      "loudness_range": 22.103469848632812,
      "low_freq": 794.6976318359375,
      "mid_mean": -35.11170196533203,
      "mid_to_side_loudness": -6.0557074546813965,
      "mid_to_side_loudness_range": 16.36968421936035,
      "side_mean": -40.570552825927734
    },
    {
      "high_freq": 2549.74365234375,
      "loudness": -42.66907501220703,
      "loudness_range": 20.585430145263672,
      "low_freq": 1457.5709228515625,
      "mid_mean": -40.216182708740234,
      "mid_to_side_loudness": -6.65315055847168,
      "mid_to_side_loudness_range": 12.158327102661133,
      "side_mean": -46.1519889831543
    },
    {
      "high_freq": 4349.24462890625,
      "loudness": -44.173377990722656,
      "loudness_range": 20.059890747070312,
      "low_freq": 2549.74365234375,
      "mid_mean": -41.608028411865234,
      "mid_to_side_loudness": -6.694002151489258,
      "mid_to_side_loudness_range": 11.018573760986328,
      "side_mean": -48.10441970825195
    },
    {
      "high_freq": 7314.1640625,
      "loudness": -45.03330612182617,
      "loudness_range": 19.657005310058594,
      "low_freq": 4349.24462890625,
      "mid_mean": -42.881385803222656,
      "mid_to_side_loudness": -6.016104221343994,
      "mid_to_side_loudness_range": 10.483716011047363,
      "side_mean": -49.25459289550781
    },
    {
      "high_freq": 12199.2666015625,
      "loudness": -47.781578063964844,
      "loudness_range": 16.47753143310547,
      "low_freq": 7314.1640625,
      "mid_mean": -45.937110900878906,
      "mid_to_side_loudness": -4.628856182098389,
      "mid_to_side_loudness_range": 7.0289788246154785,
      "side_mean": -52.37290573120117
    },
    {
      "loudness": -53.67239761352539,
      "loudness_range": 16.87820053100586,
      "low_freq": 12199.2666015625,
      "mid_mean": -53.71437454223633,
      "mid_to_side_loudness": -3.5696122646331787,
      "mid_to_side_loudness_range": 4.5239129066467285,
      "side_mean": -56.76682662963867
    }
  ],
  "bands_short": [
    {
      "high_freq": 148.1999969482422,
      "loudness": -37.94816589355469,
      "loudness_range": 18.004180908203125,
      "mid_mean": -34.77881622314453,
      "mid_to_side_loudness": -33.0223274230957,
      "mid_to_side_loudness_range": 32.53136444091797,
      "side_mean": -65.78077697753906
    },
    {
      "high_freq": 392.3793640136719,
      "loudness": -34.78226089477539,
      "loudness_range": 14.861562728881836,
      "low_freq": 148.1999969482422,
      "mid_mean": -31.464632034301758,
      "mid_to_side_loudness": -13.981924057006836,
      "mid_to_side_loudness_range": 18.004661560058594,
      "side_mean": -45.437870025634766
    },
    {
      "high_freq": 794.6976318359375,
      "loudness": -36.06198501586914,
      "loudness_range": 18.311120986938477,
      "low_freq": 392.3793640136719,
      "mid_mean": -33.268959045410156,
      "mid_to_side_loudness": -8.836413383483887,
      "mid_to_side_loudness_range": 15.995206832885742,
      "side_mean": -41.99342346191406
    },
    {
      "high_freq": 1457.5709228515625,
      "loudness": -37.741641998291016,
      "loudness_range": 23.599323272705078,
      "low_freq": 794.6976318359375,
      "mid_mean": -35.842716217041016,
      "mid_to_side_loudness": -5.6936869621276855,
      "mid_to_side_loudness_range": 17.529661178588867,
      "side_mean": -41.00276184082031
    },
    {
      "high_freq": 2549.74365234375,
      "loudness": -43.81489562988281,
      "loudness_range": 23.597122192382812,
      "low_freq": 1457.5709228515625,
      "mid_mean": -41.425621032714844,
      "mid_to_side_loudness": -6.715454578399658,
      "mid_to_side_loudness_range": 13.767285346984863,
      "side_mean": -47.83512496948242
    },
    {
      "high_freq": 4349.24462890625,
      "loudness": -45.307395935058594,
      "loudness_range": 23.541828155517578,
      "low_freq": 2549.74365234375,
      "mid_mean": -42.855079650878906,
      "mid_to_side_loudness": -6.816829204559326,
      "mid_to_side_loudness_range": 12.17314624786377,
      "side_mean": -50.07466125488281
    },
    {
      "high_freq": 7314.1640625,
      "loudness": -46.822227478027344,
      "loudness_range": 25.334224700927734,
      "low_freq": 4349.24462890625,
      "mid_mean": -44.90914535522461,
      "mid_to_side_loudness": -6.238109588623047,
      "mid_to_side_loudness_range": 12.616157531738281,
      "side_mean": -51.96548080444336
    },
    {
      "high_freq": 12199.2666015625,
      "loudness": -50.198429107666016,
      "loudness_range": 23.87250518798828,
      "low_freq": 7314.1640625,
      "mid_mean": -51.13486099243164,
      "mid_to_side_loudness": -5.0174360275268555,
      "mid_to_side_loudness_range": 9.349372863769531,
      "side_mean": -55.54105758666992
    },
    {
      "loudness": -57.60171890258789,
      "loudness_range": 27.18402099609375,
      "low_freq": 12199.2666015625,
      "mid_mean": -57.4634895324707,
      "mid_to_side_loudness": -4.345217704772949,
      "mid_to_side_loudness_range": 8.545815467834473,
      "side_mean": -60.6621208190918
    }
  ],
  "bandwidth": 624.36083984375,
  "channels": 2,
  "covariance": [
    [
      35.08340072631836,
      11.796131134033203,
      12.492310523986816,
      12.417927742004395,
      8.883378028869629,
      18.429725646972656,
      15.098203659057617,
      23.59001922607422,
      11.626498222351074,
      13.139626502990723,
      15.615777015686035,
      17.566808700561523,
      15.95062255859375,
      20.783397674560547,
      10.13979721069336,
      20.558908462524414,
      16.38995933532715,
      14.63581657409668
    ],
    [
      11.796131134033203,
      29.189546585083008,
      10.661528587341309,
      20.55681800842285,
      15.700492858886719,
      21.82263946533203,
      23.054609298706055,
      27.543933868408203,
      21.14080047607422,
      20.137527465820312,
      19.779132843017578,
      21.35199737548828,
      12.919532775878906,
      16.538908004760742,
      1.975062370300293,
      11.641721725463867,
      4.952847480773926,
      5.585500240325928
    ],
    [
      12.492310523986816,
      10.661528587341309,
      23.101573944091797,
      19.17462921142578,
      13.95606803894043,
      18.17036247253418,
      14.815018653869629,
      17.267803192138672,
      16.683853149414062,
      14.075119018554688,
      17.757198333740234,
      19.604312896728516,
      13.202093124389648,
      17.9287052154541,
      6.198990345001221,
      16.804750442504883,
      13.828652381896973,
      12.526541709899902
    ],
    [
      12.417927742004395,
      20.55681800842285,
      19.17462921142578,
      42.98786163330078,
      22.562030792236328,
      35.49992752075195,
      25.795103073120117,
      35.198646545410156,
      27.506290435791016,
      27.262958526611328,
      24.704235076904297,
      32.16899108886719,
      13.872124671936035,
      21.3994083404541,
      1.0429052114486694,
      14.535371780395508,
      5.6324543952941895,
      7.370494365692139
    ],
    [
      8.883378028869629,
      15.700492858886719,
      13.95606803894043,
      22.562030792236328,
      37.14985275268555,
      30.732820510864258,
      33.54248046875,
      29.059398651123047,
      34.20432662963867,
      24.861703872680664,
      31.124160766601562,
      27.476852416992188,
      21.477325439453125,
      22.176050186157227,
      8.05429458618164,
      17.78510856628418,
      12.675268173217773,
      11.440228462219238
    ],
    [
      18.429725646972656,
      21.82263946533203,
      18.17036247253418,
      35.49992752075195,
      30.732820510864258,
      53.564186096191406,
      38.04930114746094,
      52.64731216430664,
      34.3219108581543,
      35.78281784057617,
      31.319242477416992,
      38.67238998413086,
      20.60793685913086,
      32.04659652709961,
      5.883857727050781,
      24.065397262573242,
      14.034797668457031,
      15.051433563232422
    ],
    [
      15.098203659057617,
      23.054609298706055,
      14.815018653869629,
      25.795103073120117,
      33.54248046875,
      38.04930114746094,
      61.82705307006836,
      54.8839225769043,
      45.07904815673828,
      36.64006423950195,
      42.05509948730469,
      39.065185546875,
      29.129756927490234,
      33.13146209716797,
      8.446760177612305,
      23.418289184570312,
      14.38598918914795,
      13.518779754638672
    ],
    [
      23.59001922607422,
      27.543933868408203,
      17.267803192138672,
      35.198646545410156,
      29.059398651123047,
      52.64731216430664,
      54.8839225769043,
      85.69670867919922,
      41.53645706176758,
      48.1839714050293,
      38.66819381713867,
      45.81934356689453,
      24.780168533325195,
      37.99055862426758,
      5.898194789886475,
      25.06760597229004,
      10.791622161865234,
      12.906452178955078
    ],
    [
      11.626498222351074,
      21.14080047607422,
      16.683853149414062,
      27.506290435791016,
      34.20432662963867,
      34.3219108581543,
      45.07904815673828,
      41.53645706176758,
      56.49156188964844,
      41.05707931518555,
      47.278221130371094,
      41.981895446777344,
      34.8477783203125,
      35.8601188659668,
      13.764073371887207,
      26.69832420349121,
      18.428268432617188,
      16.22646141052246
    ],
    [
      13.139626502990723,
      20.137527465820312,
      14.075119018554688,
      27.262958526611328,
      24.861703872680664,
      35.78281784057617,
      36.64006423950195,
      48.1839714050293,
      41.05707931518555,
      50.26113510131836,
      35.755741119384766,
      41.89196014404297,
      26.372848510742188,
      34.50630187988281,
      11.108417510986328,
      22.937931060791016,
      11.833813667297363,
      13.638108253479004
    ],
    [
      15.615777015686035,
      19.779132843017578,
      17.757198333740234,
      24.704235076904297,
      31.124160766601562,
      31.319242477416992,
      42.05509948730469,
      38.66819381713867,
      47.278221130371094,
      35.755741119384766,
      54.22294616699219,
      47.56389236450195,
      41.973106384277344,
      44.61756896972656,
      20.499866485595703,
      35.96680450439453,
      25.998334884643555,
      22.843278884887695
    ],
    [
      17.566808700561523,
      21.35199737548828,
      19.604312896728516,
      32.16899108886719,
      27.476852416992188,
      38.67238998413086,
      39.065185546875,
      45.81934356689453,
      41.981895446777344,
      41.89196014404297,
      47.56389236450195,
      58.97932815551758,
      38.93870544433594,
      53.64262008666992,
      19.27265167236328,
      43.102142333984375,
      28.52446746826172,
      28.151647567749023
    ],
    [
      15.95062255859375,
      12.919532775878906,
      13.202093124389648,
      13.872124671936035,
      21.477325439453125,
      20.60793685913086,
      29.129756927490234,
      24.780168533325195,
      34.8477783203125,
      26.372848510742188,
      41.973106384277344,
      38.93870544433594,
      56.103206634521484,
      48.66934585571289,
      37.44608688354492,
      44.69776153564453,
      39.60713577270508,
      33.10438919067383
    ],
    [
      20.783397674560547,
      16.538908004760742,
      17.9287052154541,
      21.3994083404541,
      22.176050186157227,
      32.04659652709961,
      33.13146209716797,
      37.99055862426758,
      35.8601188659668,
      34.50630187988281,
      44.61756896972656,
      53.64262008666992,
      48.66934585571289,
      66.3706283569336,
      32.24673080444336,
      59.72097396850586,
      47.910770416259766,
      44.532901763916016
    ],
    [
      10.13979721069336,
      1.975062370300293,
      6.198990345001221,
      1.0429052114486694,
      8.05429458618164,
      5.883857727050781,
      8.446760177612305,
      5.898194789886475,
      13.764073371887207,
      11.108417510986328,
      20.499866485595703,
      19.27265167236328,
      37.44608688354492,
      32.24673080444336,
      46.82623291015625,
      37.898231506347656,
      40.207908630371094,
      33.46097946166992
    ],
    [
      20.558908462524414,
      11.641721725463867,
      16.804750442504883,
      14.535371780395508,
      17.78510856628418,
      24.065397262573242,
      23.418289184570312,
      25.06760597229004,
      26.69832420349121,
      22.937931060791016,
      35.96680450439453,
      43.102142333984375,
      44.69776153564453,
      59.72097396850586,
      37.898231506347656,
      69.62419128417969,
      62.99822235107422,
      56.94805908203125
    ],
    [
      16.38995933532715,
      4.952847480773926,
      13.828652381896973,
      5.6324543952941895,
      12.675268173217773,
      14.034797668457031,
      14.38598918914795,
      10.791622161865234,
      18.428268432617188,
      11.833813667297363,
      25.998334884643555,
      28.52446746826172,
      39.60713577270508,
      47.910770416259766,
      40.207908630371094,
      62.99822235107422,
      67.8769760131836,
      58.0544319152832
    ],
    [
      14.63581657409668,
      5.585500240325928,
      12.526541709899902,
      7.370494365692139,
      11.440228462219238,
      15.051433563232422,
      13.518779754638672,
      12.906452178955078,
      16.22646141052246,
      13.638108253479004,
      22.843278884887695,
      28.151647567749023,
      33.10438919067383,
      44.532901763916016,
      33.46097946166992,
      56.94805908203125,
      58.0544319152832,
      53.68318557739258
    ]
  ],
  "covariance_short": [
    [
      60.99980545043945,
      9.841997146606445,
      17.092674255371094,
      14.3764009475708,
      10.635098457336426,
      18.80780601501465,
      16.194272994995117,
      23.948076248168945,
      13.925520896911621,
      15.370665550231934,
      19.641847610473633,
      23.844289779663086,
      21.03122329711914,
      28.636615753173828,
      26.27560806274414,
      25.973079681396484,
      18.013813018798828,
      16.45894432067871
    ],
    [
      9.841997146606445,
      23.747461318969727,
      9.547359466552734,
      17.9494686126709,
      13.468006134033203,
      17.233217239379883,
      19.031953811645508,
      20.95599365234375,
      18.741960525512695,
      19.324735641479492,
      17.58112907409668,
      20.56353759765625,
      12.80417251586914,
      16.867416381835938,
      9.86826229095459,
      12.1869478225708,
      6.917161464691162,
      7.645577907562256
    ],
    [
      17.092674255371094,
      9.547359466552734,
      30.246278762817383,
      21.490833282470703,
      17.100114822387695,
      21.20479965209961,
      17.399539947509766,
      19.15810775756836,
      19.29501724243164,
      18.994014739990234,
      20.79341697692871,
      24.83866310119629,
      17.48211669921875,
      24.43845558166504,
      22.662569046020508,
      21.133546829223633,
      16.244604110717773,
      14.90117073059082
    ],
    [
      14.3764009475708,
      17.9494686126709,
      21.490833282470703,
      51.46612548828125,
      26.34142303466797,
      39.721683502197266,
      28.560789108276367,
      36.08968734741211,
      31.52488899230957,
      36.13770294189453,
      29.454402923583984,
      40.40333938598633,
      20.41071128845215,
      31.196224212646484,
      16.574851989746094,
      22.19978904724121,
      10.569901466369629,
      12.49637508392334
    ],
    [
      10.635098457336426,
      13.468006134033203,
      17.100114822387695,
      26.34142303466797,
      45.884735107421875,
      35.062400817871094,
      38.40727615356445,
      31.68086814880371,
      41.07413101196289,
      33.84032440185547,
      38.625972747802734,
      35.97986602783203,
      31.233583450317383,
      32.72496795654297,
      27.8890438079834,
      25.32149314880371,
      18.756526947021484,
      15.815254211425781
    ],
    [
      18.80780601501465,
      17.233217239379883,
      21.20479965209961,
      39.721683502197266,
      35.062400817871094,
      59.8593864440918,
      41.884395599365234,
      53.7988395690918,
      40.418251037597656,
      45.199790954589844,
      37.84252166748047,
      47.962623596191406,
      30.082672119140625,
      43.20631408691406,
      28.488557815551758,
      33.15677261352539,
      20.211999893188477,
      20.411836624145508
    ],
    [
      16.194272994995117,
      19.031953811645508,
      17.399539947509766,
      28.560789108276367,
      38.40727615356445,
      41.884395599365234,
      71.52297973632812,
      58.084693908691406,
      52.28504943847656,
      46.46635055541992,
      50.197242736816406,
      48.76845932006836,
      40.55461502075195,
      46.07658004760742,
      34.47220230102539,
      33.9149284362793,
      22.97528839111328,
      19.61334991455078
    ],
    [
      23.948076248168945,
      20.95599365234375,
      19.15810775756836,
      36.08968734741211,
      31.68086814880371,
      53.7988395690918,
      58.084693908691406,
      91.06111145019531,
      46.75164031982422,
      55.101566314697266,
      43.5098991394043,
      54.003963470458984,
      33.335411071777344,
      50.024105072021484,
      29.009885787963867,
      36.6740837097168,
      18.55545997619629,
      19.833181381225586
    ],
    [
      13.925520896911621,
      18.741960525512695,
      19.29501724243164,
      31.52488899230957,
      41.07413101196289,
      40.418251037597656,
      52.28504943847656,
      46.75164031982422,
      70.31828308105469,
      55.453330993652344,
      58.19136428833008,
      54.19363021850586,
      49.04255676269531,
      51.991153717041016,
      42.905235290527344,
      39.63098907470703,
      28.6130313873291,
      24.1196346282959
    ],
    [
      15.370665550231934,
      19.324735641479492,
      18.994014739990234,
      36.13770294189453,
      33.84032440185547,
      45.199790954589844,
      46.46635055541992,
      55.101566314697266,
      55.453330993652344,
      70.39553833007812,
      48.772850036621094,
      59.079994201660156,
      43.23549270629883,
      55.991912841796875,
      38.718387603759766,
      43.93367004394531,
      28.959714889526367,
      28.727977752685547
    ],
    [
      19.641847610473633,
      17.58112907409668,
      20.79341697692871,
      29.454402923583984,
      38.625972747802734,
      37.84252166748047,
      50.197242736816406,
      43.5098991394043,
      58.19136428833008,
      48.772850036621094,
      72.37617492675781,
      62.76563262939453,
      63.05338668823242,
      65.30027770996094,
      59.625343322753906,
      53.587520599365234,
      40.25081253051758,
      33.5470085144043
    ],
    [
      23.844289779663086,
      20.56353759765625,
      24.83866310119629,
      40.40333938598633,
      35.97986602783203,
      47.962623596191406,
      48.76845932006836,
      54.003963470458984,
      54.19363021850586,
      59.079994201660156,
      62.76563262939453,
      83.93445587158203,
      58.03201675415039,
      83.02732849121094,
      65.56915283203125,
      68.43019104003906,
      46.83175277709961,
      44.32170486450195
    ],
    [
      21.03122329711914,
      12.80417251586914,
      17.48211669921875,
      20.41071128845215,
      31.233583450317383,
      30.082672119140625,
      40.55461502075195,
      33.335411071777344,
      49.04255676269531,
      43.23549270629883,
      63.05338668823242,
      58.03201675415039,
      86.42560577392578,
      75.22498321533203,
      84.06681060791016,
      71.07660675048828,
      63.343143463134766,
      50.83401870727539
    ],
    [
      28.636615753173828,
      16.867416381835938,
      24.43845558166504,
      31.196224212646484,
      32.72496795654297,
      43.20631408691406,
      46.07658004760742,
      50.024105072021484,
      51.991153717041016,
      55.991912841796875,
      65.30027770996094,
      83.02732849121094,
      75.22498321533203,
      100.49551391601562,
      91.45897674560547,
      91.20409393310547,
      70.55928802490234,
      64.728271484375
    ],
    [
      26.27560806274414,
      9.86826229095459,
      22.662569046020508,
      16.574851989746094,
      27.8890438079834,
      28.488557815551758,
      34.47220230102539,
      29.009885787963867,
      42.905235290527344,
      38.718387603759766,
      59.625343322753906,
      65.56915283203125,
      84.06681060791016,
      91.45897674560547,
      116.06751251220703,
      94.82176971435547,
      91.47457885742188,
      73.04129028320312
    ],
    [
      25.973079681396484,
      12.1869478225708,
      21.133546829223633,
      22.19978904724121,
      25.32149314880371,
      33.15677261352539,
      33.9149284362793,
      36.6740837097168,
      39.63098907470703,
      43.93367004394531,
      53.587520599365234,
      68.43019104003906,
      71.07660675048828,
      91.20409393310547,
      94.82176971435547,
      94.35873413085938,
      79.71431732177734,
      73.75072479248047
    ],
    [
      18.013813018798828,
      6.917161464691162,
      16.244604110717773,
      10.569901466369629,
      18.756526947021484,
      20.211999893188477,
      22.97528839111328,
      18.55545997619629,
      28.6130313873291,
      28.959714889526367,
      40.25081253051758,
      46.83175277709961,
      63.343143463134766,
      70.55928802490234,
      91.47457885742188,
      79.71431732177734,
      86.73143005371094,
      72.69905853271484
    ],
    [
      16.45894432067871,
      7.645577907562256,
      14.90117073059082,
      12.49637508392334,
      15.815254211425781,
      20.411836624145508,
      19.61334991455078,
      19.833181381225586,
      24.1196346282959,
      28.727977752685547,
      33.5470085144043,
      44.32170486450195,
      50.83401870727539,
      64.728271484375,
      73.04129028320312,
      73.75072479248047,
      72.69905853271484,
      69.80176544189453
    ]
  ],
  "damage": -18.47954559326172,
  "diff_bandwidth": 651.1957397460938,
  "dissonance": 7.64032247801437,
  "drr": 13.810003280639648,
  "dynamics": 4.014286994934082,
  "format": 1245190,
  "frames": 16633344,
  "freq_pan_to_db": [
    [
      -43.45143127441406,
      -42.867008209228516,
      -41.30941390991211,
      -34.17475509643555,
      -27.95227813720703,
      -24.948898315429688,
      -28.848012924194336,
      -35.61112594604492,
      -35.599159240722656,
      -39.299007415771484,
      -45.77998733520508
    ],
    [
      -40.85074996948242,
      -38.2291259765625,
      -35.94537353515625,
      -32.57563400268555,
      -26.951534271240234,
      -24.68800926208496,
      -27.07956314086914,
      -30.795318603515625,
      -34.91997528076172,
      -37.928932189941406,
      -46.3042106628418
    ],
    [
      -41.05287170410156,
      -39.862205505371094,
      -37.24855422973633,
      -34.25996780395508,
      -28.29171371459961,
      -25.6079158782959,
      -27.934690475463867,
      -31.487628936767578,
      -33.73951721191406,
      -40.23906707763672,
      -41.20361328125
    ],
    [
      -42.963871002197266,
      -40.40621566772461,
      -36.598209381103516,
      -32.57028579711914,
      -29.1885929107666,
      -27.875146865844727,
      -30.199987411499023,
      -33.259429931640625,
      -35.99182891845703,
      -37.50428771972656,
      -40.48213195800781
    ],
    [
      -37.21875762939453,
      -34.6425666809082,
      -32.91324996948242,
      -30.454980850219727,
      -28.35929298400879,
      -27.31520652770996,
      -27.651931762695312,
      -29.905033111572266,
      -31.56942367553711,
      -34.05501174926758,
      -35.211185455322266
    ],
    [
      -33.09603500366211,
      -31.99959945678711,
      -30.491445541381836,
      -29.724271774291992,
      -28.184734344482422,
      -26.575298309326172,
      -27.226919174194336,
      -28.95993423461914,
      -30.496910095214844,
      -31.893699645996094,
      -32.236122131347656
    ],
    [
      -32.52656173706055,
      -31.48578643798828,
      -29.952056884765625,
      -29.253555297851562,
      -27.526792526245117,
      -25.326751708984375,
      -26.871461868286133,
      -29.170103073120117,
      -30.91413116455078,
      -31.85256004333496,
      -31.421829223632812
    ],
    [
      -31.344362258911133,
      -31.08765411376953,
      -30.23976707458496,
      -28.845930099487305,
      -25.919654846191406,
      -25.22629737854004,
      -27.17561149597168,
      -29.251441955566406,
      -29.78363609313965,
      -30.363811492919922,
      -31.003511428833008
    ],
    [
      -32.59659194946289,
      -32.1546516418457,
      -30.849590301513672,
      -28.895944595336914,
      -27.84609603881836,
      -28.12852668762207,
      -30.256683349609375,
      -32.104835510253906,
      -32.9869384765625,
      -33.35360336303711,
      -34.57313919067383
    ],
    [
      -29.96161651611328,
      -29.934417724609375,
      -30.023059844970703,
      -28.057466506958008,
      -25.603778839111328,
      -25.909326553344727,
      -28.619396209716797,
      -30.26012420654297,
      -29.151193618774414,
      -30.388229370117188,
      -31.35072135925293
    ],
    [
      -28.236730575561523,
      -29.137977600097656,
      -29.516653060913086,
      -28.24429702758789,
      -26.768430709838867,
      -25.592578887939453,
      -26.37229347229004,
      -28.339523315429688,
      -29.06745719909668,
      -31.09299659729004,
      -28.963287353515625
    ],
    [
      -27.98519515991211,
      -29.754779815673828,
      -28.920888900756836,
      -29.294586181640625,
      -29.181293487548828,
      -27.86288070678711,
      -28.715635299682617,
      -29.86098289489746,
      -30.378141403198242,
      -31.85099983215332,
      -32.51017761230469
    ],
    [
      -30.38954734802246,
      -30.81650733947754,
      -31.57378387451172,
      -30.419998168945312,
      -30.45699119567871,
      -29.823448181152344,
      -30.40070152282715,
      -30.53769302368164,
      -30.92452049255371,
      -31.306488037109375,
      -32.6358642578125
    ],
    [
      -30.064279556274414,
      -31.25929832458496,
      -30.80278778076172,
      -30.549198150634766,
      -30.072423934936523,
      -27.439300537109375,
      -27.687480926513672,
      -28.79094123840332,
      -29.175556182861328,
      -30.591604232788086,
      -30.57718276977539
    ],
    [
      -31.362028121948242,
      -30.237895965576172,
      -29.609912872314453,
      -28.61651611328125,
      -28.39954948425293,
      -26.79374122619629,
      -27.825593948364258,
      -27.69696617126465,
      -27.444683074951172,
      -28.571922302246094,
      -26.21500015258789
    ],
    [
      -33.0881462097168,
      -30.901914596557617,
      -30.374441146850586,
      -29.536266326904297,
      -31.08138656616211,
      -28.97507667541504,
      -28.904199600219727,
      -29.13707733154297,
      -28.60661506652832,
      -29.058910369873047,
      -26.794635772705078
    ],
    [
      -37.44374084472656,
      -32.78596878051758,
      -31.605546951293945,
      -31.089204788208008,
      -34.71174621582031,
      -31.87325668334961,
      -31.265731811523438,
      -31.194486618041992,
      -32.266170501708984,
      -31.08926773071289,
      -29.696781158447266
    ],
    [
      -33.93037033081055,
      -30.591432571411133,
      -28.881797790527344,
      -28.03266716003418,
      -31.50934600830078,
      -31.398212432861328,
      -28.773405075073242,
      -28.15360450744629,
      -30.686365127563477,
      -28.686988830566406,
      -26.53388023376465
    ],
    [
      -40.34857177734375,
      -36.950172424316406,
      -34.9077033996582,
      -35.4482536315918,
      -36.30656814575195,
      -32.94208908081055,
      -35.0040397644043,
      -35.301605224609375,
      -33.788570404052734,
      -33.949806213378906,
      -31.0062198638916
    ],
    [
      -36.81532287597656,
      -40.317657470703125,
      -39.01124572753906,
      -39.42401123046875,
      -39.48809051513672,
      -37.37229537963867,
      -38.7196044921875,
      -39.24234390258789,
      -38.36227798461914,
      -36.085636138916016,
      -33.66926574707031
    ],
    [
      -43.04298400878906,
      -42.50253677368164,
      -41.046836853027344,
      -40.37016677856445,
      -39.0950927734375,
      -37.62593460083008,
      -42.0391845703125,
      -39.74124526977539,
      -40.581939697265625,
      -37.982208251953125,
      -34.17901611328125
    ],
    [
      -42.219425201416016,
      -43.31676483154297,
      -41.557350158691406,
      -41.32868194580078,
      -42.005523681640625,
      -40.33600616455078,
      -43.185001373291016,
      -42.565574645996094,
      -42.4885139465332,
      -42.3167839050293,
      -40.30286407470703
    ],
    [
      -41.93760299682617,
      -42.79671096801758,
      -42.95896911621094,
      -42.55288314819336,
      -42.68839645385742,
      -41.19820785522461,
      -44.061283111572266,
      -44.2530632019043,
      -43.79942321777344,
      -43.32007598876953,
      -45.68691635131836
    ],
    [
      -42.10220718383789,
      -42.94077682495117,
      -43.119930267333984,
      -42.6396484375,
      -42.41618728637695,
      -40.58867645263672,
      -43.03840637207031,
      -43.756202697753906,
      -43.361480712890625,
      -43.02464294433594,
      -46.073028564453125
    ],
    [
      -43.945106506347656,
      -44.168827056884766,
      -43.544368743896484,
      -43.487606048583984,
      -42.86717987060547,
      -42.77342224121094,
      -43.631263732910156,
      -44.17085266113281,
      -44.39118194580078,
      -45.56243896484375,
      -51.474571228027344
    ],
    [
      -47.517879486083984,
      -45.842552185058594,
      -44.1173095703125,
      -43.26059341430664,
      -42.39913558959961,
      -40.87010955810547,
      -43.24117660522461,
      -44.136474609375,
      -44.676666259765625,
      -45.77812957763672,
      -50.58774185180664
    ],
    [
      -48.97298812866211,
      -44.28679656982422,
      -43.56245803833008,
      -43.32992935180664,
      -42.823368072509766,
      -40.38835144042969,
      -44.20829391479492,
      -44.23273849487305,
      -43.48931121826172,
      -43.474971771240234,
      -41.987457275390625
    ],
    [
      -51.02913284301758,
      -47.30550003051758,
      -45.052894592285156,
      -44.76221466064453,
      -44.992340087890625,
      -43.014747619628906,
      -46.22339630126953,
      -44.20644760131836,
      -44.31593322753906,
      -44.68938446044922,
      -48.62114715576172
    ],
    [
      -50.29239273071289,
      -46.821102142333984,
      -44.9129524230957,
      -44.88265609741211,
      -44.57593536376953,
      -43.560543060302734,
      -45.833492279052734,
      -44.592525482177734,
      -44.696624755859375,
      -47.48196029663086,
      -52.64254379272461
    ],
    [
      -44.52168655395508,
      -44.74410629272461,
      -44.97740936279297,
      -44.79366683959961,
      -44.20622253417969,
      -43.18260192871094,
      -45.28675842285156,
      -44.72808837890625,
      -44.623443603515625,
      -45.872501373291016,
      -59.374515533447266
    ],
    [
      -52.45756912231445,
      -47.28298568725586,
      -46.686946868896484,
      -45.95021057128906,
      -44.89872360229492,
      -42.552974700927734,
      -46.081275939941406,
      -45.82267379760742,
      -44.784210205078125,
      -46.44645690917969,
      -51.06737518310547
    ],
    [
      -48.51472854614258,
      -49.02039337158203,
      -46.60805892944336,
      -45.52363967895508,
      -45.675106048583984,
      -44.24111557006836,
      -46.90126419067383,
      -46.758758544921875,
      -46.7044792175293,
      -42.70786666870117,
      -59.43339920043945
    ],
    [
      -145.9523162841797,
      -49.289920806884766,
      -48.884735107421875,
      -46.93275833129883,
      -47.4928092956543,
      -46.375980377197266,
      -47.8855094909668,
      -47.670833587646484,
      -47.576839447021484,
      -51.21048355102539,
      -46.051963806152344
    ],
    [
      -50.8616828918457,
      -50.168548583984375,
      -34.32776641845703,
      -43.33230209350586,
      -49.78566360473633,
      -48.059932708740234,
      -48.25978088378906,
      -46.964698791503906,
      -45.90203857421875,
      -47.448020935058594,
      -62.39650344848633
    ],
    [
      -49.85123825073242,
      -54.75533676147461,
      -39.37485885620117,
      -45.40001678466797,
      -49.54656982421875,
      -47.447723388671875,
      -47.814151763916016,
      -45.96485900878906,
      -44.44559097290039,
      -42.794837951660156,
      -370
    ],
    [
      -63.07033157348633,
      -52.17323684692383,
      -48.404937744140625,
      -48.56580352783203,
      -52.954345703125,
      -50.313541412353516,
      -49.5892448425293,
      -46.60923767089844,
      -45.80508804321289,
      -47.02620315551758,
      -370
    ],
    [
      -53.83478546142578,
      -51.23136901855469,
      -50.16061019897461,
      -50.51274871826172,
      -54.424373626708984,
      -52.38584518432617,
      -50.274715423583984,
      -48.65262222290039,
      -47.56584930419922,
      -45.89613723754883,
      -370
    ],
    [
      -46.8756103515625,
      -48.86911392211914,
      -50.11366653442383,
      -51.34794998168945,
      -54.7148551940918,
      -52.9612922668457,
      -51.3029670715332,
      -50.10244369506836,
      -48.947689056396484,
      -48.855018615722656,
      -69.82998657226562
    ],
    [
      -48.130958557128906,
      -48.525733947753906,
      -51.65681838989258,
      -53.059871673583984,
      -55.14118957519531,
      -53.52365493774414,
      -50.64956283569336,
      -48.990177154541016,
      -48.324764251708984,
      -49.323211669921875,
      -62.92530059814453
    ],
    [
      -51.55595397949219,
      -55.01642990112305,
      -54.63570785522461,
      -55.49479293823242,
      -58.4180793762207,
      -58.176979064941406,
      -53.25754165649414,
      -49.40338134765625,
      -47.506256103515625,
      -47.526458740234375,
      -57.47267150878906
    ],
    [
      -64.2706527709961,
      -63.70615768432617,
      -66.87763214111328,
      -64.9344253540039,
      -65.76048278808594,
      -65.61858367919922,
      -61.59769058227539,
      -54.423397064208984,
      -49.8309326171875,
      -47.22832107543945,
      -50.34396743774414
    ],
    [
      -68.75162506103516,
      -71.19802856445312,
      -70.27548217773438,
      -72.259033203125,
      -72.31915283203125,
      -70.88236236572266,
      -64.40325927734375,
      -57.82476043701172,
      -54.87894058227539,
      -53.673274993896484,
      -66.56188201904297
    ]
  ],
  "histogram": [
    {
      "db": -70,
      "frequency": 1
    },
    {
      "db": -69,
      "frequency": 0
    },
    {
      "db": -68,
      "frequency": 1
    },
    {
      "db": -67,
      "frequency": 0
    },
    {
      "db": -66,
      "frequency": 1
    },
    {
      "db": -65,
      "frequency": 0
    },
    {
      "db": -64,
      "frequency": 1
    },
    {
      "db": -63,
      "frequency": 0
    },
    {
      "db": -62,
      "frequency": 1
    },
    {
      "db": -61,
      "frequency": 0
    },
    {
      "db": -60,
      "frequency": 1
    },
    {
      "db": -59,
      "frequency": 1
    },
    {
      "db": -58,
      "frequency": 1
    },
    {
      "db": -57,
      "frequency": 1
    },
    {
      "db": -56,
      "frequency": 1
    },
    {
      "db": -55,
      "frequency": 1
    },
    {
      "db": -54,
      "frequency": 1
    },
    {
      "db": -53,
      "frequency": 1
    },
    {
      "db": -52,
      "frequency": 0
    },
    {
      "db": -51,
      "frequency": 1
    },
    {
      "db": -50,
      "frequency": 2
    },
    {
      "db": -49,
      "frequency": 1
    },
    {
      "db": -48,
      "frequency": 1
    },
    {
      "db": -47,
      "frequency": 0
    },
    {
      "db": -46,
      "frequency": 2
    },
    {
      "db": -45,
      "frequency": 2
    },
    {
      "db": -44,
      "frequency": 1
    },
    {
      "db": -43,
      "frequency": 3
    },
    {
      "db": -42,
      "frequency": 10
    },
    {
      "db": -41,
      "frequency": 17
    },
    {
      "db": -40,
      "frequency": 13
    },
    {
      "db": -39,
      "frequency": 31
    },
    {
      "db": -38,
      "frequency": 25
    },
    {
      "db": -37,
      "frequency": 50
    },
    {
      "db": -36,
      "frequency": 46
    },
    {
      "db": -35,
      "frequency": 34
    },
    {
      "db": -34,
      "frequency": 35
    },
    {
      "db": -33,
      "frequency": 42
    },
    {
      "db": -32,
      "frequency": 70
    },
    {
      "db": -31,
      "frequency": 66
    },
    {
      "db": -30,
      "frequency": 75
    },
    {
      "db": -29,
      "frequency": 142
    },
    {
      "db": -28,
      "frequency": 238
    },
    {
      "db": -27,
      "frequency": 322
    },
    {
      "db": -26,
      "frequency": 389
    },
    {
      "db": -25,
      "frequency": 362
    },
    {
      "db": -24,
      "frequency": 327
    },
    {
      "db": -23,
      "frequency": 234
    },
    {
      "db": -22,
      "frequency": 264
    },
    {
      "db": -21,
      "frequency": 310
    },
    {
      "db": -20,
      "frequency": 331
    },
    {
      "db": -19,
      "frequency": 175
    },
    {
      "db": -18,
      "frequency": 61
    },
    {
      "db": -17,
      "frequency": 22
    },
    {
      "db": -16,
      "frequency": 0
    },
    {
      "db": -15,
      "frequency": 0
    },
    {
      "db": -14,
      "frequency": 0
    },
    {
      "db": -13,
      "frequency": 0
    },
    {
      "db": -12,
      "frequency": 0
    },
    {
      "db": -11,
      "frequency": 0
    },
    {
      "db": -10,
      "frequency": 0
    },
    {
      "db": -9,
      "frequency": 0
    },
    {
      "db": -8,
      "frequency": 0
    },
    {
      "db": -7,
      "frequency": 0
    },
    {
      "db": -6,
      "frequency": 0
    },
    {
      "db": -5,
      "frequency": 0
    },
    {
      "db": -4,
      "frequency": 0
    },
    {
      "db": -3,
      "frequency": 0
    },
    {
      "db": -2,
      "frequency": 0
    },
    {
      "db": -1,
      "frequency": 0
    },
    {
      "db": 0,
      "frequency": 0
    },
    {
      "db": 1,
      "frequency": 0
    },
    {
      "db": 2,
      "frequency": 0
    },
    {
      "db": 3,
      "frequency": 0
    },
    {
      "db": 4,
      "frequency": 0
    },
    {
      "db": 5,
      "frequency": 0
    },
    {
      "db": 6,
