{
  "acoustic_entropy": 205.10960388183594,
  "bands": [
    {
      "high_freq": 148.1999969482422,
      "loudness": -36.14823532104492,
      "loudness_range": 14.45405387878418,
      "mid_mean": -32.551822662353516,
      "mid_to_side_loudness": -30.697568893432617,
      "mid_to_side_loudness_range": 25.638145446777344,
      "side_mean": -62.37008285522461
    },
    {
      "high_freq": 392.3793640136719,
      "loudness": -34.46654510498047,
      "loudness_range": 11.927066802978516,
      "low_freq": 148.1999969482422,
      "mid_mean": -31.169147491455078,
      "mid_to_side_loudness": -12.91199016571045,
      "mid_to_side_loudness_range": 15.652739524841309,
      "side_mean": -44.016075134277344
    },
    {
      "high_freq": 794.6976318359375,
      "loudness": -35.54100799560547,
      "loudness_range": 15.764371871948242,
      "low_freq": 392.3793640136719,
      "mid_mean": -32.65476989746094,
      "mid_to_side_loudness": -8.946540832519531,
      "mid_to_side_loudness_range": 14.94611930847168,
      "side_mean": -41.379669189453125
    },
    {
      "high_freq": 1457.5709228515625,
      "loudness": -37.19534683227539,
      "loudness_range": 21.42571258544922,
      "low_freq": 794.6976318359375,
      "mid_mean": -35.05745315551758,
      "mid_to_side_loudness": -6.027686595916748,
      "mid_to_side_loudness_range": 16.211851119995117,
      "side_mean": -40.5035514831543
    },
    {
      "high_freq": 2549.74365234375,
      "loudness": -42.57087707519531,
      "loudness_range": 20.041885375976562,
      "low_freq": 1457.5709228515625,
      "mid_mean": -40.136253356933594,
      "mid_to_side_loudness": -6.5488080978393555,
      "mid_to_side_loudness_range": 11.779104232788086,
      "side_mean": -45.95661163330078
    },
    {
      "high_freq": 4349.24462890625,
      "loudness": -44.04989242553711,
      "loudness_range": 19.658588409423828,
      "low_freq": 2549.74365234375,
      "mid_mean": -41.49852752685547,
      "mid_to_side_loudness": -6.5802106857299805,
      "mid_to_side_loudness_range": 10.875256538391113,
      "side_mean": -47.867576599121094
    },
    {
      "high_freq": 7314.1640625,
      "loudness": -44.89295959472656,
      "loudness_range": 19.472579956054688,
      "low_freq": 4349.24462890625,
      "mid_mean": -42.738834381103516,
      "mid_to_side_loudness": -5.922967910766602,
      "mid_to_side_loudness_range": 10.16213607788086,
      "side_mean": -48.8778190612793
    },
    {
      "high_freq": 12199.2666015625,
      "loudness": -47.59008026123047,
      "loudness_range": 16.286285400390625,
      "low_freq": 7314.1640625,
      "mid_mean": -45.76021957397461,
      "mid_to_side_loudness": -4.581331729888916,
      "mid_to_side_loudness_range": 6.975676536560059,
      "side_mean": -52.162166595458984
    },
    {
      "loudness": -53.47843933105469,
      "loudness_range": 16.78144073486328,
      "low_freq": 12199.2666015625,
      "mid_mean": -53.552337646484375,
      "mid_to_side_loudness": -3.519315004348755,
      "mid_to_side_loudness_range": 4.452604293823242,
      "side_mean": -56.57328414916992
    }
  ],
  "bands_short": [
    {
      "high_freq": 148.1999969482422,
      "loudness": -37.88383483886719,
      "loudness_range": 17.938982009887695,
      "mid_mean": -34.722415924072266,
      "mid_to_side_loudness": -31.810853958129883,
      "mid_to_side_loudness_range": 31.781972885131836,
      "side_mean": -65.02777862548828
    },
    {
      "high_freq": 392.3793640136719,
      "loudness": -34.66835021972656,
      "loudness_range": 14.283740997314453,
      "low_freq": 148.1999969482422,
      "mid_mean": -31.35487937927246,
      "mid_to_side_loudness": -13.909523010253906,
      "mid_to_side_loudness_range": 17.946014404296875,
      "side_mean": -45.25576400756836
    },
    {
      "high_freq": 794.6976318359375,
      "loudness": -35.95366668701172,
      "loudness_range": 17.82671546936035,
      "low_freq": 392.3793640136719,
      "mid_mean": -33.159461975097656,
      "mid_to_side_loudness": -8.827351570129395,
      "mid_to_side_loudness_range": 15.995457649230957,
      "side_mean": -41.902687072753906
    },
    {
      "high_freq": 1457.5709228515625,
      "loudness": -37.67094039916992,
      "loudness_range": 23.000303268432617,
      "low_freq": 794.6976318359375,
      "mid_mean": -35.77000427246094,
      "mid_to_side_loudness": -5.694820880889893,
      "mid_to_side_loudness_range": 17.547069549560547,
      "side_mean": -40.93154525756836
    },
    {
      "high_freq": 2549.74365234375,
      "loudness": -43.6834602355957,
      "loudness_range": 23.088109970092773,
      "low_freq": 1457.5709228515625,
      "mid_mean": -41.30369567871094,
      "mid_to_side_loudness": -6.612637519836426,
      "mid_to_side_loudness_range": 13.582098960876465,
      "side_mean": -47.56576919555664
    },
    {
      "high_freq": 4349.24462890625,
      "loudness": -45.149532318115234,
      "loudness_range": 23.087322235107422,
      "low_freq": 2549.74365234375,
      "mid_mean": -42.71213912963867,
      "mid_to_side_loudness": -6.694716930389404,
      "mid_to_side_loudness_range": 12.067438125610352,
      "side_mean": -49.48103332519531
    },
    {
      "high_freq": 7314.1640625,
      "loudness": -46.68218994140625,
      "loudness_range": 25.069923400878906,
      "low_freq": 4349.24462890625,
      "mid_mean": -44.7420768737793,
      "mid_to_side_loudness": -6.149580001831055,
      "mid_to_side_loudness_range": 12.387805938720703,
      "side_mean": -51.7222785949707
    },
    {
      "high_freq": 12199.2666015625,
      "loudness": -50.02717590332031,
      "loudness_range": 23.80577850341797,
      "low_freq": 7314.1640625,
      "mid_mean": -50.96424865722656,
      "mid_to_side_loudness": -4.950448036193848,
      "mid_to_side_loudness_range": 9.22261905670166,
      "side_mean": -55.31072998046875
    },
    {
      "loudness": -57.41269302368164,
      "loudness_range": 27.169036865234375,
      "low_freq": 12199.2666015625,
      "mid_mean": -57.30422592163086,
      "mid_to_side_loudness": -4.260616302490234,
      "mid_to_side_loudness_range": 8.312983512878418,
      "side_mean": -60.468299865722656
    }
  ],
  "bandwidth": 618.51708984375,
  "channels": 2,
  "covariance": [
    [
      34.526084899902344,
      13.141388893127441,
      11.938652992248535,
      11.621210098266602,
      7.667016983032227,
      17.306806564331055,
      13.59067440032959,
      21.988636016845703,
      10.513269424438477,
      12.104879379272461,
      14.681797981262207,
      16.631404876708984,
      14.841232299804688,
      19.750314712524414,
      9.568742752075195,
      20.357175827026367,
      16.407920837402344,
      14.645256996154785
    ],
    [
      13.141388893127441,
      34.14081954956055,
      11.239831924438477,
      22.94991683959961,
      17.72307014465332,
      25.46330451965332,
      26.32948112487793,
      32.25310516357422,
      24.192014694213867,
      23.475723266601562,
      22.651485443115234,
      24.90560531616211,
      14.698822021484375,
      19.35869026184082,
      2.474954128265381,
      14.518636703491211,
      6.46029806137085,
      7.403380393981934
    ],
    [
      11.938652992248535,
      11.239831924438477,
      22.074472427368164,
      18.08727264404297,
      12.246424674987793,
      16.79623794555664,
      13.038785934448242,
      15.259153366088867,
      14.995649337768555,
      12.552572250366211,
      16.14488983154297,
      18.059255599975586,
      11.8656644821167,
      15.601705551147461,
      5.512441635131836,
      15.819719314575195,
      13.053006172180176,
      11.835915565490723
    ],
    [
      11.621210098266602,
      22.94991683959961,
      18.08727264404297,
      41.61766815185547,
      21.085845947265625,
      34.6718635559082,
      24.33881950378418,
      33.75593566894531,
      26.037342071533203,
      26.003686904907227,
      23.281883239746094,
      30.869976043701172,
      12.578420639038086,
      19.13782501220703,
      0.2937934100627899,
      13.778705596923828,
      4.9611968994140625,
      6.842578887939453
    ],
    [
      7.667016983032227,
      17.72307014465332,
      12.246424674987793,
      21.085845947265625,
      35.0524787902832,
      28.805604934692383,
      31.167892456054688,
      26.519763946533203,
      32.04582595825195,
      23.333824157714844,
      29.179443359375,
      26.053104400634766,
      19.881681442260742,
      19.796173095703125,
      7.115451812744141,
      16.88055992126465,
      11.819502830505371,
      10.801042556762695
    ],
    [
      17.306806564331055,
      25.46330451965332,
      16.79623794555664,
      34.6718635559082,
      28.805604934692383,
      52.1343879699707,
      36.29804992675781,
      50.665706634521484,
      32.873619079589844,
      34.332794189453125,
      29.916221618652344,
      38.06614685058594,
      19.82444190979004,
      30.217483520507812,
      5.205308437347412,
      24.0195255279541,
      13.981489181518555,
      15.118309020996094
    ],
    [
      13.59067440032959,
      26.32948112487793,
      13.038785934448242,
      24.33881950378418,
      31.167892456054688,
      36.29804992675781,
      58.74531555175781,
      51.83708572387695,
      42.59345626831055,
      34.82734298706055,
      39.708858489990234,
      37.66596603393555,
      27.13022232055664,
      30.596393585205078,
      7.154026031494141,
      22.51987648010254,
      13.417505264282227,
      12.875085830688477
    ],
    [
      21.988636016845703,
      32.25310516357422,
      15.259153366088867,
      33.75593566894531,
      26.519763946533203,
      50.665706634521484,
      51.83708572387695,
      82.42758178710938,
      38.95551300048828,
      46.55769348144531,
      36.35300064086914,
      44.585819244384766,
      23.016441345214844,
      36.21065139770508,
      4.722133159637451,
      24.253576278686523,
      9.926633834838867,
      12.367974281311035
    ],
    [
      10.513269424438477,
      24.192014694213867,
      14.995649337768555,
      26.037342071533203,
      32.04582595825195,
      32.873619079589844,
      42.59345626831055,
      38.95551300048828,
      54.185302734375,
      39.152801513671875,
      45.17197036743164,
      40.424747467041016,
      32.95051193237305,
      33.05232238769531,
      12.658123970031738,
      26.088871002197266,
      17.660551071166992,
      15.792998313903809
    ],
    [
      12.104879379272461,
      23.475723266601562,
      12.552572250366211,
      26.003686904907227,
      23.333824157714844,
      34.332794189453125,
      34.82734298706055,
      46.55769348144531,
      39.152801513671875,
      48.48701477050781,
      34.10947036743164,
      40.6566162109375,
      24.832395553588867,
      33.060401916503906,
      10.118393898010254,
      22.023988723754883,
      10.811391830444336,
      12.935152053833008
    ],
    [
      14.681797981262207,
      22.651485443115234,
      16.14488983154297,
      23.281883239746094,
      29.179443359375,
      29.916221618652344,
      39.708858489990234,
      36.35300064086914,
      45.17197036743164,
      34.10947036743164,
      52.16410446166992,
      46.172733306884766,
      40.18465805053711,
      41.6906852722168,
      19.42852020263672,
      35.36629867553711,
      25.248550415039062,
      22.4193172454834
    ],
    [
      16.631404876708984,
      24.90560531616211,
      18.059255599975586,
      30.869976043701172,
      26.053104400634766,
      38.06614685058594,
      37.66596603393555,
      44.585819244384766,
      40.424747467041016,
      40.6566162109375,
      46.172733306884766,
      57.84824752807617,
      37.82147979736328,
      50.57675552368164,
      18.48478889465332,
      42.498558044433594,
      27.884376525878906,
      27.739044189453125
    ],
    [
      14.841232299804688,
      14.698822021484375,
      11.8656644821167,
      12.578420639038086,
      19.881681442260742,
      19.82444190979004,
      27.13022232055664,
      23.016441345214844,
      32.95051193237305,
      24.832395553588867,
      40.18465805053711,
      37.82147979736328,
      54.47356414794922,
      47.867366790771484,
      36.51669692993164,
      44.27151870727539,
      39.088558197021484,
      32.90250015258789
    ],
    [
      19.750314712524414,
      19.35869026184082,
      15.601705551147461,
      19.13782501220703,
      19.796173095703125,
      30.217483520507812,
      30.596393585205078,
      36.21065139770508,
      33.05232238769531,
      33.060401916503906,
      41.6906852722168,
      50.57675552368164,
      47.867366790771484,
      63.26968765258789,
      31.69002342224121,
      57.249210357666016,
      45.641563415527344,
      42.80160140991211
    ],
    [
      9.568742752075195,
      2.474954128265381,
      5.512441635131836,
      0.2937934100627899,
      7.115451812744141,
      5.205308437347412,
      7.154026031494141,
      4.722133159637451,
      12.658123970031738,
      10.118393898010254,
      19.42852020263672,
      18.48478889465332,
      36.51669692993164,
      31.69002342224121,
      46.242305755615234,
      37.56023025512695,
      39.92246627807617,
      33.3655891418457
    ],
    [
      20.357175827026367,
      14.518636703491211,
      15.819719314575195,
      13.778705596923828,
      16.88055992126465,
      24.0195255279541,
      22.51987648010254,
      24.253576278686523,
      26.088871002197266,
      22.023988723754883,
      35.36629867553711,
      42.498558044433594,
      44.27151870727539,
      57.249210357666016,
      37.56023025512695,
      69.8526840209961,
      63.32509994506836,
      57.284759521484375
    ],
    [
      16.407920837402344,
      6.46029806137085,
      13.053006172180176,
      4.9611968994140625,
      11.819502830505371,
      13.981489181518555,
      13.417505264282227,
      9.926633834838867,
      17.660551071166992,
      10.811391830444336,
      25.248550415039062,
      27.884376525878906,
      39.088558197021484,
      45.641563415527344,
      39.92246627807617,
      63.32509994506836,
      68.31285095214844,
      58.5407600402832
    ],
    [
      14.645256996154785,
      7.403380393981934,
      11.835915565490723,
      6.842578887939453,
      10.801042556762695,
      15.118309020996094,
      12.875085830688477,
      12.367974281311035,
      15.792998313903809,
      12.935152053833008,
      22.4193172454834,
      27.739044189453125,
      32.90250015258789,
      42.80160140991211,
      33.3655891418457,
      57.284759521484375,
      58.5407600402832,
      54.093204498291016
    ]
  ],
  "covariance_short": [
    [
      60.816978454589844,
      12.279166221618652,
      16.160022735595703,
      13.477773666381836,
      9.399360656738281,
      17.707326889038086,
      14.728279113769531,
      22.653186798095703,
      12.591083526611328,
      14.440070152282715,
      18.576318740844727,
      22.948945999145508,
      19.7889347076416,
      27.927671432495117,
      25.799774169921875,
      25.548873901367188,
      17.7061767578125,
      16.258243560791016
    ],
    [
      12.279166221618652,
      29.359914779663086,
      10.632797241210938,
      20.936731338500977,
      16.20581817626953,
      21.11946678161621,
      23.19007682800293,
      26.274621963500977,
      22.477842330932617,
      23.547298431396484,
      21.56740951538086,
      24.36879539489746,
      15.947346687316895,
      21.844633102416992,
      13.050946235656738,
      16.178571701049805,
      8.740962028503418,
      9.787542343139648
    ],
    [
      16.160022735595703,
      10.632797241210938,
      28.777170181274414,
      20.131656646728516,
      15.278280258178711,
      19.526142120361328,
      15.33962345123291,
      17.08995819091797,
      17.323162078857422,
      17.120994567871094,
      18.910757064819336,
      22.934879302978516,
      15.723008155822754,
      22.856069564819336,
      21.283523559570312,
      19.89810562133789,
      15.233234405517578,
      14.086776733398438
    ],
    [
      13.477773666381836,
      20.936731338500977,
      20.131656646728516,
      50.00752258300781,
      24.840970993041992,
      38.52530288696289,
      27.078054428100586,
      34.66892623901367,
      29.975385665893555,
      34.54456329345703,
      27.97115135192871,
      38.938194274902344,
      19.032896041870117,
      30.0252742767334,
      15.566753387451172,
      21.364110946655273,
      9.87980842590332,
      12.046988487243652
    ],
    [
      9.399360656738281,
      16.20581817626953,
      15.278280258178711,
      24.840970993041992,
      43.708221435546875,
      32.96977233886719,
      35.84551239013672,
      29.245515823364258,
      38.689674377441406,
      31.915420532226562,
      36.394859313964844,
      34.254669189453125,
      29.221105575561523,
      31.235445022583008,
      26.36455535888672,
      24.227956771850586,
      17.692813873291016,
      15.161528587341309
    ],
    [
      17.707326889038086,
      21.11946678161621,
      19.526142120361328,
      38.52530288696289,
      32.96977233886719,
      57.85628890991211,
      39.67974853515625,
      51.7028923034668,
      38.269710540771484,
      43.48564147949219,
      35.911407470703125,
      46.69498062133789,
      28.378393173217773,
      41.980567932128906,
      27.39662742614746,
      32.3060188293457,
      19.447912216186523,
      19.998184204101562
    ],
    [
      14.728279113769531,
      23.19007682800293,
      15.33962345123291,
      27.078054428100586,
      35.84551239013672,
      39.67974853515625,
      68.53263092041016,
      55.13597106933594,
      49.6934814453125,
      44.47758865356445,
      47.76390838623047,
      47.38700866699219,
      38.31089782714844,
      44.712310791015625,
      32.89984130859375,
      32.97407913208008,
      21.895723342895508,
      19.177885055541992
    ],
    [
      22.653186798095703,
      26.274621963500977,
      17.08995819091797,
      34.66892623901367,
      29.245515823364258,
      51.7028923034668,
      55.13597106933594,
      87.94104766845703,
      44.21504592895508,
      53.45869445800781,
      41.266082763671875,
      52.698673248291016,
      31.377492904663086,
      48.68659973144531,
      27.64863395690918,
      35.83237838745117,
      17.68111228942871,
      19.54886817932129
    ],
    [
      12.591083526611328,
      22.477842330932617,
      17.323162078857422,
      29.975385665893555,
      38.689674377441406,
      38.269710540771484,
      49.6934814453125,
      44.21504592895508,
      67.6815185546875,
      53.242984771728516,
      55.902000427246094,
      52.76760482788086,
      46.92881393432617,
      50.788719177246094,
      41.47000503540039,
      38.91045379638672,
      27.642047882080078,
      23.819557189941406
    ],
    [
      14.440070152282715,
      23.547298431396484,
      17.120994567871094,
      34.54456329345703,
      31.915420532226562,
      43.48564147949219,
      44.47758865356445,
      53.45869445800781,
      53.242984771728516,
      68.20528411865234,
      46.89381790161133,
      57.5252571105957,
      41.4177131652832,
      54.508914947509766,
      37.10390853881836,
      42.92711639404297,
      27.817291259765625,
      28.209598541259766
    ],
    [
      18.576318740844727,
      21.56740951538086,
      18.910757064819336,
      27.97115135192871,
      36.394859313964844,
      35.911407470703125,
      47.76390838623047,
      41.266082763671875,
      55.902000427246094,
      46.89381790161133,
      70.15640258789062,
      61.61326217651367,
      61.11201858520508,
      64.41785430908203,
      58.490665435791016,
      53.182254791259766,
      39.5650634765625,
      33.50051498413086
    ],
    [
      22.948945999145508,
      24.36879539489746,
      22.934879302978516,
      38.938194274902344,
      34.254669189453125,
      46.69498062133789,
      47.38700866699219,
      52.698673248291016,
      52.76760482788086,
      57.5252571105957,
      61.61326217651367,
      77.82669067382812,
      56.94940948486328,
      77.7119140625,
      59.78662872314453,
      64.4286117553711,
      43.0688591003418,
      41.97138595581055
    ],
    [
      19.7889347076416,
      15.947346687316895,
      15.723008155822754,
      19.032896041870117,
      29.221105575561523,
      28.378393173217773,
      38.31089782714844,
      31.377492904663086,
      46.92881393432617,
      41.4177131652832,
      61.11201858520508,
      56.94940948486328,
      84.64119720458984,
      74.48695373535156,
      83.10111999511719,
      70.90936279296875,
      62.90519332885742,
      51.0635871887207
    ],
    [
      27.927671432495117,
      21.844633102416992,
      22.856069564819336,
      30.0252742767334,
      31.235445022583008,
      41.980567932128906,
      44.712310791015625,
      48.68659973144531,
      50.788719177246094,
      54.508914947509766,
      64.41785430908203,
      77.7119140625,
      74.48695373535156,
      100.29864501953125,
      91.64196014404297,
      91.36943817138672,
      70.78486633300781,
      65.18827056884766
    ],
    [
      25.799774169921875,
      13.050946235656738,
      21.283523559570312,
      15.566753387451172,
      26.36455535888672,
      27.39662742614746,
      32.89984130859375,
      27.64863395690918,
      41.47000503540039,
      37.10390853881836,
      58.490665435791016,
      59.78662872314453,
      83.10111999511719,
      91.64196014404297,
      116.20652770996094,
      95.52271270751953,
      91.90667724609375,
      73.92913818359375
    ],
    [
      25.548873901367188,
      16.178571701049805,
      19.89810562133789,
      21.364110946655273,
      24.227956771850586,
      32.3060188293457,
      32.97407913208008,
      35.83237838745117,
      38.91045379638672,
      42.92711639404297,
      53.182254791259766,
      64.4286117553711,
      70.90936279296875,
      91.36943817138672,
      95.52271270751953,
      94.77352142333984,
      80.28534698486328,
      74.36502075195312
    ],
    [
      17.7061767578125,
      8.740962028503418,
      15.233234405517578,
      9.87980842590332,
      17.692813873291016,
      19.447912216186523,
      21.895723342895508,
      17.68111228942871,
      27.642047882080078,
      27.817291259765625,
      39.5650634765625,
      43.0688591003418,
      62.90519332885742,
      70.78486633300781,
      91.90667724609375,
      80.28534698486328,
      87.31736755371094,
      73.5335693359375
    ],
    [
      16.258243560791016,
      9.787542343139648,
      14.086776733398438,
      12.046988487243652,
      15.161528587341309,
      19.998184204101562,
      19.177885055541992,
      19.54886817932129,
      23.819557189941406,
      28.209598541259766,
      33.50051498413086,
      41.97138595581055,
      51.0635871887207,
      65.18827056884766,
      73.92913818359375,
      74.36502075195312,
      73.5335693359375,
      70.51841735839844
    ]
  ],
  "damage": -18.819787979125977,
  "diff_bandwidth": 645.3908081054688,
  "dissonance": 7.668493672073926,
  "drr": 11.876259803771973,
  "dynamics": 3.8451902866363525,
  "format": 1245190,
  "frames": 16633344,
  "freq_pan_to_db": [
    [
      -43.148170471191406,
      -42.22575759887695,
      -39.47521209716797,
      -32.65514373779297,
      -27.256629943847656,
      -24.945924758911133,
      -27.90916633605957,
      -33.58937454223633,
      -36.949134826660156,
      -37.88694763183594,
      -43.07160186767578
    ],
    [
      -38.654441833496094,
      -38.55022048950195,
      -35.14852523803711,
      -31.499610900878906,
      -26.592832565307617,
      -24.65064239501953,
      -26.59942626953125,
      -30.207595825195312,
      -33.453369140625,
      -37.89678192138672,
      -44.365684509277344
    ],
    [
      -40.73511505126953,
      -38.98492431640625,
      -35.87841033935547,
      -32.8561897277832,
      -27.714784622192383,
      -25.64069175720215,
      -27.606515884399414,
      -30.734567642211914,
      -32.90986251831055,
      -38.90971755981445,
      -39.08912658691406
    ],
    [
      -42.64129638671875,
      -39.20930862426758,
      -35.15182876586914,
      -32.024871826171875,
      -29.18589973449707,
      -27.90322494506836,
      -30.02823829650879,
      -32.804874420166016,
      -35.5368766784668,
      -37.375709533691406,
      -39.40373229980469
    ],
    [
      -37.018775939941406,
      -34.3207893371582,
      -32.92426300048828,
      -30.438228607177734,
      -28.344900131225586,
      -27.40976905822754,
      -27.62221908569336,
      -29.796201705932617,
      -31.431110382080078,
      -33.91512680053711,
      -34.84345626831055
    ],
    [
      -33.0390510559082,
      -31.841588973999023,
      -30.377466201782227,
      -29.61924934387207,
      -28.185338973999023,
      -26.679563522338867,
      -27.16170310974121,
      -28.904998779296875,
      -30.532541275024414,
      -31.8771915435791,
      -32.1459846496582
    ],
    [
      -32.48358917236328,
      -31.407968521118164,
      -29.936668395996094,
      -29.298105239868164,
      -27.589014053344727,
      -25.531755447387695,
      -27.063886642456055,
      -29.01739501953125,
      -30.77111053466797,
      -31.826412200927734,
      -31.334917068481445
    ],
    [
      -31.30813980102539,
      -31.08540916442871,
      -30.2040958404541,
      -28.855756759643555,
      -26.272790908813477,
      -25.504676818847656,
      -27.255746841430664,
      -29.308069229125977,
      -29.76540756225586,
      -30.237634658813477,
      -31.00156021118164
    ],
    [
      -32.70201110839844,
      -32.00117111206055,
      -30.92133903503418,
      -29.123546600341797,
      -27.969127655029297,
      -28.244766235351562,
      -30.295042037963867,
      -32.12031555175781,
      -32.866214752197266,
      -33.58143615722656,
      -34.236942291259766
    ],
    [
      -29.8394775390625,
      -30.034297943115234,
      -29.978160858154297,
      -28.155269622802734,
      -25.808368682861328,
      -25.985942840576172,
      -28.676633834838867,
      -30.31119155883789,
      -29.45462989807129,
      -30.484712600708008,
      -30.591039657592773
    ],
    [
      -28.627660751342773,
      -29.334041595458984,
      -29.88213539123535,
      -28.45338249206543,
      -27.12987518310547,
      -25.812389373779297,
      -26.745201110839844,
      -28.7502384185791,
      -29.6951904296875,
      -30.111934661865234,
      -29.586523056030273
    ],
    [
      -28.469032287597656,
      -29.76067543029785,
      -29.135042190551758,
      -29.493200302124023,
      -29.176616668701172,
      -28.11261749267578,
      -28.89720916748047,
      -30.12283706665039,
      -30.663320541381836,
      -31.945842742919922,
      -32.111263275146484
    ],
    [
      -30.317224502563477,
      -31.165388107299805,
      -31.661865234375,
      -30.530099868774414,
      -30.568885803222656,
      -29.949790954589844,
      -30.50033187866211,
      -30.7161865234375,
      -31.228120803833008,
      -31.07015609741211,
      -32.63953399658203
    ],
    [
      -30.3029842376709,
      -31.376005172729492,
      -30.87795639038086,
      -30.788232803344727,
      -30.250444412231445,
      -27.800338745117188,
      -27.88245964050293,
      -28.992128372192383,
      -29.338218688964844,
      -30.713119506835938,
      -30.897899627685547
    ],
    [
      -31.293344497680664,
      -30.363658905029297,
      -29.716880798339844,
      -28.83454704284668,
      -28.70506477355957,
      -27.194353103637695,
      -28.08643341064453,
      -28.116012573242188,
      -27.794139862060547,
      -28.777559280395508,
      -26.847126007080078
    ],
    [
      -33.45411682128906,
      -30.851896286010742,
      -30.68326759338379,
      -29.658477783203125,
      -31.387100219726562,
      -29.254638671875,
      -29.338106155395508,
      -29.431894302368164,
      -28.78445816040039,
      -29.270370483398438,
      -27.222061157226562
    ],
    [
      -37.44860076904297,
      -33.02410888671875,
      -31.619943618774414,
      -31.517892837524414,
      -34.691463470458984,
      -32.159481048583984,
      -31.461149215698242,
      -31.47658920288086,
      -32.38234329223633,
      -31.249345779418945,
      -29.968395233154297
    ],
    [
      -34.19306564331055,
      -30.83742904663086,
      -29.00116729736328,
      -28.445138931274414,
      -31.749980926513672,
      -31.62212562561035,
      -28.974729537963867,
      -28.481889724731445,
      -30.917898178100586,
      -28.909791946411133,
      -26.922147750854492
    ],
    [
      -40.08863830566406,
      -36.85640335083008,
      -35.01301574707031,
      -35.6928596496582,
      -36.49146270751953,
      -33.40746307373047,
      -35.05078125,
      -35.572174072265625,
      -34.059818267822266,
      -34.12709426879883,
      -30.973329544067383
    ],
    [
      -36.808834075927734,
      -40.19304656982422,
      -38.86518478393555,
      -39.177223205566406,
      -39.6017951965332,
      -37.63321304321289,
      -38.97746658325195,
      -39.580562591552734,
      -38.45579528808594,
      -36.31395721435547,
      -33.95638656616211
    ],
    [
      -42.38488006591797,
      -42.301727294921875,
      -40.87726974487305,
      -40.2938117980957,
      -39.18447494506836,
      -37.865909576416016,
      -42.124080657958984,
      -39.595726013183594,
      -40.940277099609375,
      -38.14235305786133,
      -34.4704475402832
    ],
    [
      -41.690738677978516,
      -43.555423736572266,
      -41.559967041015625,
      -41.30934524536133,
      -42.0743408203125,
      -40.47607421875,
      -43.2587890625,
      -42.24128341674805,
      -42.412384033203125,
      -42.27324295043945,
      -40.38337326049805
    ],
    [
      -41.8798713684082,
      -42.658565521240234,
      -42.965972900390625,
      -42.760093688964844,
      -42.68763732910156,
      -41.1927375793457,
      -44.004188537597656,
      -44.0478630065918,
      -43.85900115966797,
      -43.34052658081055,
      -45.00275421142578
    ],
    [
      -40.97963333129883,
      -42.88669967651367,
      -43.0201530456543,
      -42.69245147705078,
      -42.45012283325195,
      -40.664756774902344,
      -43.05244445800781,
      -43.47402572631836,
      -43.46540069580078,
      -42.98421096801758,
      -44.59031295776367
    ],
    [
      -43.48037338256836,
      -44.104312896728516,
      -43.51450729370117,
      -43.37019729614258,
      -42.92298126220703,
      -42.915016174316406,
      -43.68202590942383,
      -43.82296371459961,
      -44.1933479309082,
      -45.630558013916016,
      -51.042972564697266
    ],
    [
      -47.753116607666016,
      -45.703495025634766,
      -43.89676284790039,
      -43.08781051635742,
      -42.57111740112305,
      -41.095489501953125,
      -43.07881546020508,
      -43.818111419677734,
      -44.53507995605469,
      -45.772491455078125,
      -48.994781494140625
    ],
    [
      -47.908203125,
      -44.2855339050293,
      -43.383544921875,
      -43.388641357421875,
      -42.72273254394531,
      -40.626487731933594,
      -44.07524871826172,
      -43.985408782958984,
      -43.41056442260742,
      -43.48011779785156,
      -42.48977279663086
    ],
    [
      -51.444435119628906,
      -47.189884185791016,
      -44.86919021606445,
      -44.628231048583984,
      -44.795955657958984,
      -43.19194793701172,
      -46.2121467590332,
      -44.12430191040039,
      -44.40895080566406,
      -44.44685745239258,
      -52.85359573364258
    ],
    [
      -47.99275207519531,
      -46.28367233276367,
      -44.90237045288086,
      -44.604549407958984,
      -44.66068649291992,
      -43.754180908203125,
      -45.72047424316406,
      -44.49217224121094,
      -44.55567169189453,
      -47.46892547607422,
      -54.25627899169922
    ],
    [
      -43.98445510864258,
      -44.75115966796875,
      -44.844974517822266,
      -44.66428756713867,
      -44.10347366333008,
      -43.4027099609375,
      -45.191017150878906,
      -44.70716094970703,
      -44.427818298339844,
      -45.623077392578125,
      -53.015533447265625
    ],
    [
      -52.360694885253906,
      -47.86587905883789,
      -46.47170639038086,
      -45.85047912597656,
      -44.60992431640625,
      -42.749534606933594,
      -46.028385162353516,
      -45.567543029785156,
      -44.77940368652344,
      -46.14336013793945,
      -49.17958068847656
    ],
    [
      -49.16307067871094,
      -49.52302169799805,
      -45.70444869995117,
      -45.22726821899414,
      -45.708274841308594,
      -44.30354309082031,
      -46.62200164794922,
      -46.669734954833984,
      -46.24136734008789,
      -43.507347106933594,
      -41.50656509399414
    ],
    [
      -75.8299789428711,
      -49.32979202270508,
      -48.95497131347656,
      -46.840267181396484,
      -47.371891021728516,
      -46.31227493286133,
      -47.719093322753906,
      -47.51992416381836,
      -47.38444137573242,
      -50.70909118652344,
      -53.591434478759766
    ],
    [
      -50.426937103271484,
      -50.75156021118164,
      -34.241058349609375,
      -43.00560760498047,
      -49.52946472167969,
      -47.95965576171875,
      -48.12053298950195,
      -46.80916976928711,
      -45.76619338989258,
      -47.230220794677734,
      -62.15709686279297
    ],
    [
      -50.69573211669922,
      -54.112518310546875,
      -39.71075439453125,
      -44.762332916259766,
      -49.21241760253906,
      -47.43761444091797,
      -47.57456970214844,
      -45.77445983886719,
      -44.40497970581055,
      -42.71352767944336,
      -77.02789306640625
    ],
    [
      -59.89070510864258,
      -52.319393157958984,
      -48.12642288208008,
      -48.50368881225586,
      -52.737754821777344,
      -50.08064651489258,
      -49.37451934814453,
      -46.46419906616211,
      -45.6934928894043,
      -46.920860290527344,
      -53.2891845703125
    ],
    [
      -56.925411224365234,
      -50.8111572265625,
      -50.37757873535156,
      -50.23295593261719,
      -54.23861312866211,
      -52.180450439453125,
      -50.07667922973633,
      -48.48073959350586,
      -47.54120635986328,
      -45.58984375,
      -370
    ],
    [
      -47.98112106323242,
      -48.96358108520508,
      -49.882225036621094,
      -51.22414016723633,
      -54.4150505065918,
      -52.76481246948242,
      -51.12411117553711,
      -49.95925521850586,
      -48.999385833740234,
      -48.87799835205078,
      -67.54634857177734
    ],
    [
      -48.51896667480469,
      -48.407630920410156,
      -51.805301666259766,
      -52.99306869506836,
      -54.98421096801758,
      -53.308349609375,
      -50.44110870361328,
      -48.91100311279297,
      -48.04506301879883,
      -49.3040885925293,
      -62.602561950683594
    ],
    [
      -54.68400192260742,
      -54.74711227416992,
      -55.22504806518555,
      -55.3344841003418,
      -58.27521514892578,
      -57.92922592163086,
      -53.00187683105469,
      -49.14902877807617,
      -47.522857666015625,
      -47.79585266113281,
      -55.404685974121094
    ],
    [
      -63.96610641479492,
      -64.79352569580078,
      -66.98772430419922,
      -64.67322540283203,
      -65.7027587890625,
      -65.34838104248047,
      -61.27615737915039,
      -54.15705871582031,
      -49.61247634887695,
      -47.20561599731445,
      -50.62112045288086
    ],
    [
      -69.31765747070312,
      -70.010498046875,
      -70.65077209472656,
      -72.02509307861328,
      -72.04463195800781,
      -70.73313903808594,
      -63.96995544433594,
      -57.50011444091797,
      -54.79517364501953,
      -53.50890350341797,
      -54.040557861328125
    ]
  ],
  "histogram": [
    {
      "db": -70,
      "frequency": 0
    },
    {
      "db": -69,
      "frequency": 1
    },
    {
      "db": -68,
      "frequency": 1
    },
    {
      "db": -67,
      "frequency": 0
    },
    {
      "db": -66,
      "frequency": 0
    },
    {
      "db": -65,
      "frequency": 1
    },
    {
      "db": -64,
      "frequency": 0
    },
    {
      "db": -63,
      "frequency": 1
    },
    {
      "db": -62,
      "frequency": 1
    },
    {
      "db": -61,
      "frequency": 0
    },
    {
      "db": -60,
      "frequency": 1
    },
    {
      "db": -59,
      "frequency": 1
    },
    {
      "db": -58,
      "frequency": 0
    },
    {
      "db": -57,
      "frequency": 1
    },
    {
      "db": -56,
      "frequency": 1
    },
    {
      "db": -55,
      "frequency": 1
    },
    {
      "db": -54,
      "frequency": 2
    },
    {
      "db": -53,
      "frequency": 0
    },
    {
      "db": -52,
      "frequency": 1
    },
    {
      "db": -51,
      "frequency": 1
    },
    {
      "db": -50,
      "frequency": 1
    },
    {
      "db": -49,
      "frequency": 1
    },
    {
      "db": -48,
      "frequency": 2
    },
    {
      "db": -47,
      "frequency": 0
    },
    {
      "db": -46,
      "frequency": 1
    },
    {
      "db": -45,
      "frequency": 2
    },
    {
      "db": -44,
      "frequency": 2
    },
    {
      "db": -43,
      "frequency": 1
    },
    {
      "db": -42,
      "frequency": 9
    },
    {
      "db": -41,
      "frequency": 17
    },
    {
      "db": -40,
      "frequency": 13
    },
    {
      "db": -39,
      "frequency": 26
    },
    {
      "db": -38,
      "frequency": 24
    },
    {
      "db": -37,
      "frequency": 40
    },
    {
      "db": -36,
      "frequency": 48
    },
    {
      "db": -35,
      "frequency": 40
    },
    {
      "db": -34,
      "frequency": 29
    },
    {
      "db": -33,
      "frequency": 44
    },
    {
      "db": -32,
      "frequency": 65
    },
    {
      "db": -31,
      "frequency": 69
    },
    {
      "db": -30,
      "frequency": 73
    },
    {
      "db": -29,
      "frequency": 119
    },
    {
      "db": -28,
      "frequency": 214
    },
    {
      "db": -27,
      "frequency": 292
    },
    {
      "db": -26,
      "frequency": 413
    },
    {
      "db": -25,
      "frequency": 371
    },
    {
      "db": -24,
      "frequency": 351
    },
    {
      "db": -23,
      "frequency": 272
    },
    {
      "db": -22,
      "frequency": 302
    },
    {
      "db": -21,
      "frequency": 377
    },
    {
      "db": -20,
      "frequency": 341
    },
    {
      "db": -19,
      "frequency": 120
    },
    {
      "db": -18,
      "frequency": 24
    },
    {
      "db": -17,
      "frequency": 0
    },
    {
      "db": -16,
      "frequency": 0
    },
    {
      "db": -15,
      "frequency": 0
    },
    {
      "db": -14,
      "frequency": 0
    },
    {
      "db": -13,
      "frequency": 0
    },
    {
      "db": -12,
      "frequency": 0
    },
    {
      "db": -11,
      "frequency": 0
    },
    {
      "db": -10,
      "frequency": 0
    },
    {
      "db": -9,
      "frequency": 0
    },
    {
      "db": -8,
      "frequency": 0
    },
    {
      "db": -7,
      "frequency": 0
    },
    {
      "db": -6,
      "frequency": 0
    },
    {
      "db": -5,
      "frequency": 0
    },
    {
      "db": -4,
      "frequency": 0
    },
    {
      "db": -3,
      "frequency": 0
    },
    {
      "db": -2,
      "frequency": 0
    },
    {
      "db": -1,
      "frequency": 0
    },
    {
      "db": 0,
      "frequency": 0
    },
    {
      "db": 1,
      "frequency": 0
    },
    {
      "db": 2,
      "frequency": 0
    },
    {
      "db": 3,
      "frequency": 0
    },
    {
      "db": 4,
      "frequency": 0
    },
    {
      "db": 5,
      "frequency": 0
