{
  "acoustic_entropy": 212.91998291015625,
  "bands": [
    {
      "high_freq": 148.1999969482422,
      "loudness": -35.63511276245117,
      "loudness_range": 13.959102630615234,
      "mid_mean": -32.0756950378418,
      "mid_to_side_loudness": -32.06993865966797,
      "mid_to_side_loudness_range": 25.59440040588379,
      "side_mean": -63.14883041381836
    },
    {
      "high_freq": 392.3793640136719,
      "loudness": -34.15827941894531,
      "loudness_range": 11.32042121887207,
      "low_freq": 148.1999969482422,
      "mid_mean": -30.817289352416992,
      "mid_to_side_loudness": -12.550183296203613,
      "mid_to_side_loudness_range": 12.93727970123291,
      "side_mean": -43.37117385864258
    },
    {
      "high_freq": 794.6976318359375,
      "loudness": -36.081241607666016,
      "loudness_range": 15.361505508422852,
      "low_freq": 392.3793640136719,
      "mid_mean": -33.3102912902832,
      "mid_to_side_loudness": -7.828017234802246,
      "mid_to_side_loudness_range": 12.686087608337402,
      "side_mean": -41.12929916381836
    },
    {
      "high_freq": 1457.5709228515625,
      "loudness": -38.1197395324707,
      "loudness_range": 20.77101707458496,
      "low_freq": 794.6976318359375,
      "mid_mean": -35.82659149169922,
      "mid_to_side_loudness": -6.037733554840088,
      "mid_to_side_loudness_range": 14.08957576751709,
      "side_mean": -41.41903305053711
    },
    {
      "high_freq": 2549.74365234375,
      "loudness": -40.30690002441406,
      "loudness_range": 18.944761276245117,
      "low_freq": 1457.5709228515625,
      "mid_mean": -37.67078399658203,
      "mid_to_side_loudness": -6.804363250732422,
      "mid_to_side_loudness_range": 10.710538864135742,
      "side_mean": -43.994937896728516
    },
    {
      "high_freq": 4349.24462890625,
      "loudness": -42.45069885253906,
      "loudness_range": 19.200515747070312,
      "low_freq": 2549.74365234375,
      "mid_mean": -39.909976959228516,
      "mid_to_side_loudness": -6.212890625,
      "mid_to_side_loudness_range": 9.478254318237305,
      "side_mean": -45.929412841796875
    },
    {
      "high_freq": 7314.1640625,
      "loudness": -44.707763671875,
      "loudness_range": 19.39822769165039,
      "low_freq": 4349.24462890625,
      "mid_mean": -42.59449005126953,
      "mid_to_side_loudness": -5.382683277130127,
      "mid_to_side_loudness_range": 10.439642906188965,
      "side_mean": -47.91828536987305
    },
    {
      "high_freq": 12199.2666015625,
      "loudness": -45.60458755493164,
      "loudness_range": 16.16891098022461,
      "low_freq": 7314.1640625,
      "mid_mean": -43.441680908203125,
      "mid_to_side_loudness": -5.455642223358154,
      "mid_to_side_loudness_range": 7.021915435791016,
      "side_mean": -50.92766571044922
    },
    {
      "loudness": -53.62870407104492,
      "loudness_range": 15.681529998779297,
      "low_freq": 12199.2666015625,
      "mid_mean": -53.25447082519531,
      "mid_to_side_loudness": -4.514008522033691,
      "mid_to_side_loudness_range": 4.554553031921387,
      "side_mean": -57.1451530456543
    }
  ],
  "bands_short": [
    {
      "high_freq": 148.1999969482422,
      "loudness": -37.543243408203125,
      "loudness_range": 18.226221084594727,
      "mid_mean": -34.30731201171875,
      "mid_to_side_loudness": -33.40995407104492,
      "mid_to_side_loudness_range": 31.344337463378906,
      "side_mean": -65.82666778564453
    },
    {
      "high_freq": 392.3793640136719,
      "loudness": -34.358402252197266,
      "loudness_range": 13.774812698364258,
      "low_freq": 148.1999969482422,
      "mid_mean": -31.004030227661133,
      "mid_to_side_loudness": -13.617318153381348,
      "mid_to_side_loudness_range": 15.836528778076172,
      "side_mean": -44.64252471923828
    },
    {
      "high_freq": 794.6976318359375,
      "loudness": -36.45810317993164,
      "loudness_range": 17.325035095214844,
      "low_freq": 392.3793640136719,
      "mid_mean": -33.78910827636719,
      "mid_to_side_loudness": -7.748093128204346,
      "mid_to_side_loudness_range": 14.515935897827148,
      "side_mean": -41.57434844970703
    },
    {
      "high_freq": 1457.5709228515625,
      "loudness": -38.63332748413086,
      "loudness_range": 22.486234664916992,
      "low_freq": 794.6976318359375,
      "mid_mean": -36.56822967529297,
      "mid_to_side_loudness": -5.691705703735352,
      "mid_to_side_loudness_range": 15.828533172607422,
      "side_mean": -41.863380432128906
    },
    {
      "high_freq": 2549.74365234375,
      "loudness": -41.42012405395508,
      "loudness_range": 22.06745719909668,
      "low_freq": 1457.5709228515625,
      "mid_mean": -38.86541748046875,
      "mid_to_side_loudness": -6.919952392578125,
      "mid_to_side_loudness_range": 12.67174243927002,
      "side_mean": -45.55133819580078
    },
    {
      "high_freq": 4349.24462890625,
      "loudness": -43.55732727050781,
      "loudness_range": 22.757808685302734,
      "low_freq": 2549.74365234375,
      "mid_mean": -41.11103820800781,
      "mid_to_side_loudness": -6.352743625640869,
      "mid_to_side_loudness_range": 11.129493713378906,
      "side_mean": -47.392486572265625
    },
    {
      "high_freq": 7314.1640625,
      "loudness": -46.467857360839844,
      "loudness_range": 24.950275421142578,
      "low_freq": 4349.24462890625,
      "mid_mean": -44.56026840209961,
      "mid_to_side_loudness": -5.600707054138184,
      "mid_to_side_loudness_range": 12.560555458068848,
      "side_mean": -51.010215759277344
    },
    {
      "high_freq": 12199.2666015625,
      "loudness": -48.13444137573242,
      "loudness_range": 23.97577667236328,
      "low_freq": 7314.1640625,
      "mid_mean": -47.000911712646484,
      "mid_to_side_loudness": -5.839448928833008,
      "mid_to_side_loudness_range": 9.34443473815918,
      "side_mean": -54.21320724487305
    },
    {
      "loudness": -57.38999938964844,
      "loudness_range": 26.506473541259766,
      "low_freq": 12199.2666015625,
      "mid_mean": -56.952430725097656,
      "mid_to_side_loudness": -5.294544696807861,
      "mid_to_side_loudness_range": 8.56711483001709,
      "side_mean": -60.86684799194336
    }
  ],
  "bandwidth": 616.7632446289062,
  "channels": 2,
  "covariance": [
    [
      34.20206069946289,
      11.23233699798584,
      10.387215614318848,
      9.950374603271484,
      7.311131000518799,
      16.2137508392334,
      15.319892883300781,
      21.49515151977539,
      10.655430793762207,
      11.063729286193848,
      15.635022163391113,
      16.81643295288086,
      15.769051551818848,
      20.367826461791992,
      9.112339973449707,
      22.879234313964844,
      17.87656593322754,
      15.140557289123535
    ],
    [
      11.23233699798584,
      26.373682022094727,
      8.075088500976562,
      14.148484230041504,
      12.072662353515625,
      16.652347564697266,
      19.07532501220703,
      21.810745239257812,
      16.954418182373047,
      16.033506393432617,
      16.877273559570312,
      17.348569869995117,
      11.856888771057129,
      12.907218933105469,
      2.221289873123169,
      11.767107963562012,
      6.05689001083374,
      5.916230201721191
    ],
    [
      10.387215614318848,
      8.075088500976562,
      19.091564178466797,
      15.313943862915039,
      10.560552597045898,
      15.31664752960205,
      12.289073944091797,
      14.132813453674316,
      13.190704345703125,
      12.161659240722656,
      14.454089164733887,
      15.850503921508789,
      11.362835884094238,
      12.690149307250977,
      5.285256385803223,
      14.526378631591797,
      11.434006690979004,
      10.04398250579834
    ],
    [
      9.950374603271484,
      14.148484230041504,
      15.313943862915039,
      30.895645141601562,
      17.122241973876953,
      26.98260498046875,
      20.949581146240234,
      27.426258087158203,
      21.54547691345215,
      22.110532760620117,
      20.276317596435547,
      25.413631439208984,
      12.003713607788086,
      15.105378150939941,
      1.645042896270752,
      13.275145530700684,
      5.67114782333374,
      6.8145246505737305
    ],
    [
      7.311131000518799,
      12.072662353515625,
      10.560552597045898,
      17.122241973876953,
      33.2935791015625,
      28.100603103637695,
      29.530323028564453,
      26.3276424407959,
      28.961774826049805,
      22.20932960510254,
      27.6278133392334,
      24.25202178955078,
      19.60789680480957,
      16.9075927734375,
      7.517304420471191,
      16.479150772094727,
      11.460738182067871,
      9.9593505859375
    ],
    [
      16.2137508392334,
      16.652347564697266,
      15.31664752960205,
      26.98260498046875,
      28.100603103637695,
      44.612972259521484,
      34.45178985595703,
      44.22842788696289,
      30.645490646362305,
      31.00223159790039,
      29.923738479614258,
      35.181663513183594,
      21.790189743041992,
      26.88764190673828,
      6.659346103668213,
      26.831892013549805,
      17.26869010925293,
      16.4999942779541
    ],
    [
      15.319892883300781,
      19.07532501220703,
      12.289073944091797,
      20.949581146240234,
      29.530323028564453,
      34.45178985595703,
      55.616981506347656,
      50.375675201416016,
      38.60663986206055,
      32.065433502197266,
      38.600914001464844,
      35.60826873779297,
      26.74911880493164,
      27.18770980834961,
      7.2621307373046875,
      23.70191764831543,
      14.575671195983887,
      13.094148635864258
    ],
    [
      21.49515151977539,
      21.810745239257812,
      14.132813453674316,
      27.426258087158203,
      26.3276424407959,
      44.22842788696289,
      50.375675201416016,
      73.96690368652344,
      36.87887191772461,
      41.27586364746094,
      36.605018615722656,
      42.110107421875,
      24.559843063354492,
      34.37247848510742,
      5.934976100921631,
      27.151185989379883,
      13.211252212524414,
      14.49101448059082
    ],
    [
      10.655430793762207,
      16.954418182373047,
      13.190704345703125,
      21.54547691345215,
      28.961774826049805,
      30.645490646362305,
      38.60663986206055,
      36.87887191772461,
      46.88661575317383,
      35.43635559082031,
      41.591880798339844,
      36.99509811401367,
      30.97213363647461,
      28.150476455688477,
      11.981030464172363,
      25.993898391723633,
      17.644943237304688,
      15.099672317504883
    ],
    [
      11.063729286193848,
      16.033506393432617,
      12.161659240722656,
      22.110532760620117,
      22.20932960510254,
      31.00223159790039,
      32.065433502197266,
      41.27586364746094,
      35.43635559082031,
      43.338348388671875,
      32.92079162597656,
      38.21359634399414,
      25.76027488708496,
      31.806909561157227,
      10.696513175964355,
      25.171754837036133,
      14.584850311279297,
      15.147308349609375
    ],
    [
      15.635022163391113,
      16.877273559570312,
      14.454089164733887,
      20.276317596435547,
      27.6278133392334,
      29.923738479614258,
      38.600914001464844,
      36.605018615722656,
      41.591880798339844,
      32.92079162597656,
      49.516048431396484,
      43.547210693359375,
      38.98543167114258,
      36.88251876831055,
      18.45852279663086,
      35.36522674560547,
      24.912281036376953,
      21.170610427856445
    ],
    [
      16.81643295288086,
      17.348569869995117,
      15.850503921508789,
      25.413631439208984,
      24.25202178955078,
      35.181663513183594,
      35.60826873779297,
      42.110107421875,
      36.99509811401367,
      38.21359634399414,
      43.547210693359375,
      52.466007232666016,
      37.049964904785156,
      44.00896453857422,
      17.85494041442871,
      41.60859298706055,
      26.830629348754883,
      25.576152801513672
    ],
    [
      15.769051551818848,
      11.856888771057129,
      11.362835884094238,
      12.003713607788086,
      19.60789680480957,
      21.790189743041992,
      26.74911880493164,
      24.559843063354492,
      30.97213363647461,
      25.76027488708496,
      38.98543167114258,
      37.049964904785156,
      52.882015228271484,
      43.06829071044922,
      34.24532699584961,
      44.91972351074219,
      38.41481399536133,
      30.943666458129883
    ],
    [
      20.367826461791992,
      12.907218933105469,
      12.690149307250977,
      15.105378150939941,
      16.9075927734375,
      26.88764190673828,
      27.18770980834961,
      34.37247848510742,
      28.150476455688477,
      31.806909561157227,
      36.88251876831055,
      44.00896453857422,
      43.06829071044922,
      56.61370086669922,
      29.089094161987305,
      53.932411193847656,
      40.58186721801758,
      37.40739440917969
    ],
    [
      9.112339973449707,
      2.221289873123169,
      5.285256385803223,
      1.645042896270752,
      7.517304420471191,
      6.659346103668213,
      7.2621307373046875,
      5.934976100921631,
      11.981030464172363,
      10.696513175964355,
      18.45852279663086,
      17.85494041442871,
      34.24532699584961,
      29.089094161987305,
      43.73158264160156,
      35.49857711791992,
      35.944576263427734,
      29.27726173400879
    ],
    [
      22.879234313964844,
      11.767107963562012,
      14.526378631591797,
      13.275145530700684,
      16.479150772094727,
      26.831892013549805,
      23.70191764831543,
      27.151185989379883,
      25.993898391723633,
      25.171754837036133,
      35.36522674560547,
      41.60859298706055,
      44.91972351074219,
      53.932411193847656,
      35.49857711791992,
      73.8960189819336,
      63.003578186035156,
      55.10090255737305
    ],
    [
      17.87656593322754,
      6.05689001083374,
      11.434006690979004,
      5.67114782333374,
      11.460738182067871,
      17.26869010925293,
      14.575671195983887,
      13.211252212524414,
      17.644943237304688,
      14.584850311279297,
      24.912281036376953,
      26.830629348754883,
      38.41481399536133,
      40.58186721801758,
      35.944576263427734,
      63.003578186035156,
      63.141056060791016,
      52.08775329589844
    ],
    [
      15.140557289123535,
      5.916230201721191,
      10.04398250579834,
      6.8145246505737305,
      9.9593505859375,
      16.4999942779541,
      13.094148635864258,
      14.49101448059082,
      15.099672317504883,
      15.147308349609375,
      21.170610427856445,
      25.576152801513672,
      30.943666458129883,
      37.40739440917969,
      29.27726173400879,
      55.10090255737305,
      52.08775329589844,
      47.03474426269531
    ]
  ],
  "covariance_short": [
    [
      60.764305114746094,
      9.6149263381958,
      15.300853729248047,
      12.531051635742188,
      9.316329002380371,
      17.35443878173828,
      16.224010467529297,
      22.382524490356445,
      12.9491548538208,
      14.193913459777832,
      19.237380981445312,
      22.59992218017578,
      20.962373733520508,
      28.784839630126953,
      16.930437088012695,
      27.87356185913086,
      19.042476654052734,
      16.509288787841797
    ],
    [
      9.6149263381958,
      21.514223098754883,
      7.992860794067383,
      13.238710403442383,
      10.920973777770996,
      13.185622215270996,
      15.951239585876465,
      16.841360092163086,
      15.541732788085938,
      15.752656936645508,
      15.208406448364258,
      16.131608963012695,
      11.564352989196777,
      15.103185653686523,
      6.865887641906738,
      11.916193008422852,
      7.51527738571167,
      7.652222633361816
    ],
    [
      15.300853729248047,
      7.992860794067383,
      26.46795082092285,
      17.85198974609375,
      14.003708839416504,
      18.02309226989746,
      14.965400695800781,
      16.52273178100586,
      16.009801864624023,
      16.285419464111328,
      17.724672317504883,
      20.250822067260742,
      15.407140731811523,
      21.38182258605957,
      12.389240264892578,
      19.63027000427246,
      14.754894256591797,
      13.114950180053711
    ],
    [
      12.531051635742188,
      13.238710403442383,
      17.85198974609375,
      39.1848030090332,
      20.945926666259766,
      29.710039138793945,
      23.146203994750977,
      28.129905700683594,
      25.183582305908203,
      28.214344024658203,
      24.565160751342773,
      31.409664154052734,
      17.31206512451172,
      26.41901397705078,
      9.916019439697266,
      20.117582321166992,
      10.126591682434082,
      11.079717636108398
    ],
    [
      9.316329002380371,
      10.920973777770996,
      14.003708839416504,
      20.945926666259766,
      42.24456024169922,
      31.168987274169922,
      34.279300689697266,
      28.967823028564453,
      36.057437896728516,
      29.887596130371094,
      35.176212310791016,
      31.50562286376953,
      28.66460609436035,
      29.870145797729492,
      19.15433120727539,
      24.410249710083008,
      17.85665512084961,
      14.43132209777832
    ],
    [
      17.35443878173828,
      13.185622215270996,
      18.02309226989746,
      29.710039138793945,
      31.168987274169922,
      49.44828414916992,
      37.294349670410156,
      45.510311126708984,
      35.294734954833984,
      38.384368896484375,
      34.887882232666016,
      41.541297912597656,
      28.595182418823242,
      40.41084671020508,
      17.710670471191406,
      33.40359115600586,
      21.16620445251465,
      19.508663177490234
    ],
    [
      16.224010467529297,
      15.951239585876465,
      14.965400695800781,
      23.146203994750977,
      34.279300689697266,
      37.294349670410156,
      65.2767105102539,
      53.616390228271484,
      45.75590896606445,
      40.91288375854492,
      46.40364456176758,
      44.6494255065918,
      37.7752685546875,
      43.62139892578125,
      23.203046798706055,
      34.2254753112793,
      22.716419219970703,
      18.70891571044922
    ],
    [
      22.382524490356445,
      16.841360092163086,
      16.52273178100586,
      28.129905700683594,
      28.967823028564453,
      45.510311126708984,
      53.616390228271484,
      79.88032531738281,
      41.720699310302734,
      47.55006408691406,
      41.2736930847168,
      49.58827209472656,
      32.73461151123047,
      48.330806732177734,
      20.707786560058594,
      38.20267868041992,
      20.181196212768555,
      20.144506454467773
    ],
    [
      12.9491548538208,
      15.541732788085938,
      16.009801864624023,
      25.183582305908203,
      36.057437896728516,
      35.294734954833984,
      45.75590896606445,
      41.720699310302734,
      60.86897659301758,
      48.01304244995117,
      52.59889602661133,
      48.27167510986328,
      44.76628112792969,
      48.264312744140625,
      30.767314910888672,
      39.09067916870117,
      27.7518253326416,
      22.659513473510742
    ],
    [
      14.193913459777832,
      15.752656936645508,
      16.285419464111328,
      28.214344024658203,
      29.887596130371094,
      38.384368896484375,
      40.91288375854492,
      47.55006408691406,
      48.01304244995117,
      61.00278091430664,
      44.38459014892578,
      52.71668243408203,
      40.084259033203125,
      52.62227249145508,
      30.350074768066406,
      44.091461181640625,
      29.260517120361328,
      27.73766326904297
    ],
    [
      19.237380981445312,
      15.208406448364258,
      17.724672317504883,
      24.565160751342773,
      35.176212310791016,
      34.887882232666016,
      46.40364456176758,
      41.2736930847168,
      52.59889602661133,
      44.38459014892578,
      67.47146606445312,
      57.93880844116211,
      59.20943832397461,
      61.70843505859375,
      44.98328399658203,
      53.36199951171875,
      39.16822814941406,
      31.493507385253906
    ],
    [
      22.59992218017578,
      16.131608963012695,
      20.250822067260742,
      31.409664154052734,
      31.50562286376953,
      41.541297912597656,
      44.6494255065918,
      49.58827209472656,
      48.27167510986328,
      52.71668243408203,
      57.93880844116211,
      70.51998138427734,
      54.65131759643555,
      71.84986877441406,
      43.08186721801758,
      62.53971862792969,
      40.906036376953125,
      38.263954162597656
    ],
    [
      20.962373733520508,
      11.564352989196777,
      15.407140731811523,
      17.31206512451172,
      28.66460609436035,
      28.595182418823242,
      37.7752685546875,
      32.73461151123047,
      44.76628112792969,
      40.084259033203125,
      59.20943832397461,
      54.65131759643555,
      81.93843841552734,
      71.9260482788086,
      71.38411712646484,
      71.44841766357422,
      61.82347106933594,
      47.72705078125
    ],
    [
      28.784839630126953,
      15.103185653686523,
      21.38182258605957,
      26.41901397705078,
      29.870145797729492,
      40.41084671020508,
      43.62139892578125,
      48.330806732177734,
      48.264312744140625,
      52.62227249145508,
      61.70843505859375,
      71.84986877441406,
      71.9260482788086,
      98.80714416503906,
      66.19441223144531,
      93.92501068115234,
      69.94276428222656,
      61.989601135253906
    ],
    [
      16.930437088012695,
      6.865887641906738,
      12.389240264892578,
      9.916019439697266,
      19.15433120727539,
      17.710670471191406,
      23.203046798706055,
      20.707786560058594,
      30.767314910888672,
      30.350074768066406,
      44.98328399658203,
      43.08186721801758,
      71.38411712646484,
      66.19441223144531,
      92.6661605834961,
      77.93186950683594,
      75.24250793457031,
      59.413307189941406
    ],
    [
      27.87356185913086,
      11.916193008422852,
      19.63027000427246,
      20.117582321166992,
      24.410249710083008,
      33.40359115600586,
      34.2254753112793,
      38.20267868041992,
      39.09067916870117,
      44.091461181640625,
      53.36199951171875,
      62.53971862792969,
      71.44841766357422,
      93.92501068115234,
      77.93186950683594,
      101.1027603149414,
      81.63259887695312,
      72.96720886230469
    ],
    [
      19.042476654052734,
      7.51527738571167,
      14.754894256591797,
      10.126591682434082,
      17.85665512084961,
      21.16620445251465,
      22.716419219970703,
      20.181196212768555,
      27.7518253326416,
      29.260517120361328,
      39.16822814941406,
      40.906036376953125,
      61.82347106933594,
      69.94276428222656,
      75.24250793457031,
      81.63259887695312,
      84.4848861694336,
      68.42420959472656
    ],
    [
      16.509288787841797,
      7.652222633361816,
      13.114950180053711,
      11.079717636108398,
      14.43132209777832,
      19.508663177490234,
      18.70891571044922,
      20.144506454467773,
      22.659513473510742,
      27.73766326904297,
      31.493507385253906,
      38.263954162597656,
      47.72705078125,
      61.989601135253906,
      59.413307189941406,
      72.96720886230469,
      68.42420959472656,
      64.23741912841797
    ]
  ],
  "damage": -19.358062744140625,
  "diff_bandwidth": 650.31396484375,
  "dissonance": 7.954947627119391,
  "drr": 13.35173225402832,
  "dynamics": 3.8169891834259033,
  "format": 1245190,
  "frames": 16633344,
  "freq_pan_to_db": [
    [
      -43.44614028930664,
      -42.83589172363281,
      -40.225128173828125,
      -36.70473098754883,
      -28.4639892578125,
      -24.362817764282227,
      -29.16183853149414,
      -35.452354431152344,
      -36.649051666259766,
      -40.0779914855957,
      -46.71644973754883
    ],
    [
      -41.22237777709961,
      -42.24173355102539,
      -36.328468322753906,
      -32.613346099853516,
      -26.883392333984375,
      -24.18726348876953,
      -26.861881256103516,
      -30.723142623901367,
      -35.50725173950195,
      -38.626380920410156,
      -46.45351791381836
    ],
    [
      -41.86856460571289,
      -41.14034652709961,
      -37.549678802490234,
      -35.1050910949707,
      -28.37807846069336,
      -25.0921573638916,
      -27.791776657104492,
      -32.102294921875,
      -34.57544708251953,
      -39.7673454284668,
      -41.80870056152344
    ],
    [
      -43.566341400146484,
      -40.06757736206055,
      -37.64598846435547,
      -32.54621124267578,
      -29.09225845336914,
      -27.40367889404297,
      -30.0463924407959,
      -33.200862884521484,
      -36.14081954956055,
      -37.77815628051758,
      -39.12238693237305
    ],
    [
      -37.26774215698242,
      -34.822120666503906,
      -32.633033752441406,
      -30.3668270111084,
      -28.18857765197754,
      -26.902847290039062,
      -27.551498413085938,
      -29.79256820678711,
      -31.678884506225586,
      -33.79854202270508,
      -35.398963928222656
    ],
    [
      -33.5919189453125,
      -32.288143157958984,
      -30.801342010498047,
      -29.461076736450195,
      -27.90580940246582,
      -26.308290481567383,
      -27.148969650268555,
      -29.100757598876953,
      -30.449190139770508,
      -32.55135726928711,
      -32.91725540161133
    ],
    [
      -32.799068450927734,
      -31.98735237121582,
      -30.18903923034668,
      -29.125850677490234,
      -27.60573959350586,
      -25.258535385131836,
      -26.813631057739258,
      -29.16502571105957,
      -31.172760009765625,
      -32.484291076660156,
      -31.89021110534668
    ],
    [
      -32.08869552612305,
      -31.578916549682617,
      -30.34910774230957,
      -28.769412994384766,
      -26.135608673095703,
      -25.26725196838379,
      -27.25274658203125,
      -29.27889633178711,
      -30.062768936157227,
      -30.88220977783203,
      -31.507476806640625
    ],
    [
      -33.301727294921875,
      -32.18644714355469,
      -30.864845275878906,
      -29.326520919799805,
      -28.139137268066406,
      -28.369041442871094,
      -30.364336013793945,
      -32.303897857666016,
      -33.271549224853516,
      -33.885284423828125,
      -34.672523498535156
    ],
    [
      -31.27628517150879,
      -31.299619674682617,
      -30.104001998901367,
      -28.298097610473633,
      -26.12120246887207,
      -26.312299728393555,
      -28.933902740478516,
      -30.507633209228516,
      -30.576011657714844,
      -30.594951629638672,
      -31.523962020874023
    ],
    [
      -29.397409439086914,
      -30.34909439086914,
      -30.344219207763672,
      -28.84022331237793,
      -27.270662307739258,
      -26.273548126220703,
      -26.864234924316406,
      -28.943296432495117,
      -30.449243545532227,
      -30.16884994506836,
      -30.539188385009766
    ],
    [
      -29.789764404296875,
      -30.576242446899414,
      -29.960124969482422,
      -30.437538146972656,
      -29.981609344482422,
      -28.692272186279297,
      -29.686243057250977,
      -30.557716369628906,
      -31.153900146484375,
      -32.95039367675781,
      -33.00942611694336
    ],
    [
      -31.569684982299805,
      -31.984066009521484,
      -32.34663009643555,
      -31.423044204711914,
      -31.575838088989258,
      -30.81156349182129,
      -31.589092254638672,
      -31.811416625976562,
      -32.05030822753906,
      -32.52034378051758,
      -33.65864562988281
    ],
    [
      -31.8742733001709,
      -32.610557556152344,
      -32.121341705322266,
      -32.24404525756836,
      -31.409469604492188,
      -28.996915817260742,
      -29.48700523376465,
      -30.37212562561035,
      -30.879474639892578,
      -32.05472946166992,
      -32.37849426269531
    ],
    [
      -32.745887756347656,
      -32.19328689575195,
      -31.806652069091797,
      -30.434391021728516,
      -29.9300594329834,
      -28.51011848449707,
      -29.438140869140625,
      -29.237640380859375,
      -29.128408432006836,
      -29.736770629882812,
      -28.404525756835938
    ],
    [
      -33.75796890258789,
      -32.797698974609375,
      -31.793472290039062,
      -31.49637794494629,
      -32.661598205566406,
      -30.474361419677734,
      -30.642990112304688,
      -30.582416534423828,
      -30.188262939453125,
      -30.54892349243164,
      -28.451745986938477
    ],
    [
      -38.200687408447266,
      -33.68328094482422,
      -32.41282653808594,
      -32.24906539916992,
      -35.766788482666016,
      -32.985713958740234,
      -32.14767837524414,
      -32.29325485229492,
      -33.465049743652344,
      -32.11045837402344,
      -30.698509216308594
    ],
    [
      -33.565006256103516,
      -31.1107120513916,
      -29.049142837524414,
      -28.5283260345459,
      -32.3387451171875,
      -31.632091522216797,
      -29.216123580932617,
      -29.019039154052734,
      -31.781734466552734,
      -29.04464340209961,
      -26.92453956604004
    ],
    [
      -38.99924087524414,
      -36.359031677246094,
      -34.17565155029297,
      -34.80860900878906,
      -35.61276626586914,
      -32.37397384643555,
      -34.49439239501953,
      -35.01932907104492,
      -33.21665954589844,
      -33.120689392089844,
      -30.002777099609375
    ],
    [
      -35.50318145751953,
      -38.487545013427734,
      -37.37710189819336,
      -38.066986083984375,
      -37.78237533569336,
      -35.745277404785156,
      -37.15079879760742,
      -37.531288146972656,
      -37.06084442138672,
      -34.007205963134766,
      -31.85041618347168
    ],
    [
      -39.469181060791016,
      -39.79313278198242,
      -38.542808532714844,
      -38.29400634765625,
      -36.85415267944336,
      -35.44801330566406,
      -39.43349075317383,
      -37.445343017578125,
      -38.528724670410156,
      -35.70263671875,
      -32.00985336303711
    ],
    [
      -39.692298889160156,
      -40.44683837890625,
      -39.387725830078125,
      -38.94987106323242,
      -39.371726989746094,
      -37.99271774291992,
      -40.62602996826172,
      -39.860260009765625,
      -40.09979248046875,
      -40.18270492553711,
      -38.17466354370117
    ],
    [
      -40.92409133911133,
      -40.59926986694336,
      -40.718528747558594,
      -40.47750473022461,
      -40.22792053222656,
      -39.02207565307617,
      -41.72985076904297,
      -41.885108947753906,
      -41.484466552734375,
      -40.791236877441406,
      -42.54867172241211
    ],
    [
      -39.71291732788086,
      -41.11232376098633,
      -40.989013671875,
      -40.58154296875,
      -40.44883346557617,
      -38.78907012939453,
      -41.30045700073242,
      -41.95460891723633,
      -41.507930755615234,
      -41.058258056640625,
      -43.636775970458984
    ],
    [
      -41.17157745361328,
      -42.75501251220703,
      -42.17236328125,
      -42.01152801513672,
      -41.48313903808594,
      -41.24894332885742,
      -42.347076416015625,
      -42.19712829589844,
      -42.736507415771484,
      -44.10685348510742,
      -48.25116729736328
    ],
    [
      -48.387699127197266,
      -44.090370178222656,
      -42.53010940551758,
      -41.87091064453125,
      -41.07162857055664,
      -39.661964416503906,
      -41.49095153808594,
      -42.3665771484375,
      -43.2389030456543,
      -43.786834716796875,
      -47.70717239379883
    ],
    [
      -46.042762756347656,
      -42.963165283203125,
      -42.03286361694336,
      -41.89350128173828,
      -41.33043670654297,
      -39.078060150146484,
      -42.674617767333984,
      -42.86528015136719,
      -42.11618423461914,
      -42.118648529052734,
      -41.49980926513672
    ],
    [
      -49.299442291259766,
      -45.80844497680664,
      -43.886192321777344,
      -43.675811767578125,
      -43.88223648071289,
      -41.924861907958984,
      -45.250091552734375,
      -43.28936767578125,
      -43.173526763916016,
      -43.479122161865234,
      -48.02111053466797
    ],
    [
      -49.76484680175781,
      -45.885990142822266,
      -44.45611572265625,
      -44.35500717163086,
      -44.104469299316406,
      -43.18364715576172,
      -45.520755767822266,
      -44.07150650024414,
      -44.35704803466797,
      -46.40723419189453,
      -52.59421157836914
    ],
    [
      -43.212886810302734,
      -44.93621826171875,
      -44.63792037963867,
      -44.576194763183594,
      -43.95048141479492,
      -43.048431396484375,
      -45.08809280395508,
      -44.533485412597656,
      -44.413917541503906,
      -45.204002380371094,
      -55.718101501464844
    ],
    [
      -50.53498077392578,
      -46.77962875366211,
      -46.26789093017578,
      -45.693077087402344,
      -44.720340728759766,
      -42.456451416015625,
      -45.94641876220703,
      -45.663143157958984,
      -44.92683792114258,
      -45.50248336791992,
      -47.796852111816406
    ],
    [
      -54.071861267089844,
      -45.921993255615234,
      -46.421424865722656,
      -45.56843185424805,
      -45.45713806152344,
      -44.16252517700195,
      -46.61032485961914,
      -46.588436126708984,
      -46.83242416381836,
      -44.532615661621094,
      -136.6520538330078
    ],
    [
      -141.6750946044922,
      -48.352352142333984,
      -48.02915954589844,
      -46.088932037353516,
      -46.61224365234375,
      -45.537086486816406,
      -46.993797302246094,
      -46.84453582763672,
      -46.013877868652344,
      -47.022300720214844,
      -58.88481903076172
    ],
    [
      -50.74663162231445,
      -46.28730392456055,
      -34.27337646484375,
      -39.465049743652344,
      -47.62446212768555,
      -46.133270263671875,
      -46.21333694458008,
      -44.79698944091797,
      -44.06646728515625,
      -45.256839752197266,
      -62.69580078125
    ],
    [
      -137.82574462890625,
      -52.586936950683594,
      -41.2394905090332,
      -41.35654830932617,
      -47.46090316772461,
      -45.4238166809082,
      -45.46063995361328,
      -43.595497131347656,
      -42.09516143798828,
      -40.64698791503906,
      -134.79086303710938
    ],
    [
      -57.44068145751953,
      -51.92398452758789,
      -48.53245162963867,
      -45.967559814453125,
      -50.52545928955078,
      -48.30022430419922,
      -47.066505432128906,
      -44.23885726928711,
      -43.811920166015625,
      -45.68376922607422,
      -134.92845153808594
    ],
    [
      -54.95526885986328,
      -49.283973693847656,
      -49.31190872192383,
      -48.157257080078125,
      -52.055694580078125,
      -50.34846115112305,
      -47.933780670166016,
      -46.473899841308594,
      -45.449886322021484,
      -43.807289123535156,
      -135.29501342773438
    ],
    [
      -50.307735443115234,
      -48.47182846069336,
      -49.900535583496094,
      -49.665802001953125,
      -53.25654220581055,
      -51.67287826538086,
      -49.95429992675781,
      -49.03133773803711,
      -47.824920654296875,
      -47.0848388671875,
      -73.06999969482422
    ],
    [
      -49.0312385559082,
      -48.92453384399414,
      -52.141300201416016,
      -52.705814361572266,
      -54.97294998168945,
      -53.799659729003906,
      -50.73530197143555,
      -49.31687545776367,
      -48.45260238647461,
      -50.277103424072266,
      -76.7584228515625
    ],
    [
      -56.27724075317383,
      -53.858375549316406,
      -55.207881927490234,
      -55.66686248779297,
      -58.11794662475586,
      -58.41264724731445,
      -53.298492431640625,
      -49.44869613647461,
      -47.9757080078125,
      -48.86210250854492,
      -55.68040084838867
    ],
    [
      -67.3873519897461,
      -66.47636413574219,
      -67.56977081298828,
      -64.49478149414062,
      -65.31398010253906,
      -65.84640502929688,
      -61.4644889831543,
      -54.05156326293945,
      -49.49322509765625,
      -48.746212005615234,
      -58.5993766784668
    ],
    [
      -70.04290008544922,
      -69.22694396972656,
      -72.62948608398438,
      -71.69799041748047,
      -71.82254791259766,
      -70.93463897705078,
      -63.99376678466797,
      -57.59238815307617,
      -55.014705657958984,
      -55.26905822753906,
      -65.74082946777344
    ]
  ],
  "histogram": [
    {
      "db": -70,
      "frequency": 1
    },
    {
      "db": -69,
      "frequency": 0
    },
    {
      "db": -68,
      "frequency": 0
    },
    {
      "db": -67,
      "frequency": 1
    },
    {
      "db": -66,
      "frequency": 0
    },
    {
      "db": -65,
      "frequency": 0
    },
    {
      "db": -64,
      "frequency": 0
    },
    {
      "db": -63,
      "frequency": 1
    },
    {
      "db": -62,
      "frequency": 1
    },
    {
      "db": -61,
      "frequency": 0
    },
    {
      "db": -60,
      "frequency": 1
    },
    {
      "db": -59,
      "frequency": 0
    },
    {
      "db": -58,
      "frequency": 1
    },
    {
      "db": -57,
      "frequency": 1
    },
    {
      "db": -56,
      "frequency": 0
    },
    {
      "db": -55,
      "frequency": 1
    },
    {
      "db": -54,
      "frequency": 1
    },
    {
      "db": -53,
      "frequency": 1
    },
    {
      "db": -52,
      "frequency": 1
    },
    {
      "db": -51,
      "frequency": 1
    },
    {
      "db": -50,
      "frequency": 2
    },
    {
      "db": -49,
      "frequency": 1
    },
    {
      "db": -48,
      "frequency": 0
    },
    {
      "db": -47,
      "frequency": 1
    },
    {
      "db": -46,
      "frequency": 2
    },
    {
      "db": -45,
      "frequency": 1
    },
    {
      "db": -44,
      "frequency": 1
    },
    {
      "db": -43,
      "frequency": 3
    },
    {
      "db": -42,
      "frequency": 2
    },
    {
      "db": -41,
      "frequency": 1
    },
    {
      "db": -40,
      "frequency": 9
    },
    {
      "db": -39,
      "frequency": 19
    },
    {
      "db": -38,
      "frequency": 19
    },
    {
      "db": -37,
      "frequency": 32
    },
    {
      "db": -36,
      "frequency": 39
    },
    {
      "db": -35,
      "frequency": 62
    },
    {
      "db": -34,
      "frequency": 40
    },
    {
      "db": -33,
      "frequency": 33
    },
    {
      "db": -32,
      "frequency": 51
    },
    {
      "db": -31,
      "frequency": 76
    },
    {
      "db": -30,
      "frequency": 67
    },
    {
      "db": -29,
      "frequency": 108
    },
    {
      "db": -28,
      "frequency": 191
    },
    {
      "db": -27,
      "frequency": 302
    },
    {
      "db": -26,
      "frequency": 433
    },
    {
      "db": -25,
      "frequency": 434
    },
    {
      "db": -24,
      "frequency": 380
    },
    {
      "db": -23,
      "frequency": 269
    },
    {
      "db": -22,
      "frequency": 316
    },
    {
      "db": -21,
      "frequency": 348
    },
    {
      "db": -20,
      "frequency": 299
    },
    {
      "db": -19,
      "frequency": 120
    },
    {
      "db": -18,
      "frequency": 45
    },
    {
      "db": -17,
      "frequency": 1
    },
    {
      "db": -16,
      "frequency": 0
    },
    {
      "db": -15,
      "frequency": 0
    },
    {
      "db": -14,
      "frequency": 0
    },
    {
      "db": -13,
      "frequency": 0
    },
    {
      "db": -12,
      "frequency": 0
    },
    {
      "db": -11,
      "frequency": 0
    },
    {
      "db": -10,
      "frequency": 0
    },
    {
      "db": -9,
      "frequency": 0
    },
    {
      "db": -8,
      "frequency": 0
    },
    {
      "db": -7,
      "frequency": 0
    },
    {
      "db": -6,
      "frequency": 0
    },
    {
      "db": -5,
      "frequency": 0
    },
    {
      "db": -4,
      "frequency": 0
    },
    {
      "db": -3,
      "frequency": 0
    },
    {
      "db": -2,
      "frequency": 0
    },
    {
      "db": -1,
      "frequency": 0
    },
    {
      "db": 0,
      "frequency": 0
    },
    {
      "db": 1,
      "frequency": 0
    },
    {
      "db": 2,
      "frequency": 0
    },
    {
      "db": 3,
      "frequency": 0
    },
    {
