{
  "acoustic_entropy": 201.59971618652344,
  "bands": [
    {
      "high_freq": 148.1999969482422,
      "loudness": -36.22142791748047,
      "loudness_range": 15.015127182006836,
      "mid_mean": -32.60325622558594,
      "mid_to_side_loudness": -32.42436599731445,
      "mid_to_side_loudness_range": 26.875364303588867,
      "side_mean": -63.72633743286133
    },
    {
      "high_freq": 392.3793640136719,
      "loudness": -34.55326843261719,
      "loudness_range": 12.886686325073242,
      "low_freq": 148.1999969482422,
      "mid_mean": -31.224002838134766,
      "mid_to_side_loudness": -13.041166305541992,
      "mid_to_side_loudness_range": 15.718717575073242,
      "side_mean": -44.22621154785156
    },
    {
      "high_freq": 794.6976318359375,
      "loudness": -35.64344024658203,
      "loudness_range": 16.6065616607666,
      "low_freq": 392.3793640136719,
      "mid_mean": -32.77003860473633,
      "mid_to_side_loudness": -8.972517013549805,
      "mid_to_side_loudness_range": 15.07559871673584,
      "side_mean": -41.448081970214844
    },
    {
      "high_freq": 1457.5709228515625,
      "loudness": -37.280086517333984,
      "loudness_range": 22.3973445892334,
      "low_freq": 794.6976318359375,
      "mid_mean": -35.12220764160156,
      "mid_to_side_loudness": -6.062397003173828,
      "mid_to_side_loudness_range": 16.388835906982422,
      "side_mean": -40.58811569213867
    },
    {
      "high_freq": 2549.74365234375,
      "loudness": -42.70899200439453,
      "loudness_range": 20.834747314453125,
      "low_freq": 1457.5709228515625,
      "mid_mean": -40.255802154541016,
      "mid_to_side_loudness": -6.7034149169921875,
      "mid_to_side_loudness_range": 12.369215965270996,
      "side_mean": -46.23831558227539
    },
    {
      "high_freq": 4349.24462890625,
      "loudness": -44.22297668457031,
      "loudness_range": 20.23155975341797,
      "low_freq": 2549.74365234375,
      "mid_mean": -41.65282440185547,
      "mid_to_side_loudness": -6.751865386962891,
      "mid_to_side_loudness_range": 11.037778854370117,
      "side_mean": -48.230812072753906
    },
    {
      "high_freq": 7314.1640625,
      "loudness": -45.07899475097656,
      "loudness_range": 19.88182830810547,
      "low_freq": 4349.24462890625,
      "mid_mean": -42.92364501953125,
      "mid_to_side_loudness": -6.068288326263428,
      "mid_to_side_loudness_range": 10.53580379486084,
      "side_mean": -49.5216064453125
    },
    {
      "high_freq": 12199.2666015625,
      "loudness": -47.86634063720703,
      "loudness_range": 16.604320526123047,
      "low_freq": 7314.1640625,
      "mid_mean": -46.025943756103516,
      "mid_to_side_loudness": -4.660867214202881,
      "mid_to_side_loudness_range": 7.026679992675781,
      "side_mean": -52.479434967041016
    },
    {
      "loudness": -53.7569465637207,
      "loudness_range": 16.936504364013672,
      "low_freq": 12199.2666015625,
      "mid_mean": -53.7840461730957,
      "mid_to_side_loudness": -3.587678909301758,
      "mid_to_side_loudness_range": 4.5667724609375,
      "side_mean": -56.85694122314453
    }
  ],
  "bands_short": [
    {
      "high_freq": 148.1999969482422,
      "loudness": -37.97694778442383,
      "loudness_range": 17.99128532409668,
      "mid_mean": -34.813175201416016,
      "mid_to_side_loudness": -33.68559646606445,
      "mid_to_side_loudness_range": 32.860145568847656,
      "side_mean": -66.19337463378906
    },
    {
      "high_freq": 392.3793640136719,
      "loudness": -34.8297004699707,
      "loudness_range": 15.170289993286133,
      "low_freq": 148.1999969482422,
      "mid_mean": -31.512887954711914,
      "mid_to_side_loudness": -14.012123107910156,
      "mid_to_side_loudness_range": 18.04829216003418,
      "side_mean": -45.521263122558594
    },
    {
      "high_freq": 794.6976318359375,
      "loudness": -36.11249542236328,
      "loudness_range": 18.543176651000977,
      "low_freq": 392.3793640136719,
      "mid_mean": -33.319091796875,
      "mid_to_side_loudness": -8.831503868103027,
      "mid_to_side_loudness_range": 15.994173049926758,
      "side_mean": -42.03215026855469
    },
    {
      "high_freq": 1457.5709228515625,
      "loudness": -37.768211364746094,
      "loudness_range": 23.87689971923828,
      "low_freq": 794.6976318359375,
      "mid_mean": -35.874412536621094,
      "mid_to_side_loudness": -5.691147327423096,
      "mid_to_side_loudness_range": 17.53291893005371,
      "side_mean": -41.03644943237305
    },
    {
      "high_freq": 2549.74365234375,
      "loudness": -43.87282180786133,
      "loudness_range": 23.866792678833008,
      "low_freq": 1457.5709228515625,
      "mid_mean": -41.47667694091797,
      "mid_to_side_loudness": -6.761712551116943,
      "mid_to_side_loudness_range": 13.848418235778809,
      "side_mean": -47.973140716552734
    },
    {
      "high_freq": 4349.24462890625,
      "loudness": -45.37944030761719,
      "loudness_range": 23.775802612304688,
      "low_freq": 2549.74365234375,
      "mid_mean": -42.915775299072266,
      "mid_to_side_loudness": -6.874704837799072,
      "mid_to_side_loudness_range": 12.266011238098145,
      "side_mean": -50.19873809814453
    },
    {
      "high_freq": 7314.1640625,
      "loudness": -46.8843879699707,
      "loudness_range": 25.529132843017578,
      "low_freq": 4349.24462890625,
      "mid_mean": -44.97819519042969,
      "mid_to_side_loudness": -6.281933307647705,
      "mid_to_side_loudness_range": 12.697553634643555,
      "side_mean": -52.084716796875
    },
    {
      "high_freq": 12199.2666015625,
      "loudness": -50.28173065185547,
      "loudness_range": 23.966552734375,
      "low_freq": 7314.1640625,
      "mid_mean": -51.209808349609375,
      "mid_to_side_loudness": -5.055037498474121,
      "mid_to_side_loudness_range": 9.436467170715332,
      "side_mean": -55.65733337402344
    },
    {
      "loudness": -57.69180679321289,
      "loudness_range": 27.185440063476562,
      "low_freq": 12199.2666015625,
      "mid_mean": -57.53377914428711,
      "mid_to_side_loudness": -4.39019250869751,
      "mid_to_side_loudness_range": 8.642655372619629,
      "side_mean": -60.756954193115234
    }
  ],
  "bandwidth": 628.0355224609375,
  "channels": 2,
  "covariance": [
    [
      35.517940521240234,
      10.849895477294922,
      12.96622085571289,
      13.033819198608398,
      9.519315719604492,
      19.179616928100586,
      15.977028846740723,
      24.505401611328125,
      12.433880805969238,
      13.749602317810059,
      16.301382064819336,
      18.139179229736328,
      16.463502883911133,
      21.898372650146484,
      10.552022933959961,
      20.74610710144043,
      16.476585388183594,
      14.705916404724121
    ],
    [
      10.849895477294922,
      26.21103858947754,
      9.797518730163574,
      18.87293243408203,
      13.818624496459961,
      19.01329231262207,
      20.319835662841797,
      23.850948333740234,
      18.950937271118164,
      17.79707145690918,
      17.6982421875,
      18.841976165771484,
      11.419549942016602,
      14.489410400390625,
      1.4341936111450195,
      9.622488975524902,
      3.8209872245788574,
      4.25479793548584
    ],
    [
      12.96622085571289,
      9.797518730163574,
      23.825618743896484,
      19.91019058227539,
      14.765632629394531,
      19.011598587036133,
      15.860568046569824,
      18.425453186035156,
      17.800874710083008,
      14.968894004821777,
      18.794864654541016,
      20.590164184570312,
      13.968188285827637,
      19.65999412536621,
      6.855186462402344,
      17.353647232055664,
      14.289789199829102,
      12.926496505737305
    ],
    [
      13.033819198608398,
      18.87293243408203,
      19.91019058227539,
      43.77462387084961,
      23.19705581665039,
      36.00477600097656,
      26.544607162475586,
      35.92140197753906,
      28.369272232055664,
      27.915199279785156,
      25.5097713470459,
      32.96192932128906,
      14.48228931427002,
      23.149309158325195,
      1.604520320892334,
      14.897367477416992,
      5.998673439025879,
      7.661048412322998
    ],
    [
      9.519315719604492,
      13.818624496459961,
      14.765632629394531,
      23.19705581665039,
      38.148765563964844,
      31.669008255004883,
      34.723052978515625,
      30.189462661743164,
      35.34035110473633,
      25.56414031982422,
      32.16884994506836,
      28.2882137298584,
      22.31842803955078,
      24.122690200805664,
      8.815805435180664,
      18.26087188720703,
      13.239579200744629,
      11.83657169342041
    ],
    [
      19.179616928100586,
      19.01329231262207,
      19.011598587036133,
      36.00477600097656,
      31.669008255004883,
      54.513755798339844,
      39.121402740478516,
      53.70724868774414,
      35.25830841064453,
      36.40176010131836,
      32.13560104370117,
      39.121986389160156,
      21.331497192382812,
      33.31338882446289,
      6.500169277191162,
      24.19548797607422,
      14.227575302124023,
      15.14402961730957
    ],
    [
      15.977028846740723,
      20.319835662841797,
      15.860568046569824,
      26.544607162475586,
      34.723052978515625,
      39.121402740478516,
      63.3635368347168,
      56.43049240112305,
      46.391178131103516,
      37.304107666015625,
      43.23023223876953,
      39.68273162841797,
      30.13008689880371,
      34.938255310058594,
      9.226309776306152,
      23.80532455444336,
      14.958290100097656,
      13.830430030822754
    ],
    [
      24.505401611328125,
      23.850948333740234,
      18.425453186035156,
      35.92140197753906,
      30.189462661743164,
      53.70724868774414,
      56.43049240112305,
      87.25438690185547,
      42.75031280517578,
      48.82313919067383,
      39.79046630859375,
      46.29151916503906,
      25.596038818359375,
      38.80670928955078,
      6.675500869750977,
      25.232444763183594,
      11.15825080871582,
      13.066421508789062
    ],
    [
      12.433880805969238,
      18.950937271118164,
      17.800874710083008,
      28.369272232055664,
      35.34035110473633,
      35.25830841064453,
      46.391178131103516,
      42.75031280517578,
      57.86922073364258,
      41.952457427978516,
      48.5090217590332,
      42.850101470947266,
      35.815834045410156,
      38.11188888549805,
      14.624129295349121,
      27.050851821899414,
      18.989627838134766,
      16.551729202270508
    ],
    [
      13.749602317810059,
      17.79707145690918,
      14.968894004821777,
      27.915199279785156,
      25.56414031982422,
      36.40176010131836,
      37.304107666015625,
      48.82313919067383,
      41.952457427978516,
      51.09387969970703,
      36.5649299621582,
      42.41188430786133,
      27.070880889892578,
      35.251827239990234,
      11.81849193572998,
      23.252153396606445,
      12.2654447555542,
      13.932525634765625
    ],
    [
      16.301382064819336,
      17.6982421875,
      18.794864654541016,
      25.5097713470459,
      32.16884994506836,
      32.13560104370117,
      43.23023223876953,
      39.79046630859375,
      48.5090217590332,
      36.5649299621582,
      55.37432098388672,
      48.354183197021484,
      42.83906173706055,
      46.86147689819336,
      21.34360122680664,
      36.23590087890625,
      26.495079040527344,
      23.08590316772461
    ],
    [
      18.139179229736328,
      18.841976165771484,
      20.590164184570312,
      32.96192932128906,
      28.2882137298584,
      39.121986389160156,
      39.68273162841797,
      46.29151916503906,
      42.850101470947266,
      42.41188430786133,
      48.354183197021484,
      59.69935607910156,
      39.30799865722656,
      56.04146194458008,
      19.826749801635742,
      43.534828186035156,
      29.01022720336914,
      28.485671997070312
    ],
    [
      16.463502883911133,
      11.419549942016602,
      13.968188285827637,
      14.48228931427002,
      22.31842803955078,
      21.331497192382812,
      30.13008689880371,
      25.596038818359375,
      35.815834045410156,
      27.070880889892578,
      42.83906173706055,
      39.30799865722656,
      56.827850341796875,
      48.814083099365234,
      38.104820251464844,
      44.64735412597656,
      39.75050735473633,
      33.037689208984375
    ],
    [
      21.898372650146484,
      14.489410400390625,
      19.65999412536621,
      23.149309158325195,
      24.122690200805664,
      33.31338882446289,
      34.938255310058594,
      38.80670928955078,
      38.11188888549805,
      35.251827239990234,
      46.86147689819336,
      56.04146194458008,
      48.814083099365234,
      69.2079849243164,
      32.658843994140625,
      62.10428237915039,
      50.17158889770508,
      46.278419494628906
    ],
    [
      10.552022933959961,
      1.4341936111450195,
      6.855186462402344,
      1.604520320892334,
      8.815805435180664,
      6.500169277191162,
      9.226309776306152,
      6.675500869750977,
      14.624129295349121,
      11.81849193572998,
      21.34360122680664,
      19.826749801635742,
      38.104820251464844,
      32.658843994140625,
      47.4023323059082,
      38.202266693115234,
      40.5823860168457,
      33.64561462402344
    ],
    [
      20.74610710144043,
      9.622488975524902,
      17.353647232055664,
      14.897367477416992,
      18.26087188720703,
      24.19548797607422,
      23.80532455444336,
      25.232444763183594,
      27.050851821899414,
      23.252153396606445,
      36.23590087890625,
      43.534828186035156,
      44.64735412597656,
      62.10428237915039,
      38.202266693115234,
      69.53973388671875,
      62.861690521240234,
      56.8261604309082
    ],
    [
      16.476585388183594,
      3.8209872245788574,
      14.289789199829102,
      5.998673439025879,
      13.239579200744629,
      14.227575302124023,
      14.958290100097656,
      11.15825080871582,
      18.989627838134766,
      12.2654447555542,
      26.495079040527344,
      29.01022720336914,
      39.75050735473633,
      50.17158889770508,
      40.5823860168457,
      62.861690521240234,
      67.73332977294922,
      57.84235382080078
    ],
    [
      14.705916404724121,
      4.25479793548584,
      12.926496505737305,
      7.661048412322998,
      11.83657169342041,
      15.14402961730957,
      13.830430030822754,
      13.066421508789062,
      16.551729202270508,
      13.932525634765625,
      23.08590316772461,
      28.485671997070312,
      33.037689208984375,
      46.278419494628906,
      33.64561462402344,
      56.8261604309082,
      57.84235382080078,
      53.5044059753418
    ]
  ],
  "covariance_short": [
    [
      61.28750991821289,
      8.28896713256836,
      17.68668556213379,
      14.860888481140137,
      11.354399681091309,
      19.471912384033203,
      17.090030670166016,
      24.79083824157715,
      14.642470359802246,
      15.909944534301758,
      20.321666717529297,
      24.414064407348633,
      21.63671875,
      29.085491180419922,
      26.625417709350586,
      26.25003433227539,
      18.254335403442383,
      16.608963012695312
    ],
    [
      8.28896713256836,
      20.68614959716797,
      8.230782508850098,
      15.964651107788086,
      11.433479309082031,
      14.568929672241211,
      16.145418167114258,
      17.369672775268555,
      16.22465705871582,
      16.670989990234375,
      14.96383285522461,
      17.33844566345215,
      10.617454528808594,
      13.769824981689453,
      7.779308319091797,
      9.656319618225098,
      5.57536506652832,
      6.124953746795654
    ],
    [
      17.68668556213379,
      8.230782508850098,
      31.053260803222656,
      22.21497917175293,
      18.049686431884766,
      22.102602005004883,
      18.54351234436035,
      20.27473258972168,
      20.307252883911133,
      20.0023250579834,
      21.75485610961914,
      25.68105697631836,
      18.414592742919922,
      25.210208892822266,
      23.364839553833008,
      21.712188720703125,
      16.776702880859375,
      15.310624122619629
    ],
    [
      14.860888481140137,
      15.964651107788086,
      22.21497917175293,
      52.271881103515625,
      27.09367561340332,
      40.34749221801758,
      29.348787307739258,
      36.81913375854492,
      32.251129150390625,
      37.016109466552734,
      30.17757225036621,
      41.02714920043945,
      21.119007110595703,
      31.76399803161621,
      17.097929000854492,
      22.591259002685547,
      10.928512573242188,
      12.737003326416016
    ],
    [
      11.354399681091309,
      11.433479309082031,
      18.049686431884766,
      27.09367561340332,
      46.997459411621094,
      36.149478912353516,
      39.74925231933594,
      32.9779167175293,
      42.30317687988281,
      34.830684661865234,
      39.712074279785156,
      36.67411422729492,
      32.26164245605469,
      33.3640022277832,
      28.63982582092285,
      25.744701385498047,
      19.30137062072754,
      16.091291427612305
    ],
    [
      19.471912384033203,
      14.568929672241211,
      22.102602005004883,
      40.34749221801758,
      36.149478912353516,
      60.923179626464844,
      43.08280944824219,
      54.96698760986328,
      41.46385192871094,
      46.14516067504883,
      38.78926086425781,
      48.56200408935547,
      30.97127342224121,
      43.76144027709961,
      29.06596565246582,
      33.53425979614258,
      20.62704849243164,
      20.637104034423828
    ],
    [
      17.090030670166016,
      16.145418167114258,
      18.54351234436035,
      29.348787307739258,
      39.74925231933594,
      43.08280944824219,
      73.10697937011719,
      59.68915557861328,
      53.61201858520508,
      47.45151901245117,
      51.4473876953125,
      49.35407638549805,
      41.75498962402344,
      46.65200424194336,
      35.34894561767578,
      34.269126892089844,
      23.602134704589844,
      19.76119613647461
    ],
    [
      24.79083824157715,
      17.369672775268555,
      20.27473258972168,
      36.81913375854492,
      32.9779167175293,
      54.96698760986328,
      59.68915557861328,
      92.71723937988281,
      48.05539321899414,
      55.955989837646484,
      44.716697692871094,
      54.62626647949219,
      34.382728576660156,
      50.57781219482422,
      29.78277015686035,
      36.978675842285156,
      19.084516525268555,
      19.979373931884766
    ],
    [
      14.642470359802246,
      16.22465705871582,
      20.307252883911133,
      32.251129150390625,
      42.30317687988281,
      41.46385192871094,
      53.61201858520508,
      48.05539321899414,
      71.59822082519531,
      56.612064361572266,
      59.301544189453125,
      54.72810745239258,
      50.16249465942383,
      52.41039276123047,
      43.60037612915039,
      39.792762756347656,
      29.10373306274414,
      24.181079864501953
    ],
    [
      15.909944534301758,
      16.670989990234375,
      20.0023250579834,
      37.016109466552734,
      34.830684661865234,
      46.14516067504883,
      47.45151901245117,
      55.955989837646484,
      56.612064361572266,
      71.56141662597656,
      49.7198371887207,
      59.845489501953125,
      44.18699264526367,
      56.68187713623047,
      39.58061599731445,
      44.38711166381836,
      29.575237274169922,
      29.019023895263672
    ],
    [
      20.321666717529297,
      14.96383285522461,
      21.75485610961914,
      30.17757225036621,
      39.712074279785156,
      38.78926086425781,
      51.4473876953125,
      44.716697692871094,
      59.301544189453125,
      49.7198371887207,
      73.47162628173828,
      63.206153869628906,
      64.07279205322266,
      65.61431121826172,
      60.22075653076172,
      53.62092590332031,
      40.63901901245117,
      33.49049758911133
    ],
    [
      24.414064407348633,
      17.33844566345215,
      25.68105697631836,
      41.02714920043945,
      36.67411422729492,
      48.56200408935547,
      49.35407638549805,
      54.62626647949219,
      54.72810745239258,
      59.845489501953125,
      63.206153869628906,
      84.0895767211914,
      58.45415496826172,
      83.08473205566406,
      65.64383697509766,
      68.34386444091797,
      46.86398696899414,
      44.16538619995117
    ],
    [
      21.63671875,
      10.617454528808594,
      18.414592742919922,
      21.119007110595703,
      32.26164245605469,
      30.97127342224121,
      41.75498962402344,
      34.382728576660156,
      50.16249465942383,
      44.18699264526367,
      64.07279205322266,
      58.45415496826172,
      87.40644073486328,
      75.46244049072266,
      84.59416198730469,
      70.98893737792969,
      63.61787796020508,
      50.62989044189453
    ],
    [
      29.085491180419922,
      13.769824981689453,
      25.210208892822266,
      31.76399803161621,
      33.3640022277832,
      43.76144027709961,
      46.65200424194336,
      50.57781219482422,
      52.41039276123047,
      56.68187713623047,
      65.61431121826172,
      83.08473205566406,
      75.46244049072266,
      100.45166015625,
      91.28150939941406,
      91.0066909790039,
      70.40966796875,
      64.45027923583984
    ],
    [
      26.625417709350586,
      7.779308319091797,
      23.364839553833008,
      17.097929000854492,
      28.63982582092285,
      29.06596565246582,
      35.34894561767578,
      29.78277015686035,
      43.60037612915039,
      39.58061599731445,
      60.22075653076172,
      65.64383697509766,
      84.59416198730469,
      91.28150939941406,
      116.06600189208984,
      94.3509521484375,
      91.32272338867188,
      72.56729125976562
    ],
    [
      26.25003433227539,
      9.656319618225098,
      21.712188720703125,
      22.591259002685547,
      25.744701385498047,
      33.53425979614258,
      34.269126892089844,
      36.978675842285156,
      39.792762756347656,
      44.38711166381836,
      53.62092590332031,
      68.34386444091797,
      70.98893737792969,
      91.0066909790039,
      94.3509521484375,
      94.08588409423828,
      79.38722229003906,
      73.44677734375
    ],
    [
      18.254335403442383,
      5.57536506652832,
      16.776702880859375,
      10.928512573242188,
      19.30137062072754,
      20.62704849243164,
      23.602134704589844,
      19.084516525268555,
      29.10373306274414,
      29.575237274169922,
      40.63901901245117,
      46.86398696899414,
      63.61787796020508,
      70.40966796875,
      91.32272338867188,
      79.38722229003906,
      86.49958038330078,
      72.29378509521484
    ],
    [
      16.608963012695312,
      6.124953746795654,
      15.310624122619629,
      12.737003326416016,
      16.091291427612305,
      20.637104034423828,
      19.76119613647461,
      19.979373931884766,
      24.181079864501953,
      29.019023895263672,
      33.49049758911133,
      44.16538619995117,
      50.62989044189453,
      64.45027923583984,
      72.56729125976562,
      73.44677734375,
      72.29378509521484,
      69.4981918334961
    ]
  ],
  "damage": -18.255407333374023,
  "diff_bandwidth": 655.0039672851562,
  "dissonance": 7.6304844300589725,
  "drr": 13.535056114196777,
  "dynamics": 4.1176533699035645,
  "format": 1245190,
  "frames": 16633344,
  "freq_pan_to_db": [
    [
      -43.5115852355957,
      -43.13059616088867,
      -41.315887451171875,
      -35.687843322753906,
      -28.88582992553711,
      -24.903396606445312,
      -29.72405242919922,
      -35.242610931396484,
      -35.895103454589844,
      -40.31320571899414,
      -45.25077438354492
    ],
    [
      -40.738338470458984,
      -39.876949310302734,
      -36.2313346862793,
      -32.62714767456055,
      -27.241987228393555,
      -24.675453186035156,
      -27.537817001342773,
      -31.134838104248047,
      -35.044921875,
      -38.94670104980469,
      -46.47166442871094
    ],
    [
      -41.12456130981445,
      -40.011940002441406,
      -37.26628494262695,
      -35.161476135253906,
      -29.07023048400879,
      -25.53789710998535,
      -28.28032684326172,
      -32.1906852722168,
      -34.07958221435547,
      -39.71343231201172,
      -41.882999420166016
    ],
    [
      -43.32847595214844,
      -40.470577239990234,
      -37.141822814941406,
      -32.88898849487305,
      -29.4531192779541,
      -27.783796310424805,
      -30.253936767578125,
      -33.730499267578125,
      -36.24350357055664,
      -38.146915435791016,
      -40.003787994384766
    ],
    [
      -37.28221130371094,
      -34.848628997802734,
      -32.98312759399414,
      -30.530189514160156,
      -28.451004028320312,
      -27.135557174682617,
      -27.791244506835938,
      -29.962865829467773,
      -31.53820037841797,
      -34.14768981933594,
      -35.32428741455078
    ],
    [
      -33.157798767089844,
      -32.03799819946289,
      -30.627965927124023,
      -29.695810317993164,
      -28.17306900024414,
      -26.458404541015625,
      -27.26583480834961,
      -28.927310943603516,
      -30.555002212524414,
      -31.857912063598633,
      -32.38664245605469
    ],
    [
      -32.41498565673828,
      -31.57666778564453,
      -29.894062042236328,
      -29.20524787902832,
      -27.53795623779297,
      -25.1701602935791,
      -26.702367782592773,
      -29.15167999267578,
      -31.03052520751953,
      -31.942289352416992,
      -31.38875389099121
    ],
    [
      -31.38524627685547,
      -31.148700714111328,
      -30.348018646240234,
      -28.72789192199707,
      -25.797584533691406,
      -24.957683563232422,
      -27.153060913085938,
      -29.271970748901367,
      -29.72800636291504,
      -30.45070457458496,
      -31.0579776763916
    ],
    [
      -32.67919921875,
      -32.079933166503906,
      -30.871292114257812,
      -28.74126625061035,
      -27.809478759765625,
      -28.018402099609375,
      -30.219480514526367,
      -32.223121643066406,
      -32.870513916015625,
      -33.47537612915039,
      -34.671512603759766
    ],
    [
      -29.811458587646484,
      -30.458736419677734,
      -29.745662689208984,
      -28.079471588134766,
      -25.50358009338379,
      -25.864051818847656,
      -28.51142692565918,
      -30.141616821289062,
      -29.370643615722656,
      -30.270347595214844,
      -31.206846237182617
    ],
    [
      -27.984996795654297,
      -29.169591903686523,
      -29.37724494934082,
      -28.127971649169922,
      -26.640932083129883,
      -25.381044387817383,
      -25.955215454101562,
      -28.130212783813477,
      -28.872543334960938,
      -30.93472671508789,
      -29.051551818847656
    ],
    [
      -27.902339935302734,
      -29.612857818603516,
      -28.77305030822754,
      -29.147615432739258,
      -29.05109214782715,
      -27.725818634033203,
      -28.571075439453125,
      -29.654634475708008,
      -30.272672653198242,
      -31.90189552307129,
      -32.59286880493164
    ],
    [
      -30.310029983520508,
      -30.66347885131836,
      -31.478130340576172,
      -30.350685119628906,
      -30.298261642456055,
      -29.765836715698242,
      -30.22990608215332,
      -30.604219436645508,
      -30.843883514404297,
      -31.390649795532227,
      -32.76278305053711
    ],
    [
      -30.044965744018555,
      -31.196331024169922,
      -30.67734146118164,
      -30.46650505065918,
      -29.933467864990234,
      -27.21490478515625,
      -27.55496597290039,
      -28.70621109008789,
      -29.11294937133789,
      -30.556732177734375,
      -30.348453521728516
    ],
    [
      -31.221973419189453,
      -30.20624351501465,
      -29.504995346069336,
      -28.485023498535156,
      -28.20522689819336,
      -26.485071182250977,
      -27.66897201538086,
      -27.38638687133789,
      -27.363826751708984,
      -28.312070846557617,
      -25.938201904296875
    ],
    [
      -32.78179168701172,
      -30.681671142578125,
      -30.096969604492188,
      -29.480663299560547,
      -30.815616607666016,
      -28.716705322265625,
      -28.728309631347656,
      -28.83942222595215,
      -28.552154541015625,
      -28.866968154907227,
      -26.54205894470215
    ],
    [
      -37.4140510559082,
      -32.598670959472656,
      -31.67128562927246,
      -30.924543380737305,
      -34.617584228515625,
      -31.63945198059082,
      -31.058664321899414,
      -31.05773162841797,
      -32.3233757019043,
      -31.03986930847168,
      -29.561553955078125
    ],
    [
      -34.14651107788086,
      -30.54970932006836,
      -28.73044204711914,
      -27.94633674621582,
      -31.4010066986084,
      -31.17607307434082,
      -28.6235408782959,
      -27.997425079345703,
      -30.565637588500977,
      -28.547046661376953,
      -26.37010383605957
    ],
    [
      -40.54316711425781,
      -36.82523727416992,
      -34.732025146484375,
      -35.192466735839844,
      -36.2860221862793,
      -32.60849380493164,
      -34.88764953613281,
      -35.35368347167969,
      -33.64360809326172,
      -33.90163040161133,
      -30.94440460205078
    ],
    [
      -36.86841583251953,
      -40.26350402832031,
      -39.04365158081055,
      -39.113224029541016,
      -39.43803024291992,
      -37.20070266723633,
      -38.454124450683594,
      -39.381961822509766,
      -38.34600830078125,
      -35.90689468383789,
      -33.10070037841797
    ],
    [
      -42.92290115356445,
      -42.30011749267578,
      -40.818992614746094,
      -40.587257385253906,
      -38.79657745361328,
      -37.51295471191406,
      -42.096519470214844,
      -39.72888946533203,
      -40.56642150878906,
      -37.84928894042969,
      -34.11214065551758
    ],
    [
      -42.436424255371094,
      -43.02794647216797,
      -41.5631217956543,
      -41.49169158935547,
      -41.87140655517578,
      -40.281593322753906,
      -42.99466323852539,
      -42.5147819519043,
      -42.63301467895508,
      -42.22525405883789,
      -39.82416915893555
    ],
    [
      -41.82851791381836,
      -42.96533203125,
      -42.77090072631836,
      -42.675167083740234,
      -42.51263427734375,
      -41.20294952392578,
      -44.0354118347168,
      -44.42256164550781,
      -43.75852966308594,
      -43.287479400634766,
      -45.41928482055664
    ],
    [
      -41.66642379760742,
      -43.263004302978516,
      -42.8648681640625,
      -42.61682891845703,
      -42.403602600097656,
      -40.52642822265625,
      -43.058868408203125,
      -43.88427734375,
      -43.257179260253906,
      -43.129241943359375,
      -46.81865310668945
    ],
    [
      -43.80277633666992,
      -44.401329040527344,
      -43.60758590698242,
      -43.45433044433594,
      -42.988983154296875,
      -42.67127227783203,
      -43.6581916809082,
      -43.95586013793945,
      -44.43305206298828,
      -45.745384216308594,
      -50.31242752075195
    ],
    [
      -47.29282760620117,
      -45.93696975708008,
      -44.154052734375,
      -43.48907470703125,
      -42.4588623046875,
      -40.683067321777344,
      -43.281490325927734,
      -44.209285736083984,
      -44.70089340209961,
      -45.99503707885742,
      -50.22249984741211
    ],
    [
      -48.23991775512695,
      -44.176517486572266,
      -43.59917068481445,
      -43.38807678222656,
      -42.810882568359375,
      -40.20832824707031,
      -44.33219528198242,
      -44.2816047668457,
      -43.5393180847168,
      -43.438018798828125,
      -42.8004035949707
    ],
    [
      -51.23944854736328,
      -47.58437728881836,
      -45.14381408691406,
      -44.74736022949219,
      -45.07728958129883,
      -42.828460693359375,
      -46.25642013549805,
      -44.13844680786133,
      -44.42183303833008,
      -44.76642608642578,
      -51.52994918823242
    ],
    [
      -49.257389068603516,
      -46.76861572265625,
      -44.97650146484375,
      -44.87421798706055,
      -44.685707092285156,
      -43.31740951538086,
      -45.94790267944336,
      -44.746185302734375,
      -44.838191986083984,
      -47.27163314819336,
      -51.15129089355469
    ],
    [
      -44.4581298828125,
      -44.98975372314453,
      -44.96873474121094,
      -44.83209991455078,
      -44.240596771240234,
      -42.96311950683594,
      -45.33964538574219,
      -44.75574493408203,
      -44.719791412353516,
      -45.87944030761719,
      -54.51447677612305
    ],
    [
      -46.232276916503906,
      -46.05266571044922,
      -46.897483825683594,
      -46.052066802978516,
      -44.91471862792969,
      -42.386112213134766,
      -46.26507568359375,
      -46.06785583496094,
      -44.83720016479492,
      -46.44657516479492,
      -47.936519622802734
    ],
    [
      -48.2147216796875,
      -49.57428741455078,
      -46.5181999206543,
      -45.61084747314453,
      -45.73855972290039,
      -44.17277145385742,
      -47.08939743041992,
      -46.719932556152344,
      -46.551021575927734,
      -42.923912048339844,
      -54.086055755615234
    ],
    [
      -47.721256256103516,
      -49.34937286376953,
      -48.84115982055664,
      -47.03506851196289,
      -47.57368469238281,
      -46.315223693847656,
      -48.0029411315918,
      -47.70759582519531,
      -47.816490173339844,
      -49.44155502319336,
      -370
    ],
    [
      -49.39619064331055,
      -50.54842758178711,
      -34.52845001220703,
      -43.42933654785156,
      -49.88789749145508,
      -48.048675537109375,
      -48.36503601074219,
      -47.01220703125,
      -45.991233825683594,
      -47.507667541503906,
      -62.54569625854492
    ],
    [
      -75.4314956665039,
      -50.55706024169922,
      -39.61665725708008,
      -45.54713439941406,
      -49.81342315673828,
      -47.45558166503906,
      -47.857177734375,
      -45.98393630981445,
      -44.52876663208008,
      -43.005828857421875,
      -59.610679626464844
    ],
    [
      -62.105491638183594,
      -52.736968994140625,
      -48.44301223754883,
      -48.628822326660156,
      -53.08295440673828,
      -50.39280700683594,
      -49.693206787109375,
      -46.6741828918457,
      -45.825103759765625,
      -47.04692840576172,
      -52.672157287597656
    ],
    [
      -53.54882049560547,
      -51.46675109863281,
      -49.99699401855469,
      -50.724037170410156,
      -54.573577880859375,
      -52.47441864013672,
      -50.374752044677734,
      -48.669921875,
      -47.692230224609375,
      -45.19892120361328,
      -370
    ],
    [
      -47.90977096557617,
      -48.61967849731445,
      -50.145877838134766,
      -51.45702362060547,
      -54.767032623291016,
      -53.09299087524414,
      -51.358802795410156,
      -50.126041412353516,
      -48.95595169067383,
      -48.965030670166016,
      -67.55970764160156
    ],
    [
      -47.891021728515625,
      -48.33854675292969,
      -51.676841735839844,
      -52.98595428466797,
      -55.32451629638672,
      -53.6761360168457,
      -50.697837829589844,
      -49.03470993041992,
      -48.296077728271484,
      -48.858787536621094,
      -63.05586624145508
    ],
    [
      -51.330352783203125,
      -55.008914947509766,
      -55.0626220703125,
      -55.251708984375,
      -58.511722564697266,
      -58.2652702331543,
      -53.285240173339844,
      -49.50160217285156,
      -47.53399658203125,
      -47.49247741699219,
      -57.612449645996094
    ],
    [
      -63.27497482299805,
      -63.5294303894043,
      -66.95068359375,
      -65.13483428955078,
      -65.58419799804688,
      -65.7835693359375,
      -61.81559753417969,
      -54.54438018798828,
      -49.93095016479492,
      -47.27732849121094,
      -50.052833557128906
    ],
    [
      -68.94047546386719,
      -70.93958282470703,
      -70.5307388305664,
      -72.3932876586914,
      -72.4640121459961,
      -70.965087890625,
      -64.46068572998047,
      -57.94866943359375,
      -55.00282287597656,
      -53.77790451049805,
      -63.3690071105957
    ]
  ],
  "histogram": [
    {
      "db": -70,
      "frequency": 1
    },
    {
      "db": -69,
      "frequency": 0
    },
    {
      "db": -68,
      "frequency": 1
    },
    {
      "db": -67,
      "frequency": 0
    },
    {
      "db": -66,
      "frequency": 1
    },
    {
      "db": -65,
      "frequency": 0
    },
    {
      "db": -64,
      "frequency": 1
    },
    {
      "db": -63,
      "frequency": 0
    },
    {
      "db": -62,
      "frequency": 1
    },
    {
      "db": -61,
      "frequency": 1
    },
    {
      "db": -60,
      "frequency": 0
    },
    {
      "db": -59,
      "frequency": 1
    },
    {
      "db": -58,
      "frequency": 1
    },
    {
      "db": -57,
      "frequency": 1
    },
    {
      "db": -56,
      "frequency": 1
    },
    {
      "db": -55,
      "frequency": 1
    },
    {
      "db": -54,
      "frequency": 1
    },
    {
      "db": -53,
      "frequency": 1
    },
    {
      "db": -52,
      "frequency": 0
    },
    {
      "db": -51,
      "frequency": 1
    },
    {
      "db": -50,
      "frequency": 2
    },
    {
      "db": -49,
      "frequency": 1
    },
    {
      "db": -48,
      "frequency": 1
    },
    {
      "db": -47,
      "frequency": 1
    },
    {
      "db": -46,
      "frequency": 2
    },
    {
      "db": -45,
      "frequency": 1
    },
    {
      "db": -44,
      "frequency": 1
    },
    {
      "db": -43,
      "frequency": 4
    },
    {
      "db": -42,
      "frequency": 12
    },
    {
      "db": -41,
      "frequency": 16
    },
    {
      "db": -40,
      "frequency": 18
    },
    {
      "db": -39,
      "frequency": 27
    },
    {
      "db": -38,
      "frequency": 28
    },
    {
      "db": -37,
      "frequency": 49
    },
    {
      "db": -36,
      "frequency": 48
    },
    {
      "db": -35,
      "frequency": 34
    },
    {
      "db": -34,
      "frequency": 33
    },
    {
      "db": -33,
      "frequency": 46
    },
    {
      "db": -32,
      "frequency": 68
    },
    {
      "db": -31,
      "frequency": 66
    },
    {
      "db": -30,
      "frequency": 82
    },
    {
      "db": -29,
      "frequency": 162
    },
    {
      "db": -28,
      "frequency": 234
    },
    {
      "db": -27,
      "frequency": 345
    },
    {
      "db": -26,
      "frequency": 373
    },
    {
      "db": -25,
      "frequency": 352
    },
    {
      "db": -24,
      "frequency": 310
    },
    {
      "db": -23,
      "frequency": 226
    },
    {
      "db": -22,
      "frequency": 250
    },
    {
      "db": -21,
      "frequency": 295
    },
    {
      "db": -20,
      "frequency": 292
    },
    {
      "db": -19,
      "frequency": 189
    },
    {
      "db": -18,
      "frequency": 87
    },
    {
      "db": -17,
      "frequency": 46
    },
    {
      "db": -16,
      "frequency": 2
    },
    {
      "db": -15,
      "frequency": 0
    },
    {
      "db": -14,
      "frequency": 0
    },
    {
      "db": -13,
      "frequency": 0
    },
    {
      "db": -12,
      "frequency": 0
    },
    {
      "db": -11,
      "frequency": 0
    },
    {
      "db": -10,
      "frequency": 0
    },
    {
      "db": -9,
      "frequency": 0
    },
    {
      "db": -8,
      "frequency": 0
    },
    {
      "db": -7,
      "frequency": 0
    },
    {
      "db": -6,
      "frequency": 0
    },
    {
      "db": -5,
      "frequency": 0
    },
    {
      "db": -4,
      "frequency": 0
    },
    {
      "db": -3,
      "frequency": 0
    },
    {
      "db": -2,
      "frequency": 0
    },
    {
      "db": -1,
      "frequency": 0
    },
    {
      "db": 0,
      "frequency": 0
    },
    {
      "db": 1,
      "frequency": 0
    },
    {
      "db": 2,
      "frequency": 0
    },
    {
      "db": 3,
      "frequency": 0
    },
    {
      "db": 4,
      "frequency": 0
    },
    {
      "db": 5,
      "frequency": 0
    },
    {
      "db": 6,
      "frequency": 0
    },
    {
