{
  "acoustic_entropy": 215.56732177734375,
  "bands": [
    {
      "high_freq": 148.1999969482422,
      "loudness": -23.49869728088379,
      "loudness_range": 14.712966918945312,
      "mid_mean": -19.85496711730957,
      "mid_to_side_loudness": -32.28352355957031,
      "mid_to_side_loudness_range": 28.273576736450195,
      "side_mean": -53.98945617675781
    },
    {
      "high_freq": 392.3793640136719,
      "loudness": -23.278797149658203,
      "loudness_range": 11.745058059692383,
      "low_freq": 148.1999969482422,
      "mid_mean": -19.94117546081543,
      "mid_to_side_loudness": -13.05361270904541,
      "mid_to_side_loudness_range": 16.273120880126953,
      "side_mean": -33.11631774902344
    },
    {
      "high_freq": 794.6976318359375,
      "loudness": -25.575544357299805,
      "loudness_range": 15.491226196289062,
      "low_freq": 392.3793640136719,
      "mid_mean": -22.751638412475586,
      "mid_to_side_loudness": -8.537954330444336,
      "mid_to_side_loudness_range": 15.368974685668945,
      "side_mean": -31.16948699951172
    },
    {
      "high_freq": 1457.5709228515625,
      "loudness": -26.386741638183594,
      "loudness_range": 21.62736701965332,
      "low_freq": 794.6976318359375,
      "mid_mean": -24.26441192626953,
      "mid_to_side_loudness": -5.720083713531494,
      "mid_to_side_loudness_range": 16.105134963989258,
      "side_mean": -29.481170654296875
    },
    {
      "high_freq": 2549.74365234375,
      "loudness": -30.43550682067871,
      "loudness_range": 19.867788314819336,
      "low_freq": 1457.5709228515625,
      "mid_mean": -28.010955810546875,
      "mid_to_side_loudness": -6.34970235824585,
      "mid_to_side_loudness_range": 12.540114402770996,
      "side_mean": -33.60178756713867
    },
    {
      "high_freq": 4349.24462890625,
      "loudness": -30.606170654296875,
      "loudness_range": 19.244600296020508,
      "low_freq": 2549.74365234375,
      "mid_mean": -28.085155487060547,
      "mid_to_side_loudness": -6.349583625793457,
      "mid_to_side_loudness_range": 11.201521873474121,
      "side_mean": -34.11860656738281
    },
    {
      "high_freq": 7314.1640625,
      "loudness": -31.416751861572266,
      "loudness_range": 19.765581130981445,
      "low_freq": 4349.24462890625,
      "mid_mean": -29.081974029541016,
      "mid_to_side_loudness": -5.685553550720215,
      "mid_to_side_loudness_range": 10.728658676147461,
      "side_mean": -34.434146881103516
    },
    {
      "high_freq": 12199.2666015625,
      "loudness": -34.197845458984375,
      "loudness_range": 16.2864990234375,
      "low_freq": 7314.1640625,
      "mid_mean": -32.19010925292969,
      "mid_to_side_loudness": -4.2486443519592285,
      "mid_to_side_loudness_range": 7.126145839691162,
      "side_mean": -36.7231559753418
    },
    {
      "loudness": -40.27455520629883,
      "loudness_range": 17.082691192626953,
      "low_freq": 12199.2666015625,
      "mid_mean": -38.59880447387695,
      "mid_to_side_loudness": -3.1832737922668457,
      "mid_to_side_loudness_range": 4.6323113441467285,
      "side_mean": -41.96360397338867
    }
  ],
  "bands_short": [
    {
      "high_freq": 148.1999969482422,
      "loudness": -25.55364990234375,
      "loudness_range": 19.54079246520996,
      "mid_mean": -22.095123291015625,
      "mid_to_side_loudness": -33.41590881347656,
      "mid_to_side_loudness_range": 33.84818649291992,
      "side_mean": -58.364681243896484
    },
    {
      "high_freq": 392.3793640136719,
      "loudness": -23.26885223388672,
      "loudness_range": 14.48134994506836,
      "low_freq": 148.1999969482422,
      "mid_mean": -19.936017990112305,
      "mid_to_side_loudness": -14.189356803894043,
      "mid_to_side_loudness_range": 18.650615692138672,
      "side_mean": -34.28883361816406
    },
    {
      "high_freq": 794.6976318359375,
      "loudness": -25.982654571533203,
      "loudness_range": 17.394174575805664,
      "low_freq": 392.3793640136719,
      "mid_mean": -23.247941970825195,
      "mid_to_side_loudness": -8.425348281860352,
      "mid_to_side_loudness_range": 16.210311889648438,
      "side_mean": -31.696136474609375
    },
    {
      "high_freq": 1457.5709228515625,
      "loudness": -26.872623443603516,
      "loudness_range": 23.049877166748047,
      "low_freq": 794.6976318359375,
      "mid_mean": -25.020557403564453,
      "mid_to_side_loudness": -5.373956203460693,
      "mid_to_side_loudness_range": 17.20637321472168,
      "side_mean": -29.921369552612305
    },
    {
      "high_freq": 2549.74365234375,
      "loudness": -31.592864990234375,
      "loudness_range": 22.857831954956055,
      "low_freq": 1457.5709228515625,
      "mid_mean": -29.215057373046875,
      "mid_to_side_loudness": -6.443845748901367,
      "mid_to_side_loudness_range": 13.9668607711792,
      "side_mean": -35.11823272705078
    },
    {
      "high_freq": 4349.24462890625,
      "loudness": -31.78947639465332,
      "loudness_range": 22.917098999023438,
      "low_freq": 2549.74365234375,
      "mid_mean": -29.3402156829834,
      "mid_to_side_loudness": -6.462630748748779,
      "mid_to_side_loudness_range": 12.484073638916016,
      "side_mean": -35.5825309753418
    },
    {
      "high_freq": 7314.1640625,
      "loudness": -33.309181213378906,
      "loudness_range": 25.68099021911621,
      "low_freq": 4349.24462890625,
      "mid_mean": -31.00840187072754,
      "mid_to_side_loudness": -5.890228748321533,
      "mid_to_side_loudness_range": 12.898054122924805,
      "side_mean": -36.86604690551758
    },
    {
      "high_freq": 12199.2666015625,
      "loudness": -37.08047103881836,
      "loudness_range": 25.148029327392578,
      "low_freq": 7314.1640625,
      "mid_mean": -35.29570770263672,
      "mid_to_side_loudness": -4.62899112701416,
      "mid_to_side_loudness_range": 9.497475624084473,
      "side_mean": -40.7745246887207
    },
    {
      "loudness": -44.9216423034668,
      "loudness_range": 28.858013153076172,
      "low_freq": 12199.2666015625,
      "mid_mean": -43.63843536376953,
      "mid_to_side_loudness": -3.990640163421631,
      "mid_to_side_loudness_range": 8.73276424407959,
      "side_mean": -50.209190368652344
    }
  ],
  "bandwidth": 610.711181640625,
  "channels": 2,
  "covariance": [
    [
      35.55305862426758,
      14.436448097229004,
      12.268320083618164,
      10.638227462768555,
      6.8519816398620605,
      16.466768264770508,
      13.03050708770752,
      21.376323699951172,
      9.62868881225586,
      10.948159217834473,
      14.169939994812012,
      15.943925857543945,
      14.260098457336426,
      17.590574264526367,
      7.317998886108398,
      11.154186248779297,
      5.3972930908203125,
      6.7364654541015625
    ],
    [
      14.436448097229004,
      58.42982482910156,
      12.54173755645752,
      28.198293685913086,
      17.073556900024414,
      26.890092849731445,
      26.169227600097656,
      31.853178024291992,
      25.482084274291992,
      22.024188995361328,
      23.036653518676758,
      23.68700408935547,
      14.43179988861084,
      12.278850555419922,
      -0.4835086762905121,
      3.3484129905700684,
      -4.488836765289307,
      -2.6223907470703125
    ],
    [
      12.268320083618164,
      12.54173755645752,
      21.015380859375,
      16.7641544342041,
      10.949319839477539,
      15.810508728027344,
      11.596713066101074,
      14.205483436584473,
      13.552228927612305,
      10.770539283752441,
      14.689173698425293,
      15.628782272338867,
      11.006797790527344,
      10.01037311553955,
      4.874621868133545,
      5.804559707641602,
      3.4325618743896484,
      4.366527557373047
    ],
    [
      10.638227462768555,
      28.198293685913086,
      16.7641544342041,
      40.284854888916016,
      19.330501556396484,
      32.93368911743164,
      22.288185119628906,
      31.68358039855957,
      23.78345489501953,
      22.27568244934082,
      20.873443603515625,
      25.811397552490234,
      10.850067138671875,
      11.662827491760254,
      -0.5369370579719543,
      4.619987487792969,
      -2.815554141998291,
      0.02709292806684971
    ],
    [
      6.8519816398620605,
      17.073556900024414,
      10.949319839477539,
      19.330501556396484,
      33.51081085205078,
      27.776037216186523,
      30.056396484375,
      25.669715881347656,
      30.33839988708496,
      20.285978317260742,
      27.363222122192383,
      21.398252487182617,
      18.188655853271484,
      12.571889877319336,
      5.75961971282959,
      6.2332940101623535,
      2.0985240936279297,
      2.4439315795898438
    ],
    [
      16.466768264770508,
      26.890092849731445,
      15.810508728027344,
      32.93368911743164,
      27.776037216186523,
      51.70732116699219,
      35.28386688232422,
      50.009361267089844,
      31.236324310302734,
      30.64468002319336,
      28.091291427612305,
      33.07152557373047,
      18.007699966430664,
      21.651493072509766,
      3.169562578201294,
      10.855910301208496,
      1.198651671409607,
      4.596551418304443
    ],
    [
      13.03050708770752,
      26.169227600097656,
      11.596713066101074,
      22.288185119628906,
      30.056396484375,
      35.28386688232422,
      58.229949951171875,
      52.27546310424805,
      41.23959732055664,
      31.898021697998047,
      38.28640365600586,
      32.806270599365234,
      25.377399444580078,
      22.06378746032715,
      4.566519737243652,
      8.6027193069458,
      -0.49183326959609985,
      1.412559151649475
    ],
    [
      21.376323699951172,
      31.853178024291992,
      14.205483436584473,
      31.68358039855957,
      25.669715881347656,
      50.009361267089844,
      52.27546310424805,
      83.15446472167969,
      37.863399505615234,
      43.143314361572266,
      35.05211639404297,
      41.70035934448242,
      21.364070892333984,
      29.322168350219727,
      2.0584306716918945,
      12.364026069641113,
      -2.801929473876953,
      2.4250197410583496
    ],
    [
      9.62868881225586,
      25.482084274291992,
      13.552228927612305,
      23.78345489501953,
      30.33839988708496,
      31.236324310302734,
      41.23959732055664,
      37.863399505615234,
      52.20058822631836,
      35.30007553100586,
      43.42650604248047,
      34.55918502807617,
      31.40144920349121,
      23.329872131347656,
      10.567374229431152,
      10.746931076049805,
      3.309544324874878,
      3.914188861846924
    ],
    [
      10.948159217834473,
      22.024188995361328,
      10.770539283752441,
      22.27568244934082,
      20.285978317260742,
      30.64468002319336,
      31.898021697998047,
      43.143314361572266,
      35.30007553100586,
      44.386688232421875,
      30.92598533630371,
      36.478424072265625,
      21.607131958007812,
      27.544532775878906,
      8.637476921081543,
      15.175654411315918,
      4.270338535308838,
      8.026559829711914
    ],
    [
      14.169939994812012,
      23.036653518676758,
      14.689173698425293,
      20.873443603515625,
      27.363222122192383,
      28.091291427612305,
      38.28640365600586,
      35.05211639404297,
      43.42650604248047,
      30.92598533630371,
      50.58612060546875,
      40.67512130737305,
      38.899696350097656,
      32.12018585205078,
      17.343734741210938,
      17.773113250732422,
      8.125062942504883,
      8.88129997253418
    ],
    [
      15.943925857543945,
      23.68700408935547,
      15.628782272338867,
      25.811397552490234,
      21.398252487182617,
      33.07152557373047,
      32.806270599365234,
      41.70035934448242,
      34.55918502807617,
      36.478424072265625,
      40.67512130737305,
      52.54616928100586,
      34.845306396484375,
      40.0533447265625,
      16.02323341369629,
      24.657642364501953,
      9.891683578491211,
      14.24240779876709
    ],
    [
      14.260098457336426,
      14.43179988861084,
      11.006797790527344,
      10.850067138671875,
      18.188655853271484,
      18.007699966430664,
      25.377399444580078,
      21.364070892333984,
      31.40144920349121,
      21.607131958007812,
      38.899696350097656,
      34.845306396484375,
      53.729793548583984,
      40.372859954833984,
      33.755611419677734,
      30.16663932800293,
      24.64840316772461,
      22.405115127563477
    ],
    [
      17.590574264526367,
      12.278850555419922,
      10.01037311553955,
      11.662827491760254,
      12.571889877319336,
      21.651493072509766,
      22.06378746032715,
      29.322168350219727,
      23.329872131347656,
      27.544532775878906,
      32.12018585205078,
      40.0533447265625,
      40.372859954833984,
      51.68560028076172,
      28.344280242919922,
      37.352230072021484,
      24.06007194519043,
      28.528945922851562
    ],
    [
      7.317998886108398,
      -0.4835086762905121,
      4.874621868133545,
      -0.5369370579719543,
      5.75961971282959,
      3.169562578201294,
      4.566519737243652,
      2.0584306716918945,
      10.567374229431152,
      8.637476921081543,
      17.343734741210938,
      16.02323341369629,
      33.755611419677734,
      28.344280242919922,
      43.385009765625,
      34.85330581665039,
      37.8608283996582,
      33.85326385498047
    ],
    [
      11.154186248779297,
      3.3484129905700684,
      5.804559707641602,
      4.619987487792969,
      6.2332940101623535,
      10.855910301208496,
      8.6027193069458,
      12.364026069641113,
      10.746931076049805,
      15.175654411315918,
      17.773113250732422,
      24.657642364501953,
      30.16663932800293,
      37.352230072021484,
      34.85330581665039,
      43.69620132446289,
      35.0092658996582,
      38.86646270751953
    ],
    [
      5.3972930908203125,
      -4.488836765289307,
      3.4325618743896484,
      -2.815554141998291,
      2.0985240936279297,
      1.198651671409607,
      -0.49183326959609985,
      -2.801929473876953,
      3.309544324874878,
      4.270338535308838,
      8.125062942504883,
      9.891683578491211,
      24.64840316772461,
      24.06007194519043,
      37.8608283996582,
      35.0092658996582,
      46.308494567871094,
      42.867164611816406
    ],
    [
      6.7364654541015625,
      -2.6223907470703125,
      4.366527557373047,
      0.02709292806684971,
      2.4439315795898438,
      4.596551418304443,
      1.412559151649475,
      2.4250197410583496,
      3.914188861846924,
      8.026559829711914,
      8.88129997253418,
      14.24240779876709,
      22.405115127563477,
      28.528945922851562,
      33.85326385498047,
      38.86646270751953,
      42.867164611816406,
      47.69631576538086
    ]
  ],
  "covariance_short": [
    [
      62.65768051147461,
      13.496458053588867,
      17.694976806640625,
      12.916023254394531,
      8.711730003356934,
      17.329509735107422,
      14.599778175354004,
      22.653728485107422,
      11.745307922363281,
      13.18947982788086,
      18.07451629638672,
      21.52794647216797,
      18.580867767333984,
      23.892744064331055,
      12.105093955993652,
      17.881338119506836,
      10.4503755569458,
      28.421852111816406
    ],
    [
      13.496458053588867,
      59.130577087402344,
      13.605619430541992,
      30.02588653564453,
      18.545276641845703,
      26.862516403198242,
      27.003183364868164,
      29.8852596282959,
      27.839738845825195,
      26.988819122314453,
      24.822290420532227,
      26.920957565307617,
      17.442075729370117,
      20.170665740966797,
      8.527066230773926,
      15.988116264343262,
      8.426176071166992,
      19.764360427856445
    ],
    [
      17.694976806640625,
      13.605619430541992,
      28.782365798950195,
      18.920713424682617,
      14.04491901397705,
      18.910823822021484,
      14.605365753173828,
      16.868623733520508,
      15.959517478942871,
      14.425957679748535,
      17.51656723022461,
      19.370960235595703,
      14.391273498535156,
      15.673970222473145,
      9.604293823242188,
      12.88559341430664,
      9.838142395019531,
      23.38674545288086
    ],
    [
      12.916023254394531,
      30.02588653564453,
      18.920713424682617,
      48.65316390991211,
      22.66812515258789,
      36.40196228027344,
      24.900924682617188,
      32.20073699951172,
      27.18402862548828,
      28.01465606689453,
      24.91150665283203,
      32.43549728393555,
      16.336986541748047,
      21.51628875732422,
      7.519030570983887,
      16.708314895629883,
      6.108960151672363,
      17.213226318359375
    ],
    [
      8.711730003356934,
      18.545276641845703,
      14.04491901397705,
      22.66812515258789,
      41.972496032714844,
      31.626850128173828,
      34.78352355957031,
      28.112916946411133,
      36.87995910644531,
      27.35271644592285,
      34.23774337768555,
      28.335952758789062,
      26.82748794555664,
      22.42120933532715,
      15.745634078979492,
      17.710569381713867,
      13.845885276794434,
      21.762895584106445
    ],
    [
      17.329509735107422,
      26.862516403198242,
      18.910823822021484,
      36.40196228027344,
      31.626850128173828,
      57.38623809814453,
      38.94533157348633,
      50.89765548706055,
      36.63576889038086,
      37.74185562133789,
      33.83646774291992,
      41.29013442993164,
      25.992277145385742,
      32.26546859741211,
      12.803481101989746,
      23.708412170410156,
      11.65186595916748,
      30.91985321044922
    ],
    [
      14.599778175354004,
      27.003183364868164,
      14.605365753173828,
      24.900924682617188,
      34.78352355957031,
      38.94533157348633,
      68.1757583618164,
      55.251651763916016,
      48.330406188964844,
      39.747406005859375,
      46.106563568115234,
      41.34413146972656,
      35.90082931518555,
      35.03874969482422,
      18.158628463745117,
      24.736984252929688,
      15.558499336242676,
      28.962059020996094
    ],
    [
      22.653728485107422,
      29.8852596282959,
      16.868623733520508,
      32.20073699951172,
      28.112916946411133,
      50.89765548706055,
      55.251651763916016,
      88.6414566040039,
      42.9693603515625,
      49.659751892089844,
      39.78943634033203,
      49.11666488647461,
      29.323394775390625,
      42.34505081176758,
      14.642468452453613,
      29.508996963500977,
      11.111297607421875,
      29.84290885925293
    ],
    [
      11.745307922363281,
      27.839738845825195,
      15.959517478942871,
      27.18402862548828,
      36.87995910644531,
      36.63576889038086,
      48.330406188964844,
      42.9693603515625,
      65.73834991455078,
      47.10916519165039,
      54.03886413574219,
      45.560691833496094,
      44.720977783203125,
      40.094303131103516,
      27.334888458251953,
      31.223960876464844,
      22.8220157623291,
      34.66802215576172
    ],
    [
      13.18947982788086,
      26.988819122314453,
      14.425957679748535,
      28.01465606689453,
      27.35271644592285,
      37.74185562133789,
      39.747406005859375,
      49.659751892089844,
      47.10916519165039,
      61.649993896484375,
      41.07493209838867,
      49.40108871459961,
      35.37134552001953,
      46.59064865112305,
      25.737516403198242,
      38.4283332824707,
      24.7948055267334,
      34.80131530761719
    ],
    [
      18.07451629638672,
      24.822290420532227,
      17.51656723022461,
      24.91150665283203,
      34.23774337768555,
      33.83646774291992,
      46.106563568115234,
      39.78943634033203,
      54.03886413574219,
      41.07493209838867,
      68.43341827392578,
      54.76146697998047,
      58.571022033691406,
      53.18310546875,
      40.683441162109375,
      44.350318908691406,
      34.60063171386719,
      49.04374313354492
    ],
    [
      21.52794647216797,
      26.920957565307617,
      19.370960235595703,
      32.43549728393555,
      28.335952758789062,
      41.29013442993164,
      41.34413146972656,
      49.11666488647461,
      45.560691833496094,
      49.40108871459961,
      54.76146697998047,
      70.74851989746094,
      51.38371276855469,
      63.79680633544922,
      37.143043518066406,
      53.92013168334961,
      33.698753356933594,
      55.829856872558594
    ],
    [
      18.580867767333984,
      17.442075729370117,
      14.391273498535156,
      16.336986541748047,
      26.82748794555664,
      25.992277145385742,
      35.90082931518555,
      29.323394775390625,
      44.720977783203125,
      35.37134552001953,
      58.571022033691406,
      51.38371276855469,
      82.67609405517578,
      67.52305603027344,
      66.26788330078125,
      64.25575256347656,
      61.2391357421875,
      70.59623718261719
    ],
    [
      23.892744064331055,
      20.170665740966797,
      15.673970222473145,
      21.51628875732422,
      22.42120933532715,
      32.26546859741211,
      35.03874969482422,
      42.34505081176758,
      40.094303131103516,
      46.59064865112305,
      53.18310546875,
      63.79680633544922,
      67.52305603027344,
      88.35258483886719,
      60.2948112487793,
      80.43523406982422,
      60.62759017944336,
      81.5615463256836
    ],
    [
      12.105093955993652,
      8.527066230773926,
      9.604293823242188,
      7.519030570983887,
      15.745634078979492,
      12.803481101989746,
      18.158628463745117,
      14.642468452453613,
      27.334888458251953,
      25.737516403198242,
      40.683441162109375,
      37.143043518066406,
      66.26788330078125,
      60.2948112487793,
      85.92266845703125,
      74.75957489013672,
      81.34371948242188,
      76.58219909667969
    ],
    [
      17.881338119506836,
      15.988116264343262,
      12.88559341430664,
      16.708314895629883,
      17.710569381713867,
      23.708412170410156,
      24.736984252929688,
      29.508996963500977,
      31.223960876464844,
      38.4283332824707,
      44.350318908691406,
      53.92013168334961,
      64.25575256347656,
      80.43523406982422,
      74.75957489013672,
      98.8270034790039,
      81.95726776123047,
      96.91063690185547
    ],
    [
      10.4503755569458,
      8.426176071166992,
      9.838142395019531,
      6.108960151672363,
      13.845885276794434,
      11.65186595916748,
      15.558499336242676,
      11.111297607421875,
      22.8220157623291,
      24.7948055267334,
      34.60063171386719,
      33.698753356933594,
      61.2391357421875,
      60.62759017944336,
      81.34371948242188,
      81.95726776123047,
      103.61689758300781,
      97.19611358642578
    ],
    [
      28.421852111816406,
      19.764360427856445,
      23.38674545288086,
      17.213226318359375,
      21.762895584106445,
      30.91985321044922,
      28.962059020996094,
      29.84290885925293,
      34.66802215576172,
      34.80131530761719,
      49.04374313354492,
      55.829856872558594,
      70.59623718261719,
      81.5615463256836,
      76.58219909667969,
      96.91063690185547,
      97.19611358642578,
      141.27120971679688
    ]
  ],
  "damage": -8.258760452270508,
  "diff_bandwidth": 647.8757934570312,
  "dissonance": 8.16796016616357,
  "drr": -11.663826942443848,
  "dynamics": 3.6865477561950684,
  "format": 65538,
  "frames": 16633344,
  "freq_pan_to_db": [
    [
      -31.017868041992188,
      -29.54230499267578,
      -28.390867233276367,
      -23.748083114624023,
      -16.572616577148438,
      -12.136395454406738,
      -17.640756607055664,
      -23.878936767578125,
      -23.739290237426758,
      -29.024452209472656,
      -34.777679443359375
    ],
    [
      -30.248554229736328,
      -25.77625274658203,
      -23.116079330444336,
      -20.17214012145996,
      -14.627294540405273,
      -11.898637771606445,
      -15.265719413757324,
      -18.630231857299805,
      -21.631616592407227,
      -24.03941535949707,
      -30.572235107421875
    ],
    [
      -31.539228439331055,
      -26.014162063598633,
      -25.07828712463379,
      -22.606399536132812,
      -17.099531173706055,
      -12.841423034667969,
      -15.834535598754883,
      -20.046445846557617,
      -21.97467041015625,
      -26.889984130859375,
      -34.523990631103516
    ],
    [
      -31.888748168945312,
      -28.294355392456055,
      -24.810758590698242,
      -20.78857421875,
      -17.65374755859375,
      -15.356857299804688,
      -18.320615768432617,
      -21.33324432373047,
      -24.856292724609375,
      -26.552976608276367,
      -30.050127029418945
    ],
    [
      -25.75556182861328,
      -23.159805297851562,
      -21.098480224609375,
      -19.112163543701172,
      -16.764436721801758,
      -15.17578411102295,
      -16.209062576293945,
      -18.324756622314453,
      -19.994779586791992,
      -22.148561477661133,
      -23.901094436645508
    ],
    [
      -21.95872688293457,
      -20.682025909423828,
      -19.428611755371094,
      -18.466148376464844,
      -17.050113677978516,
      -15.090531349182129,
      -16.116378784179688,
      -17.91071891784668,
      -19.341642379760742,
      -20.950063705444336,
      -21.429536819458008
    ],
    [
      -21.820650100708008,
      -21.056224822998047,
      -19.240943908691406,
      -18.509380340576172,
      -17.015832901000977,
      -14.574202537536621,
      -16.20057487487793,
      -18.31361961364746,
      -19.995349884033203,
      -21.146284103393555,
      -21.20635223388672
    ],
    [
      -21.118677139282227,
      -21.094945907592773,
      -20.084203720092773,
      -18.47389030456543,
      -15.767234802246094,
      -15.013848304748535,
      -16.96317481994629,
      -19.046052932739258,
      -19.417142868041992,
      -20.25841522216797,
      -20.65854263305664
    ],
    [
      -23.328853607177734,
      -22.84539031982422,
      -20.964340209960938,
      -18.981403350830078,
      -18.01129722595215,
      -18.201557159423828,
      -20.449731826782227,
      -22.229572296142578,
      -23.146259307861328,
      -23.60419273376465,
      -25.12565040588379
    ],
    [
      -20.759641647338867,
      -20.42310905456543,
      -20.218307495117188,
      -18.352294921875,
      -15.999612808227539,
      -16.221303939819336,
      -18.936626434326172,
      -20.50502586364746,
      -19.824325561523438,
      -20.919870376586914,
      -22.57093620300293
    ],
    [
      -18.649459838867188,
      -20.059890747070312,
      -20.18457794189453,
      -18.520090103149414,
      -17.153703689575195,
      -16.00418472290039,
      -16.63487434387207,
      -19.049903869628906,
      -20.17978858947754,
      -21.350271224975586,
      -20.569887161254883
    ],
    [
      -18.0074462890625,
      -19.6471004486084,
      -19.253292083740234,
      -19.400005340576172,
      -19.14609146118164,
      -18.04747200012207,
      -18.861469268798828,
      -20.010395050048828,
      -20.545827865600586,
      -21.688566207885742,
      -22.349536895751953
    ],
    [
      -20.404579162597656,
      -20.735767364501953,
      -21.384817123413086,
      -20.330116271972656,
      -20.359085083007812,
      -19.737285614013672,
      -20.41307258605957,
      -20.759078979492188,
      -21.006729125976562,
      -20.932607650756836,
      -22.32768440246582
    ],
    [
      -20.211063385009766,
      -20.76533317565918,
      -20.377941131591797,
      -20.327383041381836,
      -19.78678321838379,
      -17.274362564086914,
      -17.509675979614258,
      -18.54641342163086,
      -18.910625457763672,
      -20.108489990234375,
      -19.966503143310547
    ],
    [
      -19.87779998779297,
      -19.92953872680664,
      -19.32514762878418,
      -18.110139846801758,
      -18.106613159179688,
      -16.49867820739746,
      -17.429031372070312,
      -17.0362548828125,
      -17.101001739501953,
      -18.02079200744629,
      -15.707056045532227
    ],
    [
      -22.404415130615234,
      -20.043071746826172,
      -19.70148277282715,
      -18.700298309326172,
      -20.339521408081055,
      -18.29194450378418,
      -18.5234375,
      -18.422882080078125,
      -17.982818603515625,
      -18.52326011657715,
      -16.17551040649414
    ],
    [
      -26.438661575317383,
      -21.994794845581055,
      -20.97332000732422,
      -20.07968521118164,
      -23.559234619140625,
      -20.963512420654297,
      -20.380006790161133,
      -20.19273567199707,
      -21.515939712524414,
      -20.061609268188477,
      -18.769269943237305
    ],
    [
      -23.034351348876953,
      -19.84727668762207,
      -17.967580795288086,
      -17.0700626373291,
      -20.310699462890625,
      -20.06195068359375,
      -17.74498748779297,
      -17.145099639892578,
      -19.601781845092773,
      -17.722572326660156,
      -15.350424766540527
    ],
    [
      -28.494014739990234,
      -25.41071128845215,
      -23.736600875854492,
      -23.95499610900879,
      -24.93253517150879,
      -21.38292121887207,
      -23.731773376464844,
      -24.123741149902344,
      -22.5736026763916,
      -22.48857307434082,
      -19.7587947845459
    ],
    [
      -25.177494049072266,
      -28.75174903869629,
      -27.493547439575195,
      -27.462329864501953,
      -27.561296463012695,
      -25.63083839416504,
      -26.72265625,
      -27.86311149597168,
      -26.699731826782227,
      -24.877098083496094,
      -22.78132438659668
    ],
    [
      -30.68829345703125,
      -30.23287010192871,
      -28.838966369628906,
      -28.668542861938477,
      -26.733230590820312,
      -25.43547248840332,
      -30.063980102539062,
      -27.847393035888672,
      -29.015527725219727,
      -26.145305633544922,
      -21.965723037719727
    ],
    [
      -28.100561141967773,
      -30.665271759033203,
      -29.50017547607422,
      -29.11113739013672,
      -29.42824935913086,
      -27.89889144897461,
      -30.638050079345703,
      -30.381229400634766,
      -30.712177276611328,
      -29.914323806762695,
      -27.30113410949707
    ],
    [
      -29.343236923217773,
      -30.537097930908203,
      -30.282062530517578,
      -30.47330665588379,
      -29.867839813232422,
      -28.37451934814453,
      -31.316938400268555,
      -31.89697265625,
      -31.216602325439453,
      -30.688194274902344,
      -32.27366256713867
    ],
    [
      -28.492935180664062,
      -30.446210861206055,
      -30.14558982849121,
      -29.915386199951172,
      -29.4268741607666,
      -27.504629135131836,
      -30.035499572753906,
      -31.00177574157715,
      -30.646648406982422,
      -30.165973663330078,
      -31.964563369750977
    ],
    [
      -30.66918182373047,
      -30.991802215576172,
      -30.759435653686523,
      -30.397493362426758,
      -29.807147979736328,
      -29.426700592041016,
      -30.604860305786133,
      -30.917329788208008,
      -31.296932220458984,
      -32.6640625,
      -37.099185943603516
    ],
    [
      -34.831573486328125,
      -32.518280029296875,
      -30.900131225585938,
      -30.290367126464844,
      -29.236278533935547,
      -27.269451141357422,
      -29.856658935546875,
      -30.691848754882812,
      -31.525814056396484,
      -32.4659309387207,
      -37.22374725341797
    ],
    [
      -34.47599411010742,
      -31.052406311035156,
      -30.188753128051758,
      -29.931678771972656,
      -29.41716194152832,
      -26.69436264038086,
      -30.758996963500977,
      -30.695117950439453,
      -30.047555923461914,
      -29.948833465576172,
      -28.525644302368164
    ],
    [
      -37.15636444091797,
      -33.70405960083008,
      -31.562894821166992,
      -31.172924041748047,
      -31.418415069580078,
      -29.19237518310547,
      -32.75467300415039,
      -30.815935134887695,
      -30.727584838867188,
      -31.119930267333984,
      -36.02071762084961
    ],
    [
      -34.14127731323242,
      -33.21213912963867,
      -31.355941772460938,
      -31.288562774658203,
      -31.0642032623291,
      -29.637834548950195,
      -32.42245101928711,
      -31.05793571472168,
      -31.163957595825195,
      -33.90806579589844,
      -40.0939826965332
    ],
    [
      -30.18083953857422,
      -31.384557723999023,
      -31.408491134643555,
      -31.282669067382812,
      -30.57120132446289,
      -29.264297485351562,
      -31.703977584838867,
      -31.204551696777344,
      -30.996395111083984,
      -31.861522674560547,
      -45.60721969604492
    ],
    [
      -36.82543182373047,
      -33.67803192138672,
      -33.18267822265625,
      -32.598758697509766,
      -31.403501510620117,
      -28.689151763916016,
      -32.72908401489258,
      -32.236324310302734,
      -31.538726806640625,
      -32.690731048583984,
      -44.443668365478516
    ],
    [
      -34.96363067626953,
      -36.25177764892578,
      -32.3009033203125,
      -31.738075256347656,
      -32.31123733520508,
      -30.461015701293945,
      -33.4265022277832,
      -33.16765594482422,
      -32.93565368652344,
      -29.1728572845459,
      -46.97178268432617
    ],
    [
      -33.287723541259766,
      -36.16349792480469,
      -35.33951950073242,
      -33.4190673828125,
      -34.1549072265625,
      -32.53252410888672,
      -34.356571197509766,
      -34.21915054321289,
      -33.82062911987305,
      -38.025611877441406,
      -59.793521881103516
    ],
    [
      -35.45038604736328,
      -36.4722900390625,
      -20.868553161621094,
      -30.857852935791016,
      -36.60776901245117,
      -34.343544006347656,
      -34.71793746948242,
      -33.38868713378906,
      -32.05389404296875,
      -33.220985412597656,
      -48.492462158203125
    ],
    [
      -61.05237579345703,
      -35.29845428466797,
      -25.64434814453125,
      -32.965049743652344,
      -36.49101638793945,
      -33.863433837890625,
      -34.3602294921875,
      -32.27498245239258,
      -30.86939811706543,
      -28.930870056152344,
      -370
    ],
    [
      -44.42490005493164,
      -38.80622482299805,
      -34.11735153198242,
      -35.522438049316406,
      -40.02475357055664,
      -36.630577087402344,
      -36.246158599853516,
      -33.058509826660156,
      -31.896549224853516,
      -33.77028274536133,
      -370
    ],
    [
      -40.607112884521484,
      -37.95933151245117,
      -36.174072265625,
      -37.58740234375,
      -41.218902587890625,
      -38.69980239868164,
      -36.75220489501953,
      -35.01837158203125,
      -33.78315734863281,
      -32.06563186645508,
      -46.461830139160156
    ],
    [
      -35.48768615722656,
      -35.972557067871094,
      -36.639522552490234,
      -37.963382720947266,
      -41.57256317138672,
      -39.36140823364258,
      -37.7933464050293,
      -36.479591369628906,
      -35.29450988769531,
      -35.57228088378906,
      -53.40864562988281
    ],
    [
      -34.52225112915039,
      -36.296241760253906,
      -38.107948303222656,
      -39.8323860168457,
      -41.99293518066406,
      -39.97929382324219,
      -37.22340774536133,
      -35.409156799316406,
      -34.56315994262695,
      -35.66205978393555,
      -48.62979507446289
    ],
    [
      -38.029563903808594,
      -41.90513610839844,
      -41.84909439086914,
      -42.50663375854492,
      -45.491024017333984,
      -44.8087272644043,
      -39.83774948120117,
      -35.92864990234375,
      -34.12568664550781,
      -33.80320358276367,
      -43.98688507080078
    ],
    [
      -49.8966064453125,
      -52.69550323486328,
      -54.91496276855469,
      -51.976470947265625,
      -52.76165771484375,
      -52.317596435546875,
      -48.62741470336914,
      -41.35352325439453,
      -36.64565658569336,
      -34.01215744018555,
      -36.07358169555664
    ],
    [
      -55.02393341064453,
      -57.005123138427734,
      -56.93153381347656,
      -58.82783889770508,
      -59.27172088623047,
      -58.04886245727539,
      -51.636844635009766,
      -44.81724548339844,
      -41.815399169921875,
      -40.48249816894531,
      -40.05461502075195
    ]
  ],
  "histogram": [
    {
      "db": -70,
      "frequency": 0
    },
    {
      "db": -69,
      "frequency": 1
    },
    {
      "db": -68,
      "frequency": 0
    },
    {
      "db": -67,
      "frequency": 0
    },
    {
      "db": -66,
      "frequency": 1
    },
    {
      "db": -65,
      "frequency": 0
    },
    {
      "db": -64,
      "frequency": 0
    },
    {
      "db": -63,
      "frequency": 1
    },
    {
      "db": -62,
      "frequency": 0
    },
    {
      "db": -61,
      "frequency": 0
    },
    {
      "db": -60,
      "frequency": 1
    },
    {
      "db": -59,
      "frequency": 0
    },
    {
      "db": -58,
      "frequency": 0
    },
    {
      "db": -57,
      "frequency": 1
    },
    {
      "db": -56,
      "frequency": 0
    },
    {
      "db": -55,
      "frequency": 1
    },
    {
      "db": -54,
      "frequency": 0
    },
    {
      "db": -53,
      "frequency": 1
    },
    {
      "db": -52,
      "frequency": 0
    },
    {
      "db": -51,
      "frequency": 1
    },
    {
      "db": -50,
      "frequency": 0
    },
    {
      "db": -49,
      "frequency": 1
    },
    {
      "db": -48,
      "frequency": 0
    },
    {
      "db": -47,
      "frequency": 1
    },
    {
      "db": -46,
      "frequency": 1
    },
    {
      "db": -45,
      "frequency": 1
    },
    {
      "db": -44,
      "frequency": 1
    },
    {
      "db": -43,
      "frequency": 1
    },
    {
      "db": -42,
      "frequency": 1
    },
    {
      "db": -41,
      "frequency": 1
    },
    {
      "db": -40,
      "frequency": 1
    },
    {
      "db": -39,
      "frequency": 0
    },
    {
      "db": -38,
      "frequency": 1
    },
    {
      "db": -37,
      "frequency": 1
    },
    {
      "db": -36,
      "frequency": 1
    },
    {
      "db": -35,
      "frequency": 2
    },
    {
      "db": -34,
      "frequency": 0
    },
    {
      "db": -33,
      "frequency": 2
    },
    {
      "db": -32,
      "frequency": 1
    },
    {
      "db": -31,
      "frequency": 2
    },
    {
      "db": -30,
      "frequency": 10
    },
    {
      "db": -29,
      "frequency": 14
    },
    {
      "db": -28,
      "frequency": 23
    },
    {
      "db": -27,
      "frequency": 27
    },
    {
      "db": -26,
      "frequency": 21
    },
    {
      "db": -25,
      "frequency": 54
    },
    {
      "db": -24,
      "frequency": 46
    },
    {
      "db": -23,
      "frequency": 34
    },
    {
      "db": -22,
      "frequency": 31
    },
    {
      "db": -21,
      "frequency": 46
    },
    {
      "db": -20,
      "frequency": 59
    },
    {
      "db": -19,
      "frequency": 63
    },
    {
      "db": -18,
      "frequency": 93
    },
    {
      "db": -17,
      "frequency": 124
    },
    {
      "db": -16,
      "frequency": 202
    },
    {
      "db": -15,
      "frequency": 330
    },
    {
      "db": -14,
      "frequency": 465
    },
    {
      "db": -13,
      "frequency": 488
    },
    {
      "db": -12,
      "frequency": 315
    },
    {
      "db": -11,
      "frequency": 270
    },
    {
      "db": -10,
      "frequency": 370
    },
    {
      "db": -9,
      "frequency": 405
    },
    {
      "db": -8,
      "frequency": 153
    },
    {
      "db": -7,
      "frequency": 44
    },
    {
      "db": -6,
      "frequency": 7
    },
    {
      "db": -5,
      "frequency": 0
    },
    {
      "db": -4,
      "frequency": 0
    },
    {
      "db": -3,
      "frequency": 0
    },
    {
      "db": -2,
      "frequency": 0
    },
    {
      "db": -1,
      "frequency": 0
    },
    {
      "db": 0,
      "frequency": 0
    },
    {
      "db": 1,
      "frequency": 0
    },
    {
      "db": 2,
      "frequency": 0
    },
    {
      "db": 3,
