{
  "acoustic_entropy": 215.45733642578125,
  "bands": [
    {
      "high_freq": 148.1999969482422,
      "loudness": -26.176090240478516,
      "loudness_range": 14.71468734741211,
      "mid_mean": -22.538188934326172,
      "mid_to_side_loudness": -32.346073150634766,
      "mid_to_side_loudness_range": 28.32843780517578,
      "side_mean": -56.42403030395508
    },
    {
      "high_freq": 392.3793640136719,
      "loudness": -25.979021072387695,
      "loudness_range": 11.85085678100586,
      "low_freq": 148.1999969482422,
      "mid_mean": -22.640012741088867,
      "mid_to_side_loudness": -13.071792602539062,
      "mid_to_side_loudness_range": 16.276681900024414,
      "side_mean": -35.831459045410156
    },
    {
      "high_freq": 794.6976318359375,
      "loudness": -28.2877140045166,
      "loudness_range": 15.539295196533203,
      "low_freq": 392.3793640136719,
      "mid_mean": -25.45685577392578,
      "mid_to_side_loudness": -8.544593811035156,
      "mid_to_side_loudness_range": 15.361254692077637,
      "side_mean": -33.884742736816406
    },
    {
      "high_freq": 1457.5709228515625,
      "loudness": -29.10033416748047,
      "loudness_range": 21.656160354614258,
      "low_freq": 794.6976318359375,
      "mid_mean": -26.97616195678711,
      "mid_to_side_loudness": -5.725471496582031,
      "mid_to_side_loudness_range": 16.16438865661621,
      "side_mean": -32.19747543334961
    },
    {
      "high_freq": 2549.74365234375,
      "loudness": -33.1459846496582,
      "loudness_range": 19.894718170166016,
      "low_freq": 1457.5709228515625,
      "mid_mean": -30.720430374145508,
      "mid_to_side_loudness": -6.35200309753418,
      "mid_to_side_loudness_range": 12.576863288879395,
      "side_mean": -36.3176383972168
    },
    {
      "high_freq": 4349.24462890625,
      "loudness": -33.30923843383789,
      "loudness_range": 19.27792739868164,
      "low_freq": 2549.74365234375,
      "mid_mean": -30.792301177978516,
      "mid_to_side_loudness": -6.354425430297852,
      "mid_to_side_loudness_range": 11.216861724853516,
      "side_mean": -36.83400344848633
    },
    {
      "high_freq": 7314.1640625,
      "loudness": -34.09246063232422,
      "loudness_range": 19.740312576293945,
      "low_freq": 4349.24462890625,
      "mid_mean": -31.79216957092285,
      "mid_to_side_loudness": -5.68743371963501,
      "mid_to_side_loudness_range": 10.753946304321289,
      "side_mean": -37.14264678955078
    },
    {
      "high_freq": 12199.2666015625,
      "loudness": -36.880393981933594,
      "loudness_range": 16.201330184936523,
      "low_freq": 7314.1640625,
      "mid_mean": -34.89573669433594,
      "mid_to_side_loudness": -4.245885848999023,
      "mid_to_side_loudness_range": 7.128499507904053,
      "side_mean": -39.43547439575195
    },
    {
      "loudness": -42.97198486328125,
      "loudness_range": 17.08578872680664,
      "low_freq": 12199.2666015625,
      "mid_mean": -41.31490707397461,
      "mid_to_side_loudness": -3.178422451019287,
      "mid_to_side_loudness_range": 4.64065408706665,
      "side_mean": -44.72679901123047
    }
  ],
  "bands_short": [
    {
      "high_freq": 148.1999969482422,
      "loudness": -28.190420150756836,
      "loudness_range": 19.329315185546875,
      "mid_mean": -24.77536392211914,
      "mid_to_side_loudness": -33.46227264404297,
      "mid_to_side_loudness_range": 33.90121841430664,
      "side_mean": -60.493953704833984
    },
    {
      "high_freq": 392.3793640136719,
      "loudness": -25.981225967407227,
      "loudness_range": 14.545633316040039,
      "low_freq": 148.1999969482422,
      "mid_mean": -22.645668029785156,
      "mid_to_side_loudness": -14.197953224182129,
      "mid_to_side_loudness_range": 18.667394638061523,
      "side_mean": -37.00625991821289
    },
    {
      "high_freq": 794.6976318359375,
      "loudness": -28.695453643798828,
      "loudness_range": 17.419525146484375,
      "low_freq": 392.3793640136719,
      "mid_mean": -25.960094451904297,
      "mid_to_side_loudness": -8.43065071105957,
      "mid_to_side_loudness_range": 16.211915969848633,
      "side_mean": -34.41403579711914
    },
    {
      "high_freq": 1457.5709228515625,
      "loudness": -29.584304809570312,
      "loudness_range": 23.065086364746094,
      "low_freq": 794.6976318359375,
      "mid_mean": -27.729440689086914,
      "mid_to_side_loudness": -5.376449108123779,
      "mid_to_side_loudness_range": 17.2227783203125,
      "side_mean": -32.636497497558594
    },
    {
      "high_freq": 2549.74365234375,
      "loudness": -34.30800247192383,
      "loudness_range": 22.913421630859375,
      "low_freq": 1457.5709228515625,
      "mid_mean": -31.929306030273438,
      "mid_to_side_loudness": -6.446038722991943,
      "mid_to_side_loudness_range": 13.961727142333984,
      "side_mean": -37.8470344543457
    },
    {
      "high_freq": 4349.24462890625,
      "loudness": -34.50382995605469,
      "loudness_range": 22.948026657104492,
      "low_freq": 2549.74365234375,
      "mid_mean": -32.05230712890625,
      "mid_to_side_loudness": -6.464019298553467,
      "mid_to_side_loudness_range": 12.481010437011719,
      "side_mean": -38.31037902832031
    },
    {
      "high_freq": 7314.1640625,
      "loudness": -35.99331283569336,
      "loudness_range": 25.638647079467773,
      "low_freq": 4349.24462890625,
      "mid_mean": -33.72316360473633,
      "mid_to_side_loudness": -5.8877105712890625,
      "mid_to_side_loudness_range": 12.891661643981934,
      "side_mean": -39.593936920166016
    },
    {
      "high_freq": 12199.2666015625,
      "loudness": -39.74679946899414,
      "loudness_range": 25.009706497192383,
      "low_freq": 7314.1640625,
      "mid_mean": -38.010841369628906,
      "mid_to_side_loudness": -4.625153541564941,
      "mid_to_side_loudness_range": 9.498275756835938,
      "side_mean": -43.54680633544922
    },
    {
      "loudness": -47.52503204345703,
      "loudness_range": 28.628719329833984,
      "low_freq": 12199.2666015625,
      "mid_mean": -47.623512268066406,
      "mid_to_side_loudness": -3.9877936840057373,
      "mid_to_side_loudness_range": 8.732065200805664,
      "side_mean": -52.50938415527344
    }
  ],
  "bandwidth": 610.2605590820312,
  "channels": 2,
  "covariance": [
    [
      35.531124114990234,
      13.784252166748047,
      12.367110252380371,
      10.747543334960938,
      6.845503330230713,
      16.54012107849121,
      13.197074890136719,
      21.498281478881836,
      9.796377182006836,
      11.086578369140625,
      14.30068588256836,
      16.046234130859375,
      14.271347045898438,
      17.56902313232422,
      7.394468307495117,
      11.293190956115723,
      5.474568843841553,
      7.323348045349121
    ],
    [
      13.784252166748047,
      52.4083251953125,
      11.77706241607666,
      26.333513259887695,
      15.803257942199707,
      24.9097843170166,
      24.466232299804688,
      29.827604293823242,
      23.669281005859375,
      20.774362564086914,
      21.42955207824707,
      22.03362274169922,
      13.10794448852539,
      11.409785270690918,
      -0.7583212852478027,
      2.968208074569702,
      -4.6350417137146,
      -2.492119550704956
    ],
    [
      12.367110252380371,
      11.77706241607666,
      21.167348861694336,
      16.859832763671875,
      10.991082191467285,
      15.941229820251465,
      11.815848350524902,
      14.4064302444458,
      13.773940086364746,
      11.001688957214355,
      14.90855598449707,
      15.844767570495605,
      11.197635650634766,
      10.175374031066895,
      4.982377052307129,
      5.890361309051514,
      3.49007248878479,
      4.666914939880371
    ],
    [
      10.747543334960938,
      26.333513259887695,
      16.859832763671875,
      40.25694274902344,
      19.285829544067383,
      32.92718505859375,
      22.344371795654297,
      31.697053909301758,
      23.840482711791992,
      22.39496612548828,
      20.93012237548828,
      25.888652801513672,
      10.899759292602539,
      11.699739456176758,
      -0.48763129115104675,
      4.693334102630615,
      -2.7968196868896484,
      0.06869331747293472
    ],
    [
      6.845503330230713,
      15.803257942199707,
      10.991082191467285,
      19.285829544067383,
      33.519859313964844,
      27.744901657104492,
      30.145275115966797,
      25.71743392944336,
      30.44864845275879,
      20.36798667907715,
      27.453323364257812,
      21.458568572998047,
      18.241870880126953,
      12.557088851928711,
      5.735333442687988,
      6.205684185028076,
      1.9909417629241943,
      2.660332441329956
    ],
    [
      16.54012107849121,
      24.9097843170166,
      15.941229820251465,
      32.92718505859375,
      27.744901657104492,
      51.69192886352539,
      35.35563278198242,
      50.0272216796875,
      31.306514739990234,
      30.67757225036621,
      28.16167640686035,
      33.18384552001953,
      18.061128616333008,
      21.66916847229004,
      3.2181396484375,
      10.992546081542969,
      1.2583516836166382,
      4.9542670249938965
    ],
    [
      13.197074890136719,
      24.466232299804688,
      11.815848350524902,
      22.344371795654297,
      30.145275115966797,
      35.35563278198242,
      58.41465759277344,
      52.373291015625,
      41.40361404418945,
      31.998519897460938,
      38.47465133666992,
      32.92565155029297,
      25.546297073364258,
      22.12274169921875,
      4.691812992095947,
      8.665007591247559,
      -0.1981576681137085,
      1.8659319877624512
    ],
    [
      21.498281478881836,
      29.827604293823242,
      14.4064302444458,
      31.697053909301758,
      25.71743392944336,
      50.0272216796875,
      52.373291015625,
      83.15480041503906,
      37.948509216308594,
      43.26884078979492,
      35.15598678588867,
      41.713623046875,
      21.45261001586914,
      29.336759567260742,
      2.144214630126953,
      12.56812858581543,
      -2.459876537322998,
      3.0390026569366455
    ],
    [
      9.796377182006836,
      23.669281005859375,
      13.773940086364746,
      23.840482711791992,
      30.44864845275879,
      31.306514739990234,
      41.40361404418945,
      37.948509216308594,
      52.38298034667969,
      35.46372985839844,
      43.61890411376953,
      34.75043487548828,
      31.571496963500977,
      23.408363342285156,
      10.700288772583008,
      10.807771682739258,
      3.575563907623291,
      4.371610641479492
    ],
    [
      11.086578369140625,
      20.774362564086914,
      11.001688957214355,
      22.39496612548828,
      20.36798667907715,
      30.67757225036621,
      31.998519897460938,
      43.26884078979492,
      35.46372985839844,
      44.56137466430664,
      31.094079971313477,
      36.665340423583984,
      21.784198760986328,
      27.60807228088379,
      8.708456039428711,
      15.334866523742676,
      4.52258825302124,
      8.263875007629395
    ],
    [
      14.30068588256836,
      21.42955207824707,
      14.90855598449707,
      20.93012237548828,
      27.453323364257812,
      28.16167640686035,
      38.47465133666992,
      35.15598678588867,
      43.61890411376953,
      31.094079971313477,
      50.79201126098633,
      40.82035827636719,
      39.087711334228516,
      32.17463302612305,
      17.481719970703125,
      17.829849243164062,
      8.446274757385254,
      9.325461387634277
    ],
    [
      16.046234130859375,
      22.03362274169922,
      15.844767570495605,
      25.888652801513672,
      21.458568572998047,
      33.18384552001953,
      32.92565155029297,
      41.713623046875,
      34.75043487548828,
      36.665340423583984,
      40.82035827636719,
      52.6563720703125,
      34.89108657836914,
      40.071170806884766,
      16.06947898864746,
      24.798128128051758,
      10.04676628112793,
      14.67927074432373
    ],
    [
      14.271347045898438,
      13.10794448852539,
      11.197635650634766,
      10.899759292602539,
      18.241870880126953,
      18.061128616333008,
      25.546297073364258,
      21.45261001586914,
      31.571496963500977,
      21.784198760986328,
      39.087711334228516,
      34.89108657836914,
      53.868038177490234,
      40.37660598754883,
      33.853363037109375,
      30.240684509277344,
      24.70128631591797,
      23.059274673461914
    ],
    [
      17.56902313232422,
      11.409785270690918,
      10.175374031066895,
      11.699739456176758,
      12.557088851928711,
      21.66916847229004,
      22.12274169921875,
      29.336759567260742,
      23.408363342285156,
      27.60807228088379,
      32.17463302612305,
      40.071170806884766,
      40.37660598754883,
      51.5872917175293,
      28.345083236694336,
      37.495361328125,
      24.353137969970703,
      29.228513717651367
    ],
    [
      7.394468307495117,
      -0.7583212852478027,
      4.982377052307129,
      -0.48763129115104675,
      5.735333442687988,
      3.2181396484375,
      4.691812992095947,
      2.144214630126953,
      10.700288772583008,
      8.708456039428711,
      17.481719970703125,
      16.06947898864746,
      33.853363037109375,
      28.345083236694336,
      43.396095275878906,
      34.813751220703125,
      37.96110534667969,
      34.16564178466797
    ],
    [
      11.293190956115723,
      2.968208074569702,
      5.890361309051514,
      4.693334102630615,
      6.205684185028076,
      10.992546081542969,
      8.665007591247559,
      12.56812858581543,
      10.807771682739258,
      15.334866523742676,
      17.829849243164062,
      24.798128128051758,
      30.240684509277344,
      37.495361328125,
      34.813751220703125,
      43.81216812133789,
      35.2549934387207,
      39.681060791015625
    ],
    [
      5.474568843841553,
      -4.6350417137146,
      3.49007248878479,
      -2.7968196868896484,
      1.9909417629241943,
      1.2583516836166382,
      -0.1981576681137085,
      -2.459876537322998,
      3.575563907623291,
      4.52258825302124,
      8.446274757385254,
      10.04676628112793,
      24.70128631591797,
      24.353137969970703,
      37.96110534667969,
      35.2549934387207,
      46.33639144897461,
      42.92139434814453
    ],
    [
      7.323348045349121,
      -2.492119550704956,
      4.666914939880371,
      0.06869331747293472,
      2.660332441329956,
      4.9542670249938965,
      1.8659319877624512,
      3.0390026569366455,
      4.371610641479492,
      8.263875007629395,
      9.325461387634277,
      14.67927074432373,
      23.059274673461914,
      29.228513717651367,
      34.16564178466797,
      39.681060791015625,
      42.92139434814453,
      48.61819839477539
    ]
  ],
  "covariance_short": [
    [
      62.51895523071289,
      12.231630325317383,
      17.716943740844727,
      12.86434268951416,
      8.781023025512695,
      17.291088104248047,
      14.646187782287598,
      22.522056579589844,
      11.850312232971191,
      13.268031120300293,
      18.138227462768555,
      21.56694221496582,
      18.61626434326172,
      23.9779052734375,
      12.16648006439209,
      18.32407569885254,
      25.311147689819336,
      26.3834228515625
    ],
    [
      12.231630325317383,
      50.66874313354492,
      12.005400657653809,
      26.880096435546875,
      16.473825454711914,
      23.699676513671875,
      24.17398452758789,
      26.74750328063965,
      24.82343292236328,
      24.252729415893555,
      22.079065322875977,
      23.955787658691406,
      15.178910255432129,
      17.847885131835938,
      7.222604751586914,
      14.005311965942383,
      2.984489917755127,
      15.290794372558594
    ],
    [
      17.716943740844727,
      12.005400657653809,
      28.869558334350586,
      18.963808059692383,
      14.161896705627441,
      18.97486686706543,
      14.704360008239746,
      16.947689056396484,
      16.107276916503906,
      14.639566421508789,
      17.66082763671875,
      19.53881072998047,
      14.550586700439453,
      15.893708229064941,
      9.717435836791992,
      13.294816970825195,
      16.90052032470703,
      21.925344467163086
    ],
    [
      12.86434268951416,
      26.880096435546875,
      18.963808059692383,
      48.61414337158203,
      22.724533081054688,
      36.43171310424805,
      24.88426399230957,
      32.189727783203125,
      27.225757598876953,
      28.172956466674805,
      24.95088005065918,
      32.56957244873047,
      16.371444702148438,
      21.576976776123047,
      7.5529351234436035,
      16.77403450012207,
      1.9455249309539795,
      16.131729125976562
    ],
    [
      8.781023025512695,
      16.473825454711914,
      14.161896705627441,
      22.724533081054688,
      42.09719467163086,
      31.70596694946289,
      34.92123794555664,
      28.186939239501953,
      37.03068923950195,
      27.520832061767578,
      34.39554214477539,
      28.510534286499023,
      26.989736557006836,
      22.56477928161621,
      15.909748077392578,
      18.05543327331543,
      15.591444969177246,
      20.480186462402344
    ],
    [
      17.291088104248047,
      23.699676513671875,
      18.97486686706543,
      36.43171310424805,
      31.70596694946289,
      57.39805603027344,
      38.960147857666016,
      50.91072463989258,
      36.695396423339844,
      37.9114990234375,
      33.900428771972656,
      41.467533111572266,
      26.075458526611328,
      32.430564880371094,
      12.856050491333008,
      23.918197631835938,
      15.246907234191895,
      28.89899253845215
    ],
    [
      14.646187782287598,
      24.17398452758789,
      14.704360008239746,
      24.88426399230957,
      34.92123794555664,
      38.960147857666016,
      68.25566101074219,
      55.27713394165039,
      48.4320068359375,
      39.79938507080078,
      46.232601165771484,
      41.46853256225586,
      36.064002990722656,
      35.15401077270508,
      18.280424118041992,
      25.041566848754883,
      21.09854507446289,
      26.99833869934082
    ],
    [
      22.522056579589844,
      26.74750328063965,
      16.947689056396484,
      32.189727783203125,
      28.186939239501953,
      50.91072463989258,
      55.27713394165039,
      88.59671783447266,
      42.99734115600586,
      49.69217300415039,
      39.82225036621094,
      49.17042922973633,
      29.362831115722656,
      42.4824104309082,
      14.64844799041748,
      29.796316146850586,
      19.12657356262207,
      27.897197723388672
    ],
    [
      11.850312232971191,
      24.82343292236328,
      16.107276916503906,
      27.225757598876953,
      37.03068923950195,
      36.695396423339844,
      48.4320068359375,
      42.99734115600586,
      65.87187957763672,
      47.245330810546875,
      54.16943359375,
      45.73929214477539,
      44.85396194458008,
      40.26322937011719,
      27.465238571166992,
      31.577245712280273,
      26.238243103027344,
      32.61601257324219
    ],
    [
      13.268031120300293,
      24.252729415893555,
      14.639566421508789,
      28.172956466674805,
      27.520832061767578,
      37.9114990234375,
      39.79938507080078,
      49.69217300415039,
      47.245330810546875,
      61.83419418334961,
      41.20390701293945,
      49.6126594543457,
      35.56575393676758,
      46.716651916503906,
      25.842275619506836,
      38.632171630859375,
      26.311599731445312,
      33.593421936035156
    ],
    [
      18.138227462768555,
      22.079065322875977,
      17.66082763671875,
      24.95088005065918,
      34.39554214477539,
      33.900428771972656,
      46.232601165771484,
      39.82225036621094,
      54.16943359375,
      41.20390701293945,
      68.57341766357422,
      54.906517028808594,
      58.72209930419922,
      53.35213088989258,
      40.852081298828125,
      44.88192367553711,
      43.52301025390625,
      46.28129196166992
    ],
    [
      21.56694221496582,
      23.955787658691406,
      19.53881072998047,
      32.56957244873047,
      28.510534286499023,
      41.467533111572266,
      41.46853256225586,
      49.17042922973633,
      45.73929214477539,
      49.6126594543457,
      54.906517028808594,
      70.8771743774414,
      51.54103469848633,
      63.93886184692383,
      37.20943832397461,
      54.170291900634766,
      41.7143440246582,
      53.25214767456055
    ],
    [
      18.61626434326172,
      15.178910255432129,
      14.550586700439453,
      16.371444702148438,
      26.989736557006836,
      26.075458526611328,
      36.064002990722656,
      29.362831115722656,
      44.85396194458008,
      35.56575393676758,
      58.72209930419922,
      51.54103469848633,
      82.75044250488281,
      67.55195617675781,
      66.3695068359375,
      64.71211242675781,
      70.14530181884766,
      67.38068389892578
    ],
    [
      23.9779052734375,
      17.847885131835938,
      15.893708229064941,
      21.576976776123047,
      22.56477928161621,
      32.430564880371094,
      35.15401077270508,
      42.4824104309082,
      40.26322937011719,
      46.716651916503906,
      53.35213088989258,
      63.93886184692383,
      67.55195617675781,
      88.37395477294922,
      60.303775787353516,
      80.74287414550781,
      70.97205352783203,
      78.5589599609375
    ],
    [
      12.16648006439209,
      7.222604751586914,
      9.717435836791992,
      7.5529351234436035,
      15.909748077392578,
      12.856050491333008,
      18.280424118041992,
      14.64844799041748,
      27.465238571166992,
      25.842275619506836,
      40.852081298828125,
      37.20943832397461,
      66.3695068359375,
      60.303775787353516,
      85.83479309082031,
      74.79329681396484,
      82.65320587158203,
      74.52066040039062
    ],
    [
      18.32407569885254,
      14.005311965942383,
      13.294816970825195,
      16.77403450012207,
      18.05543327331543,
      23.918197631835938,
      25.041566848754883,
      29.796316146850586,
      31.577245712280273,
      38.632171630859375,
      44.88192367553711,
      54.170291900634766,
      64.71211242675781,
      80.74287414550781,
      74.79329681396484,
      99.18778228759766,
      86.94766235351562,
      94.80309295654297
    ],
    [
      25.311147689819336,
      2.984489917755127,
      16.90052032470703,
      1.9455249309539795,
      15.591444969177246,
      15.246907234191895,
      21.09854507446289,
      19.12657356262207,
      26.238243103027344,
      26.311599731445312,
      43.52301025390625,
      41.7143440246582,
      70.14530181884766,
      70.97205352783203,
      82.65320587158203,
      86.94766235351562,
      122.563720703125,
      111.5401611328125
    ],
    [
      26.3834228515625,
      15.290794372558594,
      21.925344467163086,
      16.131729125976562,
      20.480186462402344,
      28.89899253845215,
      26.99833869934082,
      27.897197723388672,
      32.61601257324219,
      33.593421936035156,
      46.28129196166992,
      53.25214767456055,
      67.38068389892578,
      78.5589599609375,
      74.52066040039062,
      94.80309295654297,
      111.5401611328125,
      128.29006958007812
    ]
  ],
  "damage": -10.947574615478516,
  "diff_bandwidth": 647.6564331054688,
  "dissonance": 8.177121772057376,
  "drr": 14.510698318481445,
  "dynamics": 3.6967661380767822,
  "format": 65538,
  "frames": 16633344,
  "freq_pan_to_db": [
    [
      -34.73292922973633,
      -32.172943115234375,
      -31.592618942260742,
      -26.773271560668945,
      -19.277841567993164,
      -14.744819641113281,
      -20.30975914001465,
      -25.430973052978516,
      -29.481529235839844,
      -34.422447204589844,
      -37.4926872253418
    ],
    [
      -30.87655258178711,
      -29.074357986450195,
      -25.704927444458008,
      -23.043720245361328,
      -17.369470596313477,
      -14.565760612487793,
      -17.956205368041992,
      -21.279932022094727,
      -24.474851608276367,
      -26.933292388916016,
      -32.352439880371094
    ],
    [
      -33.80964660644531,
      -28.837617874145508,
      -27.790210723876953,
      -25.35961151123047,
      -19.810565948486328,
      -15.508410453796387,
      -18.46601676940918,
      -22.67916488647461,
      -24.663217544555664,
      -29.638954162597656,
      -37.67075729370117
    ],
    [
      -34.65678787231445,
      -30.836217880249023,
      -27.490604400634766,
      -23.46162986755371,
      -20.324804306030273,
      -18.00928497314453,
      -21.04873275756836,
      -24.016998291015625,
      -27.345233917236328,
      -29.54908561706543,
      -33.21327590942383
    ],
    [
      -28.428129196166992,
      -25.83138656616211,
      -23.92563819885254,
      -21.781368255615234,
      -19.43990707397461,
      -17.827722549438477,
      -18.905426025390625,
      -21.002309799194336,
      -22.729915618896484,
      -24.930463790893555,
      -26.57467269897461
    ],
    [
      -24.700769424438477,
      -23.385639190673828,
      -22.0983829498291,
      -21.146068572998047,
      -19.766027450561523,
      -17.7728271484375,
      -18.805320739746094,
      -20.65777015686035,
      -22.037940979003906,
      -23.560762405395508,
      -24.159767150878906
    ],
    [
      -24.622350692749023,
      -23.76633071899414,
      -21.90143585205078,
      -21.237506866455078,
      -19.701313018798828,
      -17.25467872619629,
      -18.92574119567871,
      -21.02327537536621,
      -22.733495712280273,
      -23.827016830444336,
      -24.02863883972168
    ],
    [
      -23.836814880371094,
      -23.795522689819336,
      -22.76263999938965,
      -21.231094360351562,
      -18.401945114135742,
      -17.697124481201172,
      -19.664506912231445,
      -21.735530853271484,
      -22.16872215270996,
      -22.978900909423828,
      -23.452638626098633
    ],
    [
      -26.2219181060791,
      -25.45635986328125,
      -23.80241584777832,
      -21.626436233520508,
      -20.685564041137695,
      -20.8875675201416,
      -23.183380126953125,
      -24.90432357788086,
      -25.980722427368164,
      -26.432661056518555,
      -27.717988967895508
    ],
    [
      -23.41613006591797,
      -23.17430877685547,
      -22.89666748046875,
      -21.030744552612305,
      -18.708667755126953,
      -18.927688598632812,
      -21.65611457824707,
      -23.19537925720215,
      -22.64826202392578,
      -23.514678955078125,
      -25.410261154174805
    ],
    [
      -21.378765106201172,
      -22.607234954833984,
      -23.017223358154297,
      -21.1832218170166,
      -19.875242233276367,
      -18.70025634765625,
      -19.33763885498047,
      -21.79376220703125,
      -22.718326568603516,
      -24.38837432861328,
      -23.33491325378418
    ],
    [
      -20.705265045166016,
      -22.331886291503906,
      -21.935760498046875,
      -22.11139488220215,
      -21.875776290893555,
      -20.711776733398438,
      -21.56723976135254,
      -22.746057510375977,
      -23.202192306518555,
      -24.43765640258789,
      -25.153223037719727
    ],
    [
      -23.067873001098633,
      -23.51603889465332,
      -24.107929229736328,
      -23.038915634155273,
      -23.07948112487793,
      -22.40862274169922,
      -23.128662109375,
      -23.514707565307617,
      -23.65441131591797,
      -23.66938018798828,
      -25.13457679748535
    ],
    [
      -22.9345760345459,
      -23.449838638305664,
      -23.050004959106445,
      -23.029016494750977,
      -22.504587173461914,
      -19.95943260192871,
      -20.19746971130371,
      -21.272558212280273,
      -21.666034698486328,
      -22.925050735473633,
      -22.651996612548828
    ],
    [
      -22.50712013244629,
      -22.67131233215332,
      -21.99026870727539,
      -20.84572410583496,
      -20.846559524536133,
      -19.154499053955078,
      -20.12372398376465,
      -19.722900390625,
      -19.839374542236328,
      -20.802858352661133,
      -18.364286422729492
    ],
    [
      -25.14580535888672,
      -22.711200714111328,
      -22.412883758544922,
      -21.4310245513916,
      -23.01325035095215,
      -20.977481842041016,
      -21.216447830200195,
      -21.115734100341797,
      -20.73094367980957,
      -21.192537307739258,
      -18.86083984375
    ],
    [
      -29.174097061157227,
      -24.61973762512207,
      -23.68694305419922,
      -22.78970718383789,
      -26.25592803955078,
      -23.634523391723633,
      -23.062467575073242,
      -22.933238983154297,
      -24.26494026184082,
      -22.731842041015625,
      -21.490694046020508
    ],
    [
      -25.72603416442871,
      -22.524314880371094,
      -20.668649673461914,
      -19.76567268371582,
      -22.985885620117188,
      -22.693805694580078,
      -20.439085006713867,
      -19.808515548706055,
      -22.33792495727539,
      -20.469318389892578,
      -18.075490951538086
    ],
    [
      -31.164621353149414,
      -28.213476181030273,
      -26.455020904541016,
      -26.62841796875,
      -27.665048599243164,
      -24.010461807250977,
      -26.424556732177734,
      -26.788578033447266,
      -25.31719970703125,
      -25.202457427978516,
      -22.436670303344727
    ],
    [
      -27.87903594970703,
      -31.449810028076172,
      -30.2023868560791,
      -30.16265106201172,
      -30.24875831604004,
      -28.310916900634766,
      -29.385465621948242,
      -30.45451545715332,
      -29.479930877685547,
      -27.54769515991211,
      -25.70970344543457
    ],
    [
      -33.47502899169922,
      -32.79403305053711,
      -31.603424072265625,
      -31.314952850341797,
      -29.332447052001953,
      -28.11968994140625,
      -32.73579406738281,
      -30.51900863647461,
      -31.735431671142578,
      -28.902986526489258,
      -24.615123748779297
    ],
    [
      -30.843759536743164,
      -33.37846755981445,
      -32.21146011352539,
      -31.83734130859375,
      -32.050907135009766,
      -30.58817481994629,
      -33.40138244628906,
      -33.04997253417969,
      -33.299888610839844,
      -32.62263870239258,
      -30.17767333984375
    ],
    [
      -32.02325439453125,
      -33.23500442504883,
      -32.958248138427734,
      -33.06989669799805,
      -32.56556701660156,
      -31.062665939331055,
      -34.07965850830078,
      -34.53031921386719,
      -33.86181640625,
      -33.36602783203125,
      -35.075931549072266
    ],
    [
      -31.03218650817871,
      -33.04170608520508,
      -32.91981887817383,
      -32.54695129394531,
      -32.08372497558594,
      -30.191438674926758,
      -32.782962799072266,
      -33.70952606201172,
      -33.31805419921875,
      -32.8502311706543,
      -34.395118713378906
    ],
    [
      -33.38249969482422,
      -33.71241760253906,
      -33.462162017822266,
      -33.069923400878906,
      -32.54460525512695,
      -32.071475982666016,
      -33.310123443603516,
      -33.60981750488281,
      -34.08769226074219,
      -35.271968841552734,
      -39.75423049926758
    ],
    [
      -37.58058547973633,
      -35.18655776977539,
      -33.59699630737305,
      -32.9838752746582,
      -31.903623580932617,
      -29.932565689086914,
      -32.522926330566406,
      -33.40861129760742,
      -34.22369384765625,
      -35.203453063964844,
      -39.95074462890625
    ],
    [
      -37.1208610534668,
      -33.73095703125,
      -33.000732421875,
      -32.544857025146484,
      -32.08217239379883,
      -29.3494873046875,
      -33.470191955566406,
      -33.36548614501953,
      -32.790504455566406,
      -32.72734069824219,
      -31.250648498535156
    ],
    [
      -39.82072830200195,
      -36.46711730957031,
      -34.2637825012207,
      -33.890113830566406,
      -34.11543273925781,
      -31.838701248168945,
      -35.44233703613281,
      -33.52237319946289,
      -33.473297119140625,
      -33.84288024902344,
      -40.47072219848633
    ],
    [
      -36.1515998840332,
      -35.926300048828125,
      -34.12950897216797,
      -33.99165725708008,
      -33.758724212646484,
      -32.27755355834961,
      -35.10547637939453,
      -33.76056671142578,
      -33.90068817138672,
      -36.6637077331543,
      -42.65861511230469
    ],
    [
      -32.70819091796875,
      -34.13026428222656,
      -34.13465881347656,
      -34.013973236083984,
      -33.25950622558594,
      -31.925025939941406,
      -34.40272903442383,
      -33.89924240112305,
      -33.67747116088867,
      -34.481536865234375,
      -48.068180084228516
    ],
    [
      -37.56243133544922,
      -36.27053451538086,
      -35.927242279052734,
      -35.315521240234375,
      -34.08834457397461,
      -31.341373443603516,
      -35.430049896240234,
      -34.92627716064453,
      -34.35267639160156,
      -35.45086669921875,
      -46.662818908691406
    ],
    [
      -38.00907516479492,
      -38.44095230102539,
      -35.05348587036133,
      -34.44077682495117,
      -35.02603530883789,
      -33.12165832519531,
      -36.129940032958984,
      -35.91802215576172,
      -35.61531066894531,
      -31.58542823791504,
      -60.055992126464844
    ],
    [
      -65.92033386230469,
      -38.82628631591797,
      -38.04450988769531,
      -36.111358642578125,
      -36.86360549926758,
      -35.20048522949219,
      -37.073917388916016,
      -36.902000427246094,
      -36.51300048828125,
      -39.75839614868164,
      -64.63319396972656
    ],
    [
      -38.17607498168945,
      -38.66908264160156,
      -23.528881072998047,
      -33.54798126220703,
      -39.304168701171875,
      -37.02250671386719,
      -37.44483947753906,
      -36.11301040649414,
      -34.691097259521484,
      -35.79864501953125,
      -51.2131462097168
    ],
    [
      -63.784969329833984,
      -37.43849563598633,
      -28.42549705505371,
      -35.60089874267578,
      -39.200721740722656,
      -36.5446662902832,
      -37.071014404296875,
      -34.98778533935547,
      -33.575355529785156,
      -31.557178497314453,
      -36.31891632080078
    ],
    [
      -47.15052795410156,
      -41.6378059387207,
      -36.764671325683594,
      -38.1089973449707,
      -42.78015899658203,
      -39.34925079345703,
      -38.97695541381836,
      -35.75287628173828,
      -34.58757400512695,
      -36.03451919555664,
      -370
    ],
    [
      -42.95375061035156,
      -40.4550666809082,
      -38.71101379394531,
      -40.278602600097656,
      -43.9844856262207,
      -41.410003662109375,
      -39.503421783447266,
      -37.72240447998047,
      -36.407535552978516,
      -34.23805236816406,
      -49.18743896484375
    ],
    [
      -37.456912994384766,
      -38.593910217285156,
      -39.142578125,
      -40.747474670410156,
      -44.33701705932617,
      -42.122379302978516,
      -40.465789794921875,
      -39.14491653442383,
      -37.767032623291016,
      -37.950706481933594,
      -56.14424133300781
    ],
    [
      -37.63730239868164,
      -38.51142883300781,
      -40.69697189331055,
      -42.60103225708008,
      -44.76081466674805,
      -42.702781677246094,
      -39.92428970336914,
      -38.110591888427734,
      -37.13068389892578,
      -37.87340545654297,
      -51.35489273071289
    ],
    [
      -40.99677658081055,
      -44.14641189575195,
      -43.89072799682617,
      -45.44890594482422,
      -48.15995407104492,
      -47.57838821411133,
      -42.54886245727539,
      -38.65288543701172,
      -36.797996520996094,
      -36.47687530517578,
      -46.70948028564453
    ],
    [
      -52.61924362182617,
      -54.87466812133789,
      -56.951866149902344,
      -54.37575912475586,
      -55.30609893798828,
      -55.1118049621582,
      -51.343109130859375,
      -44.09610366821289,
      -39.36011505126953,
      -36.668418884277344,
      -38.772891998291016
    ],
    [
      -57.8511848449707,
      -60.54802703857422,
      -59.47341537475586,
      -61.49957275390625,
      -62.000022888183594,
      -60.75026321411133,
      -54.33041000366211,
      -47.542213439941406,
      -44.54376220703125,
      -43.0960578918457,
      -57.35995864868164
    ]
  ],
  "histogram": [
    {
      "db": -70,
      "frequency": 0
    },
    {
      "db": -69,
      "frequency": 0
    },
    {
      "db": -68,
      "frequency": 1
    },
    {
      "db": -67,
      "frequency": 0
    },
    {
      "db": -66,
      "frequency": 1
    },
    {
      "db": -65,
      "frequency": 0
    },
    {
      "db": -64,
      "frequency": 0
    },
    {
      "db": -63,
      "frequency": 1
    },
    {
      "db": -62,
      "frequency": 0
    },
    {
      "db": -61,
      "frequency": 0
    },
    {
      "db": -60,
      "frequency": 0
    },
    {
      "db": -59,
      "frequency": 1
    },
    {
      "db": -58,
      "frequency": 0
    },
    {
      "db": -57,
      "frequency": 1
    },
    {
      "db": -56,
      "frequency": 0
    },
    {
      "db": -55,
      "frequency": 1
    },
    {
      "db": -54,
      "frequency": 0
    },
    {
      "db": -53,
      "frequency": 1
    },
    {
      "db": -52,
      "frequency": 1
    },
    {
      "db": -51,
      "frequency": 0
    },
    {
      "db": -50,
      "frequency": 1
    },
    {
      "db": -49,
      "frequency": 1
    },
    {
      "db": -48,
      "frequency": 0
    },
    {
      "db": -47,
      "frequency": 1
    },
    {
      "db": -46,
      "frequency": 1
    },
    {
      "db": -45,
      "frequency": 1
    },
    {
      "db": -44,
      "frequency": 2
    },
    {
      "db": -43,
      "frequency": 0
    },
    {
      "db": -42,
      "frequency": 1
    },
    {
      "db": -41,
      "frequency": 0
    },
    {
      "db": -40,
      "frequency": 2
    },
    {
      "db": -39,
      "frequency": 1
    },
    {
      "db": -38,
      "frequency": 2
    },
    {
      "db": -37,
      "frequency": 0
    },
    {
      "db": -36,
      "frequency": 2
    },
    {
      "db": -35,
      "frequency": 1
    },
    {
      "db": -34,
      "frequency": 2
    },
    {
      "db": -33,
      "frequency": 7
    },
    {
      "db": -32,
      "frequency": 13
    },
    {
      "db": -31,
      "frequency": 18
    },
    {
      "db": -30,
      "frequency": 33
    },
    {
      "db": -29,
      "frequency": 20
    },
    {
      "db": -28,
      "frequency": 44
    },
    {
      "db": -27,
      "frequency": 53
    },
    {
      "db": -26,
      "frequency": 31
    },
    {
      "db": -25,
      "frequency": 31
    },
    {
      "db": -24,
      "frequency": 42
    },
    {
      "db": -23,
      "frequency": 61
    },
    {
      "db": -22,
      "frequency": 56
    },
    {
      "db": -21,
      "frequency": 88
    },
    {
      "db": -20,
      "frequency": 103
    },
    {
      "db": -19,
      "frequency": 182
    },
    {
      "db": -18,
      "frequency": 284
    },
    {
      "db": -17,
      "frequency": 431
    },
    {
      "db": -16,
      "frequency": 494
    },
    {
      "db": -15,
      "frequency": 373
    },
    {
      "db": -14,
      "frequency": 264
    },
    {
      "db": -13,
      "frequency": 343
    },
    {
      "db": -12,
      "frequency": 400
    },
    {
      "db": -11,
      "frequency": 236
    },
    {
      "db": -10,
      "frequency": 59
    },
    {
      "db": -9,
      "frequency": 28
    },
    {
      "db": -8,
      "frequency": 0
    },
    {
      "db": -7,
      "frequency": 0
    },
    {
      "db": -6,
      "frequency": 0
    },
    {
      "db": -5,
      "frequency": 0
    },
    {
      "db": -4,
      "frequency": 0
    },
    {
      "db": -3,
      "frequency": 0
    },
    {
      "db": -2,
      "frequency": 0
    },
    {
      "db": -1,
      "frequency": 0
    },
    {
      "db": 0,
      "frequency": 0
    },
    {
      "db": 1,
      "frequency": 0
    },
    {
      "db": 2,
      "frequency": 0
    },
    {
      "db": 3,
      "frequency": 0
    },
    {
      "db": 4,
      "frequency": 0
