{
  "acoustic_entropy": 216.00465393066406,
  "bands": [
    {
      "high_freq": 148.1999969482422,
      "loudness": -22.54100799560547,
      "loudness_range": 14.611490249633789,
      "mid_mean": -18.903926849365234,
      "mid_to_side_loudness": -31.950746536254883,
      "mid_to_side_loudness_range": 27.877012252807617,
      "side_mean": -52.78750991821289
    },
    {
      "high_freq": 392.3793640136719,
      "loudness": -22.123743057250977,
      "loudness_range": 11.57370376586914,
      "low_freq": 148.1999969482422,
      "mid_mean": -18.788433074951172,
      "mid_to_side_loudness": -13.022309303283691,
      "mid_to_side_loudness_range": 16.279109954833984,
      "side_mean": -31.93208885192871
    },
    {
      "high_freq": 794.6976318359375,
      "loudness": -24.38553237915039,
      "loudness_range": 15.331930160522461,
      "low_freq": 392.3793640136719,
      "mid_mean": -21.562931060791016,
      "mid_to_side_loudness": -8.530302047729492,
      "mid_to_side_loudness_range": 15.368584632873535,
      "side_mean": -29.973583221435547
    },
    {
      "high_freq": 1457.5709228515625,
      "loudness": -25.190122604370117,
      "loudness_range": 21.486391067504883,
      "low_freq": 794.6976318359375,
      "mid_mean": -23.069005966186523,
      "mid_to_side_loudness": -5.7146406173706055,
      "mid_to_side_loudness_range": 16.108949661254883,
      "side_mean": -28.287559509277344
    },
    {
      "high_freq": 2549.74365234375,
      "loudness": -29.245567321777344,
      "loudness_range": 19.772979736328125,
      "low_freq": 1457.5709228515625,
      "mid_mean": -26.81378173828125,
      "mid_to_side_loudness": -6.3534440994262695,
      "mid_to_side_loudness_range": 12.520284652709961,
      "side_mean": -32.416133880615234
    },
    {
      "high_freq": 4349.24462890625,
      "loudness": -29.41451644897461,
      "loudness_range": 19.1103572845459,
      "low_freq": 2549.74365234375,
      "mid_mean": -26.886192321777344,
      "mid_to_side_loudness": -6.362737655639648,
      "mid_to_side_loudness_range": 11.188098907470703,
      "side_mean": -32.9288330078125
    },
    {
      "high_freq": 7314.1640625,
      "loudness": -30.232311248779297,
      "loudness_range": 19.601633071899414,
      "low_freq": 4349.24462890625,
      "mid_mean": -27.89128875732422,
      "mid_to_side_loudness": -5.688374996185303,
      "mid_to_side_loudness_range": 10.698299407958984,
      "side_mean": -33.242347717285156
    },
    {
      "high_freq": 12199.2666015625,
      "loudness": -33.01521301269531,
      "loudness_range": 16.190462112426758,
      "low_freq": 7314.1640625,
      "mid_mean": -31.01280403137207,
      "mid_to_side_loudness": -4.253798484802246,
      "mid_to_side_loudness_range": 7.102578163146973,
      "side_mean": -35.54549789428711
    },
    {
      "loudness": -39.1245231628418,
      "loudness_range": 17.037626266479492,
      "low_freq": 12199.2666015625,
      "mid_mean": -37.425079345703125,
      "mid_to_side_loudness": -3.189617156982422,
      "mid_to_side_loudness_range": 4.657526969909668,
      "side_mean": -40.780601501464844
    }
  ],
  "bands_short": [
    {
      "high_freq": 148.1999969482422,
      "loudness": -24.63139533996582,
      "loudness_range": 19.634254455566406,
      "mid_mean": -21.147336959838867,
      "mid_to_side_loudness": -33.1381721496582,
      "mid_to_side_loudness_range": 33.70415496826172,
      "side_mean": -57.35809326171875
    },
    {
      "high_freq": 392.3793640136719,
      "loudness": -22.106876373291016,
      "loudness_range": 14.313079833984375,
      "low_freq": 148.1999969482422,
      "mid_mean": -18.772830963134766,
      "mid_to_side_loudness": -14.160896301269531,
      "mid_to_side_loudness_range": 18.633628845214844,
      "side_mean": -33.09718704223633
    },
    {
      "high_freq": 794.6976318359375,
      "loudness": -24.788818359375,
      "loudness_range": 17.297222137451172,
      "low_freq": 392.3793640136719,
      "mid_mean": -22.05400276184082,
      "mid_to_side_loudness": -8.419970512390137,
      "mid_to_side_loudness_range": 16.19789695739746,
      "side_mean": -30.503292083740234
    },
    {
      "high_freq": 1457.5709228515625,
      "loudness": -25.681886672973633,
      "loudness_range": 22.9615478515625,
      "low_freq": 794.6976318359375,
      "mid_mean": -23.825273513793945,
      "mid_to_side_loudness": -5.372183799743652,
      "mid_to_side_loudness_range": 17.211132049560547,
      "side_mean": -28.72392463684082
    },
    {
      "high_freq": 2549.74365234375,
      "loudness": -30.386510848999023,
      "loudness_range": 22.699827194213867,
      "low_freq": 1457.5709228515625,
      "mid_mean": -28.01178741455078,
      "mid_to_side_loudness": -6.442663669586182,
      "mid_to_side_loudness_range": 13.952431678771973,
      "side_mean": -33.913475036621094
    },
    {
      "high_freq": 4349.24462890625,
      "loudness": -30.582334518432617,
      "loudness_range": 22.792280197143555,
      "low_freq": 2549.74365234375,
      "mid_mean": -28.136442184448242,
      "mid_to_side_loudness": -6.466039657592773,
      "mid_to_side_loudness_range": 12.4776611328125,
      "side_mean": -34.38052749633789
    },
    {
      "high_freq": 7314.1640625,
      "loudness": -32.12664031982422,
      "loudness_range": 25.590002059936523,
      "low_freq": 4349.24462890625,
      "mid_mean": -29.814088821411133,
      "mid_to_side_loudness": -5.893321514129639,
      "mid_to_side_loudness_range": 12.890634536743164,
      "side_mean": -35.66226577758789
    },
    {
      "high_freq": 12199.2666015625,
      "loudness": -35.915626525878906,
      "loudness_range": 25.126644134521484,
      "low_freq": 7314.1640625,
      "mid_mean": -34.104209899902344,
      "mid_to_side_loudness": -4.634294033050537,
      "mid_to_side_loudness_range": 9.505574226379395,
      "side_mean": -39.562461853027344
    },
    {
      "loudness": -43.78602981567383,
      "loudness_range": 28.95001792907715,
      "low_freq": 12199.2666015625,
      "mid_mean": -42.36763000488281,
      "mid_to_side_loudness": -3.9931485652923584,
      "mid_to_side_loudness_range": 8.735017776489258,
      "side_mean": -48.419898986816406
    }
  ],
  "bandwidth": 619.48681640625,
  "channels": 2,
  "covariance": [
    [
      35.49819564819336,
      14.495774269104004,
      12.074907302856445,
      10.40557861328125,
      6.602941989898682,
      16.223360061645508,
      12.663633346557617,
      21.01647186279297,
      9.264274597167969,
      10.589774131774902,
      13.815831184387207,
      15.548678398132324,
      13.687952041625977,
      17.16983413696289,
      7.048715591430664,
      10.733675956726074,
      5.112887859344482,
      6.357132434844971
    ],
    [
      14.495774269104004,
      60.02421569824219,
      12.788739204406738,
      28.83673667907715,
      18.27814292907715,
      28.40077018737793,
      27.59842300415039,
      33.31594467163086,
      26.98106575012207,
      23.243783950805664,
      24.386104583740234,
      24.99018096923828,
      15.656586647033691,
      13.192977905273438,
      0.1640928089618683,
      4.043552398681641,
      -3.7929677963256836,
      -2.0159831047058105
    ],
    [
      12.074907302856445,
      12.788739204406738,
      20.64209747314453,
      16.39520835876465,
      10.559211730957031,
      15.38031005859375,
      11.02326488494873,
      13.599762916564941,
      12.987061500549316,
      10.263379096984863,
      14.116401672363281,
      15.034988403320312,
      10.460023880004883,
      9.494420051574707,
      4.5564188957214355,
      5.407165050506592,
      3.1337687969207764,
      4.034040451049805
    ],
    [
      10.40557861328125,
      28.83673667907715,
      16.39520835876465,
      39.964141845703125,
      19.015424728393555,
      32.607139587402344,
      21.85860824584961,
      31.340723037719727,
      23.37001609802246,
      21.99616241455078,
      20.45062828063965,
      25.39556312561035,
      10.427210807800293,
      11.292439460754395,
      -0.8371677398681641,
      4.30928897857666,
      -3.1057324409484863,
      -0.2287561297416687
    ],
    [
      6.602941989898682,
      18.27814292907715,
      10.559211730957031,
      19.015424728393555,
      33.072486877441406,
      27.34998321533203,
      29.466707229614258,
      25.162906646728516,
      29.80199432373047,
      19.91562271118164,
      26.830678939819336,
      20.920574188232422,
      17.658700942993164,
      12.155698776245117,
      5.399989604949951,
      5.902071475982666,
      1.787340521812439,
      2.1803319454193115
    ],
    [
      16.223360061645508,
      28.40077018737793,
      15.38031005859375,
      32.607139587402344,
      27.34998321533203,
      51.28495407104492,
      34.75829315185547,
      49.62580871582031,
      30.747207641601562,
      30.218955993652344,
      27.61061668395996,
      32.620574951171875,
      17.53617286682129,
      21.25303840637207,
      2.8646326065063477,
      10.522965431213379,
      0.8857783675193787,
      4.26086950302124
    ],
    [
      12.663633346557617,
      27.59842300415039,
      11.02326488494873,
      21.85860824584961,
      29.466707229614258,
      34.75829315185547,
      57.50986099243164,
      51.68980407714844,
      40.59035873413086,
      31.433574676513672,
      37.6596565246582,
      32.24708557128906,
      24.706960678100586,
      21.56139373779297,
      4.074918270111084,
      8.150907516479492,
      -0.9591581225395203,
      0.8112593293190002
    ],
    [
      21.01647186279297,
      33.31594467163086,
      13.599762916564941,
      31.340723037719727,
      25.162906646728516,
      49.62580871582031,
      51.68980407714844,
      82.67672729492188,
      37.30210494995117,
      42.841339111328125,
      34.518802642822266,
      41.22000503540039,
      20.79660415649414,
      28.872713088989258,
      1.6344962120056152,
      11.9239501953125,
      -3.2744436264038086,
      1.705606460571289
    ],
    [
      9.264274597167969,
      26.98106575012207,
      12.987061500549316,
      23.37001609802246,
      29.80199432373047,
      30.747207641601562,
      40.59035873413086,
      37.30210494995117,
      51.57838821411133,
      34.85268783569336,
      42.812156677246094,
      34.00163650512695,
      30.758499145507812,
      22.838367462158203,
      10.109241485595703,
      10.297937393188477,
      2.858576774597168,
      3.318037748336792
    ],
    [
      10.589774131774902,
      23.243783950805664,
      10.263379096984863,
      21.99616241455078,
      19.91562271118164,
      30.218955993652344,
      31.433574676513672,
      42.841339111328125,
      34.85268783569336,
      43.98121643066406,
      30.47673225402832,
      36.03998947143555,
      21.184938430786133,
      27.048967361450195,
      8.245615005493164,
      14.720200538635254,
      3.8487606048583984,
      7.40000581741333
    ],
    [
      13.815831184387207,
      24.386104583740234,
      14.116401672363281,
      20.45062828063965,
      26.830678939819336,
      27.61061668395996,
      37.6596565246582,
      34.518802642822266,
      42.812156677246094,
      30.47673225402832,
      49.98428726196289,
      40.11804962158203,
      38.27813720703125,
      31.638174057006836,
      16.95948600769043,
      17.344093322753906,
      7.701574325561523,
      8.31202507019043
    ],
    [
      15.548678398132324,
      24.99018096923828,
      15.034988403320312,
      25.39556312561035,
      20.920574188232422,
      32.620574951171875,
      32.24708557128906,
      41.22000503540039,
      34.00163650512695,
      36.03998947143555,
      40.11804962158203,
      51.98294448852539,
      34.282928466796875,
      39.561885833740234,
      15.648432731628418,
      24.220176696777344,
      9.467897415161133,
      13.726651191711426
    ],
    [
      13.687952041625977,
      15.656586647033691,
      10.460023880004883,
      10.427210807800293,
      17.658700942993164,
      17.53617286682129,
      24.706960678100586,
      20.79660415649414,
      30.758499145507812,
      21.184938430786133,
      38.27813720703125,
      34.282928466796875,
      53.066673278808594,
      39.905277252197266,
      33.309349060058594,
      29.787878036499023,
      24.29544448852539,
      21.88763999938965
    ],
    [
      17.16983413696289,
      13.192977905273438,
      9.494420051574707,
      11.292439460754395,
      12.155698776245117,
      21.25303840637207,
      21.56139373779297,
      28.872713088989258,
      22.838367462158203,
      27.048967361450195,
      31.638174057006836,
      39.561885833740234,
      39.905277252197266,
      51.2622184753418,
      28.143877029418945,
      36.99378967285156,
      23.748912811279297,
      28.01001739501953
    ],
    [
      7.048715591430664,
      0.1640928089618683,
      4.5564188957214355,
      -0.8371677398681641,
      5.399989604949951,
      2.8646326065063477,
      4.074918270111084,
      1.6344962120056152,
      10.109241485595703,
      8.245615005493164,
      16.95948600769043,
      15.648432731628418,
      33.309349060058594,
      28.143877029418945,
      43.22880172729492,
      34.71430206298828,
      37.654293060302734,
      33.70106506347656
    ],
    [
      10.733675956726074,
      4.043552398681641,
      5.407165050506592,
      4.30928897857666,
      5.902071475982666,
      10.522965431213379,
      8.150907516479492,
      11.9239501953125,
      10.297937393188477,
      14.720200538635254,
      17.344093322753906,
      24.220176696777344,
      29.787878036499023,
      36.99378967285156,
      34.71430206298828,
      43.40346145629883,
      34.783790588378906,
      38.40306091308594
    ],
    [
      5.112887859344482,
      -3.7929677963256836,
      3.1337687969207764,
      -3.1057324409484863,
      1.787340521812439,
      0.8857783675193787,
      -0.9591581225395203,
      -3.2744436264038086,
      2.858576774597168,
      3.8487606048583984,
      7.701574325561523,
      9.467897415161133,
      24.29544448852539,
      23.748912811279297,
      37.654293060302734,
      34.783790588378906,
      46.2137565612793,
      42.6482048034668
    ],
    [
      6.357132434844971,
      -2.0159831047058105,
      4.034040451049805,
      -0.2287561297416687,
      2.1803319454193115,
      4.26086950302124,
      0.8112593293190002,
      1.705606460571289,
      3.318037748336792,
      7.40000581741333,
      8.31202507019043,
      13.726651191711426,
      21.88763999938965,
      28.01001739501953,
      33.70106506347656,
      38.40306091308594,
      42.6482048034668,
      47.24488830566406
    ]
  ],
  "covariance_short": [
    [
      62.208770751953125,
      13.743364334106445,
      17.295801162719727,
      12.514564514160156,
      8.361501693725586,
      17.02644920349121,
      14.158019065856934,
      22.16288948059082,
      11.223652839660645,
      12.694119453430176,
      17.533784866333008,
      20.94664764404297,
      18.01665496826172,
      23.208538055419922,
      11.628483772277832,
      17.222633361816406,
      9.109211921691895,
      28.338546752929688
    ],
    [
      13.743364334106445,
      62.88716506958008,
      14.435157775878906,
      31.401460647583008,
      20.11920928955078,
      28.887792587280273,
      28.917240142822266,
      31.902280807495117,
      29.916147232055664,
      28.970409393310547,
      26.90081024169922,
      29.0640869140625,
      19.406463623046875,
      22.045446395874023,
      10.047236442565918,
      17.728675842285156,
      9.963173866271973,
      14.603765487670898
    ],
    [
      17.295801162719727,
      14.435157775878906,
      28.40981674194336,
      18.614423751831055,
      13.643804550170898,
      18.5372314453125,
      14.085083961486816,
      16.36552619934082,
      15.470954895019531,
      13.980987548828125,
      17.03239631652832,
      18.884828567504883,
      13.88808822631836,
      15.161484718322754,
      9.195069313049316,
      12.332991600036621,
      8.99393367767334,
      20.83856201171875
    ],
    [
      12.514564514160156,
      31.401460647583008,
      18.614423751831055,
      48.34379577636719,
      22.361722946166992,
      36.18302917480469,
      24.563392639160156,
      31.88259506225586,
      26.838388442993164,
      27.713611602783203,
      24.546573638916016,
      32.08557891845703,
      15.954272270202637,
      21.123620986938477,
      7.181715488433838,
      16.323843002319336,
      5.8584442138671875,
      11.845453262329102
    ],
    [
      8.361501693725586,
      20.11920928955078,
      13.643804550170898,
      22.361722946166992,
      41.494930267333984,
      31.217897415161133,
      34.219627380371094,
      27.605791091918945,
      36.338558197021484,
      26.89141845703125,
      33.70829772949219,
      27.809232711791992,
      26.266490936279297,
      21.896345138549805,
      15.302477836608887,
      17.177513122558594,
      13.090581893920898,
      17.978578567504883
    ],
    [
      17.02644920349121,
      28.887792587280273,
      18.5372314453125,
      36.18302917480469,
      31.217897415161133,
      57.07713317871094,
      38.52751922607422,
      50.514747619628906,
      36.203495025634766,
      37.40828323364258,
      33.40088653564453,
      40.92904281616211,
      25.5770206451416,
      31.871700286865234,
      12.431818008422852,
      23.27127456665039,
      10.97734260559082,
      25.39861488342285
    ],
    [
      14.158019065856934,
      28.917240142822266,
      14.085083961486816,
      24.563392639160156,
      34.219627380371094,
      38.52751922607422,
      67.5748062133789,
      54.709022521972656,
      47.74665451049805,
      39.31893539428711,
      45.54362487792969,
      40.8519172668457,
      35.27595520019531,
      34.4996223449707,
      17.613632202148438,
      24.144344329833984,
      14.560364723205566,
      24.72329330444336
    ],
    [
      22.16288948059082,
      31.902280807495117,
      16.36552619934082,
      31.88259506225586,
      27.605791091918945,
      50.514747619628906,
      54.709022521972656,
      88.14987182617188,
      42.463523864746094,
      49.25969696044922,
      39.31904983520508,
      48.64492416381836,
      28.822612762451172,
      41.910438537597656,
      14.169270515441895,
      29.003965377807617,
      10.104010581970215,
      27.980186462402344
    ],
    [
      11.223652839660645,
      29.916147232055664,
      15.470954895019531,
      26.838388442993164,
      36.338558197021484,
      36.203495025634766,
      47.74665451049805,
      42.463523864746094,
      65.16477966308594,
      46.65537643432617,
      53.51165008544922,
      45.0603141784668,
      44.1605339050293,
      39.58282470703125,
      26.86680030822754,
      30.64930534362793,
      21.904376983642578,
      29.699190139770508
    ],
    [
      12.694119453430176,
      28.970409393310547,
      13.980987548828125,
      27.713611602783203,
      26.89141845703125,
      37.40828323364258,
      39.31893539428711,
      49.25969696044922,
      46.65537643432617,
      61.237693786621094,
      40.63868713378906,
      48.937435150146484,
      34.943634033203125,
      46.139827728271484,
      25.351354598999023,
      37.93287658691406,
      24.12442398071289,
      33.35308837890625
    ],
    [
      17.533784866333008,
      26.90081024169922,
      17.03239631652832,
      24.546573638916016,
      33.70829772949219,
      33.40088653564453,
      45.54362487792969,
      39.31904983520508,
      53.51165008544922,
      40.63868713378906,
      67.91986083984375,
      54.28750228881836,
      58.04835891723633,
      52.72623825073242,
      40.271366119384766,
      43.81951904296875,
      33.519004821777344,
      45.46550750732422
    ],
    [
      20.94664764404297,
      29.0640869140625,
      18.884828567504883,
      32.08557891845703,
      27.809232711791992,
      40.92904281616211,
      40.8519172668457,
      48.64492416381836,
      45.0603141784668,
      48.937435150146484,
      54.28750228881836,
      70.28900909423828,
      50.89286422729492,
      63.3007926940918,
      36.6944694519043,
      53.39340591430664,
      32.75796890258789,
      52.60856628417969
    ],
    [
      18.01665496826172,
      19.406463623046875,
      13.88808822631836,
      15.954272270202637,
      26.266490936279297,
      25.5770206451416,
      35.27595520019531,
      28.822612762451172,
      44.1605339050293,
      34.943634033203125,
      58.04835891723633,
      50.89286422729492,
      82.13449096679688,
      67.10582733154297,
      65.88641357421875,
      63.756324768066406,
      59.913856506347656,
      67.4356918334961
    ],
    [
      23.208538055419922,
      22.045446395874023,
      15.161484718322754,
      21.123620986938477,
      21.896345138549805,
      31.871700286865234,
      34.4996223449707,
      41.910438537597656,
      39.58282470703125,
      46.139827728271484,
      52.72623825073242,
      63.3007926940918,
      67.10582733154297,
      87.90714263916016,
      59.956451416015625,
      79.91869354248047,
      59.33145523071289,
      80.96511840820312
    ],
    [
      11.628483772277832,
      10.047236442565918,
      9.195069313049316,
      7.181715488433838,
      15.302477836608887,
      12.431818008422852,
      17.613632202148438,
      14.169270515441895,
      26.86680030822754,
      25.351354598999023,
      40.271366119384766,
      36.6944694519043,
      65.88641357421875,
      59.956451416015625,
      85.65843963623047,
      74.46239471435547,
      80.57807922363281,
      76.70628356933594
    ],
    [
      17.222633361816406,
      17.728675842285156,
      12.332991600036621,
      16.323843002319336,
      17.177513122558594,
      23.27127456665039,
      24.144344329833984,
      29.003965377807617,
      30.64930534362793,
      37.93287658691406,
      43.81951904296875,
      53.39340591430664,
      63.756324768066406,
      79.91869354248047,
      74.46239471435547,
      98.31084442138672,
      80.65010833740234,
      97.1773681640625
    ],
    [
      9.109211921691895,
      9.963173866271973,
      8.99393367767334,
      5.8584442138671875,
      13.090581893920898,
      10.97734260559082,
      14.560364723205566,
      10.104010581970215,
      21.904376983642578,
      24.12442398071289,
      33.519004821777344,
      32.75796890258789,
      59.913856506347656,
      59.33145523071289,
      80.57807922363281,
      80.65010833740234,
      102.24901580810547,
      96.29727172851562
    ],
    [
      28.338546752929688,
      14.603765487670898,
      20.83856201171875,
      11.845453262329102,
      17.978578567504883,
      25.39861488342285,
      24.72329330444336,
      27.980186462402344,
      29.699190139770508,
      33.35308837890625,
      45.46550750732422,
      52.60856628417969,
      67.4356918334961,
      80.96511840820312,
      76.70628356933594,
      97.1773681640625,
      96.29727172851562,
      135.76473999023438
    ]
  ],
  "damage": -7.166805744171143,
  "diff_bandwidth": 655.4739379882812,
  "dissonance": 8.194661075036638,
  "drr": 14.436066627502441,
  "dynamics": 3.664930820465088,
  "format": 65538,
  "frames": 16633344,
  "freq_pan_to_db": [
    [
      -29.41925811767578,
      -29.78057098388672,
      -27.55935287475586,
      -22.729352951049805,
      -15.587357521057129,
      -11.494071960449219,
      -16.608707427978516,
      -21.62638282775879,
      -24.852733612060547,
      -28.523990631103516,
      -34.06211471557617
    ],
    [
      -31.131879806518555,
      -24.967079162597656,
      -21.98362159729004,
      -19.104049682617188,
      -13.685044288635254,
      -10.92279052734375,
      -14.204986572265625,
      -17.193376541137695,
      -20.621631622314453,
      -23.422115325927734,
      -30.016159057617188
    ],
    [
      -30.39002227783203,
      -24.00381088256836,
      -24.134654998779297,
      -21.723854064941406,
      -16.05191993713379,
      -11.78405475616455,
      -14.870007514953613,
      -18.805715560913086,
      -21.15651512145996,
      -24.556486129760742,
      -32.42499542236328
    ],
    [
      -30.822134017944336,
      -26.684833526611328,
      -23.62551498413086,
      -19.759796142578125,
      -16.469812393188477,
      -14.280352592468262,
      -17.265607833862305,
      -20.03652000427246,
      -23.36586570739746,
      -25.613933563232422,
      -28.53788948059082
    ],
    [
      -24.533462524414062,
      -22.120004653930664,
      -20.046810150146484,
      -17.9188175201416,
      -15.653779983520508,
      -14.102453231811523,
      -15.10348129272461,
      -17.20911979675293,
      -18.792577743530273,
      -21.119674682617188,
      -22.585248947143555
    ],
    [
      -20.746780395507812,
      -19.487346649169922,
      -18.268896102905273,
      -17.302316665649414,
      -15.922489166259766,
      -13.97315502166748,
      -14.959854125976562,
      -16.750110626220703,
      -18.133907318115234,
      -19.821468353271484,
      -20.41065216064453
    ],
    [
      -20.52924346923828,
      -19.906381607055664,
      -18.043750762939453,
      -17.390058517456055,
      -15.911544799804688,
      -13.459449768066406,
      -15.048490524291992,
      -17.053531646728516,
      -18.863515853881836,
      -20.089088439941406,
      -19.951416015625
    ],
    [
      -19.89999771118164,
      -20.018980026245117,
      -18.82573699951172,
      -17.366703033447266,
      -14.706549644470215,
      -13.903596878051758,
      -15.812360763549805,
      -17.83795738220215,
      -18.258567810058594,
      -19.044893264770508,
      -19.57801055908203
    ],
    [
      -22.11517906188965,
      -21.832672119140625,
      -19.82576560974121,
      -17.876413345336914,
      -16.935531616210938,
      -17.047348022460938,
      -19.25666046142578,
      -21.052156448364258,
      -21.984485626220703,
      -22.3970890045166,
      -23.957210540771484
    ],
    [
      -19.36060905456543,
      -19.394454956054688,
      -18.950809478759766,
      -17.339570999145508,
      -14.83379077911377,
      -15.055773735046387,
      -17.761653900146484,
      -19.379444122314453,
      -18.715608596801758,
      -19.715723037719727,
      -21.537771224975586
    ],
    [
      -17.370481491088867,
      -18.84554672241211,
      -18.88242530822754,
      -17.381298065185547,
      -16.035232543945312,
      -14.872925758361816,
      -15.50670051574707,
      -17.899194717407227,
      -19.122304916381836,
      -19.92038917541504,
      -19.46657371520996
    ],
    [
      -16.94014549255371,
      -18.51067352294922,
      -18.026880264282227,
      -18.247882843017578,
      -17.989856719970703,
      -16.947826385498047,
      -17.741500854492188,
      -18.846696853637695,
      -19.388126373291016,
      -20.48978614807129,
      -21.27813148498535
    ],
    [
      -19.139522552490234,
      -19.62460708618164,
      -20.17255210876465,
      -19.16840934753418,
      -19.192514419555664,
      -18.604738235473633,
      -19.26980209350586,
      -19.626558303833008,
      -19.802228927612305,
      -19.71095848083496,
      -21.151859283447266
    ],
    [
      -18.99872398376465,
      -19.613767623901367,
      -19.182790756225586,
      -19.158620834350586,
      -18.646329879760742,
      -16.19906234741211,
      -16.345788955688477,
      -17.407943725585938,
      -17.7132625579834,
      -19.075767517089844,
      -18.77214813232422
    ],
    [
      -18.74051284790039,
      -18.756675720214844,
      -18.150196075439453,
      -16.945899963378906,
      -16.959457397460938,
      -15.45627498626709,
      -16.341426849365234,
      -15.893028259277344,
      -15.96025276184082,
      -16.833744049072266,
      -14.6126708984375
    ],
    [
      -21.285137176513672,
      -18.96510124206543,
      -18.565486907958984,
      -17.51412582397461,
      -19.250911712646484,
      -17.197998046875,
      -17.45990753173828,
      -17.255897521972656,
      -16.835378646850586,
      -17.318544387817383,
      -15.067968368530273
    ],
    [
      -25.218917846679688,
      -20.921985626220703,
      -19.801361083984375,
      -18.92564582824707,
      -22.3475284576416,
      -19.890600204467773,
      -19.249610900878906,
      -19.042423248291016,
      -20.321224212646484,
      -18.967870712280273,
      -17.66806983947754
    ],
    [
      -21.96444320678711,
      -18.72119903564453,
      -16.84747886657715,
      -15.896841049194336,
      -19.188901901245117,
      -18.993654251098633,
      -16.565622329711914,
      -15.986404418945312,
      -18.49676513671875,
      -16.636150360107422,
      -14.26257610321045
    ],
    [
      -27.247713088989258,
      -24.30638313293457,
      -22.590749740600586,
      -22.84584617614746,
      -23.786893844604492,
      -20.390098571777344,
      -22.592100143432617,
      -23.011470794677734,
      -21.441181182861328,
      -21.376405715942383,
      -18.54508399963379
    ],
    [
      -24.076826095581055,
      -27.500078201293945,
      -26.423240661621094,
      -26.35873031616211,
      -26.417144775390625,
      -24.512617111206055,
      -25.583425521850586,
      -26.744285583496094,
      -25.610050201416016,
      -23.719112396240234,
      -22.082965850830078
    ],
    [
      -29.739816665649414,
      -29.09201431274414,
      -27.66891860961914,
      -27.527708053588867,
      -25.658935546875,
      -24.332080841064453,
      -28.980365753173828,
      -26.69736099243164,
      -27.803991317749023,
      -25.005252838134766,
      -20.83747673034668
    ],
    [
      -27.085819244384766,
      -29.59868621826172,
      -28.390928268432617,
      -27.991758346557617,
      -28.268095016479492,
      -26.756132125854492,
      -29.521787643432617,
      -29.187732696533203,
      -29.493850708007812,
      -28.924781799316406,
      -26.179519653320312
    ],
    [
      -28.041425704956055,
      -29.22410774230957,
      -29.37619972229004,
      -29.215009689331055,
      -28.719846725463867,
      -27.222084045410156,
      -30.178668975830078,
      -30.74279022216797,
      -29.964881896972656,
      -29.695457458496094,
      -31.427412033081055
    ],
    [
      -27.34123420715332,
      -29.12673568725586,
      -29.102481842041016,
      -28.741710662841797,
      -28.3098201751709,
      -26.363143920898438,
      -28.856592178344727,
      -30.0250244140625,
      -29.46261978149414,
      -29.12895965576172,
      -31.472454071044922
    ],
    [
      -29.3674259185791,
      -29.893606185913086,
      -29.60106658935547,
      -29.231088638305664,
      -28.68709373474121,
      -28.29184913635254,
      -29.490127563476562,
      -29.721315383911133,
      -30.230281829833984,
      -31.57222557067871,
      -35.80532455444336
    ],
    [
      -33.47658157348633,
      -31.317150115966797,
      -29.66783332824707,
      -29.197519302368164,
      -28.075510025024414,
      -26.16938591003418,
      -28.72323226928711,
      -29.495729446411133,
      -30.32465934753418,
      -31.333890914916992,
      -35.84046173095703
    ],
    [
      -33.24989700317383,
      -29.923276901245117,
      -28.988811492919922,
      -28.80463981628418,
      -28.322998046875,
      -25.586790084838867,
      -29.614330291748047,
      -29.54313087463379,
      -28.886499404907227,
      -28.805957794189453,
      -27.35929298400879
    ],
    [
      -35.88516616821289,
      -32.588600158691406,
      -30.448535919189453,
      -29.96744728088379,
      -30.244976043701172,
      -28.130264282226562,
      -31.677610397338867,
      -29.622661590576172,
      -29.597654342651367,
      -30.000804901123047,
      -34.62643051147461
    ],
    [
      -31.79105567932129,
      -32.0042724609375,
      -30.278152465820312,
      -30.085308074951172,
      -29.984638214111328,
      -28.5937557220459,
      -31.234323501586914,
      -29.91925048828125,
      -29.962614059448242,
      -32.49109649658203,
      -41.62814712524414
    ],
    [
      -28.79784393310547,
      -30.182649612426758,
      -30.175275802612305,
      -30.081607818603516,
      -29.4531192779541,
      -28.217802047729492,
      -30.631431579589844,
      -30.000337600708008,
      -29.837682723999023,
      -30.80011558532715,
      -33.175594329833984
    ],
    [
      -34.92190170288086,
      -32.72188186645508,
      -32.01737976074219,
      -31.49707794189453,
      -30.27556037902832,
      -27.65753936767578,
      -31.538936614990234,
      -31.11318016052246,
      -30.354442596435547,
      -31.402246475219727,
      -39.623146057128906
    ],
    [
      -33.54227066040039,
      -35.114830017089844,
      -31.081493377685547,
      -30.57460594177246,
      -31.1365966796875,
      -29.371368408203125,
      -32.228965759277344,
      -32.11981964111328,
      -31.708389282226562,
      -27.94127082824707,
      -30.18614959716797
    ],
    [
      -35.01827621459961,
      -35.07645797729492,
      -34.26314926147461,
      -32.2341194152832,
      -32.975250244140625,
      -31.445159912109375,
      -33.189022064208984,
      -33.03354263305664,
      -32.619564056396484,
      -36.785945892333984,
      -370
    ],
    [
      -35.92097854614258,
      -35.28226089477539,
      -19.61492919921875,
      -29.70343589782715,
      -35.40814971923828,
      -33.1930046081543,
      -33.54239273071289,
      -32.209529876708984,
      -30.95073699951172,
      -32.14414978027344,
      -47.241756439208984
    ],
    [
      -28.324159622192383,
      -34.13865661621094,
      -24.50212860107422,
      -31.751724243164062,
      -35.34661102294922,
      -32.71408462524414,
      -33.180397033691406,
      -31.09136199951172,
      -29.71685028076172,
      -27.675765991210938,
      -370
    ],
    [
      -45.953861236572266,
      -37.92214584350586,
      -32.93088150024414,
      -34.37911605834961,
      -38.927024841308594,
      -35.46798324584961,
      -35.05259323120117,
      -31.845129013061523,
      -30.736103057861328,
      -33.14030456542969,
      -37.55587387084961
    ],
    [
      -38.992801666259766,
      -36.937156677246094,
      -35.15444564819336,
      -36.41374206542969,
      -40.133056640625,
      -37.490081787109375,
      -35.560569763183594,
      -33.807621002197266,
      -32.8271369934082,
      -31.08462905883789,
      -45.21758270263672
    ],
    [
      -34.77759552001953,
      -35.14070129394531,
      -35.550270080566406,
      -36.84989929199219,
      -40.35799026489258,
      -38.158939361572266,
      -36.62626647949219,
      -35.30563735961914,
      -34.4547004699707,
      -34.98203659057617,
      -52.158626556396484
    ],
    [
      -34.74479293823242,
      -35.468971252441406,
      -37.13352966308594,
      -38.74808120727539,
      -40.82020950317383,
      -38.721866607666016,
      -36.07267379760742,
      -34.24797821044922,
      -33.45770263671875,
      -33.90053939819336,
      -47.38581848144531
    ],
    [
      -38.26386642456055,
      -42.241065979003906,
      -40.67469024658203,
      -41.750694274902344,
      -44.32548904418945,
      -43.660892486572266,
      -38.62484359741211,
      -34.72624969482422,
      -32.948917388916016,
      -32.755916595458984,
      -42.7464714050293
    ],
    [
      -48.659000396728516,
      -53.030643463134766,
      -53.72669219970703,
      -51.06297302246094,
      -51.72633361816406,
      -51.25093078613281,
      -47.37295913696289,
      -40.14828872680664,
      -35.45804214477539,
      -32.80794143676758,
      -34.89138412475586
    ],
    [
      -54.41408157348633,
      -56.01589584350586,
      -56.0287971496582,
      -57.59454345703125,
      -58.21551513671875,
      -56.90079116821289,
      -50.47514343261719,
      -43.607791900634766,
      -40.611534118652344,
      -39.368804931640625,
      -38.964111328125
    ]
  ],
  "histogram": [
    {
      "db": -70,
      "frequency": 0
    },
    {
      "db": -69,
      "frequency": 0
    },
    {
      "db": -68,
      "frequency": 1
    },
    {
      "db": -67,
      "frequency": 0
    },
    {
      "db": -66,
      "frequency": 0
    },
    {
      "db": -65,
      "frequency": 1
    },
    {
      "db": -64,
      "frequency": 0
    },
    {
      "db": -63,
      "frequency": 0
    },
    {
      "db": -62,
      "frequency": 1
    },
    {
      "db": -61,
      "frequency": 0
    },
    {
      "db": -60,
      "frequency": 0
    },
    {
      "db": -59,
      "frequency": 1
    },
    {
      "db": -58,
      "frequency": 0
    },
    {
      "db": -57,
      "frequency": 0
    },
    {
      "db": -56,
      "frequency": 0
    },
    {
      "db": -55,
      "frequency": 1
    },
    {
      "db": -54,
      "frequency": 1
    },
    {
      "db": -53,
      "frequency": 0
    },
    {
      "db": -52,
      "frequency": 1
    },
    {
      "db": -51,
      "frequency": 0
    },
    {
      "db": -50,
      "frequency": 0
    },
    {
      "db": -49,
      "frequency": 1
    },
    {
      "db": -48,
      "frequency": 1
    },
    {
      "db": -47,
      "frequency": 0
    },
    {
      "db": -46,
      "frequency": 1
    },
    {
      "db": -45,
      "frequency": 1
    },
    {
      "db": -44,
      "frequency": 0
    },
    {
      "db": -43,
      "frequency": 1
    },
    {
      "db": -42,
      "frequency": 1
    },
    {
      "db": -41,
      "frequency": 1
    },
    {
      "db": -40,
      "frequency": 2
    },
    {
      "db": -39,
      "frequency": 0
    },
    {
      "db": -38,
      "frequency": 1
    },
    {
      "db": -37,
      "frequency": 1
    },
    {
      "db": -36,
      "frequency": 1
    },
    {
      "db": -35,
      "frequency": 1
    },
    {
      "db": -34,
      "frequency": 2
    },
    {
      "db": -33,
      "frequency": 0
    },
    {
      "db": -32,
      "frequency": 2
    },
    {
      "db": -31,
      "frequency": 1
    },
    {
      "db": -30,
      "frequency": 2
    },
    {
      "db": -29,
      "frequency": 9
    },
    {
      "db": -28,
      "frequency": 12
    },
    {
      "db": -27,
      "frequency": 17
    },
    {
      "db": -26,
      "frequency": 33
    },
    {
      "db": -25,
      "frequency": 20
    },
    {
      "db": -24,
      "frequency": 46
    },
    {
      "db": -23,
      "frequency": 53
    },
    {
      "db": -22,
      "frequency": 30
    },
    {
      "db": -21,
      "frequency": 31
    },
    {
      "db": -20,
      "frequency": 42
    },
    {
      "db": -19,
      "frequency": 61
    },
    {
      "db": -18,
      "frequency": 62
    },
    {
      "db": -17,
      "frequency": 90
    },
    {
      "db": -16,
      "frequency": 106
    },
    {
      "db": -15,
      "frequency": 195
    },
    {
      "db": -14,
      "frequency": 312
    },
    {
      "db": -13,
      "frequency": 445
    },
    {
      "db": -12,
      "frequency": 492
    },
    {
      "db": -11,
      "frequency": 346
    },
    {
      "db": -10,
      "frequency": 277
    },
    {
      "db": -9,
      "frequency": 380
    },
    {
      "db": -8,
      "frequency": 419
    },
    {
      "db": -7,
      "frequency": 171
    },
    {
      "db": -6,
      "frequency": 43
    },
    {
      "db": -5,
      "frequency": 2
    },
    {
      "db": -4,
      "frequency": 0
    },
    {
      "db": -3,
      "frequency": 0
    },
    {
      "db": -2,
      "frequency": 0
    },
    {
      "db": -1,
      "frequency": 0
    },
    {
      "db": 0,
      "frequency": 0
    },
    {
      "db": 1,
      "frequency": 0
    },
    {
      "db": 2,
      "frequency": 0
    },
    {
