{
  "acoustic_entropy": 171.06314086914062,
  "bands": [
    {
      "high_freq": 148.1999969482422,
      "loudness": -32.785430908203125,
      "loudness_range": 16.302684783935547,
      "mid_mean": -29.168014526367188,
      "mid_to_side_loudness": -24.115690231323242,
      "mid_to_side_loudness_range": 27.61184310913086,
      "side_mean": -52.49155807495117
    },
    {
      "high_freq": 392.3793640136719,
      "loudness": -33.07997512817383,
      "loudness_range": 12.911718368530273,
      "low_freq": 148.1999969482422,
      "mid_mean": -29.6733341217041,
      "mid_to_side_loudness": -12.444519996643066,
      "mid_to_side_loudness_range": 10.787992477416992,
      "side_mean": -42.448246002197266
    },
    {
      "high_freq": 794.6976318359375,
      "loudness": -36.60506057739258,
      "loudness_range": 14.364837646484375,
      "low_freq": 392.3793640136719,
      "mid_mean": -33.543636322021484,
      "mid_to_side_loudness": -9.19754695892334,
      "mid_to_side_loudness_range": 13.30217170715332,
      "side_mean": -43.0499153137207
    },
    {
      "high_freq": 1457.5709228515625,
      "loudness": -41.40566635131836,
      "loudness_range": 21.01532745361328,
      "low_freq": 794.6976318359375,
      "mid_mean": -38.39357376098633,
      "mid_to_side_loudness": -9.270794868469238,
      "mid_to_side_loudness_range": 13.064674377441406,
      "side_mean": -47.838558197021484
    },
    {
      "high_freq": 2549.74365234375,
      "loudness": -43.34897232055664,
      "loudness_range": 18.763465881347656,
      "low_freq": 1457.5709228515625,
      "mid_mean": -40.409297943115234,
      "mid_to_side_loudness": -8.68231201171875,
      "mid_to_side_loudness_range": 13.427282333374023,
      "side_mean": -49.309303283691406
    },
    {
      "high_freq": 4349.24462890625,
      "loudness": -42.711185455322266,
      "loudness_range": 16.55904769897461,
      "low_freq": 2549.74365234375,
      "mid_mean": -39.645816802978516,
      "mid_to_side_loudness": -9.876945495605469,
      "mid_to_side_loudness_range": 14.25605297088623,
      "side_mean": -50.122535705566406
    },
    {
      "high_freq": 7314.1640625,
      "loudness": -47.29914474487305,
      "loudness_range": 17.478519439697266,
      "low_freq": 4349.24462890625,
      "mid_mean": -44.47308349609375,
      "mid_to_side_loudness": -8.608777046203613,
      "mid_to_side_loudness_range": 15.35226058959961,
      "side_mean": -53.2451057434082
    },
    {
      "high_freq": 12199.2666015625,
      "loudness": -52.41142654418945,
      "loudness_range": 18.538494110107422,
      "low_freq": 7314.1640625,
      "mid_mean": -51.19764709472656,
      "mid_to_side_loudness": -6.725480079650879,
      "mid_to_side_loudness_range": 17.76938247680664,
      "side_mean": -56.805320739746094
    },
    {
      "loudness": -60.1454963684082,
      "loudness_range": 20.15395736694336,
      "low_freq": 12199.2666015625,
      "mid_mean": -58.35551834106445,
      "mid_to_side_loudness": -5.331758975982666,
      "mid_to_side_loudness_range": 14.99870777130127,
      "side_mean": -61.822784423828125
    }
  ],
  "bands_short": [
    {
      "high_freq": 148.1999969482422,
      "loudness": -35.55522918701172,
      "loudness_range": 17.127017974853516,
      "mid_mean": -31.954654693603516,
      "mid_to_side_loudness": -24.06458854675293,
      "mid_to_side_loudness_range": 30.82257843017578,
      "side_mean": -55.443477630615234
    },
    {
      "high_freq": 392.3793640136719,
      "loudness": -33.14567947387695,
      "loudness_range": 16.235048294067383,
      "low_freq": 148.1999969482422,
      "mid_mean": -29.77534294128418,
      "mid_to_side_loudness": -12.95693302154541,
      "mid_to_side_loudness_range": 14.6970853805542,
      "side_mean": -43.067108154296875
    },
    {
      "high_freq": 794.6976318359375,
      "loudness": -37.612205505371094,
      "loudness_range": 17.368316650390625,
      "low_freq": 392.3793640136719,
      "mid_mean": -34.67918395996094,
      "mid_to_side_loudness": -9.160765647888184,
      "mid_to_side_loudness_range": 15.686941146850586,
      "side_mean": -44.12757110595703
    },
    {
      "high_freq": 1457.5709228515625,
      "loudness": -41.702293395996094,
      "loudness_range": 22.597742080688477,
      "low_freq": 794.6976318359375,
      "mid_mean": -38.81040954589844,
      "mid_to_side_loudness": -8.956175804138184,
      "mid_to_side_loudness_range": 15.268342971801758,
      "side_mean": -47.99873733520508
    },
    {
      "high_freq": 2549.74365234375,
      "loudness": -44.69009780883789,
      "loudness_range": 21.357364654541016,
      "low_freq": 1457.5709228515625,
      "mid_mean": -41.92013168334961,
      "mid_to_side_loudness": -8.095328330993652,
      "mid_to_side_loudness_range": 15.247979164123535,
      "side_mean": -50.660888671875
    },
    {
      "high_freq": 4349.24462890625,
      "loudness": -43.64143753051758,
      "loudness_range": 19.520408630371094,
      "low_freq": 2549.74365234375,
      "mid_mean": -40.65974807739258,
      "mid_to_side_loudness": -9.718400001525879,
      "mid_to_side_loudness_range": 15.66765308380127,
      "side_mean": -50.95713806152344
    },
    {
      "high_freq": 7314.1640625,
      "loudness": -48.4885139465332,
      "loudness_range": 20.874710083007812,
      "low_freq": 4349.24462890625,
      "mid_mean": -45.72184371948242,
      "mid_to_side_loudness": -8.716388702392578,
      "mid_to_side_loudness_range": 17.2028865814209,
      "side_mean": -54.49015426635742
    },
    {
      "high_freq": 12199.2666015625,
      "loudness": -54.60252380371094,
      "loudness_range": 23.762306213378906,
      "low_freq": 7314.1640625,
      "mid_mean": -53.29438018798828,
      "mid_to_side_loudness": -7.445744037628174,
      "mid_to_side_loudness_range": 21.35121726989746,
      "side_mean": -59.011478424072266
    },
    {
      "loudness": -63.225772857666016,
      "loudness_range": 25.806102752685547,
      "low_freq": 12199.2666015625,
      "mid_mean": -60.75168228149414,
      "mid_to_side_loudness": -7.4022417068481445,
      "mid_to_side_loudness_range": 22.13245964050293,
      "side_mean": -64.23728942871094
    }
  ],
  "bandwidth": 361.584228515625,
  "channels": 2,
  "covariance": [
    [
      34.68497848510742,
      43.229896545410156,
      21.650033950805664,
      21.348581314086914,
      13.170780181884766,
      23.021638870239258,
      17.95887565612793,
      26.895605087280273,
      15.091710090637207,
      25.3035888671875,
      16.943002700805664,
      31.249004364013672,
      15.603252410888672,
      31.939224243164062,
      19.514360427856445,
      31.887714385986328,
      15.928454399108887,
      21.899028778076172
    ],
    [
      43.229896545410156,
      104.63626098632812,
      35.78050994873047,
      41.64742660522461,
      23.000959396362305,
      44.016746520996094,
      32.117584228515625,
      50.20738220214844,
      23.59483528137207,
      42.76974105834961,
      29.907451629638672,
      58.007930755615234,
      29.620878219604492,
      59.55802917480469,
      35.378509521484375,
      56.47951126098633,
      30.68421173095703,
      40.225948333740234
    ],
    [
      21.650033950805664,
      35.78050994873047,
      24.94833755493164,
      21.281187057495117,
      15.967161178588867,
      21.899194717407227,
      18.61327362060547,
      25.97833251953125,
      18.18548011779785,
      24.26639747619629,
      20.05746841430664,
      28.760440826416016,
      16.7454891204834,
      29.031436920166016,
      21.019874572753906,
      29.570215225219727,
      16.954286575317383,
      21.43090057373047
    ],
    [
      21.348581314086914,
      41.64742660522461,
      21.281187057495117,
      31.64913558959961,
      14.425971984863281,
      27.040510177612305,
      17.601503372192383,
      27.59494400024414,
      15.8076753616333,
      25.731691360473633,
      18.124958038330078,
      32.84822082519531,
      15.476659774780273,
      32.639991760253906,
      21.57378578186035,
      31.628339767456055,
      18.4758358001709,
      23.455116271972656
    ],
    [
      13.170780181884766,
      23.000959396362305,
      15.967161178588867,
      14.425971984863281,
      29.093029022216797,
      25.064481735229492,
      29.242542266845703,
      25.660137176513672,
      21.59025001525879,
      20.084360122680664,
      21.104129791259766,
      20.48200035095215,
      15.896796226501465,
      19.560373306274414,
      17.28461265563965,
      20.58305549621582,
      13.829476356506348,
      15.77362060546875
    ],
    [
      23.021638870239258,
      44.016746520996094,
      21.899194717407227,
      27.040510177612305,
      25.064481735229492,
      40.481101989746094,
      26.18439483642578,
      35.69831085205078,
      20.59163475036621,
      31.784582138061523,
      22.63804054260254,
      37.7894401550293,
      19.730592727661133,
      37.91874313354492,
      21.767841339111328,
      35.74919128417969,
      19.059415817260742,
      26.61808967590332
    ],
    [
      17.95887565612793,
      32.117584228515625,
      18.61327362060547,
      17.601503372192383,
      29.242542266845703,
      26.18439483642578,
      49.82899856567383,
      38.75788879394531,
      24.017366409301758,
      24.54015350341797,
      23.971376419067383,
      24.044967651367188,
      18.439237594604492,
      22.975563049316406,
      19.334003448486328,
      24.61129379272461,
      17.064817428588867,
      19.477508544921875
    ],
    [
      26.895605087280273,
      50.20738220214844,
      25.97833251953125,
      27.59494400024414,
      25.660137176513672,
      35.69831085205078,
      38.75788879394531,
      47.70248794555664,
      24.667861938476562,
      35.532981872558594,
      26.820884704589844,
      40.269840240478516,
      23.330272674560547,
      40.5174560546875,
      25.759023666381836,
      39.952857971191406,
      23.498464584350586,
      30.559526443481445
    ],
    [
      15.091710090637207,
      23.59483528137207,
      18.18548011779785,
      15.8076753616333,
      21.59025001525879,
      20.59163475036621,
      24.017366409301758,
      24.667861938476562,
      41.21687316894531,
      28.741580963134766,
      31.1732177734375,
      26.08979034423828,
      23.17323875427246,
      24.0888729095459,
      26.738365173339844,
      26.592065811157227,
      19.9964542388916,
      20.97647476196289
    ],
    [
      25.3035888671875,
      42.76974105834961,
      24.26639747619629,
      25.731691360473633,
      20.084360122680664,
      31.784582138061523,
      24.54015350341797,
      35.532981872558594,
      28.741580963134766,
      39.27959442138672,
      27.050004959106445,
      42.68679428100586,
      24.605335235595703,
      43.0400276184082,
      29.369842529296875,
      42.34347915649414,
      25.040382385253906,
      32.04829406738281
    ],
    [
      16.943002700805664,
      29.907451629638672,
      20.05746841430664,
      18.124958038330078,
      21.104129791259766,
      22.63804054260254,
      23.971376419067383,
      26.820884704589844,
      31.1732177734375,
      27.050004959106445,
      33.842491149902344,
      31.400590896606445,
      25.240617752075195,
      29.826725006103516,
      28.4586181640625,
      29.7430477142334,
      20.511211395263672,
      21.803466796875
    ],
    [
      31.249004364013672,
      58.007930755615234,
      28.760440826416016,
      32.84822082519531,
      20.48200035095215,
      37.7894401550293,
      24.044967651367188,
      40.269840240478516,
      26.08979034423828,
      42.68679428100586,
      31.400590896606445,
      61.98552322387695,
      28.56599235534668,
      60.88570022583008,
      40.888309478759766,
      56.359249114990234,
      32.5610466003418,
      40.715694427490234
    ],
    [
      15.603252410888672,
      29.620878219604492,
      16.7454891204834,
      15.476659774780273,
      15.896796226501465,
      19.730592727661133,
      18.439237594604492,
      23.330272674560547,
      23.17323875427246,
      24.605335235595703,
      25.240617752075195,
      28.56599235534668,
      35.33636474609375,
      35.3182487487793,
      37.40470504760742,
      33.92908477783203,
      30.11324119567871,
      24.531625747680664
    ],
    [
      31.939224243164062,
      59.55802917480469,
      29.031436920166016,
      32.639991760253906,
      19.560373306274414,
      37.91874313354492,
      22.975563049316406,
      40.5174560546875,
      24.0888729095459,
      43.0400276184082,
      29.826725006103516,
      60.88570022583008,
      35.3182487487793,
      69.51714324951172,
      45.8623046875,
      64.72359466552734,
      38.25769805908203,
      46.70533752441406
    ],
    [
      19.514360427856445,
      35.378509521484375,
      21.019874572753906,
      21.57378578186035,
      17.28461265563965,
      21.767841339111328,
      19.334003448486328,
      25.759023666381836,
      26.738365173339844,
      29.369842529296875,
      28.4586181640625,
      40.888309478759766,
      37.40470504760742,
      45.8623046875,
      59.47650146484375,
      46.655704498291016,
      46.90470886230469,
      34.711097717285156
    ],
    [
      31.887714385986328,
      56.47951126098633,
      29.570215225219727,
      31.628339767456055,
      20.58305549621582,
      35.74919128417969,
      24.61129379272461,
      39.952857971191406,
      26.592065811157227,
      42.34347915649414,
      29.7430477142334,
      56.359249114990234,
      33.92908477783203,
      64.72359466552734,
      46.655704498291016,
      67.27323150634766,
      41.442787170410156,
      51.02037811279297
    ],
    [
      15.928454399108887,
      30.68421173095703,
      16.954286575317383,
      18.4758358001709,
      13.829476356506348,
      19.059415817260742,
      17.064817428588867,
      23.498464584350586,
      19.9964542388916,
      25.040382385253906,
      20.511211395263672,
      32.5610466003418,
      30.11324119567871,
      38.25769805908203,
      46.90470886230469,
      41.442787170410156,
      43.5921745300293,
      34.222251892089844
    ],
    [
      21.899028778076172,
      40.225948333740234,
      21.43090057373047,
      23.455116271972656,
      15.77362060546875,
      26.61808967590332,
      19.477508544921875,
      30.559526443481445,
      20.97647476196289,
      32.04829406738281,
      21.803466796875,
      40.715694427490234,
      24.531625747680664,
      46.70533752441406,
      34.711097717285156,
      51.02037811279297,
      34.222251892089844,
      42.82245635986328
    ]
  ],
  "covariance_short": [
    [
      33.8859977722168,
      28.63648223876953,
      21.30530548095703,
      16.479936599731445,
      10.66362190246582,
      16.43483543395996,
      13.68132495880127,
      20.294172286987305,
      12.705466270446777,
      21.134601593017578,
      13.51796817779541,
      24.040184020996094,
      13.181581497192383,
      24.355831146240234,
      15.716632843017578,
      22.447263717651367,
      11.604108810424805,
      14.468833923339844
    ],
    [
      28.63648223876953,
      88.97062683105469,
      35.00862121582031,
      40.503807067871094,
      24.511274337768555,
      41.22195053100586,
      30.830522537231445,
      45.90546798706055,
      25.267200469970703,
      42.909053802490234,
      30.65335464477539,
      51.473915100097656,
      32.0567626953125,
      54.418052673339844,
      35.08353042602539,
      49.203006744384766,
      25.99371910095215,
      31.03567123413086
    ],
    [
      21.30530548095703,
      35.00862121582031,
      33.60498046875,
      24.652141571044922,
      20.063125610351562,
      24.400341033935547,
      21.68152618408203,
      28.80278968811035,
      21.176176071166992,
      26.251949310302734,
      23.037559509277344,
      30.780513763427734,
      19.87346839904785,
      31.278257369995117,
      24.00105094909668,
      30.417163848876953,
      17.803733825683594,
      20.87395477294922
    ],
    [
      16.479936599731445,
      40.503807067871094,
      24.652141571044922,
      43.04227066040039,
      18.506484985351562,
      31.333789825439453,
      21.169231414794922,
      31.405059814453125,
      18.05754852294922,
      28.770780563354492,
      20.530887603759766,
      34.3348503112793,
      18.717012405395508,
      34.43547058105469,
      24.45084571838379,
      31.927330017089844,
      19.606599807739258,
      22.597064971923828
    ],
    [
      10.66362190246582,
      24.511274337768555,
      20.063125610351562,
      18.506484985351562,
      41.78486251831055,
      31.369054794311523,
      35.90152359008789,
      30.233552932739258,
      28.495071411132812,
      23.55426788330078,
      27.511089324951172,
      24.436220169067383,
      22.098297119140625,
      23.234113693237305,
      23.776504516601562,
      22.808799743652344,
      17.328170776367188,
      16.980545043945312
    ],
    [
      16.43483543395996,
      41.22195053100586,
      24.400341033935547,
      31.333789825439453,
      31.369054794311523,
      49.78981018066406,
      30.434383392333984,
      39.750282287597656,
      24.652057647705078,
      34.19878005981445,
      26.161144256591797,
      39.753658294677734,
      25.256900787353516,
      40.92687225341797,
      26.409502029418945,
      36.323890686035156,
      21.058483123779297,
      25.349714279174805
    ],
    [
      13.68132495880127,
      30.830522537231445,
      21.68152618408203,
      21.169231414794922,
      35.90152359008789,
      30.434383392333984,
      60.63408279418945,
      43.52827835083008,
      30.370872497558594,
      26.917821884155273,
      30.097270965576172,
      26.41999053955078,
      24.37535858154297,
      25.012901306152344,
      22.715312957763672,
      24.901958465576172,
      19.021196365356445,
      18.96466827392578
    ],
    [
      20.294172286987305,
      45.90546798706055,
      28.80278968811035,
      31.405059814453125,
      30.233552932739258,
      39.750282287597656,
      43.52827835083008,
      55.24687957763672,
      27.925111770629883,
      37.73381042480469,
      29.833066940307617,
      42.44757843017578,
      28.269132614135742,
      43.132904052734375,
      28.8837947845459,
      39.44670486450195,
      24.171899795532227,
      27.995386123657227
    ],
    [
      12.705466270446777,
      25.267200469970703,
      21.176176071166992,
      18.05754852294922,
      28.495071411132812,
      24.652057647705078,
      30.370872497558594,
      27.925111770629883,
      55.22493362426758,
      33.827392578125,
      40.91458511352539,
      31.113435745239258,
      31.33053970336914,
      28.081998825073242,
      34.50257110595703,
      28.603384017944336,
      23.814077377319336,
      21.285123825073242
    ],
    [
      21.134601593017578,
      42.909053802490234,
      26.251949310302734,
      28.770780563354492,
      23.55426788330078,
      34.19878005981445,
      26.917821884155273,
      37.73381042480469,
      33.827392578125,
      51.37446212768555,
      31.000307083129883,
      53.05698776245117,
      30.01994514465332,
      51.92533493041992,
      40.92010498046875,
      46.70561981201172,
      29.898670196533203,
      31.554134368896484
    ],
    [
      13.51796817779541,
      30.65335464477539,
      23.037559509277344,
      20.530887603759766,
      27.511089324951172,
      26.161144256591797,
      30.097270965576172,
      29.833066940307617,
      40.91458511352539,
      31.000307083129883,
      46.275821685791016,
      36.69978713989258,
      34.9842643737793,
      34.85088348388672,
      37.866416931152344,
      32.76067352294922,
      24.543548583984375,
      21.888538360595703
    ],
    [
      24.040184020996094,
      51.473915100097656,
      30.780513763427734,
      34.3348503112793,
      24.436220169067383,
      39.753658294677734,
      26.41999053955078,
      42.44757843017578,
      31.113435745239258,
      53.05698776245117,
      36.69978713989258,
      66.16841888427734,
      35.42548751831055,
      65.24689483642578,
      45.94001770019531,
      57.80087661743164,
      32.64087677001953,
      37.697410583496094
    ],
    [
      13.181581497192383,
      32.0567626953125,
      19.87346839904785,
      18.717012405395508,
      22.098297119140625,
      25.256900787353516,
      24.37535858154297,
      28.269132614135742,
      31.33053970336914,
      30.01994514465332,
      34.9842643737793,
      35.42548751831055,
      47.65995788574219,
      43.195091247558594,
      48.08479690551758,
      40.16450881958008,
      35.817039489746094,
      26.896106719970703
    ],
    [
      24.355831146240234,
      54.418052673339844,
      31.278257369995117,
      34.43547058105469,
      23.234113693237305,
      40.92687225341797,
      25.012901306152344,
      43.132904052734375,
      28.081998825073242,
      51.92533493041992,
      34.85088348388672,
      65.24689483642578,
      43.195091247558594,
      77.86478424072266,
      51.8975715637207,
      70.02899932861328,
      39.24913787841797,
      46.038578033447266
    ],
    [
      15.716632843017578,
      35.08353042602539,
      24.00105094909668,
      24.45084571838379,
      23.776504516601562,
      26.409502029418945,
      22.715312957763672,
      28.8837947845459,
      34.50257110595703,
      40.92010498046875,
      37.866416931152344,
      45.94001770019531,
      48.08479690551758,
      51.8975715637207,
      72.7258071899414,
      53.654964447021484,
      53.979515075683594,
      38.07250213623047
    ],
    [
      22.447263717651367,
      49.203006744384766,
      30.417163848876953,
      31.927330017089844,
      22.808799743652344,
      36.323890686035156,
      24.901958465576172,
      39.44670486450195,
      28.603384017944336,
      46.70561981201172,
      32.76067352294922,
      57.80087661743164,
      40.16450881958008,
      70.02899932861328,
      53.654964447021484,
      74.27490234375,
      44.5748291015625,
      53.224273681640625
    ],
    [
      11.604108810424805,
      25.99371910095215,
      17.803733825683594,
      19.606599807739258,
      17.328170776367188,
      21.058483123779297,
      19.021196365356445,
      24.171899795532227,
      23.814077377319336,
      29.898670196533203,
      24.543548583984375,
      32.64087677001953,
      35.817039489746094,
      39.24913787841797,
      53.979515075683594,
      44.5748291015625,
      49.996517181396484,
      37.12083053588867
    ],
    [
      14.468833923339844,
      31.03567123413086,
      20.87395477294922,
      22.597064971923828,
      16.980545043945312,
      25.349714279174805,
      18.96466827392578,
      27.995386123657227,
      21.285123825073242,
      31.554134368896484,
      21.888538360595703,
      37.697410583496094,
      26.896106719970703,
      46.038578033447266,
      38.07250213623047,
      53.224273681640625,
      37.12083053588867,
      45.270668029785156
    ]
  ],
  "damage": -16.814504623413086,
  "diff_bandwidth": 374.976806640625,
  "dissonance": 7.916669661007175,
  "drr": 15.372296333312988,
  "dynamics": 4.014763832092285,
  "format": 1245190,
  "frames": 9373611,
  "freq_pan_to_db": [
    [
      -26.53400421142578,
      -28.884552001953125,
      -26.591907501220703,
      -24.854894638061523,
      -22.380075454711914,
      -22.999855041503906,
      -24.599300384521484,
      -25.25848388671875,
      -26.522607803344727,
      -27.731388092041016,
      -28.687744140625
    ],
    [
      -28.262828826904297,
      -28.38775634765625,
      -25.77897834777832,
      -24.209836959838867,
      -21.154714584350586,
      -20.183082580566406,
      -20.18248748779297,
      -22.600526809692383,
      -24.925737380981445,
      -27.321229934692383,
      -28.646495819091797
    ],
    [
      -26.943498611450195,
      -25.844993591308594,
      -25.22411346435547,
      -24.422590255737305,
      -22.610017776489258,
      -20.5445556640625,
      -22.34002685546875,
      -24.13811683654785,
      -25.50501251220703,
      -27.020252227783203,
      -28.306007385253906
    ],
    [
      -28.99239730834961,
      -27.49669075012207,
      -25.04081153869629,
      -23.528718948364258,
      -22.85215950012207,
      -22.124114990234375,
      -23.41549301147461,
      -25.39881706237793,
      -27.327463150024414,
      -28.465513229370117,
      -29.899627685546875
    ],
    [
      -27.47956085205078,
      -26.706985473632812,
      -24.744665145874023,
      -23.892532348632812,
      -23.06291389465332,
      -24.638341903686523,
      -24.631132125854492,
      -25.486900329589844,
      -26.081525802612305,
      -27.260845184326172,
      -28.036977767944336
    ],
    [
      -34.524505615234375,
      -31.53604507446289,
      -29.26172637939453,
      -27.22317123413086,
      -25.955829620361328,
      -26.54657745361328,
      -27.375152587890625,
      -28.14076805114746,
      -29.644323348999023,
      -32.11210632324219,
      -34.13580322265625
    ],
    [
      -30.543603897094727,
      -29.856998443603516,
      -28.45962142944336,
      -27.631919860839844,
      -26.545595169067383,
      -26.3792781829834,
      -26.71074676513672,
      -26.851322174072266,
      -28.005876541137695,
      -28.83342933654785,
      -29.898422241210938
    ],
    [
      -33.5924186706543,
      -34.20984649658203,
      -32.29472732543945,
      -30.837800979614258,
      -28.747392654418945,
      -28.021718978881836,
      -29.76506233215332,
      -30.986698150634766,
      -32.03278732299805,
      -32.5502815246582,
      -33.96603775024414
    ],
    [
      -29.409982681274414,
      -30.084148406982422,
      -29.760059356689453,
      -29.40201759338379,
      -29.037168502807617,
      -29.501588821411133,
      -29.764650344848633,
      -29.68915367126465,
      -30.012025833129883,
      -29.87353515625,
      -29.232744216918945
    ],
    [
      -32.47835159301758,
      -33.311439514160156,
      -32.70405197143555,
      -32.52078628540039,
      -31.454513549804688,
      -31.18984031677246,
      -32.04270935058594,
      -32.49730682373047,
      -33.14763259887695,
      -33.74931335449219,
      -34.06404495239258
    ],
    [
      -34.02355194091797,
      -34.983116149902344,
      -35.348201751708984,
      -32.813865661621094,
      -29.796463012695312,
      -27.61115074157715,
      -30.661558151245117,
      -32.38053512573242,
      -34.115360260009766,
      -36.15488815307617,
      -35.92709732055664
    ],
    [
      -33.83964157104492,
      -35.39718246459961,
      -33.927978515625,
      -32.05501937866211,
      -30.01714324951172,
      -28.493621826171875,
      -30.563858032226562,
      -32.511409759521484,
      -34.02067184448242,
      -34.741722106933594,
      -34.805904388427734
    ],
    [
      -36.683204650878906,
      -37.17457580566406,
      -35.60001754760742,
      -34.44992446899414,
      -33.315818786621094,
      -31.825441360473633,
      -33.7414436340332,
      -35.27838134765625,
      -34.741756439208984,
      -36.08985137939453,
      -35.82625961303711
    ],
    [
      -36.52980422973633,
      -35.81264877319336,
      -35.88557052612305,
      -34.332130432128906,
      -33.448490142822266,
      -31.020355224609375,
      -34.12425994873047,
      -35.48542022705078,
      -35.87740707397461,
      -37.64870071411133,
      -36.34832763671875
    ],
    [
      -35.296669006347656,
      -35.726539611816406,
      -36.91437911987305,
      -37.03301239013672,
      -35.69364929199219,
      -32.528438568115234,
      -36.135536193847656,
      -36.325531005859375,
      -37.16337203979492,
      -37.3363037109375,
      -36.101646423339844
    ],
    [
      -35.318153381347656,
      -36.938270568847656,
      -38.04781723022461,
      -38.802650451660156,
      -35.97427749633789,
      -32.761375427246094,
      -36.20014190673828,
      -37.77729034423828,
      -37.786842346191406,
      -35.89988708496094,
      -32.42188262939453
    ],
    [
      -35.34126663208008,
      -35.591529846191406,
      -38.88359069824219,
      -39.520225524902344,
      -37.116695404052734,
      -32.30499267578125,
      -38.072879791259766,
      -39.772762298583984,
      -38.61587142944336,
      -33.136627197265625,
      -33.709835052490234
    ],
    [
      -39.79097366333008,
      -39.44584274291992,
      -40.053863525390625,
      -40.2695198059082,
      -39.36090087890625,
      -35.07866287231445,
      -39.45296096801758,
      -40.675811767578125,
      -40.042320251464844,
      -37.18486022949219,
      -36.754581451416016
    ],
    [
      -41.787261962890625,
      -41.779170989990234,
      -40.4984016418457,
      -41.784732818603516,
      -40.290592193603516,
      -37.34523391723633,
      -41.70926284790039,
      -43.13050079345703,
      -41.458946228027344,
      -43.05408477783203,
      -40.941402435302734
    ],
    [
      -45.011627197265625,
      -43.86574172973633,
      -42.570335388183594,
      -44.530975341796875,
      -42.46371078491211,
      -38.915401458740234,
      -42.60466766357422,
      -43.733001708984375,
      -41.44330596923828,
      -43.37066650390625,
      -44.47970962524414
    ],
    [
      -42.82218551635742,
      -43.65069580078125,
      -43.54682159423828,
      -43.492897033691406,
      -43.589447021484375,
      -40.905548095703125,
      -43.364341735839844,
      -43.48057556152344,
      -43.429100036621094,
      -43.54155349731445,
      -43.800228118896484
    ],
    [
      -44.011940002441406,
      -45.00922775268555,
      -44.4658203125,
      -43.981815338134766,
      -44.47795486450195,
      -39.98793029785156,
      -44.03782653808594,
      -43.5743293762207,
      -44.86858367919922,
      -45.49070358276367,
      -45.13578796386719
    ],
    [
      -43.5147819519043,
      -43.282222747802734,
      -44.903656005859375,
      -45.11050796508789,
      -42.70093536376953,
      -38.106937408447266,
      -42.486412048339844,
      -44.39101791381836,
      -44.35687255859375,
      -44.87789535522461,
      -46.5297966003418
    ],
    [
      -46.65959930419922,
      -44.285560607910156,
      -46.329933166503906,
      -45.37297821044922,
      -44.24304962158203,
      -38.759193420410156,
      -44.31121063232422,
      -45.63617706298828,
      -44.89865493774414,
      -45.39864730834961,
      -46.101318359375
    ],
    [
      -48.912925720214844,
      -44.58333206176758,
      -44.49775314331055,
      -44.232479095458984,
      -44.230491638183594,
      -42.023780822753906,
      -43.5341682434082,
      -44.034053802490234,
      -44.75537109375,
      -44.767581939697266,
      -42.55396270751953
    ],
    [
      -45.04806900024414,
      -44.05897903442383,
      -43.8915901184082,
      -43.98290252685547,
      -43.97869873046875,
      -43.4475212097168,
      -43.963096618652344,
      -43.69116973876953,
      -44.06832504272461,
      -44.097564697265625,
      -43.972320556640625
    ],
    [
      -42.08085250854492,
      -42.673648834228516,
      -42.803531646728516,
      -43.30463790893555,
      -43.5372314453125,
      -43.922996520996094,
      -43.090824127197266,
      -42.74900817871094,
      -42.56826400756836,
      -41.985877990722656,
      -39.60758972167969
    ],
    [
      -40.354103088378906,
      -41.90420150756836,
      -44.00341033935547,
      -44.08951187133789,
      -44.44192123413086,
      -45.587467193603516,
      -44.78165054321289,
      -44.61804962158203,
      -45.77973175048828,
      -46.113468170166016,
      -42.74469757080078
    ],
    [
      -42.90281295776367,
      -43.24050521850586,
      -44.239166259765625,
      -45.626976013183594,
      -45.227203369140625,
      -47.20545196533203,
      -45.7169189453125,
      -45.23505783081055,
      -47.15433883666992,
      -47.40143585205078,
      -370
    ],
    [
      -43.34412384033203,
      -43.76076889038086,
      -45.1951789855957,
      -45.68364715576172,
      -45.84294128417969,
      -46.57559585571289,
      -47.31110382080078,
      -46.81246566772461,
      -47.40422058105469,
      -50.34260940551758,
      -50.8314208984375
    ],
    [
      -53.07868194580078,
      -45.002052307128906,
      -46.90469741821289,
      -47.31402587890625,
      -47.368099212646484,
      -46.16798400878906,
      -48.31103515625,
      -48.174049377441406,
      -48.284889221191406,
      -51.12177276611328,
      -59.146854400634766
    ],
    [
      -61.77967834472656,
      -45.29302978515625,
      -48.697998046875,
      -48.690425872802734,
      -49.33214569091797,
      -48.98366165161133,
      -49.609169006347656,
      -49.57720947265625,
      -50.15224838256836,
      -49.734806060791016,
      -370
    ],
    [
      -64.310546875,
      -45.21904754638672,
      -50.123470306396484,
      -49.073753356933594,
      -50.331092834472656,
      -49.9809684753418,
      -50.655303955078125,
      -50.97489547729492,
      -51.01847839355469,
      -50.16740036010742,
      -370
    ],
    [
      -370,
      -54.02157974243164,
      -52.126888275146484,
      -50.30950927734375,
      -50.44587326049805,
      -51.12051773071289,
      -50.955589294433594,
      -51.78976821899414,
      -54.12154006958008,
      -53.64956283569336,
      -370
    ],
    [
      -370,
      -54.23228073120117,
      -50.35261535644531,
      -51.17530822753906,
      -51.19490432739258,
      -52.331443786621094,
      -51.68097686767578,
      -51.40216827392578,
      -53.6419677734375,
      -51.4066162109375,
      -122.02275848388672
    ],
    [
      -370,
      -53.42445755004883,
      -49.24869155883789,
      -52.04416275024414,
      -52.862831115722656,
      -52.37247085571289,
      -52.25761032104492,
      -52.499725341796875,
      -54.70683288574219,
      -54.92179870605469,
      -58.442989349365234
    ],
    [
      -54.17933654785156,
      -52.4383544921875,
      -52.235694885253906,
      -52.530303955078125,
      -53.400611877441406,
      -52.338470458984375,
      -53.610836029052734,
      -53.81231689453125,
      -56.33940887451172,
      -56.17524719238281,
      -70.36360931396484
    ],
    [
      -52.545501708984375,
      -54.2503776550293,
      -53.42851257324219,
      -54.44763946533203,
      -55.16508102416992,
      -54.81117630004883,
      -55.48916244506836,
      -54.873985290527344,
      -57.17231369018555,
      -55.07648849487305,
      -52.08668518066406
    ],
    [
      -54.028438568115234,
      -54.482147216796875,
      -53.671485900878906,
      -56.486263275146484,
      -56.82938003540039,
      -57.42289352416992,
      -56.695919036865234,
      -55.125755310058594,
      -59.42119598388672,
      -57.792877197265625,
      -62.23207092285156
    ],
    [
      -55.22292709350586,
      -57.29807662963867,
      -55.84114456176758,
      -57.64593505859375,
      -58.85630798339844,
      -60.067874908447266,
      -58.24423599243164,
      -58.02558517456055,
      -60.803741455078125,
      -57.2977180480957,
      -370
    ],
    [
      -58.547264099121094,
      -58.677711486816406,
      -60.09415054321289,
      -59.13685989379883,
      -60.1788330078125,
      -62.736446380615234,
      -61.01560592651367,
      -59.86416244506836,
      -65.55299377441406,
      -63.68537902832031,
      -55.71630096435547
    ],
    [
      -57.47135925292969,
      -61.025306701660156,
      -59.628597259521484,
      -59.702796936035156,
      -61.19495391845703,
      -64.62775421142578,
      -61.2606201171875,
      -59.586578369140625,
      -59.89088821411133,
      -61.512176513671875,
      -62.70011520385742
    ]
  ],
  "histogram": [
    {
      "db": -70,
      "frequency": 0
    },
    {
      "db": -69,
      "frequency": 1
    },
    {
      "db": -68,
      "frequency": 0
    },
    {
      "db": -67,
      "frequency": 1
    },
    {
      "db": -66,
      "frequency": 0
    },
    {
      "db": -65,
      "frequency": 1
    },
    {
      "db": -64,
      "frequency": 1
    },
    {
      "db": -63,
      "frequency": 0
    },
    {
      "db": -62,
      "frequency": 1
    },
    {
      "db": -61,
      "frequency": 1
    },
    {
      "db": -60,
      "frequency": 1
    },
    {
      "db": -59,
      "frequency": 1
    },
    {
      "db": -58,
      "frequency": 1
    },
    {
      "db": -57,
      "frequency": 1
    },
    {
      "db": -56,
      "frequency": 1
    },
    {
      "db": -55,
      "frequency": 1
    },
    {
      "db": -54,
      "frequency": 2
    },
    {
      "db": -53,
      "frequency": 1
    },
    {
      "db": -52,
      "frequency": 1
    },
    {
      "db": -51,
      "frequency": 2
    },
    {
      "db": -50,
      "frequency": 1
    },
    {
      "db": -49,
      "frequency": 2
    },
    {
      "db": -48,
      "frequency": 2
    },
    {
      "db": -47,
      "frequency": 2
    },
    {
      "db": -46,
      "frequency": 2
    },
    {
      "db": -45,
      "frequency": 2
    },
    {
      "db": -44,
      "frequency": 2
    },
    {
      "db": -43,
      "frequency": 2
    },
    {
      "db": -42,
      "frequency": 2
    },
    {
      "db": -41,
      "frequency": 1
    },
    {
      "db": -40,
      "frequency": 2
    },
    {
      "db": -39,
      "frequency": 3
    },
    {
      "db": -38,
      "frequency": 7
    },
    {
      "db": -37,
      "frequency": 11
    },
    {
      "db": -36,
      "frequency": 8
    },
    {
      "db": -35,
      "frequency": 24
    },
    {
      "db": -34,
      "frequency": 44
    },
    {
      "db": -33,
      "frequency": 40
    },
    {
      "db": -32,
      "frequency": 58
    },
    {
      "db": -31,
      "frequency": 84
    },
    {
      "db": -30,
      "frequency": 84
    },
    {
      "db": -29,
      "frequency": 61
    },
    {
      "db": -28,
      "frequency": 75
    },
    {
      "db": -27,
      "frequency": 85
    },
    {
      "db": -26,
      "frequency": 59
    },
    {
      "db": -25,
      "frequency": 59
    },
    {
      "db": -24,
      "frequency": 179
    },
    {
      "db": -23,
      "frequency": 373
    },
    {
      "db": -22,
      "frequency": 432
    },
    {
      "db": -21,
      "frequency": 301
    },
    {
      "db": -20,
      "frequency": 75
    },
    {
      "db": -19,
      "frequency": 5
    },
    {
      "db": -18,
      "frequency": 0
    },
    {
      "db": -17,
      "frequency": 0
    },
    {
      "db": -16,
      "frequency": 0
    },
    {
      "db": -15,
      "frequency": 0
    },
    {
      "db": -14,
      "frequency": 0
    },
    {
      "db": -13,
      "frequency": 0
    },
    {
      "db": -12,
      "frequency": 0
    },
    {
      "db": -11,
      "frequency": 0
    },
    {
      "db": -10,
      "frequency": 0
    },
    {
      "db": -9,
      "frequency": 0
    },
    {
      "db": -8,
      "frequency": 0
    },
    {
      "db": -7,
      "frequency": 0
    },
    {
      "db": -6,
      "frequency": 0
    },
    {
      "db": -5,
      "frequency": 0
    },
    {
      "db": -4,
      "frequency": 0
    },
    {
      "db": -3,
      "frequency": 0
    },
    {
      "db": -2,
      "frequency": 0
    },
    {
      "db": -1,
      "frequency": 0
    },
    {
      "db": 0,
      "frequency": 0
    },
    {
      "db": 1,
      "frequency": 0
    },
    {
      "db": 2,
      "frequency": 0
    },
    {
      "db": 3,
      "frequency": 0
    },
    {
      "db": 4,
      "frequency": 0
    },
    {
      "db": 5,
      "frequency": 0
    },
    {
      "db": 6,
      "frequency": 0
    },
    {
