{
  "acoustic_entropy": 177.92990112304688,
  "bands": [
    {
      "high_freq": 148.1999969482422,
      "loudness": -33.743289947509766,
      "loudness_range": 18.03871726989746,
      "mid_mean": -30.407806396484375,
      "mid_to_side_loudness": -15.588166236877441,
      "mid_to_side_loudness_range": 12.087779998779297,
      "side_mean": -47.456764221191406
    },
    {
      "high_freq": 392.3793640136719,
      "loudness": -33.52254104614258,
      "loudness_range": 10.477617263793945,
      "low_freq": 148.1999969482422,
      "mid_mean": -30.041818618774414,
      "mid_to_side_loudness": -14.502754211425781,
      "mid_to_side_loudness_range": 8.524500846862793,
      "side_mean": -44.9315071105957
    },
    {
      "high_freq": 794.6976318359375,
      "loudness": -38.614768981933594,
      "loudness_range": 12.637706756591797,
      "low_freq": 392.3793640136719,
      "mid_mean": -36.185874938964844,
      "mid_to_side_loudness": -6.466829299926758,
      "mid_to_side_loudness_range": 11.626551628112793,
      "side_mean": -42.66507339477539
    },
    {
      "high_freq": 1457.5709228515625,
      "loudness": -38.85204315185547,
      "loudness_range": 19.233291625976562,
      "low_freq": 794.6976318359375,
      "mid_mean": -36.90481948852539,
      "mid_to_side_loudness": -5.722896099090576,
      "mid_to_side_loudness_range": 11.59084701538086,
      "side_mean": -42.43525695800781
    },
    {
      "high_freq": 2549.74365234375,
      "loudness": -40.618778228759766,
      "loudness_range": 17.945322036743164,
      "low_freq": 1457.5709228515625,
      "mid_mean": -38.02875518798828,
      "mid_to_side_loudness": -6.821010589599609,
      "mid_to_side_loudness_range": 9.354730606079102,
      "side_mean": -44.8555908203125
    },
    {
      "high_freq": 4349.24462890625,
      "loudness": -42.939517974853516,
      "loudness_range": 15.98516845703125,
      "low_freq": 2549.74365234375,
      "mid_mean": -40.29182815551758,
      "mid_to_side_loudness": -6.636517524719238,
      "mid_to_side_loudness_range": 8.740459442138672,
      "side_mean": -46.92694854736328
    },
    {
      "high_freq": 7314.1640625,
      "loudness": -44.65237045288086,
      "loudness_range": 13.463863372802734,
      "low_freq": 4349.24462890625,
      "mid_mean": -42.15494155883789,
      "mid_to_side_loudness": -5.718733310699463,
      "mid_to_side_loudness_range": 8.272412300109863,
      "side_mean": -50.092926025390625
    },
    {
      "high_freq": 12199.2666015625,
      "loudness": -45.86103439331055,
      "loudness_range": 13.025623321533203,
      "low_freq": 7314.1640625,
      "mid_mean": -43.23492431640625,
      "mid_to_side_loudness": -6.139899253845215,
      "mid_to_side_loudness_range": 6.120700836181641,
      "side_mean": -51.473697662353516
    },
    {
      "loudness": -53.837982177734375,
      "loudness_range": 14.555610656738281,
      "low_freq": 12199.2666015625,
      "mid_mean": -53.19865798950195,
      "mid_to_side_loudness": -5.077455997467041,
      "mid_to_side_loudness_range": 3.8407297134399414,
      "side_mean": -57.4921875
    }
  ],
  "bands_short": [
    {
      "high_freq": 148.1999969482422,
      "loudness": -39.50870895385742,
      "loudness_range": 29.356201171875,
      "mid_mean": -37.113059997558594,
      "mid_to_side_loudness": -12.387256622314453,
      "mid_to_side_loudness_range": 21.543943405151367,
      "side_mean": -52.76893615722656
    },
    {
      "high_freq": 392.3793640136719,
      "loudness": -34.77723693847656,
      "loudness_range": 21.007312774658203,
      "low_freq": 148.1999969482422,
      "mid_mean": -31.725421905517578,
      "mid_to_side_loudness": -13.52899169921875,
      "mid_to_side_loudness_range": 15.743646621704102,
      "side_mean": -46.291656494140625
    },
    {
      "high_freq": 794.6976318359375,
      "loudness": -40.17937469482422,
      "loudness_range": 17.9689998626709,
      "low_freq": 392.3793640136719,
      "mid_mean": -38.315895080566406,
      "mid_to_side_loudness": -6.234347343444824,
      "mid_to_side_loudness_range": 14.747756958007812,
      "side_mean": -44.76049041748047
    },
    {
      "high_freq": 1457.5709228515625,
      "loudness": -39.5394287109375,
      "loudness_range": 22.708663940429688,
      "low_freq": 794.6976318359375,
      "mid_mean": -38.23243713378906,
      "mid_to_side_loudness": -5.041059970855713,
      "mid_to_side_loudness_range": 14.971513748168945,
      "side_mean": -43.093116760253906
    },
    {
      "high_freq": 2549.74365234375,
      "loudness": -42.361595153808594,
      "loudness_range": 22.36724853515625,
      "low_freq": 1457.5709228515625,
      "mid_mean": -40.39501190185547,
      "mid_to_side_loudness": -6.729254722595215,
      "mid_to_side_loudness_range": 12.74744701385498,
      "side_mean": -50.01665115356445
    },
    {
      "high_freq": 4349.24462890625,
      "loudness": -45.42881774902344,
      "loudness_range": 24.023975372314453,
      "low_freq": 2549.74365234375,
      "mid_mean": -43.309688568115234,
      "mid_to_side_loudness": -6.605390548706055,
      "mid_to_side_loudness_range": 11.981881141662598,
      "side_mean": -52.19697189331055
    },
    {
      "high_freq": 7314.1640625,
      "loudness": -46.81876754760742,
      "loudness_range": 22.820297241210938,
      "low_freq": 4349.24462890625,
      "mid_mean": -45.478126525878906,
      "mid_to_side_loudness": -5.7746806144714355,
      "mid_to_side_loudness_range": 12.50821590423584,
      "side_mean": -53.28791809082031
    },
    {
      "high_freq": 12199.2666015625,
      "loudness": -49.02865219116211,
      "loudness_range": 25.18982696533203,
      "low_freq": 7314.1640625,
      "mid_mean": -50.817893981933594,
      "mid_to_side_loudness": -6.274165630340576,
      "mid_to_side_loudness_range": 9.998882293701172,
      "side_mean": -55.71942901611328
    },
    {
      "loudness": -57.233253479003906,
      "loudness_range": 27.276123046875,
      "low_freq": 12199.2666015625,
      "mid_mean": -58.1311149597168,
      "mid_to_side_loudness": -5.369983196258545,
      "mid_to_side_loudness_range": 8.843640327453613,
      "side_mean": -61.33889389038086
    }
  ],
  "bandwidth": 429.1508483886719,
  "channels": 2,
  "covariance": [
    [
      50.61341094970703,
      32.56351852416992,
      16.4377384185791,
      11.776224136352539,
      9.788481712341309,
      14.23242473602295,
      13.108933448791504,
      16.437292098999023,
      8.426522254943848,
      7.608556747436523,
      7.463704586029053,
      6.25179386138916,
      7.320680618286133,
      8.771602630615234,
      4.137227535247803,
      6.183420181274414,
      1.668565034866333,
      2.5806519985198975
    ],
    [
      32.56351852416992,
      43.510562896728516,
      15.088960647583008,
      11.71764850616455,
      12.805397033691406,
      18.543336868286133,
      19.417705535888672,
      21.29207992553711,
      16.23056983947754,
      13.001132011413574,
      11.45972728729248,
      9.762676239013672,
      10.92702865600586,
      13.163552284240723,
      7.141653537750244,
      9.644973754882812,
      5.308100700378418,
      4.96755313873291
    ],
    [
      16.4377384185791,
      15.088960647583008,
      19.194698333740234,
      13.647440910339355,
      14.278816223144531,
      17.274126052856445,
      15.464735984802246,
      17.136863708496094,
      15.027177810668945,
      15.20899772644043,
      13.331343650817871,
      13.559715270996094,
      11.130501747131348,
      12.035552978515625,
      8.251642227172852,
      9.728066444396973,
      6.507566452026367,
      7.0939459800720215
    ],
    [
      11.776224136352539,
      11.71764850616455,
      13.647440910339355,
      16.747928619384766,
      12.213128089904785,
      16.2248477935791,
      13.646166801452637,
      14.983696937561035,
      13.368489265441895,
      13.541749954223633,
      12.49203872680664,
      12.903478622436523,
      10.047253608703613,
      13.15947437286377,
      6.5546698570251465,
      10.249686241149902,
      6.67800760269165,
      6.885227680206299
    ],
    [
      9.788481712341309,
      12.805397033691406,
      14.278816223144531,
      12.213128089904785,
      23.903762817382812,
      25.62957000732422,
      24.458059310913086,
      23.123661041259766,
      23.5084171295166,
      20.602170944213867,
      20.012969970703125,
      17.831987380981445,
      15.912858009338379,
      15.007343292236328,
      10.506331443786621,
      11.382075309753418,
      7.858560562133789,
      7.7030253410339355
    ],
    [
      14.23242473602295,
      18.543336868286133,
      17.274126052856445,
      16.2248477935791,
      25.62957000732422,
      43.99225616455078,
      38.72270965576172,
      48.13364028930664,
      30.505788803100586,
      32.530765533447266,
      22.049362182617188,
      22.877174377441406,
      18.021610260009766,
      20.31487274169922,
      12.632270812988281,
      15.05738353729248,
      9.994854927062988,
      10.228443145751953
    ],
    [
      13.108933448791504,
      19.417705535888672,
      15.464735984802246,
      13.646166801452637,
      24.458059310913086,
      38.72270965576172,
      51.41164016723633,
      52.85648727416992,
      37.30430221557617,
      35.48666000366211,
      27.10686492919922,
      25.41373634338379,
      21.38499641418457,
      22.31056022644043,
      14.465719223022461,
      16.58528709411621,
      11.037517547607422,
      11.05776596069336
    ],
    [
      16.437292098999023,
      21.29207992553711,
      17.136863708496094,
      14.983696937561035,
      23.123661041259766,
      48.13364028930664,
      52.85648727416992,
      73.8571548461914,
      36.197853088378906,
      41.56974792480469,
      22.56085968017578,
      25.44913673400879,
      18.739070892333984,
      22.92802619934082,
      14.548330307006836,
      17.557598114013672,
      11.508160591125488,
      12.021985054016113
    ],
    [
      8.426522254943848,
      16.23056983947754,
      15.027177810668945,
      13.368489265441895,
      23.5084171295166,
      30.505788803100586,
      37.30430221557617,
      36.197853088378906,
      44.42181396484375,
      36.00566101074219,
      32.736167907714844,
      28.629173278808594,
      26.368078231811523,
      25.558937072753906,
      17.65550422668457,
      19.663686752319336,
      13.902600288391113,
      13.81987476348877
    ],
    [
      7.608556747436523,
      13.001132011413574,
      15.20899772644043,
      13.541749954223633,
      20.602170944213867,
      32.530765533447266,
      35.48666000366211,
      41.56974792480469,
      36.00566101074219,
      40.27608871459961,
      27.1518497467041,
      30.799427032470703,
      22.20891571044922,
      26.839975357055664,
      17.01058578491211,
      20.987958908081055,
      14.650633811950684,
      15.213153839111328
    ],
    [
      7.463704586029053,
      11.45972728729248,
      13.331343650817871,
      12.49203872680664,
      20.012969970703125,
      22.049362182617188,
      27.10686492919922,
      22.56085968017578,
      32.736167907714844,
      27.1518497467041,
      34.696434020996094,
      30.209510803222656,
      26.936864852905273,
      25.572021484375,
      17.13092613220215,
      19.24736785888672,
      12.435586929321289,
      12.91873836517334
    ],
    [
      6.25179386138916,
      9.762676239013672,
      13.559715270996094,
      12.903478622436523,
      17.831987380981445,
      22.877174377441406,
      25.41373634338379,
      25.44913673400879,
      28.629173278808594,
      30.799427032470703,
      30.209510803222656,
      36.117218017578125,
      23.84521484375,
      30.786039352416992,
      18.27235221862793,
      24.04060935974121,
      15.237441062927246,
      16.636428833007812
    ],
    [
      7.320680618286133,
      10.92702865600586,
      11.130501747131348,
      10.047253608703613,
      15.912858009338379,
      18.021610260009766,
      21.38499641418457,
      18.739070892333984,
      26.368078231811523,
      22.20891571044922,
      26.936864852905273,
      23.84521484375,
      26.425430297851562,
      24.596593856811523,
      19.83121109008789,
      20.843671798706055,
      16.04008674621582,
      15.3253173828125
    ],
    [
      8.771602630615234,
      13.163552284240723,
      12.035552978515625,
      13.15947437286377,
      15.007343292236328,
      20.31487274169922,
      22.31056022644043,
      22.92802619934082,
      25.558937072753906,
      26.839975357055664,
      25.572021484375,
      30.786039352416992,
      24.596593856811523,
      73.7989730834961,
      22.333080291748047,
      67.01769256591797,
      57.13895797729492,
      47.54813766479492
    ],
    [
      4.137227535247803,
      7.141653537750244,
      8.251642227172852,
      6.5546698570251465,
      10.506331443786621,
      12.632270812988281,
      14.465719223022461,
      14.548330307006836,
      17.65550422668457,
      17.01058578491211,
      17.13092613220215,
      18.27235221862793,
      19.83121109008789,
      22.333080291748047,
      24.905651092529297,
      24.48479461669922,
      23.385793685913086,
      20.678600311279297
    ],
    [
      6.183420181274414,
      9.644973754882812,
      9.728066444396973,
      10.249686241149902,
      11.382075309753418,
      15.05738353729248,
      16.58528709411621,
      17.557598114013672,
      19.663686752319336,
      20.987958908081055,
      19.24736785888672,
      24.04060935974121,
      20.843671798706055,
      67.01769256591797,
      24.48479461669922,
      65.65489196777344,
      59.24079513549805,
      48.776222229003906
    ],
    [
      1.668565034866333,
      5.308100700378418,
      6.507566452026367,
      6.67800760269165,
      7.858560562133789,
      9.994854927062988,
      11.037517547607422,
      11.508160591125488,
      13.902600288391113,
      14.650633811950684,
      12.435586929321289,
      15.237441062927246,
      16.04008674621582,
      57.13895797729492,
      23.385793685913086,
      59.24079513549805,
      59.5774040222168,
      47.73270034790039
    ],
    [
      2.5806519985198975,
      4.96755313873291,
      7.0939459800720215,
      6.885227680206299,
      7.7030253410339355,
      10.228443145751953,
      11.05776596069336,
      12.021985054016113,
      13.81987476348877,
      15.213153839111328,
      12.91873836517334,
      16.636428833007812,
      15.3253173828125,
      47.54813766479492,
      20.678600311279297,
      48.776222229003906,
      47.73270034790039,
      39.8426628112793
    ]
  ],
  "covariance_short": [
    [
      111.35875701904297,
      54.004825592041016,
      59.477298736572266,
      39.1369514465332,
      32.63131332397461,
      27.776958465576172,
      26.337709426879883,
      26.05042266845703,
      29.5617618560791,
      33.25574493408203,
      29.9685001373291,
      33.68696594238281,
      28.883195877075195,
      34.61975860595703,
      36.11901092529297,
      33.173255920410156,
      28.707490921020508,
      25.270952224731445
    ],
    [
      54.004825592041016,
      87.68718719482422,
      33.326881408691406,
      29.265653610229492,
      20.93421745300293,
      22.477787017822266,
      20.52494239807129,
      22.089824676513672,
      22.390132904052734,
      61.060203552246094,
      21.698034286499023,
      54.973915100097656,
      22.231029510498047,
      54.351661682128906,
      59.91630172729492,
      47.01409149169922,
      39.04064178466797,
      30.28199577331543
    ],
    [
      59.477298736572266,
      33.326881408691406,
      67.93832397460938,
      40.1394157409668,
      39.523136138916016,
      34.434085845947266,
      27.6198673248291,
      26.006805419921875,
      33.990509033203125,
      36.44278335571289,
      36.413665771484375,
      36.703697204589844,
      32.64555740356445,
      35.71830749511719,
      34.6574821472168,
      32.996612548828125,
      28.16519546508789,
      25.626476287841797
    ],
    [
      39.1369514465332,
      29.265653610229492,
      40.1394157409668,
      42.63833236694336,
      28.268388748168945,
      27.527151107788086,
      20.4838924407959,
      19.705989837646484,
      25.952112197875977,
      33.00424575805664,
      28.92298698425293,
      32.96292495727539,
      25.820621490478516,
      30.8973445892334,
      30.692270278930664,
      27.189653396606445,
      22.65283203125,
      19.700252532958984
    ],
    [
      32.63131332397461,
      20.93421745300293,
      39.523136138916016,
      28.268388748168945,
      54.158321380615234,
      41.22856521606445,
      38.82801818847656,
      33.24799728393555,
      41.663700103759766,
      38.28459167480469,
      40.838016510009766,
      36.07847595214844,
      34.15195083618164,
      32.65663146972656,
      30.53419303894043,
      28.04093360900879,
      22.652416229248047,
      20.572641372680664
    ],
    [
      27.776958465576172,
      22.477787017822266,
      34.434085845947266,
      27.527151107788086,
      41.22856521606445,
      59.15840530395508,
      46.73454284667969,
      56.36708068847656,
      42.404056549072266,
      50.0473518371582,
      35.99587631225586,
      39.07196807861328,
      32.00428771972656,
      36.04635238647461,
      31.873497009277344,
      29.993526458740234,
      23.537151336669922,
      20.91625213623047
    ],
    [
      26.337709426879883,
      20.52494239807129,
      27.6198673248291,
      20.4838924407959,
      38.82801818847656,
      46.73454284667969,
      71.57205963134766,
      65.86857604980469,
      49.24940872192383,
      47.76869583129883,
      41.2046012878418,
      38.391544342041016,
      36.48390197753906,
      36.19383239746094,
      32.4199333190918,
      29.53452491760254,
      23.16937255859375,
      20.170690536499023
    ],
    [
      26.05042266845703,
      22.089824676513672,
      26.006805419921875,
      19.705989837646484,
      33.24799728393555,
      56.36708068847656,
      65.86857604980469,
      93.6923828125,
      45.203460693359375,
      53.425392150878906,
      32.39978790283203,
      36.73002624511719,
      30.325071334838867,
      34.30080032348633,
      29.88886833190918,
      28.13448143005371,
      21.852659225463867,
      19.0843563079834
    ],
    [
      29.5617618560791,
      22.390132904052734,
      33.990509033203125,
      25.952112197875977,
      41.663700103759766,
      42.404056549072266,
      49.24940872192383,
      45.203460693359375,
      74.0152816772461,
      59.37717056274414,
      59.71756362915039,
      50.51603698730469,
      52.657230377197266,
      48.711456298828125,
      47.40134811401367,
      42.33784484863281,
      34.35835647583008,
      30.306657791137695
    ],
    [
      33.25574493408203,
      61.060203552246094,
      36.44278335571289,
      33.00424575805664,
      38.28459167480469,
      50.0473518371582,
      47.76869583129883,
      53.425392150878906,
      59.37717056274414,
      115.60310363769531,
      53.8790283203125,
      96.65259552001953,
      52.051387786865234,
      92.22454833984375,
      95.26951599121094,
      80.97666931152344,
      66.76594543457031,
      54.6342658996582
    ],
    [
      29.9685001373291,
      21.698034286499023,
      36.413665771484375,
      28.92298698425293,
      40.838016510009766,
      35.99587631225586,
      41.2046012878418,
      32.39978790283203,
      59.71756362915039,
      53.8790283203125,
      78.22978973388672,
      63.87840270996094,
      68.7581558227539,
      63.03574752807617,
      62.920326232910156,
      55.282772064208984,
      44.75335693359375,
      38.42219924926758
    ],
    [
      33.68696594238281,
      54.973915100097656,
      36.703697204589844,
      32.96292495727539,
      36.07847595214844,
      39.07196807861328,
      38.391544342041016,
      36.73002624511719,
      50.51603698730469,
      96.65259552001953,
      63.87840270996094,
      102.82404327392578,
      61.484588623046875,
      99.34050750732422,
      99.6726303100586,
      88.470458984375,
      71.68637084960938,
      60.3385124206543
    ],
    [
      28.883195877075195,
      22.231029510498047,
      32.64555740356445,
      25.820621490478516,
      34.15195083618164,
      32.00428771972656,
      36.48390197753906,
      30.325071334838867,
      52.657230377197266,
      52.051387786865234,
      68.7581558227539,
      61.484588623046875,
      83.69046783447266,
      71.39307403564453,
      80.01949310302734,
      67.49755859375,
      59.51078414916992,
      48.16459274291992
    ],
    [
      34.61975860595703,
      54.351661682128906,
      35.71830749511719,
      30.8973445892334,
      32.65663146972656,
      36.04635238647461,
      36.19383239746094,
      34.30080032348633,
      48.711456298828125,
      92.22454833984375,
      63.03574752807617,
      99.34050750732422,
      71.39307403564453,
      108.11933135986328,
      112.39472198486328,
      100.35611724853516,
      84.94062805175781,
      70.4415512084961
    ],
    [
      36.11901092529297,
      59.91630172729492,
      34.6574821472168,
      30.692270278930664,
      30.53419303894043,
      31.873497009277344,
      32.4199333190918,
      29.88886833190918,
      47.40134811401367,
      95.26951599121094,
      62.920326232910156,
      99.6726303100586,
      80.01949310302734,
      112.39472198486328,
      139.44029235839844,
      114.0352783203125,
      105.25768280029297,
      81.65682983398438
    ],
    [
      33.173255920410156,
      47.01409149169922,
      32.996612548828125,
      27.189653396606445,
      28.04093360900879,
      29.993526458740234,
      29.53452491760254,
      28.13448143005371,
      42.33784484863281,
      80.97666931152344,
      55.282772064208984,
      88.470458984375,
      67.49755859375,
      100.35611724853516,
      114.0352783203125,
      104.23567962646484,
      93.40721893310547,
      77.12393188476562
    ],
    [
      28.707490921020508,
      39.04064178466797,
      28.16519546508789,
      22.65283203125,
      22.652416229248047,
      23.537151336669922,
      23.16937255859375,
      21.852659225463867,
      34.35835647583008,
      66.76594543457031,
      44.75335693359375,
      71.68637084960938,
      59.51078414916992,
      84.94062805175781,
      105.25768280029297,
      93.40721893310547,
      94.89595031738281,
      75.97965240478516
    ],
    [
      25.270952224731445,
      30.28199577331543,
      25.626476287841797,
      19.700252532958984,
      20.572641372680664,
      20.91625213623047,
      20.170690536499023,
      19.0843563079834,
      30.306657791137695,
      54.6342658996582,
      38.42219924926758,
      60.3385124206543,
      48.16459274291992,
      70.4415512084961,
      81.65682983398438,
      77.12393188476562,
      75.97965240478516,
      64.4447021484375
    ]
  ],
  "damage": -18.715246200561523,
  "diff_bandwidth": 411.7141418457031,
  "dissonance": 8.666342288572665,
  "drr": 13.254532814025879,
  "dynamics": 3.743744134902954,
  "format": 1245190,
  "frames": 11485287,
  "freq_pan_to_db": [
    [
      -28.146976470947266,
      -28.855667114257812,
      -26.831514358520508,
      -25.37673568725586,
      -21.40553855895996,
      -19.25651741027832,
      -18.143699645996094,
      -22.45621109008789,
      -25.526979446411133,
      -27.2879695892334,
      -27.733903884887695
    ],
    [
      -27.953975677490234,
      -28.691755294799805,
      -26.584705352783203,
      -23.376821517944336,
      -18.799840927124023,
      -20.336851119995117,
      -21.304481506347656,
      -25.117496490478516,
      -26.74028968811035,
      -28.319656372070312,
      -30.019268035888672
    ],
    [
      -33.8536262512207,
      -31.032835006713867,
      -26.926593780517578,
      -22.111568450927734,
      -21.025508880615234,
      -23.29078483581543,
      -22.90367317199707,
      -25.570554733276367,
      -28.073074340820312,
      -31.228504180908203,
      -34.95779037475586
    ],
    [
      -40.30374526977539,
      -35.91731262207031,
      -30.8743896484375,
      -26.170347213745117,
      -23.888248443603516,
      -25.054811477661133,
      -25.325536727905273,
      -30.21192169189453,
      -36.17131042480469,
      -41.870452880859375,
      -42.54683303833008
    ],
    [
      -44.91556167602539,
      -42.57621383666992,
      -34.740787506103516,
      -29.354623794555664,
      -22.96742057800293,
      -24.814706802368164,
      -25.935701370239258,
      -31.484329223632812,
      -35.77012634277344,
      -39.45093536376953,
      -41.45698547363281
    ],
    [
      -45.016239166259766,
      -40.010643005371094,
      -35.23218536376953,
      -30.078092575073242,
      -25.530349731445312,
      -25.88839340209961,
      -27.704692840576172,
      -31.92877197265625,
      -37.286827087402344,
      -39.34800338745117,
      -44.444400787353516
    ],
    [
      -38.08497619628906,
      -38.003700256347656,
      -32.999446868896484,
      -29.301111221313477,
      -27.19832420349121,
      -27.946882247924805,
      -28.57815170288086,
      -32.071685791015625,
      -33.796512603759766,
      -36.992767333984375,
      -37.35505294799805
    ],
    [
      -35.81414794921875,
      -35.95037078857422,
      -33.73802947998047,
      -31.22574234008789,
      -29.374710083007812,
      -31.009702682495117,
      -31.946989059448242,
      -33.266815185546875,
      -34.50485610961914,
      -35.984642028808594,
      -35.34637451171875
    ],
    [
      -34.36643600463867,
      -34.78086853027344,
      -35.33974075317383,
      -34.18706512451172,
      -33.08371353149414,
      -32.75986862182617,
      -31.14893341064453,
      -33.29515075683594,
      -34.53793716430664,
      -35.64902114868164,
      -35.88843536376953
    ],
    [
      -33.62309646606445,
      -34.36893844604492,
      -35.1387825012207,
      -34.901554107666016,
      -34.13821792602539,
      -32.43943786621094,
      -28.827787399291992,
      -32.23447799682617,
      -33.11831283569336,
      -33.45500564575195,
      -32.94292449951172
    ],
    [
      -34.717735290527344,
      -35.0565299987793,
      -34.41391372680664,
      -34.1480827331543,
      -33.52504348754883,
      -31.797855377197266,
      -31.628211975097656,
      -33.98099136352539,
      -35.057682037353516,
      -34.71078109741211,
      -37.54546356201172
    ],
    [
      -31.251169204711914,
      -32.152587890625,
      -32.22639465332031,
      -32.73817825317383,
      -32.73756790161133,
      -32.456016540527344,
      -31.126811981201172,
      -31.970247268676758,
      -32.35068130493164,
      -32.85014724731445,
      -32.72677230834961
    ],
    [
      -32.746402740478516,
      -33.15390396118164,
      -34.5452995300293,
      -34.502994537353516,
      -34.40528869628906,
      -34.00029373168945,
      -33.318748474121094,
      -33.8206672668457,
      -33.421424865722656,
      -34.11054229736328,
      -33.82329559326172
    ],
    [
      -31.07305335998535,
      -31.874855041503906,
      -33.08436965942383,
      -33.461177825927734,
      -35.136390686035156,
      -34.69142532348633,
      -33.704044342041016,
      -33.27770233154297,
      -32.95201873779297,
      -32.851402282714844,
      -32.79305648803711
    ],
    [
      -32.3023796081543,
      -32.944732666015625,
      -30.854021072387695,
      -31.963024139404297,
      -33.98599624633789,
      -32.50165939331055,
      -32.588260650634766,
      -31.2381649017334,
      -32.00590133666992,
      -32.61829376220703,
      -31.24681854248047
    ],
    [
      -33.79885482788086,
      -32.789024353027344,
      -26.977880477905273,
      -31.282093048095703,
      -33.8284797668457,
      -32.55774688720703,
      -32.40296173095703,
      -28.670238494873047,
      -28.190837860107422,
      -31.510108947753906,
      -33.021141052246094
    ],
    [
      -31.838611602783203,
      -30.82527732849121,
      -31.00617790222168,
      -30.407175064086914,
      -32.89961242675781,
      -33.564144134521484,
      -31.709543228149414,
      -31.536231994628906,
      -31.292814254760742,
      -31.460548400878906,
      -33.203365325927734
    ],
    [
      -32.30305099487305,
      -33.96669006347656,
      -34.95069122314453,
      -36.4128303527832,
      -36.35162353515625,
      -34.99101257324219,
      -35.68556594848633,
      -34.81392288208008,
      -35.32952880859375,
      -34.81783676147461,
      -36.491310119628906
    ],
    [
      -35.523765563964844,
      -36.461936950683594,
      -35.01865005493164,
      -35.1214599609375,
      -35.62103271484375,
      -35.7411003112793,
      -35.876705169677734,
      -35.65545654296875,
      -35.140655517578125,
      -35.78484344482422,
      -36.149967193603516
    ],
    [
      -40.7599983215332,
      -38.97850799560547,
      -38.86238479614258,
      -38.322059631347656,
      -38.91642761230469,
      -37.30979919433594,
      -38.71995162963867,
      -38.94075012207031,
      -37.75827407836914,
      -38.547542572021484,
      -38.54038619995117
    ],
    [
      -36.40480041503906,
      -39.92563247680664,
      -39.2464485168457,
      -38.636016845703125,
      -38.694664001464844,
      -38.28009796142578,
      -39.44755554199219,
      -38.26677703857422,
      -40.29717254638672,
      -39.96226119995117,
      -38.4638671875
    ],
    [
      -40.26206970214844,
      -41.19059753417969,
      -39.97710037231445,
      -38.24549102783203,
      -39.81495666503906,
      -39.405548095703125,
      -40.14476776123047,
      -40.33799743652344,
      -41.67598342895508,
      -41.62693786621094,
      -44.02572250366211
    ],
    [
      -46.61701202392578,
      -43.204803466796875,
      -42.866519927978516,
      -43.32667922973633,
      -40.84618377685547,
      -40.627235412597656,
      -41.662628173828125,
      -43.30196762084961,
      -41.43754959106445,
      -42.65335464477539,
      -43.49761199951172
    ],
    [
      -41.52349090576172,
      -42.43758010864258,
      -42.83982849121094,
      -43.31519317626953,
      -42.93681716918945,
      -42.21527862548828,
      -43.328529357910156,
      -42.68962097167969,
      -42.416282653808594,
      -42.140480041503906,
      -45.289772033691406
    ],
    [
      -48.70185852050781,
      -46.38755416870117,
      -44.43890380859375,
      -44.0560188293457,
      -44.340476989746094,
      -45.08309555053711,
      -43.77324295043945,
      -43.99797058105469,
      -44.618377685546875,
      -42.947879791259766,
      -46.49315643310547
    ],
    [
      -52.678680419921875,
      -46.339073181152344,
      -44.421653747558594,
      -44.30740737915039,
      -43.294010162353516,
      -43.154109954833984,
      -43.8229866027832,
      -44.38975524902344,
      -44.217769622802734,
      -43.789024353027344,
      -43.125770568847656
    ],
    [
      -50.270668029785156,
      -43.75523376464844,
      -43.05809020996094,
      -43.85175323486328,
      -43.182865142822266,
      -40.5574951171875,
      -43.34567642211914,
      -43.59206771850586,
      -42.77545166015625,
      -43.50090408325195,
      -44.02634811401367
    ],
    [
      -63.73714065551758,
      -44.049903869628906,
      -44.34148025512695,
      -44.555419921875,
      -44.40735626220703,
      -44.02682876586914,
      -43.65214538574219,
      -43.98280334472656,
      -44.525634765625,
      -45.42446517944336,
      -49.56352996826172
    ],
    [
      -70.2354965209961,
      -46.696136474609375,
      -45.8056755065918,
      -45.82106018066406,
      -45.39185333251953,
      -44.72766876220703,
      -44.740806579589844,
      -45.33744430541992,
      -45.53938293457031,
      -45.53891372680664,
      -48.2390251159668
    ],
    [
      -45.309566497802734,
      -50.66572189331055,
      -46.66012191772461,
      -46.31366729736328,
      -45.647953033447266,
      -45.401512145996094,
      -44.84882354736328,
      -45.902076721191406,
      -45.5441780090332,
      -45.10034942626953,
      -48.620845794677734
    ],
    [
      -370,
      -47.78990173339844,
      -48.48917007446289,
      -48.34456253051758,
      -47.431705474853516,
      -46.767181396484375,
      -46.410675048828125,
      -47.234867095947266,
      -46.998626708984375,
      -46.57891845703125,
      -47.4622917175293
    ],
    [
      -44.11966323852539,
      -52.21065139770508,
      -51.7670783996582,
      -49.88313674926758,
      -48.530479431152344,
      -47.60552978515625,
      -46.4581298828125,
      -46.942935943603516,
      -46.60502243041992,
      -46.295318603515625,
      -48.01375961303711
    ],
    [
      -370,
      -52.16181182861328,
      -54.924373626708984,
      -50.73069381713867,
      -49.1459846496582,
      -47.708831787109375,
      -46.655250549316406,
      -46.90114212036133,
      -46.95088577270508,
      -49.655155181884766,
      -49.81267547607422
    ],
    [
      -60.40003204345703,
      -48.79037094116211,
      -51.740177154541016,
      -50.03241729736328,
      -48.00564956665039,
      -47.41029357910156,
      -46.96226119995117,
      -46.98940658569336,
      -47.33894729614258,
      -56.07611083984375,
      -54.163970947265625
    ],
    [
      -63.707801818847656,
      -62.463157653808594,
      -47.54164505004883,
      -45.94261169433594,
      -46.02029800415039,
      -46.679603576660156,
      -46.52006149291992,
      -47.38210678100586,
      -48.425716400146484,
      -53.97986602783203,
      -55.67793655395508
    ],
    [
      -55.383338928222656,
      -45.91189193725586,
      -47.835670471191406,
      -48.017337799072266,
      -47.873233795166016,
      -47.99631881713867,
      -47.448280334472656,
      -48.9362907409668,
      -49.87419128417969,
      -50.650569915771484,
      -59.83467102050781
    ],
    [
      -67.30359649658203,
      -59.78837966918945,
      -48.05335998535156,
      -48.115535736083984,
      -48.64130783081055,
      -49.25892639160156,
      -47.533992767333984,
      -48.35222244262695,
      -50.79047393798828,
      -58.562252044677734,
      -49.354068756103516
    ],
    [
      -73.75196075439453,
      -65.44976806640625,
      -51.33272933959961,
      -50.549583435058594,
      -50.939353942871094,
      -51.36221694946289,
      -49.89352798461914,
      -50.566463470458984,
      -54.05824661254883,
      -56.77037811279297,
      -58.43648910522461
    ],
    [
      -74.65247344970703,
      -68.27214813232422,
      -69.33545684814453,
      -52.73219299316406,
      -52.495792388916016,
      -53.97163772583008,
      -53.20449447631836,
      -55.218650817871094,
      -57.421897888183594,
      -60.955230712890625,
      -63.873313903808594
    ],
    [
      -73.86180114746094,
      -85.39299011230469,
      -53.328712463378906,
      -52.29148864746094,
      -52.86332321166992,
      -55.15455627441406,
      -56.101009368896484,
      -59.51325607299805,
      -65.66361999511719,
      -70.06291198730469,
      -73.00022888183594
    ],
    [
      -370,
      -66.01052856445312,
      -58.172908782958984,
      -55.45503234863281,
      -54.138694763183594,
      -56.83052062988281,
      -60.72182846069336,
      -70.65780639648438,
      -71.56625366210938,
      -73.03307342529297,
      -370
    ],
    [
      -370,
      -90.74296569824219,
      -86.6296615600586,
      -81.4261703491211,
      -60.50995635986328,
      -57.58318328857422,
      -65.53131103515625,
      -74.55225372314453,
      -82.67240905761719,
      -78.9924087524414,
      -370
    ]
  ],
  "histogram": [
    {
      "db": -70,
      "frequency": 0
    },
    {
      "db": -69,
      "frequency": 1
    },
    {
      "db": -68,
      "frequency": 0
    },
    {
      "db": -67,
      "frequency": 0
    },
    {
      "db": -66,
      "frequency": 1
    },
    {
      "db": -65,
      "frequency": 0
    },
    {
      "db": -64,
      "frequency": 1
    },
    {
      "db": -63,
      "frequency": 0
    },
    {
      "db": -62,
      "frequency": 2
    },
    {
      "db": -61,
      "frequency": 2
    },
    {
      "db": -60,
      "frequency": 1
    },
    {
      "db": -59,
      "frequency": 2
    },
    {
      "db": -58,
      "frequency": 1
    },
    {
      "db": -57,
      "frequency": 1
    },
    {
      "db": -56,
      "frequency": 0
    },
    {
      "db": -55,
      "frequency": 1
    },
    {
      "db": -54,
      "frequency": 2
    },
    {
      "db": -53,
      "frequency": 0
    },
    {
      "db": -52,
      "frequency": 2
    },
    {
      "db": -51,
      "frequency": 0
    },
    {
      "db": -50,
      "frequency": 1
    },
    {
      "db": -49,
      "frequency": 0
    },
    {
      "db": -48,
      "frequency": 0
    },
    {
      "db": -47,
      "frequency": 0
    },
    {
      "db": -46,
      "frequency": 1
    },
    {
      "db": -45,
      "frequency": 0
    },
    {
      "db": -44,
      "frequency": 2
    },
    {
      "db": -43,
      "frequency": 1
    },
    {
      "db": -42,
      "frequency": 0
    },
    {
      "db": -41,
      "frequency": 3
    },
    {
      "db": -40,
      "frequency": 3
    },
    {
      "db": -39,
      "frequency": 7
    },
    {
      "db": -38,
      "frequency": 7
    },
    {
      "db": -37,
      "frequency": 14
    },
    {
      "db": -36,
      "frequency": 22
    },
    {
      "db": -35,
      "frequency": 18
    },
    {
      "db": -34,
      "frequency": 21
    },
    {
      "db": -33,
      "frequency": 28
    },
    {
      "db": -32,
      "frequency": 32
    },
    {
      "db": -31,
      "frequency": 33
    },
    {
      "db": -30,
      "frequency": 28
    },
    {
      "db": -29,
      "frequency": 70
    },
    {
      "db": -28,
      "frequency": 87
    },
    {
      "db": -27,
      "frequency": 132
    },
    {
      "db": -26,
      "frequency": 247
    },
    {
      "db": -25,
      "frequency": 305
    },
    {
      "db": -24,
      "frequency": 322
    },
    {
      "db": -23,
      "frequency": 376
    },
    {
      "db": -22,
      "frequency": 342
    },
    {
      "db": -21,
      "frequency": 174
    },
    {
      "db": -20,
      "frequency": 55
    },
    {
      "db": -19,
      "frequency": 12
    },
    {
      "db": -18,
      "frequency": 3
    },
    {
      "db": -17,
      "frequency": 0
    },
    {
      "db": -16,
      "frequency": 0
    },
    {
      "db": -15,
      "frequency": 0
    },
    {
      "db": -14,
      "frequency": 0
    },
    {
      "db": -13,
      "frequency": 0
    },
    {
      "db": -12,
      "frequency": 0
    },
    {
      "db": -11,
      "frequency": 0
    },
    {
      "db": -10,
      "frequency": 0
    },
    {
      "db": -9,
      "frequency": 0
    },
    {
      "db": -8,
      "frequency": 0
    },
    {
      "db": -7,
      "frequency": 0
    },
    {
      "db": -6,
      "frequency": 0
    },
    {
      "db": -5,
      "frequency": 0
    },
    {
      "db": -4,
      "frequency": 0
    },
    {
      "db": -3,
      "frequency": 0
    },
    {
      "db": -2,
      "frequency": 0
    },
    {
      "db": -1,
      "frequency": 0
    },
    {
      "db": 0,
      "frequency": 0
    },
    {
      "db": 1,
      "frequency": 0
    },
    {
      "db": 2,
      "frequency": 0
    },
    {
      "db": 3,
      "frequency": 0
    },
    {
      "db": 4,
      "frequency": 0
    },
    {
      "db": 5,
      "frequency": 0
    },
    {
      "db": 6,
      "frequency": 0
    },
    {
      "db": 7,
      "frequency": 0
    },
    {
      "db": 8,
