{
  "acoustic_entropy": 167.2908477783203,
  "bands": [
    {
      "high_freq": 148.1999969482422,
      "loudness": -32.67923355102539,
      "loudness_range": 17.81233024597168,
      "mid_mean": -29.30038070678711,
      "mid_to_side_loudness": -15.839788436889648,
      "mid_to_side_loudness_range": 13.06934928894043,
      "side_mean": -46.73237228393555
    },
    {
      "high_freq": 392.3793640136719,
      "loudness": -33.00039291381836,
      "loudness_range": 10.80290412902832,
      "low_freq": 148.1999969482422,
      "mid_mean": -29.510953903198242,
      "mid_to_side_loudness": -15.5646333694458,
      "mid_to_side_loudness_range": 8.75374698638916,
      "side_mean": -45.55455017089844
    },
    {
      "high_freq": 794.6976318359375,
      "loudness": -40.20564270019531,
      "loudness_range": 12.399478912353516,
      "low_freq": 392.3793640136719,
      "mid_mean": -37.48950958251953,
      "mid_to_side_loudness": -7.8734235763549805,
      "mid_to_side_loudness_range": 11.689791679382324,
      "side_mean": -45.40791320800781
    },
    {
      "high_freq": 1457.5709228515625,
      "loudness": -40.94482421875,
      "loudness_range": 19.727195739746094,
      "low_freq": 794.6976318359375,
      "mid_mean": -39.417816162109375,
      "mid_to_side_loudness": -4.345266819000244,
      "mid_to_side_loudness_range": 11.633798599243164,
      "side_mean": -43.591583251953125
    },
    {
      "high_freq": 2549.74365234375,
      "loudness": -44.16614532470703,
      "loudness_range": 18.544586181640625,
      "low_freq": 1457.5709228515625,
      "mid_mean": -42.20792770385742,
      "mid_to_side_loudness": -4.68707799911499,
      "mid_to_side_loudness_range": 9.446524620056152,
      "side_mean": -46.906402587890625
    },
    {
      "high_freq": 4349.24462890625,
      "loudness": -45.19340515136719,
      "loudness_range": 15.965702056884766,
      "low_freq": 2549.74365234375,
      "mid_mean": -42.4587516784668,
      "mid_to_side_loudness": -7.207576274871826,
      "mid_to_side_loudness_range": 9.18980884552002,
      "side_mean": -51.65731430053711
    },
    {
      "high_freq": 7314.1640625,
      "loudness": -43.2813606262207,
      "loudness_range": 13.59408187866211,
      "low_freq": 4349.24462890625,
      "mid_mean": -40.4493522644043,
      "mid_to_side_loudness": -7.391615867614746,
      "mid_to_side_loudness_range": 8.295628547668457,
      "side_mean": -50.05805206298828
    },
    {
      "high_freq": 12199.2666015625,
      "loudness": -44.94212341308594,
      "loudness_range": 12.968711853027344,
      "low_freq": 7314.1640625,
      "mid_mean": -42.010379791259766,
      "mid_to_side_loudness": -7.903642654418945,
      "mid_to_side_loudness_range": 6.115076065063477,
      "side_mean": -51.93932342529297
    },
    {
      "loudness": -49.5014762878418,
      "loudness_range": 15.300765991210938,
      "low_freq": 12199.2666015625,
      "mid_mean": -46.56794738769531,
      "mid_to_side_loudness": -7.563015460968018,
      "mid_to_side_loudness_range": 3.942129135131836,
      "side_mean": -55.56270217895508
    }
  ],
  "bands_short": [
    {
      "high_freq": 148.1999969482422,
      "loudness": -38.0028190612793,
      "loudness_range": 28.84459114074707,
      "mid_mean": -35.62904739379883,
      "mid_to_side_loudness": -12.603654861450195,
      "mid_to_side_loudness_range": 22.35727310180664,
      "side_mean": -51.841835021972656
    },
    {
      "high_freq": 392.3793640136719,
      "loudness": -33.989044189453125,
      "loudness_range": 20.799663543701172,
      "low_freq": 148.1999969482422,
      "mid_mean": -30.928007125854492,
      "mid_to_side_loudness": -14.49399471282959,
      "mid_to_side_loudness_range": 17.215999603271484,
      "side_mean": -46.6439094543457
    },
    {
      "high_freq": 794.6976318359375,
      "loudness": -41.613182067871094,
      "loudness_range": 18.0816650390625,
      "low_freq": 392.3793640136719,
      "mid_mean": -39.415977478027344,
      "mid_to_side_loudness": -7.748377323150635,
      "mid_to_side_loudness_range": 14.632889747619629,
      "side_mean": -50.04180145263672
    },
    {
      "high_freq": 1457.5709228515625,
      "loudness": -41.547733306884766,
      "loudness_range": 22.61402702331543,
      "low_freq": 794.6976318359375,
      "mid_mean": -40.693634033203125,
      "mid_to_side_loudness": -3.932135820388794,
      "mid_to_side_loudness_range": 14.793522834777832,
      "side_mean": -44.59538269042969
    },
    {
      "high_freq": 2549.74365234375,
      "loudness": -45.7778205871582,
      "loudness_range": 22.325450897216797,
      "low_freq": 1457.5709228515625,
      "mid_mean": -44.64289474487305,
      "mid_to_side_loudness": -4.589869022369385,
      "mid_to_side_loudness_range": 12.780014038085938,
      "side_mean": -51.710201263427734
    },
    {
      "high_freq": 4349.24462890625,
      "loudness": -47.695255279541016,
      "loudness_range": 24.016315460205078,
      "low_freq": 2549.74365234375,
      "mid_mean": -45.56553649902344,
      "mid_to_side_loudness": -7.180920600891113,
      "mid_to_side_loudness_range": 12.147917747497559,
      "side_mean": -54.4766845703125
    },
    {
      "high_freq": 7314.1640625,
      "loudness": -45.48387908935547,
      "loudness_range": 22.887165069580078,
      "low_freq": 4349.24462890625,
      "mid_mean": -43.620967864990234,
      "mid_to_side_loudness": -7.444688320159912,
      "mid_to_side_loudness_range": 12.332231521606445,
      "side_mean": -53.254215240478516
    },
    {
      "high_freq": 12199.2666015625,
      "loudness": -48.120155334472656,
      "loudness_range": 25.187641143798828,
      "low_freq": 7314.1640625,
      "mid_mean": -47.181175231933594,
      "mid_to_side_loudness": -8.031622886657715,
      "mid_to_side_loudness_range": 9.773770332336426,
      "side_mean": -56.0789794921875
    },
    {
      "loudness": -53.45630645751953,
      "loudness_range": 28.777591705322266,
      "low_freq": 12199.2666015625,
      "mid_mean": -54.72526931762695,
      "mid_to_side_loudness": -7.807389736175537,
      "mid_to_side_loudness_range": 8.650697708129883,
      "side_mean": -59.92640686035156
    }
  ],
  "bandwidth": 349.47314453125,
  "channels": 2,
  "covariance": [
    [
      49.23328399658203,
      30.977134704589844,
      17.774494171142578,
      12.362497329711914,
      10.093436241149902,
      14.207130432128906,
      13.048765182495117,
      16.624128341674805,
      8.867575645446777,
      8.62734317779541,
      7.612858295440674,
      6.760519504547119,
      7.113815784454346,
      8.450282096862793,
      3.963360071182251,
      5.905158996582031,
      -0.6303607821464539,
      3.006509304046631
    ],
    [
      30.977134704589844,
      43.76610565185547,
      15.989384651184082,
      12.85033130645752,
      12.641302108764648,
      19.411043167114258,
      20.117820739746094,
      23.116003036499023,
      17.80678939819336,
      14.88163948059082,
      11.477362632751465,
      12.57224178314209,
      10.631834030151367,
      13.763736724853516,
      6.4869608879089355,
      9.941751480102539,
      1.3538845777511597,
      6.063868999481201
    ],
    [
      17.774494171142578,
      15.989384651184082,
      20.65030860900879,
      14.305968284606934,
      14.921280860900879,
      18.28873634338379,
      16.21942901611328,
      18.504465103149414,
      16.550411224365234,
      16.69269561767578,
      13.671552658081055,
      13.954365730285645,
      11.157976150512695,
      12.422210693359375,
      8.223186492919922,
      9.986568450927734,
      6.086596488952637,
      8.00631332397461
    ],
    [
      12.362497329711914,
      12.85033130645752,
      14.305968284606934,
      16.838598251342773,
      12.393709182739258,
      17.024158477783203,
      13.890372276306152,
      16.090980529785156,
      13.856769561767578,
      14.444245338439941,
      12.470664024353027,
      14.311813354492188,
      9.84882640838623,
      12.715970993041992,
      6.39263391494751,
      9.72105884552002,
      4.267890453338623,
      7.225356578826904
    ],
    [
      10.093436241149902,
      12.641302108764648,
      14.921280860900879,
      12.393709182739258,
      23.94913101196289,
      25.655832290649414,
      24.66278648376465,
      23.475650787353516,
      24.66518211364746,
      22.09246063232422,
      20.180883407592773,
      17.830753326416016,
      15.778837203979492,
      15.136380195617676,
      10.532756805419922,
      11.518925666809082,
      7.565742015838623,
      8.697173118591309
    ],
    [
      14.207130432128906,
      19.411043167114258,
      18.28873634338379,
      17.024158477783203,
      25.655832290649414,
      44.577762603759766,
      38.83741760253906,
      48.842185974121094,
      31.800106048583984,
      34.30061721801758,
      22.195926666259766,
      22.832698822021484,
      17.882421493530273,
      20.317672729492188,
      12.528889656066895,
      14.996829986572266,
      9.549161911010742,
      11.405606269836426
    ],
    [
      13.048765182495117,
      20.117820739746094,
      16.21942901611328,
      13.890372276306152,
      24.66278648376465,
      38.83741760253906,
      52.8729133605957,
      53.34626770019531,
      39.61705780029297,
      37.59873580932617,
      27.542146682739258,
      25.258243560791016,
      21.510997772216797,
      22.493087768554688,
      14.61674690246582,
      16.705259323120117,
      11.130009651184082,
      12.497163772583008
    ],
    [
      16.624128341674805,
      23.116003036499023,
      18.504465103149414,
      16.090980529785156,
      23.475650787353516,
      48.842185974121094,
      53.34626770019531,
      74.05329895019531,
      38.069889068603516,
      43.5693359375,
      22.77071189880371,
      25.73090171813965,
      19.01423454284668,
      23.395572662353516,
      14.701762199401855,
      17.831083297729492,
      11.875550270080566,
      13.676823616027832
    ],
    [
      8.867575645446777,
      17.80678939819336,
      16.550411224365234,
      13.856769561767578,
      24.66518211364746,
      31.800106048583984,
      39.61705780029297,
      38.069889068603516,
      48.75770950317383,
      39.46629333496094,
      34.07655334472656,
      29.145906448364258,
      27.3872127532959,
      26.28624153137207,
      18.351444244384766,
      20.123260498046875,
      14.691571235656738,
      15.668347358703613
    ],
    [
      8.62734317779541,
      14.88163948059082,
      16.69269561767578,
      14.444245338439941,
      22.09246063232422,
      34.30061721801758,
      37.59873580932617,
      43.5693359375,
      39.46629333496094,
      43.24560546875,
      28.887601852416992,
      31.882152557373047,
      23.572397232055664,
      27.98280143737793,
      17.863122940063477,
      21.70278549194336,
      15.415584564208984,
      17.303640365600586
    ],
    [
      7.612858295440674,
      11.477362632751465,
      13.671552658081055,
      12.470664024353027,
      20.180883407592773,
      22.195926666259766,
      27.542146682739258,
      22.77071189880371,
      34.07655334472656,
      28.887601852416992,
      34.8058967590332,
      29.944547653198242,
      26.634756088256836,
      25.767501831054688,
      17.459613800048828,
      19.55996322631836,
      13.31696605682373,
      14.545581817626953
    ],
    [
      6.760519504547119,
      12.57224178314209,
      13.954365730285645,
      14.311813354492188,
      17.830753326416016,
      22.832698822021484,
      25.258243560791016,
      25.73090171813965,
      29.145906448364258,
      31.882152557373047,
      29.944547653198242,
      69.9223861694336,
      23.471763610839844,
      68.58790588378906,
      18.41307258605957,
      58.700042724609375,
      15.666552543640137,
      46.12135314941406
    ],
    [
      7.113815784454346,
      10.631834030151367,
      11.157976150512695,
      9.84882640838623,
      15.778837203979492,
      17.882421493530273,
      21.510997772216797,
      19.01423454284668,
      27.3872127532959,
      23.572397232055664,
      26.634756088256836,
      23.471763610839844,
      26.1025447845459,
      24.65020179748535,
      19.967243194580078,
      20.93718719482422,
      17.160680770874023,
      17.102611541748047
    ],
    [
      8.450282096862793,
      13.763736724853516,
      12.422210693359375,
      12.715970993041992,
      15.136380195617676,
      20.317672729492188,
      22.493087768554688,
      23.395572662353516,
      26.28624153137207,
      27.98280143737793,
      25.767501831054688,
      68.58790588378906,
      24.65020179748535,
      74.23184967041016,
      22.555601119995117,
      66.10958099365234,
      22.470054626464844,
      54.019264221191406
    ],
    [
      3.963360071182251,
      6.4869608879089355,
      8.223186492919922,
      6.39263391494751,
      10.532756805419922,
      12.528889656066895,
      14.61674690246582,
      14.701762199401855,
      18.351444244384766,
      17.863122940063477,
      17.459613800048828,
      18.41307258605957,
      19.967243194580078,
      22.555601119995117,
      24.88558578491211,
      24.411527633666992,
      25.458271026611328,
      22.721281051635742
    ],
    [
      5.905158996582031,
      9.941751480102539,
      9.986568450927734,
      9.72105884552002,
      11.518925666809082,
      14.996829986572266,
      16.705259323120117,
      17.831083297729492,
      20.123260498046875,
      21.70278549194336,
      19.55996322631836,
      58.700042724609375,
      20.93718719482422,
      66.10958099365234,
      24.411527633666992,
      63.45063400268555,
      27.66061019897461,
      54.101558685302734
    ],
    [
      -0.6303607821464539,
      1.3538845777511597,
      6.086596488952637,
      4.267890453338623,
      7.565742015838623,
      9.549161911010742,
      11.130009651184082,
      11.875550270080566,
      14.691571235656738,
      15.415584564208984,
      13.31696605682373,
      15.666552543640137,
      17.160680770874023,
      22.470054626464844,
      25.458271026611328,
      27.66061019897461,
      35.103607177734375,
      30.83338165283203
    ],
    [
      3.006509304046631,
      6.063868999481201,
      8.00631332397461,
      7.225356578826904,
      8.697173118591309,
      11.405606269836426,
      12.497163772583008,
      13.676823616027832,
      15.668347358703613,
      17.303640365600586,
      14.545581817626953,
      46.12135314941406,
      17.102611541748047,
      54.019264221191406,
      22.721281051635742,
      54.101558685302734,
      30.83338165283203,
      50.1722526550293
    ]
  ],
  "covariance_short": [
    [
      111.92579650878906,
      53.47892761230469,
      61.24755859375,
      39.68864059448242,
      32.89720153808594,
      32.90890121459961,
      26.067136764526367,
      27.28761100769043,
      30.975812911987305,
      32.34183883666992,
      30.51327133178711,
      31.96269416809082,
      27.252269744873047,
      34.365333557128906,
      32.1904411315918,
      32.28144073486328,
      32.05620193481445,
      27.696880340576172
    ],
    [
      53.47892761230469,
      94.1949234008789,
      34.122962951660156,
      31.457515716552734,
      21.65414810180664,
      65.53134155273438,
      21.60633659362793,
      24.465694427490234,
      24.5855770111084,
      61.018192291259766,
      22.645414352416992,
      51.73527908325195,
      20.93675422668457,
      56.8673095703125,
      23.383464813232422,
      47.63552474975586,
      50.08954620361328,
      35.761985778808594
    ],
    [
      61.24755859375,
      34.122962951660156,
      68.99967956542969,
      39.622615814208984,
      39.63451385498047,
      36.56612777709961,
      27.676462173461914,
      28.11982536315918,
      35.440372467041016,
      35.598716735839844,
      36.52518844604492,
      34.84178161621094,
      30.833059310913086,
      35.32258987426758,
      32.07776641845703,
      32.133506774902344,
      31.460012435913086,
      27.918743133544922
    ],
    [
      39.68864059448242,
      31.457515716552734,
      39.622615814208984,
      42.50087356567383,
      27.860706329345703,
      36.54666519165039,
      20.407575607299805,
      21.630891799926758,
      27.204607009887695,
      32.5665283203125,
      29.089221954345703,
      31.078529357910156,
      23.733409881591797,
      30.77627944946289,
      25.581533432006836,
      26.489891052246094,
      26.02065086364746,
      21.70467758178711
    ],
    [
      32.89720153808594,
      21.65414810180664,
      39.63451385498047,
      27.860706329345703,
      53.57514572143555,
      41.38819885253906,
      38.82510757446289,
      35.18229293823242,
      42.736209869384766,
      38.197975158691406,
      40.531925201416016,
      34.42227554321289,
      32.53428268432617,
      32.40202713012695,
      29.15149688720703,
      27.4476375579834,
      25.8565731048584,
      22.491119384765625
    ],
    [
      32.90890121459961,
      65.53134155273438,
      36.56612777709961,
      36.54666519165039,
      41.38819885253906,
      103.84380340576172,
      46.79553985595703,
      58.205570220947266,
      46.77816390991211,
      91.84136962890625,
      39.91832733154297,
      73.24594116210938,
      33.228981018066406,
      74.90349578857422,
      35.425819396972656,
      61.74931716918945,
      63.178592681884766,
      46.57035827636719
    ],
    [
      26.067136764526367,
      21.60633659362793,
      27.676462173461914,
      20.407575607299805,
      38.82510757446289,
      46.79553985595703,
      72.51803588867188,
      67.21534729003906,
      51.56352233886719,
      48.58187484741211,
      41.35786819458008,
      37.084503173828125,
      35.38240051269531,
      36.202213287353516,
      31.68321990966797,
      28.8013916015625,
      26.936155319213867,
      22.2004451751709
    ],
    [
      27.28761100769043,
      24.465694427490234,
      28.11982536315918,
      21.630891799926758,
      35.18229293823242,
      58.205570220947266,
      67.21534729003906,
      95.37985229492188,
      49.189212799072266,
      56.239410400390625,
      34.46285629272461,
      37.30765914916992,
      30.666902542114258,
      36.20488739013672,
      30.581205368041992,
      29.196462631225586,
      27.113258361816406,
      22.749513626098633
    ],
    [
      30.975812911987305,
      24.5855770111084,
      35.440372467041016,
      27.204607009887695,
      42.736209869384766,
      46.77816390991211,
      51.56352233886719,
      49.189212799072266,
      78.84850311279297,
      63.101131439208984,
      61.89811325073242,
      51.142333984375,
      53.91204833984375,
      50.91367721557617,
      49.43315505981445,
      43.45368576049805,
      41.39360427856445,
      34.6854362487793
    ],
    [
      32.34183883666992,
      61.018192291259766,
      35.598716735839844,
      32.5665283203125,
      38.197975158691406,
      91.84136962890625,
      48.58187484741211,
      56.239410400390625,
      63.101131439208984,
      106.98444366455078,
      55.32882308959961,
      85.41155242919922,
      49.71917724609375,
      88.24037170410156,
      54.38724899291992,
      75.63472747802734,
      76.72914123535156,
      58.850990295410156
    ],
    [
      30.51327133178711,
      22.645414352416992,
      36.52518844604492,
      29.089221954345703,
      40.531925201416016,
      39.91832733154297,
      41.35786819458008,
      34.46285629272461,
      61.89811325073242,
      55.32882308959961,
      78.81520080566406,
      62.92804718017578,
      67.69567108154297,
      64.37631225585938,
      63.01601791381836,
      55.89053726196289,
      53.15711975097656,
      43.60996627807617
    ],
    [
      31.96269416809082,
      51.73527908325195,
      34.84178161621094,
      31.078529357910156,
      34.42227554321289,
      73.24594116210938,
      37.084503173828125,
      37.30765914916992,
      51.142333984375,
      85.41155242919922,
      62.92804718017578,
      89.86956787109375,
      57.50922775268555,
      92.9002456665039,
      63.11970520019531,
      81.5648193359375,
      80.28197479248047,
      64.10617065429688
    ],
    [
      27.252269744873047,
      20.93675422668457,
      30.833059310913086,
      23.733409881591797,
      32.53428268432617,
      33.228981018066406,
      35.38240051269531,
      30.666902542114258,
      53.91204833984375,
      49.71917724609375,
      67.69567108154297,
      57.50922775268555,
      81.42527770996094,
      69.3774642944336,
      77.28389739990234,
      65.21578216552734,
      67.20654296875,
      52.80465316772461
    ],
    [
      34.365333557128906,
      56.8673095703125,
      35.32258987426758,
      30.77627944946289,
      32.40202713012695,
      74.90349578857422,
      36.202213287353516,
      36.20488739013672,
      50.91367721557617,
      88.24037170410156,
      64.37631225585938,
      92.9002456665039,
      69.3774642944336,
      108.47432708740234,
      82.17919158935547,
      98.8177490234375,
      101.42122650146484,
      79.51748657226562
    ],
    [
      32.1904411315918,
      23.383464813232422,
      32.07776641845703,
      25.581533432006836,
      29.15149688720703,
      35.425819396972656,
      31.68321990966797,
      30.581205368041992,
      49.43315505981445,
      54.38724899291992,
      63.01601791381836,
      63.11970520019531,
      77.28389739990234,
      82.17919158935547,
      107.29576110839844,
      89.11509704589844,
      99.99060821533203,
      76.82855987548828
    ],
    [
      32.28144073486328,
      47.63552474975586,
      32.133506774902344,
      26.489891052246094,
      27.4476375579834,
      61.74931716918945,
      28.8013916015625,
      29.196462631225586,
      43.45368576049805,
      75.63472747802734,
      55.89053726196289,
      81.5648193359375,
      65.21578216552734,
      98.8177490234375,
      89.11509704589844,
      100.7343521118164,
      107.80422973632812,
      85.04305267333984
    ],
    [
      32.05620193481445,
      50.08954620361328,
      31.460012435913086,
      26.02065086364746,
      25.8565731048584,
      63.178592681884766,
      26.936155319213867,
      27.113258361816406,
      41.39360427856445,
      76.72914123535156,
      53.15711975097656,
      80.28197479248047,
      67.20654296875,
      101.42122650146484,
      99.99060821533203,
      107.80422973632812,
      128.50390625,
      97.93758392333984
    ],
    [
      27.696880340576172,
      35.761985778808594,
      27.918743133544922,
      21.70467758178711,
      22.491119384765625,
      46.57035827636719,
      22.2004451751709,
      22.749513626098633,
      34.6854362487793,
      58.850990295410156,
      43.60996627807617,
      64.10617065429688,
      52.80465316772461,
      79.51748657226562,
      76.82855987548828,
      85.04305267333984,
      97.93758392333984,
      79.5385971069336
    ]
  ],
  "damage": -17.794254302978516,
  "diff_bandwidth": 340.8431091308594,
  "dissonance": 8.352731662519826,
  "drr": 15.414288520812988,
  "dynamics": 3.7849390506744385,
  "format": 1245190,
  "frames": 11485287,
  "freq_pan_to_db": [
    [
      -26.39313316345215,
      -27.158124923706055,
      -25.268213272094727,
      -24.10511589050293,
      -21.111474990844727,
      -19.415857315063477,
      -16.626827239990234,
      -20.412853240966797,
      -23.7799015045166,
      -25.119861602783203,
      -26.274839401245117
    ],
    [
      -26.365093231201172,
      -26.8201904296875,
      -24.570938110351562,
      -21.598018646240234,
      -18.29936408996582,
      -19.736248016357422,
      -21.176353454589844,
      -23.51859474182129,
      -25.014015197753906,
      -26.637939453125,
      -28.64714241027832
    ],
    [
      -33.17372512817383,
      -30.576019287109375,
      -25.920516967773438,
      -21.892358779907227,
      -20.31580352783203,
      -22.074573516845703,
      -21.790420532226562,
      -24.16983985900879,
      -28.364234924316406,
      -32.22357940673828,
      -34.63224411010742
    ],
    [
      -39.974552154541016,
      -36.766990661621094,
      -31.61850357055664,
      -26.6904239654541,
      -23.398645401000977,
      -23.816448211669922,
      -23.73537826538086,
      -29.162967681884766,
      -35.3040657043457,
      -40.28564453125,
      -43.504150390625
    ],
    [
      -47.588558197021484,
      -41.04813003540039,
      -35.6884651184082,
      -30.188386917114258,
      -22.205345153808594,
      -23.8887996673584,
      -25.102676391601562,
      -31.01104736328125,
      -35.432456970214844,
      -40.18644332885742,
      -41.8256950378418
    ],
    [
      -47.30508041381836,
      -40.72518539428711,
      -35.77428436279297,
      -30.318389892578125,
      -25.136077880859375,
      -25.3332462310791,
      -27.385244369506836,
      -32.35623550415039,
      -35.979393005371094,
      -41.21843719482422,
      -44.62405014038086
    ],
    [
      -40.52894592285156,
      -38.65922927856445,
      -33.962303161621094,
      -29.99269676208496,
      -27.129112243652344,
      -27.58190155029297,
      -28.74295425415039,
      -32.033302307128906,
      -34.760494232177734,
      -37.57524871826172,
      -39.721309661865234
    ],
    [
      -36.353248596191406,
      -36.788536071777344,
      -34.48635482788086,
      -31.961851119995117,
      -29.55535888671875,
      -30.9284725189209,
      -32.31926345825195,
      -34.20610809326172,
      -34.62775421142578,
      -36.76900100708008,
      -37.46735382080078
    ],
    [
      -34.28183364868164,
      -36.23386764526367,
      -35.94565963745117,
      -35.14665603637695,
      -33.77679443359375,
      -33.277217864990234,
      -32.13401794433594,
      -35.2143440246582,
      -35.79806900024414,
      -36.4202995300293,
      -35.77753829956055
    ],
    [
      -35.49767303466797,
      -35.397300720214844,
      -36.65677261352539,
      -35.88595962524414,
      -35.54658508300781,
      -33.41597366333008,
      -30.462543487548828,
      -33.70908737182617,
      -34.909706115722656,
      -34.91848373413086,
      -34.144203186035156
    ],
    [
      -35.8646125793457,
      -37.64323043823242,
      -36.375572204589844,
      -35.943145751953125,
      -35.39006423950195,
      -33.34192657470703,
      -33.49677658081055,
      -36.04938507080078,
      -37.257083892822266,
      -36.485801696777344,
      -40.527244567871094
    ],
    [
      -33.321754455566406,
      -34.3493766784668,
      -34.716915130615234,
      -34.77262878417969,
      -34.71202087402344,
      -34.13105392456055,
      -32.91670608520508,
      -34.49176025390625,
      -34.901058197021484,
      -35.65093231201172,
      -35.66714859008789
    ],
    [
      -34.64286804199219,
      -35.58066940307617,
      -36.80928421020508,
      -37.187435150146484,
      -36.365047454833984,
      -36.02070999145508,
      -35.41500473022461,
      -36.238433837890625,
      -35.896034240722656,
      -36.395328521728516,
      -35.74156188964844
    ],
    [
      -33.14559555053711,
      -34.25334167480469,
      -35.43413543701172,
      -35.58293533325195,
      -37.17041015625,
      -36.71335983276367,
      -35.617244720458984,
      -35.64508056640625,
      -35.465614318847656,
      -34.984012603759766,
      -34.86710739135742
    ],
    [
      -34.13176345825195,
      -34.689964294433594,
      -32.808937072753906,
      -33.91178894042969,
      -36.234432220458984,
      -34.312347412109375,
      -34.67962646484375,
      -33.473876953125,
      -33.45881271362305,
      -34.09214782714844,
      -33.00131607055664
    ],
    [
      -35.50026321411133,
      -34.296390533447266,
      -28.564456939697266,
      -33.4742546081543,
      -35.92459487915039,
      -34.418113708496094,
      -34.6248779296875,
      -31.26079559326172,
      -30.88348388671875,
      -33.12117004394531,
      -31.193681716918945
    ],
    [
      -34.350914001464844,
      -32.801143646240234,
      -32.19382858276367,
      -32.45003128051758,
      -34.96067428588867,
      -35.750186920166016,
      -33.94354248046875,
      -32.802886962890625,
      -34.12736511230469,
      -33.65645980834961,
      -34.823753356933594
    ],
    [
      -35.447364807128906,
      -36.25007629394531,
      -36.92381286621094,
      -38.37051010131836,
      -38.769073486328125,
      -37.48494338989258,
      -37.43984603881836,
      -37.54409408569336,
      -37.61634826660156,
      -37.07932662963867,
      -37.58256149291992
    ],
    [
      -37.86293411254883,
      -38.92125701904297,
      -37.89872741699219,
      -38.203277587890625,
      -38.53012466430664,
      -39.03334426879883,
      -38.32163619995117,
      -38.774784088134766,
      -38.036617279052734,
      -38.32218933105469,
      -39.439083099365234
    ],
    [
      -42.79119110107422,
      -42.056400299072266,
      -41.90196228027344,
      -41.839683532714844,
      -41.659488677978516,
      -40.89976119995117,
      -41.282649993896484,
      -41.228248596191406,
      -40.80013656616211,
      -42.131690979003906,
      -40.7325325012207
    ],
    [
      -40.942344665527344,
      -42.67432403564453,
      -43.41579818725586,
      -43.06198501586914,
      -42.15118408203125,
      -41.92828369140625,
      -42.62709045410156,
      -41.89704895019531,
      -43.223350524902344,
      -44.14360046386719,
      -40.71123123168945
    ],
    [
      -44.53364181518555,
      -44.80263900756836,
      -43.57562255859375,
      -42.18021011352539,
      -43.34467697143555,
      -43.350494384765625,
      -43.93285369873047,
      -43.96584701538086,
      -44.78932189941406,
      -44.0617561340332,
      -45.23392105102539
    ],
    [
      -48.17543029785156,
      -46.59266662597656,
      -46.17557144165039,
      -46.854496002197266,
      -44.3620719909668,
      -44.02439880371094,
      -44.889896392822266,
      -46.10830307006836,
      -45.02275085449219,
      -45.65220642089844,
      -44.46986389160156
    ],
    [
      -45.604278564453125,
      -45.209434509277344,
      -45.694149017333984,
      -46.176570892333984,
      -45.76007843017578,
      -45.027530670166016,
      -45.850135803222656,
      -45.84640121459961,
      -45.71136474609375,
      -45.312015533447266,
      -46.94507598876953
    ],
    [
      -50.71401596069336,
      -48.71532440185547,
      -46.58524703979492,
      -46.735145568847656,
      -46.89693832397461,
      -47.39792251586914,
      -46.47016143798828,
      -46.452022552490234,
      -46.72917556762695,
      -45.401004791259766,
      -45.53709030151367
    ],
    [
      -48.930381774902344,
      -47.576107025146484,
      -47.22776412963867,
      -46.492591857910156,
      -45.96082305908203,
      -45.3721923828125,
      -46.00530242919922,
      -46.685306549072266,
      -46.72776794433594,
      -45.97874069213867,
      -44.19798278808594
    ],
    [
      -59.39588928222656,
      -46.26856231689453,
      -45.73059844970703,
      -45.852474212646484,
      -45.19200134277344,
      -42.91996765136719,
      -45.23317337036133,
      -45.708377838134766,
      -45.064842224121094,
      -45.78656005859375,
      -43.322811126708984
    ],
    [
      -48.89939880371094,
      -45.959266662597656,
      -45.78535461425781,
      -45.969303131103516,
      -45.821414947509766,
      -45.25160598754883,
      -45.02599334716797,
      -45.39044189453125,
      -46.145626068115234,
      -46.865604400634766,
      -53.02202606201172
    ],
    [
      -55.9923210144043,
      -47.981117248535156,
      -45.696800231933594,
      -45.40721893310547,
      -44.985389709472656,
      -43.83675765991211,
      -43.80021286010742,
      -45.21285629272461,
      -44.922908782958984,
      -45.68320846557617,
      -43.867942810058594
    ],
    [
      -44.591033935546875,
      -48.9302978515625,
      -45.25452423095703,
      -44.90257263183594,
      -44.44146728515625,
      -43.81016159057617,
      -43.33832931518555,
      -44.52083969116211,
      -44.24706268310547,
      -44.18035888671875,
      -41.02620315551758
    ],
    [
      -38.75029373168945,
      -49.45671463012695,
      -46.396305084228516,
      -46.92764663696289,
      -46.13926696777344,
      -45.125614166259766,
      -45.07966613769531,
      -45.337188720703125,
      -45.64657211303711,
      -45.26264572143555,
      -50.99049377441406
    ],
    [
      -50.157955169677734,
      -57.311431884765625,
      -50.3818473815918,
      -48.90238571166992,
      -47.251708984375,
      -45.98154067993164,
      -44.79878234863281,
      -45.08469009399414,
      -45.305458068847656,
      -44.51007843017578,
      -47.50990295410156
    ],
    [
      -64.26408386230469,
      -57.217159271240234,
      -51.96903610229492,
      -49.92824172973633,
      -48.221073150634766,
      -46.2861442565918,
      -45.12416458129883,
      -46.069427490234375,
      -46.32966232299805,
      -52.53004837036133,
      -50.611019134521484
    ],
    [
      -60.772972106933594,
      -63.08506393432617,
      -53.04964828491211,
      -49.449012756347656,
      -47.42756271362305,
      -46.423187255859375,
      -45.98112487792969,
      -46.307037353515625,
      -47.77592849731445,
      -55.50894546508789,
      -53.97077560424805
    ],
    [
      -67.11434936523438,
      -62.79036331176758,
      -48.72893142700195,
      -45.49909973144531,
      -45.225242614746094,
      -45.69868850708008,
      -45.61314010620117,
      -47.14143371582031,
      -49.7308464050293,
      -52.636314392089844,
      -55.93632125854492
    ],
    [
      -59.4984245300293,
      -58.79486083984375,
      -45.28184127807617,
      -48.09126281738281,
      -47.205501556396484,
      -47.039119720458984,
      -46.63871765136719,
      -49.19598388671875,
      -47.88059616088867,
      -53.99176025390625,
      -58.8748779296875
    ],
    [
      -64.56211853027344,
      -64.5767593383789,
      -44.3895378112793,
      -47.673622131347656,
      -47.93410110473633,
      -48.25972366333008,
      -46.6212158203125,
      -48.3469123840332,
      -52.51382827758789,
      -59.857948303222656,
      -51.16434097290039
    ],
    [
      -70.02903747558594,
      -67.4644775390625,
      -51.79703903198242,
      -49.794254302978516,
      -48.8706169128418,
      -49.16511154174805,
      -48.06084060668945,
      -50.446170806884766,
      -54.7340087890625,
      -55.44654846191406,
      -57.31925964355469
    ],
    [
      -61.37966537475586,
      -66.75907135009766,
      -67.18208312988281,
      -49.985748291015625,
      -48.15766143798828,
      -49.45694351196289,
      -49.109825134277344,
      -52.3045539855957,
      -54.219696044921875,
      -55.516197204589844,
      -60.988616943359375
    ],
    [
      -72.58306884765625,
      -70.37525177001953,
      -54.844825744628906,
      -49.61162567138672,
      -48.11421203613281,
      -50.36933898925781,
      -52.37314987182617,
      -56.31732177734375,
      -63.84135055541992,
      -66.86665344238281,
      -69.0292739868164
    ],
    [
      -370,
      -65.85820007324219,
      -65.10311889648438,
      -52.32947540283203,
      -49.40019989013672,
      -51.7103385925293,
      -58.18229293823242,
      -69.40843963623047,
      -68.79280853271484,
      -68.12188720703125,
      -370
    ],
    [
      -370,
      -370,
      -75.26982879638672,
      -76.03950500488281,
      -58.44282913208008,
      -52.755149841308594,
      -62.020408630371094,
      -80.46570587158203,
      -77.26802062988281,
      -71.41405487060547,
      -74.8934326171875
    ]
  ],
  "histogram": [
    {
      "db": -70,
      "frequency": 0
    },
    {
      "db": -69,
      "frequency": 1
    },
    {
      "db": -68,
      "frequency": 1
    },
    {
      "db": -67,
      "frequency": 1
    },
    {
      "db": -66,
      "frequency": 2
    },
    {
      "db": -65,
      "frequency": 1
    },
    {
      "db": -64,
      "frequency": 1
    },
    {
      "db": -63,
      "frequency": 1
    },
    {
      "db": -62,
      "frequency": 1
    },
    {
      "db": -61,
      "frequency": 1
    },
    {
      "db": -60,
      "frequency": 0
    },
    {
      "db": -59,
      "frequency": 1
    },
    {
      "db": -58,
      "frequency": 0
    },
    {
      "db": -57,
      "frequency": 1
    },
    {
      "db": -56,
      "frequency": 1
    },
    {
      "db": -55,
      "frequency": 0
    },
    {
      "db": -54,
      "frequency": 2
    },
    {
      "db": -53,
      "frequency": 0
    },
    {
      "db": -52,
      "frequency": 0
    },
    {
      "db": -51,
      "frequency": 1
    },
    {
      "db": -50,
      "frequency": 0
    },
    {
      "db": -49,
      "frequency": 0
    },
    {
      "db": -48,
      "frequency": 0
    },
    {
      "db": -47,
      "frequency": 0
    },
    {
      "db": -46,
      "frequency": 1
    },
    {
      "db": -45,
      "frequency": 1
    },
    {
      "db": -44,
      "frequency": 2
    },
    {
      "db": -43,
      "frequency": 0
    },
    {
      "db": -42,
      "frequency": 0
    },
    {
      "db": -41,
      "frequency": 2
    },
    {
      "db": -40,
      "frequency": 4
    },
    {
      "db": -39,
      "frequency": 5
    },
    {
      "db": -38,
      "frequency": 10
    },
    {
      "db": -37,
      "frequency": 16
    },
    {
      "db": -36,
      "frequency": 20
    },
    {
      "db": -35,
      "frequency": 18
    },
    {
      "db": -34,
      "frequency": 25
    },
    {
      "db": -33,
      "frequency": 33
    },
    {
      "db": -32,
      "frequency": 24
    },
    {
      "db": -31,
      "frequency": 33
    },
    {
      "db": -30,
      "frequency": 37
    },
    {
      "db": -29,
      "frequency": 71
    },
    {
      "db": -28,
      "frequency": 76
    },
    {
      "db": -27,
      "frequency": 114
    },
    {
      "db": -26,
      "frequency": 265
    },
    {
      "db": -25,
      "frequency": 304
    },
    {
      "db": -24,
      "frequency": 324
    },
    {
      "db": -23,
      "frequency": 367
    },
    {
      "db": -22,
      "frequency": 327
    },
    {
      "db": -21,
      "frequency": 182
    },
    {
      "db": -20,
      "frequency": 72
    },
    {
      "db": -19,
      "frequency": 12
    },
    {
      "db": -18,
      "frequency": 0
    },
    {
      "db": -17,
      "frequency": 0
    },
    {
      "db": -16,
      "frequency": 0
    },
    {
      "db": -15,
      "frequency": 0
    },
    {
      "db": -14,
      "frequency": 0
    },
    {
      "db": -13,
      "frequency": 0
    },
    {
      "db": -12,
      "frequency": 0
    },
    {
      "db": -11,
      "frequency": 0
    },
    {
      "db": -10,
      "frequency": 0
    },
    {
      "db": -9,
      "frequency": 0
    },
    {
      "db": -8,
      "frequency": 0
    },
    {
      "db": -7,
      "frequency": 0
    },
    {
      "db": -6,
      "frequency": 0
    },
    {
      "db": -5,
      "frequency": 0
    },
    {
      "db": -4,
      "frequency": 0
    },
    {
      "db": -3,
      "frequency": 0
    },
    {
      "db": -2,
      "frequency": 0
    },
    {
      "db": -1,
      "frequency": 0
    },
    {
      "db": 0,
      "frequency": 0
    },
    {
      "db": 1,
      "frequency": 0
    },
    {
      "db": 2,
      "frequency": 0
    },
    {
      "db": 3,
      "frequency": 0
    },
    {
      "db": 4,
      "frequency": 0
    },
    {
      "db": 5,
      "frequency": 0
    },
    {
      "db": 6,
      "frequency": 0
    },
    {
      "db": 7,
      "frequency": 0
    },
    {
