{
  "acoustic_entropy": 183.1396484375,
  "bands": [
    {
      "high_freq": 148.1999969482422,
      "loudness": -33.93623733520508,
      "loudness_range": 16.569868087768555,
      "mid_mean": -30.723283767700195,
      "mid_to_side_loudness": -15.333209991455078,
      "mid_to_side_loudness_range": 11.883890151977539,
      "side_mean": -47.32725524902344
    },
    {
      "high_freq": 392.3793640136719,
      "loudness": -33.366981506347656,
      "loudness_range": 9.596578598022461,
      "low_freq": 148.1999969482422,
      "mid_mean": -29.86244010925293,
      "mid_to_side_loudness": -14.14950942993164,
      "mid_to_side_loudness_range": 8.24548053741455,
      "side_mean": -44.391422271728516
    },
    {
      "high_freq": 794.6976318359375,
      "loudness": -38.18404769897461,
      "loudness_range": 12.02535629272461,
      "low_freq": 392.3793640136719,
      "mid_mean": -35.79294204711914,
      "mid_to_side_loudness": -6.2914347648620605,
      "mid_to_side_loudness_range": 11.542695045471191,
      "side_mean": -42.09660720825195
    },
    {
      "high_freq": 1457.5709228515625,
      "loudness": -38.379737854003906,
      "loudness_range": 19.06618881225586,
      "low_freq": 794.6976318359375,
      "mid_mean": -36.42366027832031,
      "mid_to_side_loudness": -5.623642921447754,
      "mid_to_side_loudness_range": 11.60997200012207,
      "side_mean": -41.86052322387695
    },
    {
      "high_freq": 2549.74365234375,
      "loudness": -40.118099212646484,
      "loudness_range": 17.759613037109375,
      "low_freq": 1457.5709228515625,
      "mid_mean": -37.54523468017578,
      "mid_to_side_loudness": -6.6846394538879395,
      "mid_to_side_loudness_range": 9.342211723327637,
      "side_mean": -44.236392974853516
    },
    {
      "high_freq": 4349.24462890625,
      "loudness": -42.390926361083984,
      "loudness_range": 15.615108489990234,
      "low_freq": 2549.74365234375,
      "mid_mean": -39.77428436279297,
      "mid_to_side_loudness": -6.491302490234375,
      "mid_to_side_loudness_range": 8.628021240234375,
      "side_mean": -46.24626922607422
    },
    {
      "high_freq": 7314.1640625,
      "loudness": -44.01664352416992,
      "loudness_range": 13.26407241821289,
      "low_freq": 4349.24462890625,
      "mid_mean": -41.54346466064453,
      "mid_to_side_loudness": -5.619941234588623,
      "mid_to_side_loudness_range": 8.263179779052734,
      "side_mean": -47.12397384643555
    },
    {
      "high_freq": 12199.2666015625,
      "loudness": -45.2269287109375,
      "loudness_range": 12.928474426269531,
      "low_freq": 7314.1640625,
      "mid_mean": -42.610774993896484,
      "mid_to_side_loudness": -6.0672197341918945,
      "mid_to_side_loudness_range": 6.023045063018799,
      "side_mean": -50.85682678222656
    },
    {
      "loudness": -53.144874572753906,
      "loudness_range": 14.432567596435547,
      "low_freq": 12199.2666015625,
      "mid_mean": -52.63108444213867,
      "mid_to_side_loudness": -4.9414381980896,
      "mid_to_side_loudness_range": 3.8382210731506348,
      "side_mean": -56.83391571044922
    }
  ],
  "bands_short": [
    {
      "high_freq": 148.1999969482422,
      "loudness": -39.18463897705078,
      "loudness_range": 27.784103393554688,
      "mid_mean": -36.714317321777344,
      "mid_to_side_loudness": -12.325605392456055,
      "mid_to_side_loudness_range": 21.342918395996094,
      "side_mean": -52.34477996826172
    },
    {
      "high_freq": 392.3793640136719,
      "loudness": -34.38422775268555,
      "loudness_range": 19.65634536743164,
      "low_freq": 148.1999969482422,
      "mid_mean": -31.342453002929688,
      "mid_to_side_loudness": -13.391661643981934,
      "mid_to_side_loudness_range": 15.386285781860352,
      "side_mean": -45.700374603271484
    },
    {
      "high_freq": 794.6976318359375,
      "loudness": -39.62908172607422,
      "loudness_range": 17.376495361328125,
      "low_freq": 392.3793640136719,
      "mid_mean": -37.75592803955078,
      "mid_to_side_loudness": -6.168658256530762,
      "mid_to_side_loudness_range": 14.643000602722168,
      "side_mean": -44.11203384399414
    },
    {
      "high_freq": 1457.5709228515625,
      "loudness": -38.99485778808594,
      "loudness_range": 22.350936889648438,
      "low_freq": 794.6976318359375,
      "mid_mean": -37.68101119995117,
      "mid_to_side_loudness": -4.979188442230225,
      "mid_to_side_loudness_range": 14.85007095336914,
      "side_mean": -42.446651458740234
    },
    {
      "high_freq": 2549.74365234375,
      "loudness": -41.77690505981445,
      "loudness_range": 22.013460159301758,
      "low_freq": 1457.5709228515625,
      "mid_mean": -39.78132247924805,
      "mid_to_side_loudness": -6.620893955230713,
      "mid_to_side_loudness_range": 12.566861152648926,
      "side_mean": -46.91393280029297
    },
    {
      "high_freq": 4349.24462890625,
      "loudness": -44.782814025878906,
      "loudness_range": 23.659183502197266,
      "low_freq": 2549.74365234375,
      "mid_mean": -42.643341064453125,
      "mid_to_side_loudness": -6.4716033935546875,
      "mid_to_side_loudness_range": 11.726153373718262,
      "side_mean": -51.52217483520508
    },
    {
      "high_freq": 7314.1640625,
      "loudness": -46.15686798095703,
      "loudness_range": 22.63469696044922,
      "low_freq": 4349.24462890625,
      "mid_mean": -44.71583557128906,
      "mid_to_side_loudness": -5.64896821975708,
      "mid_to_side_loudness_range": 12.243457794189453,
      "side_mean": -52.63396453857422
    },
    {
      "high_freq": 12199.2666015625,
      "loudness": -48.36667251586914,
      "loudness_range": 24.94649887084961,
      "low_freq": 7314.1640625,
      "mid_mean": -50.24012756347656,
      "mid_to_side_loudness": -6.152852535247803,
      "mid_to_side_loudness_range": 9.693804740905762,
      "side_mean": -55.10227584838867
    },
    {
      "loudness": -56.643680572509766,
      "loudness_range": 27.350017547607422,
      "low_freq": 12199.2666015625,
      "mid_mean": -57.625946044921875,
      "mid_to_side_loudness": -5.223354339599609,
      "mid_to_side_loudness_range": 8.600648880004883,
      "side_mean": -60.82963562011719
    }
  ],
  "bandwidth": 469.85089111328125,
  "channels": 2,
  "covariance": [
    [
      47.58768081665039,
      30.550752639770508,
      14.884839057922363,
      11.653867721557617,
      9.90243148803711,
      14.348666191101074,
      13.053098678588867,
      16.054414749145508,
      9.305465698242188,
      8.385005950927734,
      8.04927921295166,
      6.975416660308838,
      7.880330562591553,
      7.897561550140381,
      4.3851189613342285,
      7.066279888153076,
      2.1148757934570312,
      3.1641602516174316
    ],
    [
      30.550752639770508,
      40.43288803100586,
      13.02975082397461,
      10.967264175415039,
      11.928995132446289,
      17.74343490600586,
      18.64063262939453,
      20.76671600341797,
      15.740937232971191,
      12.764290809631348,
      10.977764129638672,
      9.52214241027832,
      10.480264663696289,
      9.959303855895996,
      6.747554302215576,
      9.727270126342773,
      5.373039245605469,
      5.292954444885254
    ],
    [
      14.884839057922363,
      13.02975082397461,
      17.08547019958496,
      12.572158813476562,
      12.497575759887695,
      15.247405052185059,
      13.419065475463867,
      15.053304672241211,
      13.279309272766113,
      13.524505615234375,
      11.98900032043457,
      12.271602630615234,
      9.99898910522461,
      10.563682556152344,
      7.243072032928467,
      8.887251853942871,
      5.772584915161133,
      6.5560808181762695
    ],
    [
      11.653867721557617,
      10.967264175415039,
      12.572158813476562,
      16.065338134765625,
      11.287677764892578,
      15.418027877807617,
      12.760082244873047,
      14.30581283569336,
      12.409245491027832,
      12.646970748901367,
      11.57402229309082,
      11.820992469787598,
      9.335765838623047,
      10.037383079528809,
      5.935039043426514,
      9.779098510742188,
      6.304563999176025,
      6.641952037811279
    ],
    [
      9.90243148803711,
      11.928995132446289,
      12.497575759887695,
      11.287677764892578,
      22.405366897583008,
      24.21381187438965,
      23.155485153198242,
      21.98592758178711,
      22.015377044677734,
      19.21498680114746,
      18.84709358215332,
      16.575258255004883,
      14.884771347045898,
      13.614419937133789,
      9.63469123840332,
      10.601922035217285,
      7.191854953765869,
      7.222188472747803
    ],
    [
      14.348666191101074,
      17.74343490600586,
      15.247405052185059,
      15.418027877807617,
      24.21381187438965,
      42.723575592041016,
      37.52423095703125,
      46.73996353149414,
      29.164628982543945,
      31.344982147216797,
      21.1002254486084,
      21.97917938232422,
      17.129613876342773,
      19.018964767456055,
      11.892036437988281,
      14.542567253112793,
      9.546599388122559,
      10.049537658691406
    ],
    [
      13.053098678588867,
      18.64063262939453,
      13.419065475463867,
      12.760082244873047,
      23.155485153198242,
      37.52423095703125,
      50.0678596496582,
      51.24143600463867,
      35.87153244018555,
      34.409061431884766,
      26.19951820373535,
      24.60783576965332,
      20.629695892333984,
      21.372365951538086,
      13.873603820800781,
      16.16751480102539,
      10.770938873291016,
      11.031266212463379
    ],
    [
      16.054414749145508,
      20.76671600341797,
      15.053304672241211,
      14.30581283569336,
      21.98592758178711,
      46.73996353149414,
      51.24143600463867,
      72.0097427368164,
      34.9925537109375,
      40.35578918457031,
      21.594667434692383,
      24.68745231628418,
      18.000411987304688,
      22.04636001586914,
      13.835450172424316,
      17.069501876831055,
      11.07398509979248,
      11.886786460876465
    ],
    [
      9.305465698242188,
      15.740937232971191,
      13.279309272766113,
      12.409245491027832,
      22.015377044677734,
      29.164628982543945,
      35.87153244018555,
      34.9925537109375,
      42.69871520996094,
      34.54961395263672,
      31.23116683959961,
      27.4344482421875,
      25.316978454589844,
      24.770132064819336,
      16.913475036621094,
      19.067014694213867,
      13.511650085449219,
      13.65819263458252
    ],
    [
      8.385005950927734,
      12.764290809631348,
      13.524505615234375,
      12.646970748901367,
      19.21498680114746,
      31.344982147216797,
      34.409061431884766,
      40.35578918457031,
      34.54961395263672,
      38.9134521484375,
      26.123992919921875,
      29.759685516357422,
      21.357011795043945,
      25.95181655883789,
      16.42687225341797,
      20.571840286254883,
      14.385313987731934,
      15.176857948303223
    ],
    [
      8.04927921295166,
      10.977764129638672,
      11.98900032043457,
      11.57402229309082,
      18.84709358215332,
      21.1002254486084,
      26.19951820373535,
      21.594667434692383,
      31.23116683959961,
      26.123992919921875,
      33.50680160522461,
      29.278554916381836,
      25.994216918945312,
      24.71950912475586,
      16.522409439086914,
      18.920507431030273,
      12.326802253723145,
      12.950002670288086
    ],
    [
      6.975416660308838,
      9.52214241027832,
      12.271602630615234,
      11.820992469787598,
      16.575258255004883,
      21.97917938232422,
      24.60783576965332,
      24.68745231628418,
      27.4344482421875,
      29.759685516357422,
      29.278554916381836,
      34.93647384643555,
      23.090402603149414,
      29.450212478637695,
      17.800867080688477,
      23.511844635009766,
      14.955461502075195,
      16.58540153503418
    ],
    [
      7.880330562591553,
      10.480264663696289,
      9.99898910522461,
      9.335765838623047,
      14.884771347045898,
      17.129613876342773,
      20.629695892333984,
      18.000411987304688,
      25.316978454589844,
      21.357011795043945,
      25.994216918945312,
      23.090402603149414,
      25.730106353759766,
      24.108924865722656,
      19.36216163635254,
      20.455530166625977,
      15.79973030090332,
      15.280466079711914
    ],
    [
      7.897561550140381,
      9.959303855895996,
      10.563682556152344,
      10.037383079528809,
      13.614419937133789,
      19.018964767456055,
      21.372365951538086,
      22.04636001586914,
      24.770132064819336,
      25.95181655883789,
      24.71950912475586,
      29.450212478637695,
      24.108924865722656,
      31.648147583007812,
      21.965518951416016,
      27.710052490234375,
      21.25725746154785,
      21.60039520263672
    ],
    [
      4.3851189613342285,
      6.747554302215576,
      7.243072032928467,
      5.935039043426514,
      9.63469123840332,
      11.892036437988281,
      13.873603820800781,
      13.835450172424316,
      16.913475036621094,
      16.42687225341797,
      16.522409439086914,
      17.800867080688477,
      19.36216163635254,
      21.965518951416016,
      24.490571975708008,
      24.133045196533203,
      23.140117645263672,
      20.695194244384766
    ],
    [
      7.066279888153076,
      9.727270126342773,
      8.887251853942871,
      9.779098510742188,
      10.601922035217285,
      14.542567253112793,
      16.16751480102539,
      17.069501876831055,
      19.067014694213867,
      20.571840286254883,
      18.920507431030273,
      23.511844635009766,
      20.455530166625977,
      27.710052490234375,
      24.133045196533203,
      68.10210418701172,
      61.57622146606445,
      51.27455139160156
    ],
    [
      2.1148757934570312,
      5.373039245605469,
      5.772584915161133,
      6.304563999176025,
      7.191854953765869,
      9.546599388122559,
      10.770938873291016,
      11.07398509979248,
      13.511650085449219,
      14.385313987731934,
      12.326802253723145,
      14.955461502075195,
      15.79973030090332,
      21.25725746154785,
      23.140117645263672,
      61.57622146606445,
      61.838035583496094,
      50.195064544677734
    ],
    [
      3.1641602516174316,
      5.292954444885254,
      6.5560808181762695,
      6.641952037811279,
      7.222188472747803,
      10.049537658691406,
      11.031266212463379,
      11.886786460876465,
      13.65819263458252,
      15.176857948303223,
      12.950002670288086,
      16.58540153503418,
      15.280466079711914,
      21.60039520263672,
      20.695194244384766,
      51.27455139160156,
      50.195064544677734,
      42.35737609863281
    ]
  ],
  "covariance_short": [
    [
      104.40866088867188,
      49.42979431152344,
      53.88044357299805,
      34.80621337890625,
      29.283063888549805,
      24.95598602294922,
      23.25165367126465,
      23.117473602294922,
      26.51750946044922,
      28.16300392150879,
      26.971385955810547,
      31.815662384033203,
      25.644968032836914,
      33.137237548828125,
      33.87123107910156,
      31.718769073486328,
      27.233158111572266,
      24.627405166625977
    ],
    [
      49.42979431152344,
      87.36170959472656,
      30.195293426513672,
      26.72712516784668,
      19.078771591186523,
      20.9239501953125,
      18.79578399658203,
      20.51239776611328,
      20.49162483215332,
      22.713768005371094,
      19.69697380065918,
      55.821617126464844,
      19.8293399810791,
      55.34846878051758,
      60.32941818237305,
      47.74877166748047,
      39.37516784667969,
      30.922407150268555
    ],
    [
      53.88044357299805,
      30.195293426513672,
      63.69560241699219,
      37.38313293457031,
      36.6566047668457,
      31.994611740112305,
      24.818939208984375,
      23.027902603149414,
      31.141353607177734,
      32.53526306152344,
      33.65437316894531,
      35.06913375854492,
      29.71646499633789,
      34.29786682128906,
      32.55855178833008,
      31.499404907226562,
      26.64151954650879,
      24.80255889892578
    ],
    [
      34.80621337890625,
      26.72712516784668,
      37.38313293457031,
      39.86861801147461,
      26.129135131835938,
      25.670194625854492,
      18.7196102142334,
      17.965120315551758,
      23.789587020874023,
      26.352718353271484,
      26.506643295288086,
      31.377368927001953,
      23.08395767211914,
      29.662643432617188,
      28.842510223388672,
      25.97144317626953,
      21.414283752441406,
      19.02252960205078
    ],
    [
      29.283063888549805,
      19.078771591186523,
      36.6566047668457,
      26.129135131835938,
      51.79153060913086,
      39.400146484375,
      36.959197998046875,
      31.274917602539062,
      39.41635513305664,
      36.05170440673828,
      38.54068374633789,
      34.64627456665039,
      31.82544708251953,
      31.518075942993164,
      29.006587982177734,
      27.01288604736328,
      21.657487869262695,
      20.085498809814453
    ],
    [
      24.95598602294922,
      20.9239501953125,
      31.994611740112305,
      25.670194625854492,
      39.400146484375,
      57.22677993774414,
      45.14795684814453,
      54.29443359375,
      40.3484992980957,
      47.37531661987305,
      33.865055084228516,
      37.61969757080078,
      29.719375610351562,
      34.895591735839844,
      30.443435668945312,
      29.041486740112305,
      22.64999008178711,
      20.51675033569336
    ],
    [
      23.25165367126465,
      18.79578399658203,
      24.818939208984375,
      18.7196102142334,
      36.959197998046875,
      45.14795684814453,
      69.60527801513672,
      63.84220886230469,
      47.25666809082031,
      46.24764633178711,
      39.12796401977539,
      37.082672119140625,
      34.23931121826172,
      35.20444869995117,
      31.027067184448242,
      28.65479850769043,
      22.293447494506836,
      19.753536224365234
    ],
    [
      23.117473602294922,
      20.51239776611328,
      23.027902603149414,
      17.965120315551758,
      31.274917602539062,
      54.29443359375,
      63.84220886230469,
      90.83446502685547,
      43.063961029052734,
      51.52051544189453,
      30.312196731567383,
      35.23946762084961,
      28.07025146484375,
      33.10902404785156,
      28.3818302154541,
      27.10902976989746,
      20.87051010131836,
      18.56778907775879
    ],
    [
      26.51750946044922,
      20.49162483215332,
      31.141353607177734,
      23.789587020874023,
      39.41635513305664,
      40.3484992980957,
      47.25666809082031,
      43.063961029052734,
      71.5147705078125,
      57.58811950683594,
      57.398704528808594,
      49.10966110229492,
      50.42416763305664,
      47.79269790649414,
      46.13343811035156,
      41.6796760559082,
      33.78889846801758,
      30.300994873046875
    ],
    [
      28.16300392150879,
      22.713768005371094,
      32.53526306152344,
      26.352718353271484,
      36.05170440673828,
      47.37531661987305,
      46.24764633178711,
      51.52051544189453,
      57.58811950683594,
      74.74784088134766,
      51.94358444213867,
      59.83332443237305,
      49.39908218383789,
      58.27731704711914,
      54.95970153808594,
      52.46345520019531,
      43.16252136230469,
      38.69805908203125
    ],
    [
      26.971385955810547,
      19.69697380065918,
      33.65437316894531,
      26.506643295288086,
      38.54068374633789,
      33.865055084228516,
      39.12796401977539,
      30.312196731567383,
      57.398704528808594,
      51.94358444213867,
      75.82292175292969,
      62.45934295654297,
      66.18324279785156,
      62.33934020996094,
      61.869956970214844,
      55.01009750366211,
      44.6187858581543,
      38.919315338134766
    ],
    [
      31.815662384033203,
      55.821617126464844,
      35.06913375854492,
      31.377368927001953,
      34.64627456665039,
      37.61969757080078,
      37.082672119140625,
      35.23946762084961,
      49.10966110229492,
      59.83332443237305,
      62.45934295654297,
      105.2050552368164,
      59.49420928955078,
      102.12671661376953,
      102.48064422607422,
      91.33504486083984,
      74.33062744140625,
      63.29202651977539
    ],
    [
      25.644968032836914,
      19.8293399810791,
      29.71646499633789,
      23.08395767211914,
      31.82544708251953,
      29.719375610351562,
      34.23931121826172,
      28.07025146484375,
      50.42416763305664,
      49.39908218383789,
      66.18324279785156,
      59.49420928955078,
      81.15065002441406,
      70.01448822021484,
      78.26596069335938,
      66.8511734008789,
      59.23285675048828,
      48.73271942138672
    ],
    [
      33.137237548828125,
      55.34846878051758,
      34.29786682128906,
      29.662643432617188,
      31.518075942993164,
      34.895591735839844,
      35.20444869995117,
      33.10902404785156,
      47.79269790649414,
      58.27731704711914,
      62.33934020996094,
      102.12671661376953,
      70.01448822021484,
      111.40353393554688,
      115.88217163085938,
      103.76758575439453,
      88.19599151611328,
      73.98584747314453
    ],
    [
      33.87123107910156,
      60.32941818237305,
      32.55855178833008,
      28.842510223388672,
      29.006587982177734,
      30.443435668945312,
      31.027067184448242,
      28.3818302154541,
      46.13343811035156,
      54.95970153808594,
      61.869956970214844,
      102.48064422607422,
      78.26596069335938,
      115.88217163085938,
      142.95053100585938,
      117.90442657470703,
      108.89071655273438,
      85.68482208251953
    ],
    [
      31.718769073486328,
      47.74877166748047,
      31.499404907226562,
      25.97144317626953,
      27.01288604736328,
      29.041486740112305,
      28.65479850769043,
      27.10902976989746,
      41.6796760559082,
      52.46345520019531,
      55.01009750366211,
      91.33504486083984,
      66.8511734008789,
      103.76758575439453,
      117.90442657470703,
      107.89324951171875,
      97.08065032958984,
      81.10359954833984
    ],
    [
      27.233158111572266,
      39.37516784667969,
      26.64151954650879,
      21.414283752441406,
      21.657487869262695,
      22.64999008178711,
      22.293447494506836,
      20.87051010131836,
      33.78889846801758,
      43.16252136230469,
      44.6187858581543,
      74.33062744140625,
      59.23285675048828,
      88.19599151611328,
      108.89071655273438,
      97.08065032958984,
      98.85499572753906,
      80.23204803466797
    ],
    [
      24.627405166625977,
      30.922407150268555,
      24.80255889892578,
      19.02252960205078,
      20.085498809814453,
      20.51675033569336,
      19.753536224365234,
      18.56778907775879,
      30.300994873046875,
      38.69805908203125,
      38.919315338134766,
      63.29202651977539,
      48.73271942138672,
      73.98584747314453,
      85.68482208251953,
      81.10359954833984,
      80.23204803466797,
      68.85306549072266
    ]
  ],
  "damage": -19.27214241027832,
  "diff_bandwidth": 454.8854675292969,
  "dissonance": 8.799322705393317,
  "drr": 12.820504188537598,
  "dynamics": 3.5020663738250732,
  "format": 1245190,
  "frames": 11485287,
  "freq_pan_to_db": [
    [
      -27.773860931396484,
      -28.56461524963379,
      -26.802627563476562,
      -25.298450469970703,
      -23.00923728942871,
      -21.617279052734375,
      -18.037490844726562,
      -21.593015670776367,
      -24.82783317565918,
      -26.701683044433594,
      -27.209562301635742
    ],
    [
      -27.34358787536621,
      -28.422758102416992,
      -26.030078887939453,
      -22.895071029663086,
      -19.91531753540039,
      -21.48200225830078,
      -22.71803092956543,
      -25.114124298095703,
      -26.251916885375977,
      -28.01711082458496,
      -29.612611770629883
    ],
    [
      -32.97468566894531,
      -31.316287994384766,
      -26.114168167114258,
      -22.698501586914062,
      -21.975143432617188,
      -23.700162887573242,
      -23.14706039428711,
      -25.24796485900879,
      -28.624073028564453,
      -32.396644592285156,
      -35.747764587402344
    ],
    [
      -39.48960494995117,
      -37.445960998535156,
      -31.3570499420166,
      -26.46422576904297,
      -24.665489196777344,
      -25.160186767578125,
      -25.000402450561523,
      -29.352890014648438,
      -35.6292839050293,
      -41.55990219116211,
      -42.72636032104492
    ],
    [
      -43.246917724609375,
      -41.427513122558594,
      -34.5440559387207,
      -29.049571990966797,
      -23.10395050048828,
      -25.023475646972656,
      -25.607330322265625,
      -30.829944610595703,
      -36.43109130859375,
      -40.10971450805664,
      -41.21121597290039
    ],
    [
      -43.845489501953125,
      -40.321495056152344,
      -34.0777473449707,
      -29.733142852783203,
      -25.484045028686523,
      -25.973411560058594,
      -27.55656623840332,
      -31.744422912597656,
      -36.283058166503906,
      -39.35634231567383,
      -42.637088775634766
    ],
    [
      -37.73952865600586,
      -37.46662521362305,
      -32.0760612487793,
      -28.8262939453125,
      -26.994291305541992,
      -27.847492218017578,
      -28.435518264770508,
      -31.32076644897461,
      -33.815635681152344,
      -35.61851501464844,
      -36.424400329589844
    ],
    [
      -34.96198654174805,
      -35.92346954345703,
      -33.0526123046875,
      -30.655664443969727,
      -29.060941696166992,
      -30.92099380493164,
      -31.62869644165039,
      -33.14752960205078,
      -33.794525146484375,
      -35.11444091796875,
      -34.72126388549805
    ],
    [
      -33.358036041259766,
      -34.606571197509766,
      -34.42000961303711,
      -33.67660903930664,
      -32.73140335083008,
      -32.56957244873047,
      -31.297155380249023,
      -32.90107727050781,
      -34.43980026245117,
      -35.34728240966797,
      -34.92111587524414
    ],
    [
      -33.3533821105957,
      -34.013580322265625,
      -34.39894104003906,
      -34.27376937866211,
      -33.65312576293945,
      -32.25200271606445,
      -29.34416961669922,
      -31.686573028564453,
      -32.534542083740234,
      -33.56919860839844,
      -32.299774169921875
    ],
    [
      -34.236331939697266,
      -34.75469207763672,
      -33.91855239868164,
      -33.566864013671875,
      -32.9317741394043,
      -31.4852237701416,
      -31.542526245117188,
      -33.721317291259766,
      -34.50309371948242,
      -33.94824981689453,
      -37.10307312011719
    ],
    [
      -30.562036514282227,
      -31.80990982055664,
      -31.783079147338867,
      -32.485023498535156,
      -32.35209274291992,
      -31.964611053466797,
      -30.597742080688477,
      -31.578689575195312,
      -31.843616485595703,
      -32.671546936035156,
      -32.48444366455078
    ],
    [
      -32.72349166870117,
      -32.55657196044922,
      -33.91579818725586,
      -34.38025665283203,
      -33.76531219482422,
      -33.70697784423828,
      -32.909385681152344,
      -33.47594451904297,
      -32.85430908203125,
      -33.57759475708008,
      -33.10134506225586
    ],
    [
      -30.52065086364746,
      -31.465763092041016,
      -32.51396560668945,
      -32.96292495727539,
      -34.68386459350586,
      -34.352989196777344,
      -33.313167572021484,
      -32.818363189697266,
      -32.37075424194336,
      -32.310882568359375,
      -32.42655563354492
    ],
    [
      -31.8568058013916,
      -32.47697830200195,
      -30.563751220703125,
      -31.581790924072266,
      -33.498046875,
      -32.10002136230469,
      -32.39568328857422,
      -30.788734436035156,
      -31.437070846557617,
      -32.1378059387207,
      -30.618642807006836
    ],
    [
      -33.519775390625,
      -32.50983428955078,
      -26.585721969604492,
      -30.804841995239258,
      -33.27293014526367,
      -32.10498809814453,
      -32.011653900146484,
      -28.300498962402344,
      -27.789960861206055,
      -31.290590286254883,
      -32.13501739501953
    ],
    [
      -31.4263858795166,
      -30.790075302124023,
      -30.58643341064453,
      -30.114877700805664,
      -32.296138763427734,
      -33.126468658447266,
      -31.44565200805664,
      -31.042882919311523,
      -31.169897079467773,
      -31.052818298339844,
      -33.06969451904297
    ],
    [
      -32.37821960449219,
      -33.770931243896484,
      -34.755714416503906,
      -36.03878402709961,
      -35.90822219848633,
      -34.59762954711914,
      -35.27940368652344,
      -34.4578857421875,
      -35.00051498413086,
      -34.2673454284668,
      -36.10669708251953
    ],
    [
      -34.799251556396484,
      -35.81083679199219,
      -34.65627670288086,
      -35.2415771484375,
      -35.167152404785156,
      -35.323211669921875,
      -35.52493667602539,
      -35.14637756347656,
      -34.620948791503906,
      -35.481292724609375,
      -35.943504333496094
    ],
    [
      -40.361572265625,
      -38.290435791015625,
      -38.53109359741211,
      -38.41240692138672,
      -38.244441986083984,
      -36.86027908325195,
      -38.280147552490234,
      -38.500125885009766,
      -37.69544982910156,
      -38.55924987792969,
      -38.945106506347656
    ],
    [
      -38.66216278076172,
      -39.29711151123047,
      -39.146568298339844,
      -38.46985626220703,
      -38.38127899169922,
      -37.83913803100586,
      -39.210269927978516,
      -38.15275192260742,
      -39.72361755371094,
      -40.25877380371094,
      -39.74577331542969
    ],
    [
      -39.930755615234375,
      -40.52549362182617,
      -39.73481369018555,
      -38.30829620361328,
      -39.10849380493164,
      -39.10932922363281,
      -40.50189208984375,
      -40.12364959716797,
      -40.84877395629883,
      -40.75675964355469,
      -43.1640625
    ],
    [
      -45.96797180175781,
      -42.76985168457031,
      -42.41627502441406,
      -42.58695602416992,
      -40.336036682128906,
      -40.30664825439453,
      -41.277435302734375,
      -42.21302795410156,
      -41.40912628173828,
      -41.68999099731445,
      -44.12086486816406
    ],
    [
      -41.64197540283203,
      -41.622215270996094,
      -42.4592170715332,
      -43.02447509765625,
      -42.35563278198242,
      -41.966190338134766,
      -42.743919372558594,
      -42.18834686279297,
      -42.19910430908203,
      -41.97011184692383,
      -41.74602127075195
    ],
    [
      -47.99703598022461,
      -46.29729080200195,
      -44.10222244262695,
      -43.50139617919922,
      -43.99850082397461,
      -44.73927307128906,
      -43.21928405761719,
      -43.35253143310547,
      -43.93492889404297,
      -42.6140022277832,
      -44.94757080078125
    ],
    [
      -49.54220199584961,
      -44.73388671875,
      -43.922706604003906,
      -44.01829528808594,
      -42.87273025512695,
      -42.74559783935547,
      -43.32612228393555,
      -43.71753692626953,
      -43.86870574951172,
      -42.81298065185547,
      -42.544944763183594
    ],
    [
      -56.222938537597656,
      -42.951446533203125,
      -42.53572463989258,
      -43.51108932495117,
      -42.513221740722656,
      -40.22719955444336,
      -42.69489669799805,
      -42.62126922607422,
      -42.08346939086914,
      -42.745304107666016,
      -41.91868209838867
    ],
    [
      -61.52003479003906,
      -43.96230697631836,
      -43.67872619628906,
      -44.15302658081055,
      -43.713260650634766,
      -43.61675262451172,
      -43.21922302246094,
      -43.508750915527344,
      -43.92316818237305,
      -44.18951416015625,
      -48.8526496887207
    ],
    [
      -63.17447280883789,
      -47.28721237182617,
      -45.26015090942383,
      -45.1428108215332,
      -44.91859817504883,
      -44.23405838012695,
      -44.170677185058594,
      -44.8551139831543,
      -44.76893615722656,
      -45.1639404296875,
      -48.55805206298828
    ],
    [
      -44.73099136352539,
      -48.93597412109375,
      -46.08090591430664,
      -45.57868194580078,
      -44.9791145324707,
      -44.851600646972656,
      -44.35680389404297,
      -45.21966552734375,
      -45.10886764526367,
      -44.65580368041992,
      -45.46110153198242
    ],
    [
      -61.64342498779297,
      -46.52953338623047,
      -48.064937591552734,
      -47.74501037597656,
      -46.784400939941406,
      -46.21574401855469,
      -45.76588439941406,
      -46.46546173095703,
      -46.46156692504883,
      -45.99143600463867,
      -46.707984924316406
    ],
    [
      -41.20021057128906,
      -50.28204345703125,
      -52.07406234741211,
      -48.815608978271484,
      -47.84348678588867,
      -46.97901916503906,
      -45.89167404174805,
      -46.22999954223633,
      -46.03303146362305,
      -45.689212799072266,
      -50.5228385925293
    ],
    [
      -39.86842346191406,
      -66.3392562866211,
      -53.486473083496094,
      -49.981422424316406,
      -48.44926834106445,
      -47.07612609863281,
      -46.0565299987793,
      -46.30464553833008,
      -46.2708625793457,
      -48.60282897949219,
      -45.6714973449707
    ],
    [
      -59.520751953125,
      -68.10706329345703,
      -52.66169357299805,
      -49.30327224731445,
      -47.502532958984375,
      -46.78092575073242,
      -46.21897506713867,
      -46.37909698486328,
      -46.689178466796875,
      -55.0029296875,
      -54.47730255126953
    ],
    [
      -62.84054946899414,
      -61.60669708251953,
      -46.89707946777344,
      -45.60746383666992,
      -45.46976089477539,
      -46.074424743652344,
      -45.72478485107422,
      -47.033836364746094,
      -46.83846664428711,
      -53.39908218383789,
      -54.828861236572266
    ],
    [
      -57.12331771850586,
      -58.99445343017578,
      -46.884586334228516,
      -47.26206970214844,
      -47.340789794921875,
      -47.376922607421875,
      -46.82442855834961,
      -48.50874328613281,
      -48.93486404418945,
      -53.747074127197266,
      -58.9920768737793
    ],
    [
      -66.48641967773438,
      -62.35127639770508,
      -46.65211868286133,
      -47.786685943603516,
      -48.21524429321289,
      -48.607173919677734,
      -46.94416427612305,
      -47.78126907348633,
      -50.080501556396484,
      -57.88096618652344,
      -49.18734359741211
    ],
    [
      -72.91835021972656,
      -65.84506225585938,
      -48.96024703979492,
      -49.87228775024414,
      -50.27471160888672,
      -50.77242660522461,
      -49.324729919433594,
      -49.77386474609375,
      -52.57194519042969,
      -56.321327209472656,
      -57.583168029785156
    ],
    [
      -73.81452178955078,
      -67.46996307373047,
      -55.86529541015625,
      -52.27496337890625,
      -51.759761810302734,
      -53.366455078125,
      -52.47135925292969,
      -54.585365295410156,
      -57.18341064453125,
      -59.055206298828125,
      -63.149051666259766
    ],
    [
      -62.84061050415039,
      -79.77278900146484,
      -52.77653884887695,
      -52.04800033569336,
      -52.21827697753906,
      -54.48678207397461,
      -55.275325775146484,
      -58.35477066040039,
      -63.7237548828125,
      -69.23389434814453,
      -72.1618423461914
    ],
    [
      -370,
      -66.59398651123047,
      -55.88936996459961,
      -55.01895523071289,
      -53.588096618652344,
      -56.06027603149414,
      -59.734371185302734,
      -64.06925964355469,
      -70.47354888916016,
      -72.2292251586914,
      -370
    ],
    [
      -370,
      -89.87227630615234,
      -82.16059112548828,
      -80.27718353271484,
      -59.4300537109375,
      -56.97393798828125,
      -63.76123809814453,
      -74.05103302001953,
      -77.21813201904297,
      -78.51959991455078,
      -370
    ]
  ],
  "histogram": [
    {
      "db": -70,
      "frequency": 0
    },
    {
      "db": -69,
      "frequency": 0
    },
    {
      "db": -68,
      "frequency": 1
    },
    {
      "db": -67,
      "frequency": 0
    },
    {
      "db": -66,
      "frequency": 0
    },
    {
      "db": -65,
      "frequency": 1
    },
    {
      "db": -64,
      "frequency": 0
    },
    {
      "db": -63,
      "frequency": 1
    },
    {
      "db": -62,
      "frequency": 0
    },
    {
      "db": -61,
      "frequency": 2
    },
    {
      "db": -60,
      "frequency": 2
    },
    {
      "db": -59,
      "frequency": 2
    },
    {
      "db": -58,
      "frequency": 1
    },
    {
      "db": -57,
      "frequency": 1
    },
    {
      "db": -56,
      "frequency": 1
    },
    {
      "db": -55,
      "frequency": 0
    },
    {
      "db": -54,
      "frequency": 1
    },
    {
      "db": -53,
      "frequency": 2
    },
    {
      "db": -52,
      "frequency": 0
    },
    {
      "db": -51,
      "frequency": 2
    },
    {
      "db": -50,
      "frequency": 0
    },
    {
      "db": -49,
      "frequency": 1
    },
    {
      "db": -48,
      "frequency": 0
    },
    {
      "db": -47,
      "frequency": 0
    },
    {
      "db": -46,
      "frequency": 0
    },
    {
      "db": -45,
      "frequency": 1
    },
    {
      "db": -44,
      "frequency": 0
    },
    {
      "db": -43,
      "frequency": 2
    },
    {
      "db": -42,
      "frequency": 1
    },
    {
      "db": -41,
      "frequency": 1
    },
    {
      "db": -40,
      "frequency": 2
    },
    {
      "db": -39,
      "frequency": 3
    },
    {
      "db": -38,
      "frequency": 8
    },
    {
      "db": -37,
      "frequency": 9
    },
    {
      "db": -36,
      "frequency": 11
    },
    {
      "db": -35,
      "frequency": 24
    },
    {
      "db": -34,
      "frequency": 20
    },
    {
      "db": -33,
      "frequency": 20
    },
    {
      "db": -32,
      "frequency": 33
    },
    {
      "db": -31,
      "frequency": 30
    },
    {
      "db": -30,
      "frequency": 42
    },
    {
      "db": -29,
      "frequency": 56
    },
    {
      "db": -28,
      "frequency": 92
    },
    {
      "db": -27,
      "frequency": 121
    },
    {
      "db": -26,
      "frequency": 241
    },
    {
      "db": -25,
      "frequency": 298
    },
    {
      "db": -24,
      "frequency": 364
    },
    {
      "db": -23,
      "frequency": 393
    },
    {
      "db": -22,
      "frequency": 371
    },
    {
      "db": -21,
      "frequency": 163
    },
    {
      "db": -20,
      "frequency": 30
    },
    {
      "db": -19,
      "frequency": 8
    },
    {
      "db": -18,
      "frequency": 1
    },
    {
      "db": -17,
      "frequency": 0
    },
    {
      "db": -16,
      "frequency": 0
    },
    {
      "db": -15,
      "frequency": 0
    },
    {
      "db": -14,
      "frequency": 0
    },
    {
      "db": -13,
      "frequency": 0
    },
    {
      "db": -12,
      "frequency": 0
    },
    {
      "db": -11,
      "frequency": 0
    },
    {
      "db": -10,
      "frequency": 0
    },
    {
      "db": -9,
      "frequency": 0
    },
    {
      "db": -8,
      "frequency": 0
    },
    {
      "db": -7,
      "frequency": 0
    },
    {
      "db": -6,
      "frequency": 0
    },
    {
      "db": -5,
      "frequency": 0
    },
    {
      "db": -4,
      "frequency": 0
    },
    {
      "db": -3,
      "frequency": 0
    },
    {
      "db": -2,
      "frequency": 0
    },
    {
      "db": -1,
      "frequency": 0
    },
    {
      "db": 0,
      "frequency": 0
    },
    {
      "db": 1,
      "frequency": 0
    },
    {
      "db": 2,
      "frequency": 0
    },
    {
      "db": 3,
      "frequency": 0
    },
    {
      "db": 4,
      "frequency": 0
    },
    {
      "db": 5,
      "frequency": 0
    },
    {
      "db": 6,
      "frequency": 0
    },
    {
      "db": 7,
