{
  "acoustic_entropy": 174.7448272705078,
  "bands": [
    {
      "high_freq": 148.1999969482422,
      "loudness": -33.221351623535156,
      "loudness_range": 17.611000061035156,
      "mid_mean": -29.865028381347656,
      "mid_to_side_loudness": -16.04300880432129,
      "mid_to_side_loudness_range": 12.633979797363281,
      "side_mean": -47.456565856933594
    },
    {
      "high_freq": 392.3793640136719,
      "loudness": -33.1971321105957,
      "loudness_range": 10.464487075805664,
      "low_freq": 148.1999969482422,
      "mid_mean": -29.699161529541016,
      "mid_to_side_loudness": -15.2713623046875,
      "mid_to_side_loudness_range": 8.63853645324707,
      "side_mean": -45.41131591796875
    },
    {
      "high_freq": 794.6976318359375,
      "loudness": -39.25664138793945,
      "loudness_range": 12.316356658935547,
      "low_freq": 392.3793640136719,
      "mid_mean": -36.66307067871094,
      "mid_to_side_loudness": -7.2702789306640625,
      "mid_to_side_loudness_range": 11.720746994018555,
      "side_mean": -43.97011184692383
    },
    {
      "high_freq": 1457.5709228515625,
      "loudness": -39.685394287109375,
      "loudness_range": 19.450727462768555,
      "low_freq": 794.6976318359375,
      "mid_mean": -37.89360046386719,
      "mid_to_side_loudness": -5.102140426635742,
      "mid_to_side_loudness_range": 11.646998405456543,
      "side_mean": -42.828243255615234
    },
    {
      "high_freq": 2549.74365234375,
      "loudness": -42.14628219604492,
      "loudness_range": 18.26641082763672,
      "low_freq": 1457.5709228515625,
      "mid_mean": -39.86097717285156,
      "mid_to_side_loudness": -5.724386215209961,
      "mid_to_side_loudness_range": 9.324962615966797,
      "side_mean": -45.586517333984375
    },
    {
      "high_freq": 4349.24462890625,
      "loudness": -43.8053092956543,
      "loudness_range": 15.91290283203125,
      "low_freq": 2549.74365234375,
      "mid_mean": -41.12263488769531,
      "mid_to_side_loudness": -6.881141185760498,
      "mid_to_side_loudness_range": 8.996715545654297,
      "side_mean": -50.19499588012695
    },
    {
      "high_freq": 7314.1640625,
      "loudness": -43.690101623535156,
      "loudness_range": 13.476856231689453,
      "low_freq": 4349.24462890625,
      "mid_mean": -41.01810836791992,
      "mid_to_side_loudness": -6.5349531173706055,
      "mid_to_side_loudness_range": 8.308874130249023,
      "side_mean": -47.537601470947266
    },
    {
      "high_freq": 12199.2666015625,
      "loudness": -45.108726501464844,
      "loudness_range": 12.95773696899414,
      "low_freq": 7314.1640625,
      "mid_mean": -42.320560455322266,
      "mid_to_side_loudness": -7.012997150421143,
      "mid_to_side_loudness_range": 6.122857093811035,
      "side_mean": -51.43196105957031
    },
    {
      "loudness": -51.37579345703125,
      "loudness_range": 14.940193176269531,
      "low_freq": 12199.2666015625,
      "mid_mean": -50.84846878051758,
      "mid_to_side_loudness": -6.288381576538086,
      "mid_to_side_loudness_range": 3.8797435760498047,
      "side_mean": -56.24563980102539
    }
  ],
  "bands_short": [
    {
      "high_freq": 148.1999969482422,
      "loudness": -38.65654754638672,
      "loudness_range": 28.69718360900879,
      "mid_mean": -36.218719482421875,
      "mid_to_side_loudness": -12.846558570861816,
      "mid_to_side_loudness_range": 22.01767349243164,
      "side_mean": -52.486454010009766
    },
    {
      "high_freq": 392.3793640136719,
      "loudness": -34.2708740234375,
      "loudness_range": 20.59691619873047,
      "low_freq": 148.1999969482422,
      "mid_mean": -31.195329666137695,
      "mid_to_side_loudness": -14.306567192077637,
      "mid_to_side_loudness_range": 16.64850616455078,
      "side_mean": -46.63414764404297
    },
    {
      "high_freq": 794.6976318359375,
      "loudness": -40.73595428466797,
      "loudness_range": 17.974525451660156,
      "low_freq": 392.3793640136719,
      "mid_mean": -38.66231155395508,
      "mid_to_side_loudness": -7.1322855949401855,
      "mid_to_side_loudness_range": 14.726922035217285,
      "side_mean": -46.10082244873047
    },
    {
      "high_freq": 1457.5709228515625,
      "loudness": -40.30432891845703,
      "loudness_range": 22.636341094970703,
      "low_freq": 794.6976318359375,
      "mid_mean": -39.1660270690918,
      "mid_to_side_loudness": -4.572662830352783,
      "mid_to_side_loudness_range": 14.894232749938965,
      "side_mean": -43.63797378540039
    },
    {
      "high_freq": 2549.74365234375,
      "loudness": -43.80876922607422,
      "loudness_range": 22.31185531616211,
      "low_freq": 1457.5709228515625,
      "mid_mean": -42.18068313598633,
      "mid_to_side_loudness": -5.63812255859375,
      "mid_to_side_loudness_range": 12.735536575317383,
      "side_mean": -50.604366302490234
    },
    {
      "high_freq": 4349.24462890625,
      "loudness": -46.279666900634766,
      "loudness_range": 23.943920135498047,
      "low_freq": 2549.74365234375,
      "mid_mean": -44.13557434082031,
      "mid_to_side_loudness": -6.8522629737854,
      "mid_to_side_loudness_range": 12.03364372253418,
      "side_mean": -53.07902526855469
    },
    {
      "high_freq": 7314.1640625,
      "loudness": -45.87950897216797,
      "loudness_range": 22.828109741210938,
      "low_freq": 4349.24462890625,
      "mid_mean": -44.214969635009766,
      "mid_to_side_loudness": -6.582643032073975,
      "mid_to_side_loudness_range": 12.332168579101562,
      "side_mean": -53.011043548583984
    },
    {
      "high_freq": 12199.2666015625,
      "loudness": -48.29362869262695,
      "loudness_range": 25.157752990722656,
      "low_freq": 7314.1640625,
      "mid_mean": -50.0384521484375,
      "mid_to_side_loudness": -7.132717609405518,
      "mid_to_side_loudness_range": 9.830726623535156,
      "side_mean": -55.64501953125
    },
    {
      "loudness": -55.11790466308594,
      "loudness_range": 28.136985778808594,
      "low_freq": 12199.2666015625,
      "mid_mean": -56.231781005859375,
      "mid_to_side_loudness": -6.559393882751465,
      "mid_to_side_loudness_range": 8.722820281982422,
      "side_mean": -60.42601776123047
    }
  ],
  "bandwidth": 395.7955627441406,
  "channels": 2,
  "covariance": [
    [
      48.42030334472656,
      30.352975845336914,
      16.433349609375,
      11.629549980163574,
      9.692782402038574,
      13.954554557800293,
      12.742058753967285,
      16.16681480407715,
      8.576920509338379,
      7.901062488555908,
      7.567808628082275,
      7.165623188018799,
      7.108611106872559,
      7.582742214202881,
      3.8486504554748535,
      5.974491119384766,
      1.4128735065460205,
      2.7430763244628906
    ],
    [
      30.352975845336914,
      42.71780014038086,
      15.32588005065918,
      12.26369857788086,
      12.925065040588379,
      19.149213790893555,
      19.859128952026367,
      22.270645141601562,
      17.250396728515625,
      14.193628311157227,
      11.742666244506836,
      12.823735237121582,
      11.028523445129395,
      10.746407508850098,
      7.167420864105225,
      10.02662467956543,
      6.151884078979492,
      5.835024356842041
    ],
    [
      16.433349609375,
      15.32588005065918,
      19.547040939331055,
      13.761240005493164,
      14.12256145477295,
      17.302520751953125,
      15.404595375061035,
      17.38010025024414,
      15.411766052246094,
      15.661090850830078,
      13.391761779785156,
      13.737602233886719,
      11.061125755310059,
      11.835588455200195,
      8.1594877243042,
      9.80672550201416,
      6.8221635818481445,
      7.560636520385742
    ],
    [
      11.629549980163574,
      12.26369857788086,
      13.761240005493164,
      16.66061782836914,
      12.015501022338867,
      16.41946792602539,
      13.513422012329102,
      15.419334411621094,
      13.360542297363281,
      13.686567306518555,
      12.180441856384277,
      14.678078651428223,
      9.74669075012207,
      10.706544876098633,
      6.329632759094238,
      10.077895164489746,
      7.030949592590332,
      7.18720817565918
    ],
    [
      9.692782402038574,
      12.925065040588379,
      14.12256145477295,
      12.015501022338867,
      23.561952590942383,
      25.381576538085938,
      24.202316284179688,
      23.17961883544922,
      23.830747604370117,
      21.04676628112793,
      19.85310935974121,
      17.723888397216797,
      15.638808250427246,
      14.717912673950195,
      10.362074851989746,
      11.323741912841797,
      8.270496368408203,
      8.14616584777832
    ],
    [
      13.954554557800293,
      19.149213790893555,
      17.302520751953125,
      16.41946792602539,
      25.381576538085938,
      44.372314453125,
      38.72774887084961,
      48.69149398803711,
      31.049787521362305,
      33.28040313720703,
      21.97211265563965,
      22.902280807495117,
      17.811208724975586,
      20.046175003051758,
      12.477068901062012,
      14.998339653015137,
      10.585144996643066,
      10.881387710571289
    ],
    [
      12.742058753967285,
      19.859128952026367,
      15.404595375061035,
      13.513422012329102,
      24.202316284179688,
      38.72774887084961,
      51.99357986450195,
      52.968265533447266,
      38.3245964050293,
      36.409114837646484,
      27.222562789916992,
      25.25944709777832,
      21.28177833557129,
      22.316329956054688,
      14.417667388916016,
      16.586013793945312,
      11.781954765319824,
      11.822918891906738
    ],
    [
      16.16681480407715,
      22.270645141601562,
      17.38010025024414,
      15.419334411621094,
      23.17961883544922,
      48.69149398803711,
      52.968265533447266,
      74.06365966796875,
      37.208984375,
      42.62087631225586,
      22.61967658996582,
      25.66741371154785,
      18.83649444580078,
      23.180076599121094,
      14.5828275680542,
      17.721176147460938,
      12.344053268432617,
      12.962701797485352
    ],
    [
      8.576920509338379,
      17.250396728515625,
      15.411766052246094,
      13.360542297363281,
      23.830747604370117,
      31.049787521362305,
      38.3245964050293,
      37.208984375,
      46.41668701171875,
      37.57643127441406,
      33.20724105834961,
      28.8177547454834,
      26.748388290405273,
      25.88170623779297,
      17.93509864807129,
      19.893402099609375,
      14.951141357421875,
      14.82650089263916
    ],
    [
      7.901062488555908,
      14.193628311157227,
      15.661090850830078,
      13.686567306518555,
      21.04676628112793,
      33.28040313720703,
      36.409114837646484,
      42.62087631225586,
      37.57643127441406,
      41.44819259643555,
      27.874359130859375,
      31.164045333862305,
      22.704914093017578,
      27.230615615844727,
      17.322189331054688,
      21.237895965576172,
      15.724372863769531,
      16.26270294189453
    ],
    [
      7.567808628082275,
      11.742666244506836,
      13.391761779785156,
      12.180441856384277,
      19.85310935974121,
      21.97211265563965,
      27.222562789916992,
      22.61967658996582,
      33.20724105834961,
      27.874359130859375,
      34.55169677734375,
      29.96832847595215,
      26.63511848449707,
      25.610063552856445,
      17.128938674926758,
      19.401527404785156,
      13.374260902404785,
      13.80262279510498
    ],
    [
      7.165623188018799,
      12.823735237121582,
      13.737602233886719,
      14.678078651428223,
      17.723888397216797,
      22.902280807495117,
      25.25944709777832,
      25.66741371154785,
      28.8177547454834,
      31.164045333862305,
      29.96832847595215,
      76.21788024902344,
      23.583181381225586,
      30.6345157623291,
      18.340681076049805,
      62.811737060546875,
      57.04414367675781,
      46.342559814453125
    ],
    [
      7.108611106872559,
      11.028523445129395,
      11.061125755310059,
      9.74669075012207,
      15.638808250427246,
      17.811208724975586,
      21.28177833557129,
      18.83649444580078,
      26.748388290405273,
      22.704914093017578,
      26.63511848449707,
      23.583181381225586,
      26.147859573364258,
      24.58085060119629,
      19.848600387573242,
      20.888561248779297,
      17.030948638916016,
      16.298107147216797
    ],
    [
      7.582742214202881,
      10.746407508850098,
      11.835588455200195,
      10.706544876098633,
      14.717912673950195,
      20.046175003051758,
      22.316329956054688,
      23.180076599121094,
      25.88170623779297,
      27.230615615844727,
      25.610063552856445,
      30.6345157623291,
      24.58085060119629,
      32.79276657104492,
      22.43951988220215,
      28.606048583984375,
      23.26926040649414,
      23.162172317504883
    ],
    [
      3.8486504554748535,
      7.167420864105225,
      8.1594877243042,
      6.329632759094238,
      10.362074851989746,
      12.477068901062012,
      14.417667388916016,
      14.5828275680542,
      17.93509864807129,
      17.322189331054688,
      17.128938674926758,
      18.340681076049805,
      19.848600387573242,
      22.43951988220215,
      24.85487174987793,
      24.451995849609375,
      24.499568939208984,
      21.82464599609375
    ],
    [
      5.974491119384766,
      10.02662467956543,
      9.80672550201416,
      10.077895164489746,
      11.323741912841797,
      14.998339653015137,
      16.586013793945312,
      17.721176147460938,
      19.893402099609375,
      21.237895965576172,
      19.401527404785156,
      62.811737060546875,
      20.888561248779297,
      28.606048583984375,
      24.451995849609375,
      65.77340698242188,
      65.50543212890625,
      52.68070983886719
    ],
    [
      1.4128735065460205,
      6.151884078979492,
      6.8221635818481445,
      7.030949592590332,
      8.270496368408203,
      10.585144996643066,
      11.781954765319824,
      12.344053268432617,
      14.951141357421875,
      15.724372863769531,
      13.374260902404785,
      57.04414367675781,
      17.030948638916016,
      23.26926040649414,
      24.499568939208984,
      65.50543212890625,
      72.06990814208984,
      56.426090240478516
    ],
    [
      2.7430763244628906,
      5.835024356842041,
      7.560636520385742,
      7.18720817565918,
      8.14616584777832,
      10.881387710571289,
      11.822918891906738,
      12.962701797485352,
      14.82650089263916,
      16.26270294189453,
      13.80262279510498,
      46.342559814453125,
      16.298107147216797,
      23.162172317504883,
      21.82464599609375,
      52.68070983886719,
      56.426090240478516,
      46.06806945800781
    ]
  ],
  "covariance_short": [
    [
      109.7518310546875,
      51.96814727783203,
      58.80876159667969,
      37.919166564941406,
      31.883520126342773,
      27.803016662597656,
      25.45720672607422,
      25.88827133178711,
      29.14858627319336,
      32.364784240722656,
      29.326892852783203,
      32.499595642089844,
      27.028392791748047,
      34.24285888671875,
      35.461212158203125,
      32.4843635559082,
      30.24237823486328,
      26.5111141204834
    ],
    [
      51.96814727783203,
      88.8214111328125,
      32.49736785888672,
      29.192031860351562,
      20.614940643310547,
      23.38458824157715,
      20.381851196289062,
      22.68496322631836,
      22.402223587036133,
      60.79850387573242,
      21.401620864868164,
      53.20871353149414,
      20.647546768188477,
      55.41350173950195,
      61.835506439208984,
      47.20207595825195,
      44.20634460449219,
      32.97050857543945
    ],
    [
      58.80876159667969,
      32.49736785888672,
      67.28411102294922,
      38.858882904052734,
      38.82858657836914,
      34.820865631103516,
      26.93739891052246,
      26.35999870300293,
      33.662269592285156,
      35.58876037597656,
      35.635440826416016,
      35.40298843383789,
      30.935382843017578,
      35.181358337402344,
      33.96678924560547,
      32.270748138427734,
      29.641414642333984,
      26.7551212310791
    ],
    [
      37.919166564941406,
      29.192031860351562,
      38.858882904052734,
      41.542938232421875,
      27.450538635253906,
      28.235700607299805,
      19.848949432373047,
      20.159530639648438,
      25.547151565551758,
      32.53250503540039,
      28.17660140991211,
      31.766374588012695,
      23.907682418823242,
      30.629545211791992,
      30.449716567993164,
      26.667930603027344,
      24.206995010375977,
      20.693199157714844
    ],
    [
      31.883520126342773,
      20.614940643310547,
      38.82858657836914,
      27.450538635253906,
      53.34132766723633,
      41.066959381103516,
      38.26203536987305,
      33.74298858642578,
      41.38052749633789,
      38.07408142089844,
      40.105648040771484,
      35.10464096069336,
      32.67512512207031,
      32.38871383666992,
      30.4351806640625,
      27.67059326171875,
      24.247201919555664,
      21.609100341796875
    ],
    [
      27.803016662597656,
      23.38458824157715,
      34.820865631103516,
      28.235700607299805,
      41.066959381103516,
      60.036006927490234,
      46.45396041870117,
      57.11962127685547,
      43.105979919433594,
      51.151607513427734,
      36.594207763671875,
      39.06470489501953,
      31.392414093017578,
      36.79078674316406,
      32.79364776611328,
      30.328575134277344,
      26.10182762145996,
      22.699254989624023
    ],
    [
      25.45720672607422,
      20.381851196289062,
      26.93739891052246,
      19.848949432373047,
      38.26203536987305,
      46.45396041870117,
      71.4902114868164,
      66.10452270507812,
      49.619789123535156,
      47.83296585083008,
      40.55575942993164,
      37.439247131347656,
      35.245601654052734,
      35.938804626464844,
      32.291831970214844,
      28.996442794799805,
      24.9637451171875,
      21.19546890258789
    ],
    [
      25.88827133178711,
      22.68496322631836,
      26.35999870300293,
      20.159530639648438,
      33.74298858642578,
      57.11962127685547,
      66.10452270507812,
      94.02436065673828,
      46.29623031616211,
      54.58888626098633,
      32.71508026123047,
      36.837039947509766,
      29.731237411499023,
      35.0828857421875,
      30.59425926208496,
      28.565122604370117,
      24.36941146850586,
      20.922182083129883
    ],
    [
      29.14858627319336,
      22.402223587036133,
      33.662269592285156,
      25.547151565551758,
      41.38052749633789,
      43.105979919433594,
      49.619789123535156,
      46.29623031616211,
      75.1903305053711,
      60.25198745727539,
      59.6898307800293,
      50.09418487548828,
      52.29035568237305,
      49.09554672241211,
      48.15632247924805,
      42.4013557434082,
      37.4619140625,
      32.311126708984375
    ],
    [
      32.364784240722656,
      60.79850387573242,
      35.58876037597656,
      32.53250503540039,
      38.07408142089844,
      51.151607513427734,
      47.83296585083008,
      54.58888626098633,
      60.25198745727539,
      112.65176391601562,
      54.12453079223633,
      92.34072875976562,
      50.35047912597656,
      91.69935607910156,
      96.06378173828125,
      79.7251968383789,
      73.37519836425781,
      58.170982360839844
    ],
    [
      29.326892852783203,
      21.401620864868164,
      35.635440826416016,
      28.17660140991211,
      40.105648040771484,
      36.594207763671875,
      40.55575942993164,
      32.71508026123047,
      59.6898307800293,
      54.12453079223633,
      77.85088348388672,
      63.153114318847656,
      67.40390014648438,
      63.50141906738281,
      64.07930755615234,
      55.608154296875,
      49.071861267089844,
      41.26845932006836
    ],
    [
      32.499595642089844,
      53.20871353149414,
      35.40298843383789,
      31.766374588012695,
      35.10464096069336,
      39.06470489501953,
      37.439247131347656,
      36.837039947509766,
      50.09418487548828,
      92.34072875976562,
      63.153114318847656,
      97.56695556640625,
      59.01219940185547,
      97.60002899169922,
      99.19458770751953,
      86.4962387084961,
      77.85293579101562,
      63.82695770263672
    ],
    [
      27.028392791748047,
      20.647546768188477,
      30.935382843017578,
      23.907682418823242,
      32.67512512207031,
      31.392414093017578,
      35.245601654052734,
      29.731237411499023,
      52.29035568237305,
      50.35047912597656,
      67.40390014648438,
      59.01219940185547,
      81.79083251953125,
      70.00762176513672,
      79.03491973876953,
      66.296875,
      63.6916389465332,
      50.889404296875
    ],
    [
      34.24285888671875,
      55.41350173950195,
      35.181358337402344,
      30.629545211791992,
      32.38871383666992,
      36.79078674316406,
      35.938804626464844,
      35.0828857421875,
      49.09554672241211,
      91.69935607910156,
      63.50141906738281,
      97.60002899169922,
      70.00762176513672,
      109.93839263916016,
      116.07540893554688,
      101.3025894165039,
      95.03568267822266,
      76.6936264038086
    ],
    [
      35.461212158203125,
      61.835506439208984,
      33.96678924560547,
      30.449716567993164,
      30.4351806640625,
      32.79364776611328,
      32.291831970214844,
      30.59425926208496,
      48.15632247924805,
      96.06378173828125,
      64.07930755615234,
      99.19458770751953,
      79.03491973876953,
      116.07540893554688,
      145.424560546875,
      116.56202697753906,
      118.69161224365234,
      89.82170867919922
    ],
    [
      32.4843635559082,
      47.20207595825195,
      32.270748138427734,
      26.667930603027344,
      27.67059326171875,
      30.328575134277344,
      28.996442794799805,
      28.565122604370117,
      42.4013557434082,
      79.7251968383789,
      55.608154296875,
      86.4962387084961,
      66.296875,
      101.3025894165039,
      116.56202697753906,
      104.32318878173828,
      102.80377197265625,
      83.04759979248047
    ],
    [
      30.24237823486328,
      44.20634460449219,
      29.641414642333984,
      24.206995010375977,
      24.247201919555664,
      26.10182762145996,
      24.9637451171875,
      24.36941146850586,
      37.4619140625,
      73.37519836425781,
      49.071861267089844,
      77.85293579101562,
      63.6916389465332,
      95.03568267822266,
      118.69161224365234,
      102.80377197265625,
      113.4757080078125,
      88.87043762207031
    ],
    [
      26.5111141204834,
      32.97050857543945,
      26.7551212310791,
      20.693199157714844,
      21.609100341796875,
      22.699254989624023,
      21.19546890258789,
      20.922182083129883,
      32.311126708984375,
      58.170982360839844,
      41.26845932006836,
      63.82695770263672,
      50.889404296875,
      76.6936264038086,
      89.82170867919922,
      83.04759979248047,
      88.87043762207031,
      73.8755111694336
    ]
  ],
  "damage": -18.376758575439453,
  "diff_bandwidth": 383.0601806640625,
  "dissonance": 8.528701949819858,
  "drr": 12.714651107788086,
  "dynamics": 3.6959049701690674,
  "format": 1245190,
  "frames": 11485287,
  "freq_pan_to_db": [
    [
      -27.26610565185547,
      -27.923416137695312,
      -26.086679458618164,
      -24.48108673095703,
      -21.84785270690918,
      -19.805004119873047,
      -17.175270080566406,
      -21.685556411743164,
      -24.37821388244629,
      -26.52651596069336,
      -26.92236328125
    ],
    [
      -27.15070152282715,
      -27.61527442932129,
      -25.728885650634766,
      -22.714427947998047,
      -18.97297477722168,
      -20.036453247070312,
      -21.980487823486328,
      -24.400028228759766,
      -25.707874298095703,
      -27.791282653808594,
      -29.385740280151367
    ],
    [
      -33.72489929199219,
      -31.67225456237793,
      -26.49030113220215,
      -22.569231033325195,
      -20.856374740600586,
      -22.721704483032227,
      -22.44226837158203,
      -24.962398529052734,
      -28.998071670532227,
      -32.839542388916016,
      -35.58122634887695
    ],
    [
      -40.264976501464844,
      -37.15111541748047,
      -32.2918586730957,
      -27.01116180419922,
      -23.850412368774414,
      -24.401424407958984,
      -24.475820541381836,
      -29.884029388427734,
      -36.235843658447266,
      -40.668025970458984,
      -43.73257827758789
    ],
    [
      -46.247222900390625,
      -41.53974533081055,
      -35.30813217163086,
      -29.98003387451172,
      -22.584407806396484,
      -24.343727111816406,
      -25.575788497924805,
      -30.913253784179688,
      -36.80065155029297,
      -40.50822830200195,
      -41.70186996459961
    ],
    [
      -45.76993179321289,
      -42.40202713012695,
      -35.67424011230469,
      -30.49213218688965,
      -25.284265518188477,
      -25.611461639404297,
      -27.588363647460938,
      -32.56215286254883,
      -37.03940963745117,
      -40.8365364074707,
      -43.46327209472656
    ],
    [
      -40.40310287475586,
      -38.64460372924805,
      -34.13438034057617,
      -29.534669876098633,
      -27.11779022216797,
      -27.70769691467285,
      -28.657142639160156,
      -32.31570816040039,
      -34.4157829284668,
      -36.47954177856445,
      -38.86614990234375
    ],
    [
      -36.13805389404297,
      -36.60232925415039,
      -34.2435302734375,
      -31.629281997680664,
      -29.419965744018555,
      -30.882978439331055,
      -32.053401947021484,
      -33.6453971862793,
      -34.55045700073242,
      -36.196197509765625,
      -36.74494552612305
    ],
    [
      -34.083221435546875,
      -35.093536376953125,
      -35.91394805908203,
      -34.54160690307617,
      -33.346004486083984,
      -32.95940017700195,
      -31.66242218017578,
      -34.08406448364258,
      -35.40390396118164,
      -36.12495803833008,
      -35.6171760559082
    ],
    [
      -34.325157165527344,
      -34.92964172363281,
      -35.806671142578125,
      -35.13715744018555,
      -34.69606399536133,
      -32.803184509277344,
      -29.85390281677246,
      -32.703800201416016,
      -33.90373611450195,
      -34.19795608520508,
      -33.510372161865234
    ],
    [
      -35.27012252807617,
      -36.501434326171875,
      -35.1043586730957,
      -34.826759338378906,
      -34.33250045776367,
      -32.436439514160156,
      -32.43933868408203,
      -35.053504943847656,
      -36.076480865478516,
      -35.39957046508789,
      -39.044979095458984
    ],
    [
      -32.25591278076172,
      -33.22453308105469,
      -33.37382507324219,
      -33.629207611083984,
      -33.66996765136719,
      -32.98762130737305,
      -31.858821868896484,
      -33.14820098876953,
      -33.49201583862305,
      -34.173362731933594,
      -33.99582290649414
    ],
    [
      -33.82420349121094,
      -34.11478042602539,
      -35.51806640625,
      -35.79874801635742,
      -35.13563537597656,
      -34.7763557434082,
      -34.34461212158203,
      -34.84141159057617,
      -34.3369026184082,
      -35.1545524597168,
      -34.562232971191406
    ],
    [
      -31.936870574951172,
      -32.911739349365234,
      -33.97367477416992,
      -34.37155532836914,
      -35.92218780517578,
      -35.47358322143555,
      -34.45384979248047,
      -34.215694427490234,
      -33.93921661376953,
      -33.81499481201172,
      -33.623233795166016
    ],
    [
      -32.931304931640625,
      -33.72575378417969,
      -31.65006446838379,
      -32.78591537475586,
      -34.75933837890625,
      -33.2282600402832,
      -33.422794342041016,
      -32.036922454833984,
      -32.585594177246094,
      -32.90196228027344,
      -31.714130401611328
    ],
    [
      -34.224910736083984,
      -33.41692352294922,
      -27.414697647094727,
      -32.07236862182617,
      -34.53532791137695,
      -33.24436950683594,
      -33.280555725097656,
      -29.908906936645508,
      -29.35383415222168,
      -32.021060943603516,
      -31.65332794189453
    ],
    [
      -32.747013092041016,
      -31.748395919799805,
      -31.232952117919922,
      -31.188865661621094,
      -33.75136947631836,
      -34.368507385253906,
      -32.79481506347656,
      -31.639230728149414,
      -32.49482345581055,
      -32.367835998535156,
      -33.97439193725586
    ],
    [
      -33.493492126464844,
      -34.80440902709961,
      -35.84101486206055,
      -36.87614440917969,
      -37.466331481933594,
      -36.01780700683594,
      -36.38591384887695,
      -35.939083099365234,
      -36.34309768676758,
      -35.642662048339844,
      -37.7755012512207
    ],
    [
      -36.560508728027344,
      -37.316619873046875,
      -36.38144302368164,
      -36.60498046875,
      -36.77596664428711,
      -37.1124153137207,
      -36.828269958496094,
      -36.888267517089844,
      -36.310089111328125,
      -36.97483825683594,
      -38.27311325073242
    ],
    [
      -41.947845458984375,
      -40.32683563232422,
      -40.26510238647461,
      -39.788970947265625,
      -39.88761901855469,
      -38.82875061035156,
      -39.818931579589844,
      -39.6989860534668,
      -39.104339599609375,
      -40.351661682128906,
      -39.186405181884766
    ],
    [
      -39.705039978027344,
      -40.57502746582031,
      -41.24734878540039,
      -40.75986099243164,
      -40.35601806640625,
      -39.85226058959961,
      -40.84700012207031,
      -39.62126159667969,
      -41.64307403564453,
      -41.643043518066406,
      -39.60467529296875
    ],
    [
      -41.551326751708984,
      -42.627037048339844,
      -41.70405197143555,
      -40.02555847167969,
      -41.3752326965332,
      -41.1548957824707,
      -41.922542572021484,
      -41.92995071411133,
      -42.53355026245117,
      -43.04922103881836,
      -44.1490478515625
    ],
    [
      -46.48684310913086,
      -44.615291595458984,
      -44.51716232299805,
      -44.61068344116211,
      -42.305877685546875,
      -42.10502243041992,
      -42.98737716674805,
      -44.480342864990234,
      -43.144039154052734,
      -43.79292297363281,
      -43.48757553100586
    ],
    [
      -43.566810607910156,
      -43.57527542114258,
      -43.98752212524414,
      -44.43879699707031,
      -44.116416931152344,
      -43.4432487487793,
      -44.34769058227539,
      -43.6293830871582,
      -43.96482849121094,
      -43.48788833618164,
      -44.17603302001953
    ],
    [
      -49.86492156982422,
      -47.77232360839844,
      -45.56379318237305,
      -45.09819030761719,
      -45.430721282958984,
      -45.93753433227539,
      -44.79345703125,
      -45.04087448120117,
      -45.5607795715332,
      -43.763885498046875,
      -44.99443054199219
    ],
    [
      -52.33600997924805,
      -46.891239166259766,
      -44.98942947387695,
      -45.410858154296875,
      -44.375823974609375,
      -43.99665069580078,
      -44.722415924072266,
      -45.296024322509766,
      -45.22597122192383,
      -44.6954460144043,
      -43.65668487548828
    ],
    [
      -57.30531692504883,
      -44.90462875366211,
      -43.8790283203125,
      -44.68770980834961,
      -44.01655960083008,
      -41.49980163574219,
      -43.96168899536133,
      -44.37297439575195,
      -43.63569641113281,
      -44.61376953125,
      -43.699790954589844
    ],
    [
      -53.08183670043945,
      -44.84188461303711,
      -44.74616241455078,
      -45.07087326049805,
      -44.88836669921875,
      -44.43430709838867,
      -44.15666580200195,
      -44.40026092529297,
      -45.105804443359375,
      -45.52103805541992,
      -64.823486328125
    ],
    [
      -57.942787170410156,
      -46.815773010253906,
      -45.39728927612305,
      -45.37282180786133,
      -44.849178314208984,
      -44.040283203125,
      -44.127254486083984,
      -45.03363037109375,
      -44.96321487426758,
      -45.521629333496094,
      -49.346710205078125
    ],
    [
      -45.48924255371094,
      -48.707393646240234,
      -45.88634490966797,
      -45.25491714477539,
      -44.77256774902344,
      -44.29825210571289,
      -43.871925354003906,
      -44.785831451416016,
      -44.74140548706055,
      -44.36236572265625,
      -51.09751510620117
    ],
    [
      -70.04640197753906,
      -46.71794891357422,
      -47.47804641723633,
      -47.346466064453125,
      -46.46177673339844,
      -45.669822692871094,
      -45.462100982666016,
      -45.97936248779297,
      -45.879940032958984,
      -45.682472229003906,
      -56.43342590332031
    ],
    [
      -370,
      -49.29545211791992,
      -51.803123474121094,
      -49.00028991699219,
      -47.59686279296875,
      -46.486968994140625,
      -45.35599899291992,
      -45.69683074951172,
      -45.72593688964844,
      -45.130104064941406,
      -56.18905258178711
    ],
    [
      -63.38374328613281,
      -45.34177780151367,
      -54.03262710571289,
      -50.07590103149414,
      -48.473480224609375,
      -46.69881057739258,
      -45.576637268066406,
      -46.2132568359375,
      -46.09117889404297,
      -50.902828216552734,
      -47.60906219482422
    ],
    [
      -59.97322463989258,
      -64.06007385253906,
      -52.72037124633789,
      -49.315086364746094,
      -47.52202606201172,
      -46.623260498046875,
      -46.08882141113281,
      -46.377418518066406,
      -47.42808151245117,
      -55.754459381103516,
      -54.5598258972168
    ],
    [
      -63.284324645996094,
      -62.27700424194336,
      -47.0539665222168,
      -45.63825607299805,
      -45.29253387451172,
      -45.890743255615234,
      -45.84823226928711,
      -46.793766021728516,
      -48.35163879394531,
      -53.65147399902344,
      -55.261924743652344
    ],
    [
      -57.44710159301758,
      -60.595733642578125,
      -45.85960388183594,
      -47.711647033691406,
      -47.30350112915039,
      -47.19914627075195,
      -46.771759033203125,
      -48.96356201171875,
      -48.060298919677734,
      -53.647789001464844,
      -59.59259033203125
    ],
    [
      -66.8803482055664,
      -59.31441116333008,
      -46.74650192260742,
      -47.19374084472656,
      -48.08122253417969,
      -48.46086502075195,
      -46.77671432495117,
      -48.235870361328125,
      -49.755165100097656,
      -56.87249755859375,
      -48.95404052734375
    ],
    [
      -65.34894561767578,
      -64.66787719726562,
      -51.33870315551758,
      -48.9925537109375,
      -49.626529693603516,
      -50.0610466003418,
      -48.748382568359375,
      -50.01182556152344,
      -54.41004943847656,
      -55.43850326538086,
      -52.67817306518555
    ],
    [
      -72.37386322021484,
      -68.80477905273438,
      -65.92032623291016,
      -50.6063232421875,
      -49.98927307128906,
      -51.497657775878906,
      -50.78044509887695,
      -53.49135208129883,
      -55.66822052001953,
      -55.81169891357422,
      -62.3549919128418
    ],
    [
      -71.76365661621094,
      -78.12596893310547,
      -53.135894775390625,
      -50.315185546875,
      -50.23169708251953,
      -52.451229095458984,
      -53.949127197265625,
      -56.143306732177734,
      -63.25667953491211,
      -67.35778045654297,
      -71.06587219238281
    ],
    [
      -370,
      -63.69542694091797,
      -60.40436935424805,
      -53.623722076416016,
      -51.45468521118164,
      -53.96271896362305,
      -59.131805419921875,
      -63.35710906982422,
      -72.60638427734375,
      -71.48308563232422,
      -370
    ],
    [
      -370,
      -370,
      -80.15570068359375,
      -76.80248260498047,
      -58.950904846191406,
      -54.87533950805664,
      -63.82636260986328,
      -74.38107299804688,
      -80.07691192626953,
      -75.0665512084961,
      -370
    ]
  ],
  "histogram": [
    {
      "db": -70,
      "frequency": 0
    },
    {
      "db": -69,
      "frequency": 1
    },
    {
      "db": -68,
      "frequency": 0
    },
    {
      "db": -67,
      "frequency": 1
    },
    {
      "db": -66,
      "frequency": 0
    },
    {
      "db": -65,
      "frequency": 2
    },
    {
      "db": -64,
      "frequency": 1
    },
    {
      "db": -63,
      "frequency": 1
    },
    {
      "db": -62,
      "frequency": 2
    },
    {
      "db": -61,
      "frequency": 1
    },
    {
      "db": -60,
      "frequency": 1
    },
    {
      "db": -59,
      "frequency": 1
    },
    {
      "db": -58,
      "frequency": 0
    },
    {
      "db": -57,
      "frequency": 1
    },
    {
      "db": -56,
      "frequency": 0
    },
    {
      "db": -55,
      "frequency": 2
    },
    {
      "db": -54,
      "frequency": 0
    },
    {
      "db": -53,
      "frequency": 2
    },
    {
      "db": -52,
      "frequency": 0
    },
    {
      "db": -51,
      "frequency": 1
    },
    {
      "db": -50,
      "frequency": 0
    },
    {
      "db": -49,
      "frequency": 0
    },
    {
      "db": -48,
      "frequency": 0
    },
    {
      "db": -47,
      "frequency": 0
    },
    {
      "db": -46,
      "frequency": 1
    },
    {
      "db": -45,
      "frequency": 0
    },
    {
      "db": -44,
      "frequency": 1
    },
    {
      "db": -43,
      "frequency": 2
    },
    {
      "db": -42,
      "frequency": 0
    },
    {
      "db": -41,
      "frequency": 2
    },
    {
      "db": -40,
      "frequency": 2
    },
    {
      "db": -39,
      "frequency": 6
    },
    {
      "db": -38,
      "frequency": 7
    },
    {
      "db": -37,
      "frequency": 18
    },
    {
      "db": -36,
      "frequency": 17
    },
    {
      "db": -35,
      "frequency": 19
    },
    {
      "db": -34,
      "frequency": 19
    },
    {
      "db": -33,
      "frequency": 33
    },
    {
      "db": -32,
      "frequency": 26
    },
    {
      "db": -31,
      "frequency": 38
    },
    {
      "db": -30,
      "frequency": 27
    },
    {
      "db": -29,
      "frequency": 66
    },
    {
      "db": -28,
      "frequency": 89
    },
    {
      "db": -27,
      "frequency": 121
    },
    {
      "db": -26,
      "frequency": 249
    },
    {
      "db": -25,
      "frequency": 305
    },
    {
      "db": -24,
      "frequency": 343
    },
    {
      "db": -23,
      "frequency": 381
    },
    {
      "db": -22,
      "frequency": 340
    },
    {
      "db": -21,
      "frequency": 171
    },
    {
      "db": -20,
      "frequency": 51
    },
    {
      "db": -19,
      "frequency": 10
    },
    {
      "db": -18,
      "frequency": 1
    },
    {
      "db": -17,
      "frequency": 0
    },
    {
      "db": -16,
      "frequency": 0
    },
    {
      "db": -15,
      "frequency": 0
    },
    {
      "db": -14,
      "frequency": 0
    },
    {
      "db": -13,
      "frequency": 0
    },
    {
      "db": -12,
      "frequency": 0
    },
    {
      "db": -11,
      "frequency": 0
    },
    {
      "db": -10,
      "frequency": 0
    },
    {
      "db": -9,
      "frequency": 0
    },
    {
      "db": -8,
      "frequency": 0
    },
    {
      "db": -7,
      "frequency": 0
    },
    {
      "db": -6,
      "frequency": 0
    },
    {
      "db": -5,
      "frequency": 0
    },
    {
      "db": -4,
      "frequency": 0
    },
    {
      "db": -3,
      "frequency": 0
    },
    {
      "db": -2,
      "frequency": 0
    },
    {
      "db": -1,
      "frequency": 0
    },
    {
      "db": 0,
      "frequency": 0
    },
    {
      "db": 1,
      "frequency": 0
    },
    {
      "db": 2,
      "frequency": 0
    },
    {
      "db": 3,
      "frequency": 0
    },
    {
      "db": 4,
      "frequency": 0
    },
    {
      "db": 5,
      "frequency": 0
    },
    {
      "db": 6,
      "frequency": 0
    },
    {
      "db": 7,
      "frequency": 0
    },
    {
      "db": 8,
