{
  "acoustic_entropy": 163.69583129882812,
  "bands": [
    {
      "high_freq": 148.1999969482422,
      "loudness": -32.59828186035156,
      "loudness_range": 18.530317306518555,
      "mid_mean": -29.21761703491211,
      "mid_to_side_loudness": -15.990213394165039,
      "mid_to_side_loudness_range": 13.20273208618164,
      "side_mean": -46.82646942138672
    },
    {
      "high_freq": 392.3793640136719,
      "loudness": -33.13294219970703,
      "loudness_range": 11.269058227539062,
      "low_freq": 148.1999969482422,
      "mid_mean": -29.640539169311523,
      "mid_to_side_loudness": -15.736315727233887,
      "mid_to_side_loudness_range": 8.954662322998047,
      "side_mean": -45.868263244628906
    },
    {
      "high_freq": 794.6976318359375,
      "loudness": -40.466224670410156,
      "loudness_range": 12.6083984375,
      "low_freq": 392.3793640136719,
      "mid_mean": -37.73709487915039,
      "mid_to_side_loudness": -7.952245712280273,
      "mid_to_side_loudness_range": 11.765836715698242,
      "side_mean": -45.741024017333984
    },
    {
      "high_freq": 1457.5709228515625,
      "loudness": -41.22102737426758,
      "loudness_range": 19.74579620361328,
      "low_freq": 794.6976318359375,
      "mid_mean": -39.694976806640625,
      "mid_to_side_loudness": -4.3764448165893555,
      "mid_to_side_loudness_range": 11.579626083374023,
      "side_mean": -43.92671203613281
    },
    {
      "high_freq": 2549.74365234375,
      "loudness": -44.47395324707031,
      "loudness_range": 18.606739044189453,
      "low_freq": 1457.5709228515625,
      "mid_mean": -42.51240539550781,
      "mid_to_side_loudness": -4.723315715789795,
      "mid_to_side_loudness_range": 9.451074600219727,
      "side_mean": -47.28324508666992
    },
    {
      "high_freq": 4349.24462890625,
      "loudness": -45.52021026611328,
      "loudness_range": 16.114116668701172,
      "low_freq": 2549.74365234375,
      "mid_mean": -42.77300262451172,
      "mid_to_side_loudness": -7.272507667541504,
      "mid_to_side_loudness_range": 9.256643295288086,
      "side_mean": -51.99489212036133
    },
    {
      "high_freq": 7314.1640625,
      "loudness": -43.611854553222656,
      "loudness_range": 13.636199951171875,
      "low_freq": 4349.24462890625,
      "mid_mean": -40.77073287963867,
      "mid_to_side_loudness": -7.439199447631836,
      "mid_to_side_loudness_range": 8.275154113769531,
      "side_mean": -50.38698959350586
    },
    {
      "high_freq": 12199.2666015625,
      "loudness": -45.27588653564453,
      "loudness_range": 12.963985443115234,
      "low_freq": 7314.1640625,
      "mid_mean": -42.335418701171875,
      "mid_to_side_loudness": -7.952126979827881,
      "mid_to_side_loudness_range": 6.109046459197998,
      "side_mean": -52.269142150878906
    },
    {
      "loudness": -49.83293151855469,
      "loudness_range": 15.359580993652344,
      "low_freq": 12199.2666015625,
      "mid_mean": -46.88910675048828,
      "mid_to_side_loudness": -7.6472649574279785,
      "mid_to_side_loudness_range": 3.8987979888916016,
      "side_mean": -55.90388107299805
    }
  ],
  "bands_short": [
    {
      "high_freq": 148.1999969482422,
      "loudness": -38.18006134033203,
      "loudness_range": 29.54832649230957,
      "mid_mean": -35.84022903442383,
      "mid_to_side_loudness": -12.632404327392578,
      "mid_to_side_loudness_range": 22.486557006835938,
      "side_mean": -52.06075668334961
    },
    {
      "high_freq": 392.3793640136719,
      "loudness": -34.198150634765625,
      "loudness_range": 21.4578800201416,
      "low_freq": 148.1999969482422,
      "mid_mean": -31.150779724121094,
      "mid_to_side_loudness": -14.561116218566895,
      "mid_to_side_loudness_range": 17.38829803466797,
      "side_mean": -46.957000732421875
    },
    {
      "high_freq": 794.6976318359375,
      "loudness": -41.91761016845703,
      "loudness_range": 18.254066467285156,
      "low_freq": 392.3793640136719,
      "mid_mean": -39.72383499145508,
      "mid_to_side_loudness": -7.787498950958252,
      "mid_to_side_loudness_range": 14.659299850463867,
      "side_mean": -50.3454475402832
    },
    {
      "high_freq": 1457.5709228515625,
      "loudness": -41.83736801147461,
      "loudness_range": 22.744104385375977,
      "low_freq": 794.6976318359375,
      "mid_mean": -41.00366973876953,
      "mid_to_side_loudness": -3.947458505630493,
      "mid_to_side_loudness_range": 14.84776496887207,
      "side_mean": -44.959415435791016
    },
    {
      "high_freq": 2549.74365234375,
      "loudness": -46.116031646728516,
      "loudness_range": 22.40817642211914,
      "low_freq": 1457.5709228515625,
      "mid_mean": -45.02040481567383,
      "mid_to_side_loudness": -4.618422031402588,
      "mid_to_side_loudness_range": 12.848244667053223,
      "side_mean": -52.02314758300781
    },
    {
      "high_freq": 4349.24462890625,
      "loudness": -48.047874450683594,
      "loudness_range": 24.161853790283203,
      "low_freq": 2549.74365234375,
      "mid_mean": -45.94529342651367,
      "mid_to_side_loudness": -7.23266077041626,
      "mid_to_side_loudness_range": 12.237234115600586,
      "side_mean": -54.81425094604492
    },
    {
      "high_freq": 7314.1640625,
      "loudness": -45.81850051879883,
      "loudness_range": 22.913436889648438,
      "low_freq": 4349.24462890625,
      "mid_mean": -43.99281692504883,
      "mid_to_side_loudness": -7.500347137451172,
      "mid_to_side_loudness_range": 12.447840690612793,
      "side_mean": -53.58082962036133
    },
    {
      "high_freq": 12199.2666015625,
      "loudness": -48.462303161621094,
      "loudness_range": 25.24014663696289,
      "low_freq": 7314.1640625,
      "mid_mean": -50.077880859375,
      "mid_to_side_loudness": -8.099666595458984,
      "mid_to_side_loudness_range": 9.874167442321777,
      "side_mean": -56.391380310058594
    },
    {
      "loudness": -53.768733978271484,
      "loudness_range": 28.80242919921875,
      "low_freq": 12199.2666015625,
      "mid_mean": -54.993370056152344,
      "mid_to_side_loudness": -7.908633232116699,
      "mid_to_side_loudness_range": 8.818724632263184,
      "side_mean": -60.200439453125
    }
  ],
  "bandwidth": 331.3819885253906,
  "channels": 2,
  "covariance": [
    [
      52.54172897338867,
      32.9813232421875,
      19.25385856628418,
      12.87673568725586,
      10.620738983154297,
      14.720979690551758,
      13.65697193145752,
      17.48543930053711,
      9.03895092010498,
      9.039227485656738,
      7.878410816192627,
      6.713356971740723,
      7.413155555725098,
      8.469584465026855,
      4.327329635620117,
      5.926402568817139,
      -0.04174518585205078,
      3.0426125526428223
    ],
    [
      32.9813232421875,
      45.023521423339844,
      17.152576446533203,
      13.383700370788574,
      13.07872200012207,
      19.672765731811523,
      20.251035690307617,
      23.633935928344727,
      17.932634353637695,
      15.37830924987793,
      11.693029403686523,
      12.516403198242188,
      10.842455863952637,
      13.693552017211914,
      6.68301248550415,
      9.812299728393555,
      1.6010735034942627,
      5.847444534301758
    ],
    [
      19.25385856628418,
      17.152576446533203,
      21.782005310058594,
      14.816287994384766,
      15.689244270324707,
      19.349498748779297,
      16.886714935302734,
      19.708942413330078,
      17.19002914428711,
      17.519723892211914,
      14.180558204650879,
      14.301395416259766,
      11.616857528686523,
      12.771134376525879,
      8.627294540405273,
      10.227394104003906,
      6.468782424926758,
      8.157440185546875
    ],
    [
      12.87673568725586,
      13.383700370788574,
      14.816287994384766,
      17.33194351196289,
      12.757061958312988,
      17.462627410888672,
      14.07111930847168,
      16.55602264404297,
      14.17165470123291,
      15.296175003051758,
      12.807357788085938,
      14.70627498626709,
      10.116540908813477,
      13.0648832321167,
      6.62314510345459,
      10.002009391784668,
      4.531768321990967,
      7.419318675994873
    ],
    [
      10.620738983154297,
      13.07872200012207,
      15.689244270324707,
      12.757061958312988,
      24.56873893737793,
      26.41334342956543,
      25.207929611206055,
      24.251455307006836,
      25.161684036254883,
      22.876142501831055,
      20.632919311523438,
      18.15265464782715,
      16.15407371520996,
      15.41375732421875,
      10.833168983459473,
      11.72427749633789,
      7.978869438171387,
      8.837214469909668
    ],
    [
      14.720979690551758,
      19.672765731811523,
      19.349498748779297,
      17.462627410888672,
      26.41334342956543,
      45.22652053833008,
      39.13919448852539,
      49.63494110107422,
      32.4102668762207,
      35.142433166503906,
      22.679706573486328,
      23.099563598632812,
      18.27716827392578,
      20.58797264099121,
      12.818504333496094,
      15.109981536865234,
      9.952207565307617,
      11.450934410095215
    ],
    [
      13.65697193145752,
      20.251035690307617,
      16.886714935302734,
      14.07111930847168,
      25.207929611206055,
      39.13919448852539,
      53.22235870361328,
      53.939239501953125,
      39.906864166259766,
      37.89662551879883,
      27.822004318237305,
      25.391265869140625,
      21.789958953857422,
      22.685556411743164,
      14.871345520019531,
      16.842674255371094,
      11.337590217590332,
      12.55160903930664
    ],
    [
      17.48543930053711,
      23.633935928344727,
      19.708942413330078,
      16.55602264404297,
      24.251455307006836,
      49.63494110107422,
      53.939239501953125,
      75.20164489746094,
      38.791175842285156,
      44.316680908203125,
      23.297452926635742,
      26.080175399780273,
      19.50836181640625,
      23.8306884765625,
      15.196086883544922,
      18.0803279876709,
      12.279666900634766,
      13.838894844055176
    ],
    [
      9.03895092010498,
      17.932634353637695,
      17.19002914428711,
      14.17165470123291,
      25.161684036254883,
      32.4102668762207,
      39.906864166259766,
      38.791175842285156,
      49.244361877441406,
      39.86895751953125,
      34.4952392578125,
      29.35338592529297,
      27.699342727661133,
      26.467166900634766,
      18.54133415222168,
      20.2164306640625,
      14.819229125976562,
      15.672832489013672
    ],
    [
      9.039227485656738,
      15.37830924987793,
      17.519723892211914,
      15.296175003051758,
      22.876142501831055,
      35.142433166503906,
      37.89662551879883,
      44.316680908203125,
      39.86895751953125,
      44.36528396606445,
      29.591989517211914,
      32.736228942871094,
      23.832984924316406,
      28.87890625,
      18.18613052368164,
      22.37603759765625,
      15.87889575958252,
      17.797483444213867
    ],
    [
      7.878410816192627,
      11.693029403686523,
      14.180558204650879,
      12.807357788085938,
      20.632919311523438,
      22.679706573486328,
      27.822004318237305,
      23.297452926635742,
      34.4952392578125,
      29.591989517211914,
      35.207611083984375,
      30.162931442260742,
      26.91375732421875,
      25.923999786376953,
      17.6115779876709,
      19.668577194213867,
      13.578935623168945,
      14.5430908203125
    ],
    [
      6.713356971740723,
      12.516403198242188,
      14.301395416259766,
      14.70627498626709,
      18.15265464782715,
      23.099563598632812,
      25.391265869140625,
      26.080175399780273,
      29.35338592529297,
      32.736228942871094,
      30.162931442260742,
      68.68608856201172,
      23.639625549316406,
      67.24955749511719,
      18.482450485229492,
      57.355857849121094,
      15.818659782409668,
      44.79756164550781
    ],
    [
      7.413155555725098,
      10.842455863952637,
      11.616857528686523,
      10.116540908813477,
      16.15407371520996,
      18.27716827392578,
      21.789958953857422,
      19.50836181640625,
      27.699342727661133,
      23.832984924316406,
      26.91375732421875,
      23.639625549316406,
      26.328805923461914,
      24.799034118652344,
      20.119159698486328,
      21.05301284790039,
      17.279884338378906,
      17.12294578552246
    ],
    [
      8.469584465026855,
      13.693552017211914,
      12.771134376525879,
      13.0648832321167,
      15.41375732421875,
      20.58797264099121,
      22.685556411743164,
      23.8306884765625,
      26.467166900634766,
      28.87890625,
      25.923999786376953,
      67.24955749511719,
      24.799034118652344,
      72.83180236816406,
      22.64881134033203,
      64.722900390625,
      22.693166732788086,
      52.64915466308594
    ],
    [
      4.327329635620117,
      6.68301248550415,
      8.627294540405273,
      6.62314510345459,
      10.833168983459473,
      12.818504333496094,
      14.871345520019531,
      15.196086883544922,
      18.54133415222168,
      18.18613052368164,
      17.6115779876709,
      18.482450485229492,
      20.119159698486328,
      22.64881134033203,
      25.029071807861328,
      24.508085250854492,
      25.598918914794922,
      22.716623306274414
    ],
    [
      5.926402568817139,
      9.812299728393555,
      10.227394104003906,
      10.002009391784668,
      11.72427749633789,
      15.109981536865234,
      16.842674255371094,
      18.0803279876709,
      20.2164306640625,
      22.37603759765625,
      19.668577194213867,
      57.355857849121094,
      21.05301284790039,
      64.722900390625,
      24.508085250854492,
      62.12686538696289,
      27.898561477661133,
      52.781333923339844
    ],
    [
      -0.04174518585205078,
      1.6010735034942627,
      6.468782424926758,
      4.531768321990967,
      7.978869438171387,
      9.952207565307617,
      11.337590217590332,
      12.279666900634766,
      14.819229125976562,
      15.87889575958252,
      13.578935623168945,
      15.818659782409668,
      17.279884338378906,
      22.693166732788086,
      25.598918914794922,
      27.898561477661133,
      35.41202926635742,
      30.899089813232422
    ],
    [
      3.0426125526428223,
      5.847444534301758,
      8.157440185546875,
      7.419318675994873,
      8.837214469909668,
      11.450934410095215,
      12.55160903930664,
      13.838894844055176,
      15.672832489013672,
      17.797483444213867,
      14.5430908203125,
      44.79756164550781,
      17.12294578552246,
      52.64915466308594,
      22.716623306274414,
      52.781333923339844,
      30.899089813232422,
      48.84058380126953
    ]
  ],
  "covariance_short": [
    [
      115.3687515258789,
      55.67060470581055,
      64.23223876953125,
      41.908348083496094,
      34.47184371948242,
      33.88593292236328,
      27.45658302307129,
      28.81895637512207,
      32.52643585205078,
      33.25202941894531,
      31.9586124420166,
      32.569557189941406,
      28.6290283203125,
      34.91700744628906,
      36.87589645385742,
      32.78274917602539,
      32.97868728637695,
      27.94737434387207
    ],
    [
      55.67060470581055,
      94.10847473144531,
      35.79668045043945,
      32.68201446533203,
      22.461923599243164,
      64.8716812133789,
      22.377243041992188,
      25.3841552734375,
      25.74715805053711,
      60.412540435791016,
      23.766931533813477,
      51.12050247192383,
      21.83648109436035,
      56.21453094482422,
      64.32473754882812,
      47.09050750732422,
      49.82455825805664,
      35.28526306152344
    ],
    [
      64.23223876953125,
      35.79668045043945,
      71.28085327148438,
      41.058258056640625,
      40.888946533203125,
      37.3203239440918,
      28.86431121826172,
      29.73085594177246,
      36.84910583496094,
      36.363407135009766,
      37.73152160644531,
      35.40694808959961,
      32.11853790283203,
      35.95349884033203,
      35.438087463378906,
      32.74250030517578,
      32.42538070678711,
      28.325973510742188
    ],
    [
      41.908348083496094,
      32.68201446533203,
      41.058258056640625,
      43.837642669677734,
      28.73655891418457,
      37.068477630615234,
      21.1545467376709,
      22.695335388183594,
      28.425029754638672,
      33.14329528808594,
      30.360435485839844,
      31.568668365478516,
      24.790483474731445,
      31.250642776489258,
      31.849815368652344,
      26.929611206054688,
      26.746295928955078,
      22.015470504760742
    ],
    [
      34.47184371948242,
      22.461923599243164,
      40.888946533203125,
      28.73655891418457,
      54.45402526855469,
      41.896240234375,
      39.58552932739258,
      36.26383590698242,
      43.70723342895508,
      38.571407318115234,
      41.35070037841797,
      34.67457962036133,
      33.36745071411133,
      32.675018310546875,
      31.289718627929688,
      27.64885139465332,
      26.276473999023438,
      22.587764739990234
    ],
    [
      33.88593292236328,
      64.8716812133789,
      37.3203239440918,
      37.068477630615234,
      41.896240234375,
      102.60761260986328,
      47.31814193725586,
      59.346954345703125,
      47.815879821777344,
      90.55481719970703,
      40.826717376708984,
      71.91798400878906,
      33.96695327758789,
      73.57583618164062,
      78.89734649658203,
      60.48263931274414,
      62.15288543701172,
      45.45832824707031
    ],
    [
      27.45658302307129,
      22.377243041992188,
      28.86431121826172,
      21.1545467376709,
      39.58552932739258,
      47.31814193725586,
      73.27458190917969,
      68.12435150146484,
      52.39069747924805,
      48.994590759277344,
      42.042030334472656,
      37.34495162963867,
      36.289188385009766,
      36.47529602050781,
      33.41395568847656,
      28.98086929321289,
      27.331764221191406,
      22.297931671142578
    ],
    [
      28.81895637512207,
      25.3841552734375,
      29.73085594177246,
      22.695335388183594,
      36.26383590698242,
      59.346954345703125,
      68.12435150146484,
      96.83768463134766,
      50.48106002807617,
      57.153751373291016,
      35.56083297729492,
      37.8939208984375,
      31.857006072998047,
      36.78399658203125,
      32.74496841430664,
      29.6042537689209,
      27.72679328918457,
      23.010051727294922
    ],
    [
      32.52643585205078,
      25.74715805053711,
      36.84910583496094,
      28.425029754638672,
      43.70723342895508,
      47.815879821777344,
      52.39069747924805,
      50.48106002807617,
      80.1544189453125,
      64.01632690429688,
      63.049251556396484,
      51.709354400634766,
      55.09908676147461,
      51.53618621826172,
      51.593753814697266,
      43.82777404785156,
      41.99431228637695,
      34.8017463684082
    ],
    [
      33.25202941894531,
      60.412540435791016,
      36.363407135009766,
      33.14329528808594,
      38.571407318115234,
      90.55481719970703,
      48.994590759277344,
      57.153751373291016,
      64.01632690429688,
      105.54027557373047,
      55.977996826171875,
      83.85676574707031,
      50.287376403808594,
      86.66557312011719,
      92.2069320678711,
      74.06487274169922,
      75.38676452636719,
      57.3708381652832
    ],
    [
      31.9586124420166,
      23.766931533813477,
      37.73152160644531,
      30.360435485839844,
      41.35070037841797,
      40.826717376708984,
      42.042030334472656,
      35.56083297729492,
      63.049251556396484,
      55.977996826171875,
      79.80504608154297,
      63.2551383972168,
      68.59354400634766,
      64.66951751708984,
      66.43292236328125,
      55.91641616821289,
      53.4510383605957,
      43.382713317871094
    ],
    [
      32.569557189941406,
      51.12050247192383,
      35.40694808959961,
      31.568668365478516,
      34.67457962036133,
      71.91798400878906,
      37.34495162963867,
      37.8939208984375,
      51.709354400634766,
      83.85676574707031,
      63.2551383972168,
      88.26122283935547,
      57.818084716796875,
      91.21728515625,
      93.66568756103516,
      79.85026550292969,
      78.72783660888672,
      62.43227005004883
    ],
    [
      28.6290283203125,
      21.83648109436035,
      32.11853790283203,
      24.790483474731445,
      33.36745071411133,
      33.96695327758789,
      36.289188385009766,
      31.857006072998047,
      55.09908676147461,
      50.287376403808594,
      68.59354400634766,
      57.818084716796875,
      82.23023223876953,
      69.61805725097656,
      79.43978881835938,
      65.13346099853516,
      67.37144470214844,
      52.41170883178711
    ],
    [
      34.91700744628906,
      56.21453094482422,
      35.95349884033203,
      31.250642776489258,
      32.675018310546875,
      73.57583618164062,
      36.47529602050781,
      36.78399658203125,
      51.53618621826172,
      86.66557312011719,
      64.66951751708984,
      91.21728515625,
      69.61805725097656,
      106.61099243164062,
      114.21614837646484,
      96.88459777832031,
      99.63467407226562,
      77.58151245117188
    ],
    [
      36.87589645385742,
      64.32473754882812,
      35.438087463378906,
      31.849815368652344,
      31.289718627929688,
      78.89734649658203,
      33.41395568847656,
      32.74496841430664,
      51.593753814697266,
      92.2069320678711,
      66.43292236328125,
      93.66568756103516,
      79.43978881835938,
      114.21614837646484,
      145.65040588378906,
      112.98750305175781,
      126.30635833740234,
      92.07008361816406
    ],
    [
      32.78274917602539,
      47.09050750732422,
      32.74250030517578,
      26.929611206054688,
      27.64885139465332,
      60.48263931274414,
      28.98086929321289,
      29.6042537689209,
      43.82777404785156,
      74.06487274169922,
      55.91641616821289,
      79.85026550292969,
      65.13346099853516,
      96.88459777832031,
      112.98750305175781,
      98.66563415527344,
      105.80703735351562,
      82.89442443847656
    ],
    [
      32.97868728637695,
      49.82455825805664,
      32.42538070678711,
      26.746295928955078,
      26.276473999023438,
      62.15288543701172,
      27.331764221191406,
      27.72679328918457,
      41.99431228637695,
      75.38676452636719,
      53.4510383605957,
      78.72783660888672,
      67.37144470214844,
      99.63467407226562,
      126.30635833740234,
      105.80703735351562,
      126.5497055053711,
      95.67460632324219
    ],
    [
      27.94737434387207,
      35.28526306152344,
      28.325973510742188,
      22.015470504760742,
      22.587764739990234,
      45.45832824707031,
      22.297931671142578,
      23.010051727294922,
      34.8017463684082,
      57.3708381652832,
      43.382713317871094,
      62.43227005004883,
      52.41170883178711,
      77.58151245117188,
      92.07008361816406,
      82.89442443847656,
      95.67460632324219,
      77.1858901977539
    ]
  ],
  "damage": -17.514244079589844,
  "diff_bandwidth": 321.656982421875,
  "dissonance": 8.287657785915583,
  "drr": 14.100787162780762,
  "dynamics": 3.93518328666687,
  "format": 1245190,
  "frames": 11485287,
  "freq_pan_to_db": [
    [
      -26.636442184448242,
      -27.179794311523438,
      -25.432292938232422,
      -23.945966720581055,
      -20.371437072753906,
      -18.314054489135742,
      -16.62249755859375,
      -20.683156967163086,
      -24.045734405517578,
      -25.528743743896484,
      -26.548555374145508
    ],
    [
      -26.624736785888672,
      -26.956817626953125,
      -25.156641006469727,
      -21.904794692993164,
      -17.700416564941406,
      -19.019330978393555,
      -20.790180206298828,
      -23.537975311279297,
      -25.258493423461914,
      -26.83159828186035,
      -28.844642639160156
    ],
    [
      -33.33185958862305,
      -30.551898956298828,
      -26.439626693725586,
      -21.698009490966797,
      -19.74839210510254,
      -21.979238510131836,
      -21.694116592407227,
      -24.202255249023438,
      -28.073434829711914,
      -31.68029022216797,
      -34.3765754699707
    ],
    [
      -39.25761413574219,
      -37.13030242919922,
      -31.667875289916992,
      -26.75693702697754,
      -23.018922805786133,
      -23.785015106201172,
      -23.93795394897461,
      -29.544137954711914,
      -34.96977615356445,
      -40.688629150390625,
      -43.202449798583984
    ],
    [
      -46.768646240234375,
      -41.364280700683594,
      -36.20112609863281,
      -30.1731014251709,
      -22.280834197998047,
      -23.809974670410156,
      -25.27252769470215,
      -31.10190773010254,
      -35.038818359375,
      -39.104801177978516,
      -42.34271240234375
    ],
    [
      -46.13333511352539,
      -42.190914154052734,
      -36.10996627807617,
      -30.551868438720703,
      -25.103805541992188,
      -25.34396743774414,
      -27.57098960876465,
      -32.32018280029297,
      -36.7960319519043,
      -39.01676559448242,
      -46.64278793334961
    ],
    [
      -40.97969436645508,
      -39.050514221191406,
      -34.491310119628906,
      -30.25725746154785,
      -27.25045394897461,
      -27.65953826904297,
      -28.91159439086914,
      -32.33818435668945,
      -35.23303985595703,
      -37.5658073425293,
      -40.18350601196289
    ],
    [
      -36.75590133666992,
      -37.192481994628906,
      -34.58695983886719,
      -32.30548858642578,
      -29.70500946044922,
      -31.059663772583008,
      -32.58503341674805,
      -34.10856628417969,
      -35.26123809814453,
      -36.85361862182617,
      -37.816463470458984
    ],
    [
      -34.54830551147461,
      -36.420692443847656,
      -36.54340744018555,
      -35.40550231933594,
      -34.01531219482422,
      -33.41905212402344,
      -32.18894958496094,
      -35.59566116333008,
      -36.1114616394043,
      -36.686180114746094,
      -35.98503494262695
    ],
    [
      -35.87533187866211,
      -35.49795913696289,
      -36.83325958251953,
      -36.24999237060547,
      -35.854942321777344,
      -33.563663482666016,
      -30.413715362548828,
      -33.92433547973633,
      -35.299076080322266,
      -34.95480728149414,
      -34.678890228271484
    ],
    [
      -36.27542495727539,
      -37.748409271240234,
      -36.74867248535156,
      -36.18851852416992,
      -35.732120513916016,
      -33.531532287597656,
      -33.67913818359375,
      -36.43242645263672,
      -37.685176849365234,
      -36.7093620300293,
      -41.29097366333008
    ],
    [
      -33.45241165161133,
      -34.40199279785156,
      -34.98592758178711,
      -35.01278305053711,
      -35.05147171020508,
      -34.40225601196289,
      -33.22447967529297,
      -34.78599166870117,
      -35.197147369384766,
      -35.764549255371094,
      -36.101593017578125
    ],
    [
      -34.89998245239258,
      -35.85486602783203,
      -37.1074104309082,
      -37.46384811401367,
      -36.67437744140625,
      -36.24833297729492,
      -35.661006927490234,
      -36.55040740966797,
      -36.0983772277832,
      -36.77048110961914,
      -35.718605041503906
    ],
    [
      -33.439056396484375,
      -34.60293197631836,
      -35.844200134277344,
      -35.88984298706055,
      -37.482383728027344,
      -36.918678283691406,
      -35.87138748168945,
      -35.906227111816406,
      -35.63645935058594,
      -35.27326965332031,
      -35.02938461303711
    ],
    [
      -34.385433197021484,
      -34.904415130615234,
      -33.03487777709961,
      -34.11365509033203,
      -36.45746612548828,
      -34.57052230834961,
      -34.977569580078125,
      -33.89081573486328,
      -33.665367126464844,
      -34.54450607299805,
      -33.27384567260742
    ],
    [
      -35.70320129394531,
      -34.480812072753906,
      -28.829105377197266,
      -33.667869567871094,
      -36.129459381103516,
      -34.752655029296875,
      -34.88951110839844,
      -31.494295120239258,
      -31.108945846557617,
      -33.37712478637695,
      -31.136249542236328
    ],
    [
      -34.57240295410156,
      -32.922122955322266,
      -32.3403205871582,
      -32.467464447021484,
      -35.29690933227539,
      -36.087974548339844,
      -34.22780990600586,
      -33.13250732421875,
      -34.34391403198242,
      -33.89474868774414,
      -34.11396026611328
    ],
    [
      -35.89824295043945,
      -36.279640197753906,
      -37.163116455078125,
      -38.368839263916016,
      -39.016841888427734,
      -37.774295806884766,
      -37.661006927490234,
      -37.80100631713867,
      -37.861549377441406,
      -37.36749267578125,
      -38.15358352661133
    ],
    [
      -38.1514892578125,
      -39.29361343383789,
      -38.02941131591797,
      -38.31953048706055,
      -38.779296875,
      -39.3104362487793,
      -38.6657600402832,
      -39.23271560668945,
      -38.22978210449219,
      -38.668365478515625,
      -39.940372467041016
    ],
    [
      -43.09709548950195,
      -42.490478515625,
      -41.9257926940918,
      -42.10499572753906,
      -42.01091384887695,
      -41.18967056274414,
      -41.68034362792969,
      -41.51039123535156,
      -41.193359375,
      -42.151039123535156,
      -40.48201370239258
    ],
    [
      -41.94264221191406,
      -42.710975646972656,
      -43.68550109863281,
      -43.22878646850586,
      -42.442298889160156,
      -42.19569778442383,
      -42.849037170410156,
      -41.9708366394043,
      -43.68387985229492,
      -44.33340072631836,
      -41.10797882080078
    ],
    [
      -43.95436096191406,
      -45.128684997558594,
      -44.1615104675293,
      -42.21431350708008,
      -43.565303802490234,
      -43.664772033691406,
      -43.946678161621094,
      -43.826942443847656,
      -45.07551193237305,
      -44.53680419921875,
      -47.34333419799805
    ],
    [
      -48.641841888427734,
      -46.89759826660156,
      -46.610748291015625,
      -47.104820251464844,
      -44.61201477050781,
      -44.319664001464844,
      -45.16496276855469,
      -46.38853073120117,
      -45.281497955322266,
      -46.010555267333984,
      -46.03219985961914
    ],
    [
      -45.34004211425781,
      -45.23052978515625,
      -46.07832336425781,
      -46.556880950927734,
      -46.13256072998047,
      -45.243377685546875,
      -46.4726676940918,
      -46.234214782714844,
      -45.62701416015625,
      -45.50398635864258,
      -47.6444091796875
    ],
    [
      -50.8126335144043,
      -49.23100280761719,
      -46.782291412353516,
      -47.06475830078125,
      -47.27317810058594,
      -47.64748001098633,
      -46.65311050415039,
      -46.8173942565918,
      -47.243675231933594,
      -45.8051872253418,
      -45.85158920288086
    ],
    [
      -49.38478469848633,
      -48.77786636352539,
      -47.366981506347656,
      -46.72853469848633,
      -46.39262390136719,
      -45.59251403808594,
      -46.45161437988281,
      -47.0280647277832,
      -46.97219467163086,
      -46.49967956542969,
      -44.947654724121094
    ],
    [
      -57.20301818847656,
      -46.766517639160156,
      -45.9135627746582,
      -46.32196044921875,
      -45.716915130615234,
      -43.12126159667969,
      -45.75107192993164,
      -46.00387954711914,
      -45.692222595214844,
      -46.259334564208984,
      -44.40377426147461
    ],
    [
      -370,
      -46.303043365478516,
      -46.05963897705078,
      -46.403160095214844,
      -46.15611267089844,
      -45.52471923828125,
      -45.38949966430664,
      -45.7601432800293,
      -46.216835021972656,
      -47.37806701660156,
      -52.37681198120117
    ],
    [
      -52.548187255859375,
      -48.464195251464844,
      -45.94047927856445,
      -45.67539596557617,
      -45.34855651855469,
      -44.1075553894043,
      -44.077964782714844,
      -45.66960144042969,
      -45.34392166137695,
      -46.07926940917969,
      -46.392398834228516
    ],
    [
      -46.426395416259766,
      -49.07171630859375,
      -45.76371383666992,
      -45.19948959350586,
      -44.71122360229492,
      -44.124385833740234,
      -43.64657974243164,
      -44.83647537231445,
      -44.51981735229492,
      -44.625892639160156,
      -45.68251037597656
    ],
    [
      -55.60558319091797,
      -50.8246955871582,
      -46.6288948059082,
      -47.14841079711914,
      -46.48723220825195,
      -45.443328857421875,
      -45.376670837402344,
      -45.79037094116211,
      -45.8360595703125,
      -45.638797760009766,
      -48.79335021972656
    ],
    [
      -40.71940231323242,
      -57.654945373535156,
      -50.80217742919922,
      -49.470542907714844,
      -47.71821975708008,
      -46.30058670043945,
      -45.0662841796875,
      -45.548500061035156,
      -45.61405944824219,
      -45.38618850708008,
      -49.370689392089844
    ],
    [
      -370,
      -52.44013595581055,
      -54.326351165771484,
      -50.560569763183594,
      -48.61137390136719,
      -46.62461853027344,
      -45.43193435668945,
      -46.331119537353516,
      -46.45675277709961,
      -51.989402770996094,
      -49.57257843017578
    ],
    [
      -59.643253326416016,
      -63.46187973022461,
      -49.62732696533203,
      -49.922874450683594,
      -47.710697174072266,
      -46.764793395996094,
      -46.32575225830078,
      -46.65291213989258,
      -48.385711669921875,
      -56.22397232055664,
      -54.391117095947266
    ],
    [
      -66.51651000976562,
      -63.75876235961914,
      -50.7666015625,
      -45.98375701904297,
      -45.45906066894531,
      -46.03523635864258,
      -45.967529296875,
      -47.701927185058594,
      -49.32461929321289,
      -53.16583251953125,
      -56.35105895996094
    ],
    [
      -61.52644348144531,
      -60.30454635620117,
      -46.24361801147461,
      -48.08275604248047,
      -47.46001434326172,
      -47.35890197753906,
      -47.0006103515625,
      -49.49784469604492,
      -49.0944938659668,
      -54.43307876586914,
      -59.29192352294922
    ],
    [
      -64.95975494384766,
      -64.94644927978516,
      -45.63968276977539,
      -47.478553771972656,
      -48.21495819091797,
      -48.570701599121094,
      -46.95875930786133,
      -48.706146240234375,
      -53.16936492919922,
      -60.268951416015625,
      -51.57334899902344
    ],
    [
      -71.75154876708984,
      -67.87226867675781,
      -56.24357604980469,
      -50.12373352050781,
      -49.300209045410156,
      -49.458072662353516,
      -48.368408203125,
      -51.02937316894531,
      -54.779911041259766,
      -55.8569450378418,
      -57.73686599731445
    ],
    [
      -71.19166564941406,
      -67.34703826904297,
      -68.0234146118164,
      -50.46260452270508,
      -48.454654693603516,
      -49.76852035522461,
      -49.46258544921875,
      -52.5526123046875,
      -55.82575225830078,
      -55.91584777832031,
      -61.404998779296875
    ],
    [
      -72.48975372314453,
      -76.63622283935547,
      -55.490028381347656,
      -49.78113555908203,
      -48.327083587646484,
      -50.718814849853516,
      -52.762962341308594,
      -56.71290969848633,
      -61.8353271484375,
      -67.23641967773438,
      -69.44429016113281
    ],
    [
      -370,
      -65.63187408447266,
      -65.53490447998047,
      -52.24449157714844,
      -49.71607971191406,
      -52.047367095947266,
      -58.61984634399414,
      -70.28276824951172,
      -68.78194427490234,
      -69.62398529052734,
      -370
    ],
    [
      -96.30380249023438,
      -370,
      -75.49420928955078,
      -76.8733901977539,
      -58.614986419677734,
      -53.067108154296875,
      -63.71308517456055,
      -80.5407485961914,
      -77.84952545166016,
      -71.83563232421875,
      -75.3029556274414
    ]
  ],
  "histogram": [
    {
      "db": -70,
      "frequency": 1
    },
    {
      "db": -69,
      "frequency": 0
    },
    {
      "db": -68,
      "frequency": 2
    },
    {
      "db": -67,
      "frequency": 1
    },
    {
      "db": -66,
      "frequency": 1
    },
    {
      "db": -65,
      "frequency": 1
    },
    {
      "db": -64,
      "frequency": 1
    },
    {
      "db": -63,
      "frequency": 1
    },
    {
      "db": -62,
      "frequency": 1
    },
    {
      "db": -61,
      "frequency": 1
    },
    {
      "db": -60,
      "frequency": 0
    },
    {
      "db": -59,
      "frequency": 1
    },
    {
      "db": -58,
      "frequency": 0
    },
    {
      "db": -57,
      "frequency": 2
    },
    {
      "db": -56,
      "frequency": 0
    },
    {
      "db": -55,
      "frequency": 2
    },
    {
      "db": -54,
      "frequency": 0
    },
    {
      "db": -53,
      "frequency": 0
    },
    {
      "db": -52,
      "frequency": 1
    },
    {
      "db": -51,
      "frequency": 0
    },
    {
      "db": -50,
      "frequency": 0
    },
    {
      "db": -49,
      "frequency": 0
    },
    {
      "db": -48,
      "frequency": 0
    },
    {
      "db": -47,
      "frequency": 0
    },
    {
      "db": -46,
      "frequency": 1
    },
    {
      "db": -45,
      "frequency": 2
    },
    {
      "db": -44,
      "frequency": 1
    },
    {
      "db": -43,
      "frequency": 0
    },
    {
      "db": -42,
      "frequency": 1
    },
    {
      "db": -41,
      "frequency": 2
    },
    {
      "db": -40,
      "frequency": 6
    },
    {
      "db": -39,
      "frequency": 3
    },
    {
      "db": -38,
      "frequency": 15
    },
    {
      "db": -37,
      "frequency": 23
    },
    {
      "db": -36,
      "frequency": 16
    },
    {
      "db": -35,
      "frequency": 15
    },
    {
      "db": -34,
      "frequency": 37
    },
    {
      "db": -33,
      "frequency": 21
    },
    {
      "db": -32,
      "frequency": 34
    },
    {
      "db": -31,
      "frequency": 28
    },
    {
      "db": -30,
      "frequency": 50
    },
    {
      "db": -29,
      "frequency": 68
    },
    {
      "db": -28,
      "frequency": 69
    },
    {
      "db": -27,
      "frequency": 138
    },
    {
      "db": -26,
      "frequency": 244
    },
    {
      "db": -25,
      "frequency": 301
    },
    {
      "db": -24,
      "frequency": 295
    },
    {
      "db": -23,
      "frequency": 362
    },
    {
      "db": -22,
      "frequency": 324
    },
    {
      "db": -21,
      "frequency": 182
    },
    {
      "db": -20,
      "frequency": 82
    },
    {
      "db": -19,
      "frequency": 25
    },
    {
      "db": -18,
      "frequency": 0
    },
    {
      "db": -17,
      "frequency": 0
    },
    {
      "db": -16,
      "frequency": 0
    },
    {
      "db": -15,
      "frequency": 0
    },
    {
      "db": -14,
      "frequency": 0
    },
    {
      "db": -13,
      "frequency": 0
    },
    {
      "db": -12,
      "frequency": 0
    },
    {
      "db": -11,
      "frequency": 0
    },
    {
      "db": -10,
      "frequency": 0
    },
    {
      "db": -9,
      "frequency": 0
    },
    {
      "db": -8,
      "frequency": 0
    },
    {
      "db": -7,
      "frequency": 0
    },
    {
      "db": -6,
      "frequency": 0
    },
    {
      "db": -5,
      "frequency": 0
    },
    {
      "db": -4,
      "frequency": 0
    },
    {
      "db": -3,
      "frequency": 0
    },
    {
      "db": -2,
      "frequency": 0
    },
    {
      "db": -1,
      "frequency": 0
    },
    {
      "db": 0,
      "frequency": 0
    },
    {
      "db": 1,
      "frequency": 0
    },
    {
      "db": 2,
      "frequency": 0
    },
    {
      "db": 3,
      "frequency": 0
    },
    {
      "db": 4,
      "frequency": 0
    },
    {
      "db": 5,
      "frequency": 0
    },
    {
      "db": 6,
      "frequency": 0
    },
    {
      "db": 7,
      "frequency": 0
    },
    {
      "db": 8,
