{
  "acoustic_entropy": 180.44349670410156,
  "bands": [
    {
      "high_freq": 148.1999969482422,
      "loudness": -33.84161376953125,
      "loudness_range": 17.361663818359375,
      "mid_mean": -30.593347549438477,
      "mid_to_side_loudness": -15.540776252746582,
      "mid_to_side_loudness_range": 12.038045883178711,
      "side_mean": -47.48463439941406
    },
    {
      "high_freq": 392.3793640136719,
      "loudness": -33.43782424926758,
      "loudness_range": 10.137247085571289,
      "low_freq": 148.1999969482422,
      "mid_mean": -29.95236587524414,
      "mid_to_side_loudness": -14.36563777923584,
      "mid_to_side_loudness_range": 8.405417442321777,
      "side_mean": -44.7024040222168
    },
    {
      "high_freq": 794.6976318359375,
      "loudness": -38.428775787353516,
      "loudness_range": 12.318626403808594,
      "low_freq": 392.3793640136719,
      "mid_mean": -36.01625442504883,
      "mid_to_side_loudness": -6.391149997711182,
      "mid_to_side_loudness_range": 11.589703559875488,
      "side_mean": -42.41945266723633
    },
    {
      "high_freq": 1457.5709228515625,
      "loudness": -38.658363342285156,
      "loudness_range": 19.232027053833008,
      "low_freq": 794.6976318359375,
      "mid_mean": -36.690914154052734,
      "mid_to_side_loudness": -5.683435440063477,
      "mid_to_side_loudness_range": 11.585451126098633,
      "side_mean": -42.18391799926758
    },
    {
      "high_freq": 2549.74365234375,
      "loudness": -40.39957809448242,
      "loudness_range": 17.91485023498535,
      "low_freq": 1457.5709228515625,
      "mid_mean": -37.821475982666016,
      "mid_to_side_loudness": -6.758474826812744,
      "mid_to_side_loudness_range": 9.300586700439453,
      "side_mean": -44.586849212646484
    },
    {
      "high_freq": 4349.24462890625,
      "loudness": -42.70397186279297,
      "loudness_range": 15.82571029663086,
      "low_freq": 2549.74365234375,
      "mid_mean": -40.06931686401367,
      "mid_to_side_loudness": -6.573246955871582,
      "mid_to_side_loudness_range": 8.66845703125,
      "side_mean": -46.632713317871094
    },
    {
      "high_freq": 7314.1640625,
      "loudness": -44.383544921875,
      "loudness_range": 13.424190521240234,
      "low_freq": 4349.24462890625,
      "mid_mean": -41.89695358276367,
      "mid_to_side_loudness": -5.673730850219727,
      "mid_to_side_loudness_range": 8.285171508789062,
      "side_mean": -47.55664825439453
    },
    {
      "high_freq": 12199.2666015625,
      "loudness": -45.59021759033203,
      "loudness_range": 12.98617172241211,
      "low_freq": 7314.1640625,
      "mid_mean": -42.971500396728516,
      "mid_to_side_loudness": -6.111055374145508,
      "mid_to_side_loudness_range": 6.140377044677734,
      "side_mean": -51.21454620361328
    },
    {
      "loudness": -53.54695510864258,
      "loudness_range": 14.539936065673828,
      "low_freq": 12199.2666015625,
      "mid_mean": -52.96181106567383,
      "mid_to_side_loudness": -5.014368057250977,
      "mid_to_side_loudness_range": 3.873262405395508,
      "side_mean": -57.21235656738281
    }
  ],
  "bands_short": [
    {
      "high_freq": 148.1999969482422,
      "loudness": -39.362674713134766,
      "loudness_range": 28.59835433959961,
      "mid_mean": -36.932411193847656,
      "mid_to_side_loudness": -12.378157615661621,
      "mid_to_side_loudness_range": 21.51043701171875,
      "side_mean": -52.60175704956055
    },
    {
      "high_freq": 392.3793640136719,
      "loudness": -34.60088348388672,
      "loudness_range": 20.41718101501465,
      "low_freq": 148.1999969482422,
      "mid_mean": -31.557945251464844,
      "mid_to_side_loudness": -13.486669540405273,
      "mid_to_side_loudness_range": 15.620383262634277,
      "side_mean": -46.0523567199707
    },
    {
      "high_freq": 794.6976318359375,
      "loudness": -39.94261169433594,
      "loudness_range": 17.729402542114258,
      "low_freq": 392.3793640136719,
      "mid_mean": -38.073883056640625,
      "mid_to_side_loudness": -6.204843521118164,
      "mid_to_side_loudness_range": 14.724199295043945,
      "side_mean": -44.48130416870117
    },
    {
      "high_freq": 1457.5709228515625,
      "loudness": -39.303367614746094,
      "loudness_range": 22.58051109313965,
      "low_freq": 794.6976318359375,
      "mid_mean": -37.99144744873047,
      "mid_to_side_loudness": -5.016266822814941,
      "mid_to_side_loudness_range": 14.937216758728027,
      "side_mean": -42.80944061279297
    },
    {
      "high_freq": 2549.74365234375,
      "loudness": -42.10947036743164,
      "loudness_range": 22.23050880432129,
      "low_freq": 1457.5709228515625,
      "mid_mean": -40.13060760498047,
      "mid_to_side_loudness": -6.6834211349487305,
      "mid_to_side_loudness_range": 12.658851623535156,
      "side_mean": -47.41726303100586
    },
    {
      "high_freq": 4349.24462890625,
      "loudness": -45.15142059326172,
      "loudness_range": 23.865020751953125,
      "low_freq": 2549.74365234375,
      "mid_mean": -43.02406311035156,
      "mid_to_side_loudness": -6.554084300994873,
      "mid_to_side_loudness_range": 11.902111053466797,
      "side_mean": -51.915679931640625
    },
    {
      "high_freq": 7314.1640625,
      "loudness": -46.537696838378906,
      "loudness_range": 22.742992401123047,
      "low_freq": 4349.24462890625,
      "mid_mean": -45.16481399536133,
      "mid_to_side_loudness": -5.722952365875244,
      "mid_to_side_loudness_range": 12.366897583007812,
      "side_mean": -53.01197052001953
    },
    {
      "high_freq": 12199.2666015625,
      "loudness": -48.74419403076172,
      "loudness_range": 25.092647552490234,
      "low_freq": 7314.1640625,
      "mid_mean": -50.57524108886719,
      "mid_to_side_loudness": -6.224316596984863,
      "mid_to_side_loudness_range": 9.87884521484375,
      "side_mean": -55.459739685058594
    },
    {
      "loudness": -56.99052429199219,
      "loudness_range": 27.313446044921875,
      "low_freq": 12199.2666015625,
      "mid_mean": -57.92142868041992,
      "mid_to_side_loudness": -5.3091511726379395,
      "mid_to_side_loudness_range": 8.745037078857422,
      "side_mean": -61.12605667114258
    }
  ],
  "bandwidth": 447.9312438964844,
  "channels": 2,
  "covariance": [
    [
      49.701316833496094,
      31.754192352294922,
      15.935309410095215,
      11.789260864257812,
      10.087963104248047,
      14.64432430267334,
      13.462570190429688,
      16.532358169555664,
      9.160985946655273,
      8.26497745513916,
      7.948276996612549,
      6.773322105407715,
      7.849400043487549,
      8.201339721679688,
      4.447733402252197,
      6.7669243812561035,
      1.987318992614746,
      2.970982313156128
    ],
    [
      31.754192352294922,
      41.74876403808594,
      14.151524543762207,
      11.375645637512207,
      12.403223991394043,
      18.25545310974121,
      19.0738582611084,
      21.09325408935547,
      16.088703155517578,
      12.970556259155273,
      11.254454612731934,
      9.652207374572754,
      10.770462036132812,
      10.361271858215332,
      7.023586273193359,
      9.766931533813477,
      5.403048992156982,
      5.20164155960083
    ],
    [
      15.935309410095215,
      14.151524543762207,
      18.348487854003906,
      13.233434677124023,
      13.54462718963623,
      16.486242294311523,
      14.662992477416992,
      16.264286041259766,
      14.378130912780762,
      14.58735466003418,
      12.778769493103027,
      13.097646713256836,
      10.705172538757324,
      11.385377883911133,
      7.881105899810791,
      9.452836036682129,
      6.261875152587891,
      6.947688102722168
    ],
    [
      11.789260864257812,
      11.375645637512207,
      13.233434677124023,
      16.500879287719727,
      11.853473663330078,
      15.95035171508789,
      13.290724754333496,
      14.689197540283203,
      12.995185852050781,
      13.190860748291016,
      12.113263130187988,
      12.3999605178833,
      9.773053169250488,
      10.692428588867188,
      6.309000492095947,
      10.076761245727539,
      6.5221171379089355,
      6.7968034744262695
    ],
    [
      10.087963104248047,
      12.403223991394043,
      13.54462718963623,
      11.853473663330078,
      23.25452423095703,
      25.048664093017578,
      23.898822784423828,
      22.574657440185547,
      22.916004180908203,
      20.05934715270996,
      19.46965217590332,
      17.35200309753418,
      15.502321243286133,
      14.475300788879395,
      10.169770240783691,
      11.08925724029541,
      7.611748695373535,
      7.535334587097168
    ],
    [
      14.64432430267334,
      18.25545310974121,
      16.486242294311523,
      15.95035171508789,
      25.048664093017578,
      43.51390075683594,
      38.260520935058594,
      47.61769485473633,
      30.04026985168457,
      32.09146499633789,
      21.637197494506836,
      22.578351974487305,
      17.718082427978516,
      19.870365142822266,
      12.392547607421875,
      14.902795791625977,
      9.86495304107666,
      10.205161094665527
    ],
    [
      13.462570190429688,
      19.0738582611084,
      14.662992477416992,
      13.290724754333496,
      23.898822784423828,
      38.260520935058594,
      50.863834381103516,
      52.30476760864258,
      36.79758071899414,
      35.024986267089844,
      26.649011611938477,
      25.096622467041016,
      21.064281463623047,
      22.099933624267578,
      14.232195854187012,
      16.413116455078125,
      10.936420440673828,
      11.062875747680664
    ],
    [
      16.532358169555664,
      21.09325408935547,
      16.264286041259766,
      14.689197540283203,
      22.574657440185547,
      47.61769485473633,
      52.30476760864258,
      73.12906646728516,
      35.72516632080078,
      41.075496673583984,
      22.166683197021484,
      25.18017578125,
      18.457731246948242,
      22.68800163269043,
      14.288290023803711,
      17.37546157836914,
      11.352384567260742,
      11.977343559265137
    ],
    [
      9.160985946655273,
      16.088703155517578,
      14.378130912780762,
      12.995185852050781,
      22.916004180908203,
      30.04026985168457,
      36.79758071899414,
      35.72516632080078,
      43.80086898803711,
      35.47063446044922,
      32.16756057739258,
      28.223522186279297,
      25.994741439819336,
      25.299049377441406,
      17.41607666015625,
      19.47129249572754,
      13.804656028747559,
      13.786352157592773
    ],
    [
      8.26497745513916,
      12.970556259155273,
      14.58735466003418,
      13.190860748291016,
      20.05934715270996,
      32.09146499633789,
      35.024986267089844,
      41.075496673583984,
      35.47063446044922,
      39.7641716003418,
      26.684444427490234,
      30.453250885009766,
      21.90306282043457,
      26.602466583251953,
      16.825143814086914,
      20.858943939208984,
      14.602375984191895,
      15.230769157409668
    ],
    [
      7.948276996612549,
      11.254454612731934,
      12.778769493103027,
      12.113263130187988,
      19.46965217590332,
      21.637197494506836,
      26.649011611938477,
      22.166683197021484,
      32.16756057739258,
      26.684444427490234,
      34.14786911010742,
      29.801794052124023,
      26.594594955444336,
      25.33721160888672,
      16.9313907623291,
      19.069271087646484,
      12.35971450805664,
      12.910329818725586
    ],
    [
      6.773322105407715,
      9.652207374572754,
      13.097646713256836,
      12.3999605178833,
      17.35200309753418,
      22.578351974487305,
      25.096622467041016,
      25.18017578125,
      28.223522186279297,
      30.453250885009766,
      29.801794052124023,
      35.6134147644043,
      23.596471786499023,
      30.224166870117188,
      18.14284896850586,
      23.767581939697266,
      15.073211669921875,
      16.58311653137207
    ],
    [
      7.849400043487549,
      10.770462036132812,
      10.705172538757324,
      9.773053169250488,
      15.502321243286133,
      17.718082427978516,
      21.064281463623047,
      18.457731246948242,
      25.994741439819336,
      21.90306282043457,
      26.594594955444336,
      23.596471786499023,
      26.18378257751465,
      24.441303253173828,
      19.67995262145996,
      20.71436882019043,
      15.977105140686035,
      15.336602210998535
    ],
    [
      8.201339721679688,
      10.361271858215332,
      11.385377883911133,
      10.692428588867188,
      14.475300788879395,
      19.870365142822266,
      22.099933624267578,
      22.68800163269043,
      25.299049377441406,
      26.602466583251953,
      25.33721160888672,
      30.224166870117188,
      24.441303253173828,
      32.485137939453125,
      22.22250747680664,
      28.422119140625,
      21.81353187561035,
      21.888774871826172
    ],
    [
      4.447733402252197,
      7.023586273193359,
      7.881105899810791,
      6.309000492095947,
      10.169770240783691,
      12.392547607421875,
      14.232195854187012,
      14.288290023803711,
      17.41607666015625,
      16.825143814086914,
      16.9313907623291,
      18.14284896850586,
      19.67995262145996,
      22.22250747680664,
      24.77587890625,
      24.37017822265625,
      23.323646545410156,
      20.720291137695312
    ],
    [
      6.7669243812561035,
      9.766931533813477,
      9.452836036682129,
      10.076761245727539,
      11.08925724029541,
      14.902795791625977,
      16.413116455078125,
      17.37546157836914,
      19.47129249572754,
      20.858943939208984,
      19.069271087646484,
      23.767581939697266,
      20.71436882019043,
      28.422119140625,
      24.37017822265625,
      66.67740631103516,
      60.21666717529297,
      49.822235107421875
    ],
    [
      1.987318992614746,
      5.403048992156982,
      6.261875152587891,
      6.5221171379089355,
      7.611748695373535,
      9.86495304107666,
      10.936420440673828,
      11.352384567260742,
      13.804656028747559,
      14.602375984191895,
      12.35971450805664,
      15.073211669921875,
      15.977105140686035,
      21.81353187561035,
      23.323646545410156,
      60.21666717529297,
      60.54369354248047,
      48.783565521240234
    ],
    [
      2.970982313156128,
      5.20164155960083,
      6.947688102722168,
      6.7968034744262695,
      7.535334587097168,
      10.205161094665527,
      11.062875747680664,
      11.977343559265137,
      13.786352157592773,
      15.230769157409668,
      12.910329818725586,
      16.58311653137207,
      15.336602210998535,
      21.888774871826172,
      20.720291137695312,
      49.822235107421875,
      48.783565521240234,
      40.904449462890625
    ]
  ],
  "covariance_short": [
    [
      108.35311126708984,
      51.72906494140625,
      57.15903091430664,
      37.07999801635742,
      31.185407638549805,
      26.64624786376953,
      25.04383659362793,
      24.81208038330078,
      28.258453369140625,
      30.563888549804688,
      28.70494842529297,
      32.981178283691406,
      27.577131271362305,
      34.114322662353516,
      35.21567153930664,
      32.64373779296875,
      28.13735580444336,
      25.08303451538086
    ],
    [
      51.72906494140625,
      87.3119125366211,
      31.91514015197754,
      27.967178344726562,
      20.050336837768555,
      21.826313018798828,
      19.783809661865234,
      21.433984756469727,
      21.521421432495117,
      24.47953224182129,
      20.822439193725586,
      55.24298095703125,
      21.2353515625,
      54.730743408203125,
      59.97740173339844,
      47.25481414794922,
      39.076377868652344,
      30.486597061157227
    ],
    [
      57.15903091430664,
      31.91514015197754,
      66.29414367675781,
      38.92059326171875,
      38.36019515991211,
      33.53755187988281,
      26.58233070373535,
      24.849485397338867,
      32.83415222167969,
      34.59601974487305,
      35.235164642333984,
      36.14928436279297,
      31.51947021484375,
      35.279808044433594,
      33.899654388427734,
      32.47453689575195,
      27.605762481689453,
      25.36136245727539
    ],
    [
      37.07999801635742,
      27.967178344726562,
      38.92059326171875,
      41.2959098815918,
      27.303691864013672,
      26.74482536315918,
      19.722213745117188,
      18.936899185180664,
      24.99384117126465,
      28.558706283569336,
      27.839147567749023,
      32.26348876953125,
      24.654022216796875,
      30.370737075805664,
      29.840564727783203,
      26.639480590820312,
      22.07624053955078,
      19.388059616088867
    ],
    [
      31.185407638549805,
      20.050336837768555,
      38.36019515991211,
      27.303691864013672,
      53.17082214355469,
      40.46980285644531,
      38.09262466430664,
      32.44390869140625,
      40.768226623535156,
      37.42497253417969,
      39.8792839050293,
      35.5329704284668,
      33.27103042602539,
      32.24050521850586,
      29.924989700317383,
      27.657196044921875,
      22.27132797241211,
      20.406770706176758
    ],
    [
      26.64624786376953,
      21.826313018798828,
      33.53755187988281,
      26.74482536315918,
      40.46980285644531,
      58.39755630493164,
      46.140411376953125,
      55.45854949951172,
      41.590946197509766,
      48.916786193847656,
      35.10277557373047,
      38.53097152709961,
      31.192094802856445,
      35.65473175048828,
      31.370925903320312,
      29.676509857177734,
      23.246225357055664,
      20.805347442626953
    ],
    [
      25.04383659362793,
      19.783809661865234,
      26.58233070373535,
      19.722213745117188,
      38.09262466430664,
      46.140411376953125,
      70.81743621826172,
      65.05772399902344,
      48.47077560424805,
      47.241886138916016,
      40.35340118408203,
      37.910221099853516,
      35.734046936035156,
      35.88602066040039,
      31.941862106323242,
      29.251583099365234,
      22.88883399963379,
      20.050655364990234
    ],
    [
      24.81208038330078,
      21.433984756469727,
      24.849485397338867,
      18.936899185180664,
      32.44390869140625,
      55.45854949951172,
      65.05772399902344,
      92.46356964111328,
      44.25411605834961,
      52.63320541381836,
      31.482542037963867,
      36.11550521850586,
      29.464527130126953,
      33.84638214111328,
      29.28119659423828,
      27.713340759277344,
      21.464035034179688,
      18.879173278808594
    ],
    [
      28.258453369140625,
      21.521421432495117,
      32.83415222167969,
      24.99384117126465,
      40.768226623535156,
      41.590946197509766,
      48.47077560424805,
      44.25411605834961,
      73.02259063720703,
      58.70180130004883,
      58.75470733642578,
      49.98511505126953,
      51.82449722290039,
      48.38334274291992,
      46.91214370727539,
      42.100563049316406,
      34.161521911621094,
      30.333343505859375
    ],
    [
      30.563888549804688,
      24.47953224182129,
      34.59601974487305,
      28.558706283569336,
      37.42497253417969,
      48.916786193847656,
      47.241886138916016,
      52.63320541381836,
      58.70180130004883,
      77.32174682617188,
      53.13365936279297,
      61.966461181640625,
      51.28575134277344,
      60.015480041503906,
      57.024818420410156,
      53.792449951171875,
      44.218624114990234,
      39.1036262512207
    ],
    [
      28.70494842529297,
      20.822439193725586,
      35.235164642333984,
      27.839147567749023,
      39.8792839050293,
      35.10277557373047,
      40.35340118408203,
      31.482542037963867,
      58.75470733642578,
      53.13365936279297,
      77.23401641845703,
      63.32961654663086,
      67.8009262084961,
      62.80118179321289,
      62.51599884033203,
      55.210670471191406,
      44.73212814331055,
      38.65788650512695
    ],
    [
      32.981178283691406,
      55.24298095703125,
      36.14928436279297,
      32.26348876953125,
      35.5329704284668,
      38.53097152709961,
      37.910221099853516,
      36.11550521850586,
      49.98511505126953,
      61.966461181640625,
      63.32961654663086,
      103.91313934326172,
      60.879878997802734,
      100.5987319946289,
      100.92985534667969,
      89.73436737060547,
      72.85084533691406,
      61.623680114746094
    ],
    [
      27.577131271362305,
      21.2353515625,
      31.51947021484375,
      24.654022216796875,
      33.27103042602539,
      31.192094802856445,
      35.734046936035156,
      29.464527130126953,
      51.82449722290039,
      51.28575134277344,
      67.8009262084961,
      60.879878997802734,
      82.86421966552734,
      71.05611419677734,
      79.50907135009766,
      67.40830993652344,
      59.54242706298828,
      48.52238082885742
    ],
    [
      34.114322662353516,
      54.730743408203125,
      35.279808044433594,
      30.370737075805664,
      32.24050521850586,
      35.65473175048828,
      35.88602066040039,
      33.84638214111328,
      48.38334274291992,
      60.015480041503906,
      62.80118179321289,
      100.5987319946289,
      71.05611419677734,
      109.58255767822266,
      113.9529800415039,
      101.83489227294922,
      86.35977172851562,
      71.96902465820312
    ],
    [
      35.21567153930664,
      59.97740173339844,
      33.899654388427734,
      29.840564727783203,
      29.924989700317383,
      31.370925903320312,
      31.941862106323242,
      29.28119659423828,
      46.91214370727539,
      57.024818420410156,
      62.51599884033203,
      100.92985534667969,
      79.50907135009766,
      113.9529800415039,
      140.98092651367188,
      115.72464752197266,
      106.82442474365234,
      83.38801574707031
    ],
    [
      32.64373779296875,
      47.25481414794922,
      32.47453689575195,
      26.639480590820312,
      27.657196044921875,
      29.676509857177734,
      29.251583099365234,
      27.713340759277344,
      42.100563049316406,
      53.792449951171875,
      55.210670471191406,
      89.73436737060547,
      67.40830993652344,
      101.83489227294922,
      115.72464752197266,
      105.77604675292969,
      94.9606704711914,
      78.79945373535156
    ],
    [
      28.13735580444336,
      39.076377868652344,
      27.605762481689453,
      22.07624053955078,
      22.27132797241211,
      23.246225357055664,
      22.88883399963379,
      21.464035034179688,
      34.161521911621094,
      44.218624114990234,
      44.73212814331055,
      72.85084533691406,
      59.54242706298828,
      86.35977172851562,
      106.82442474365234,
      94.9606704711914,
      96.5810775756836,
      77.79389190673828
    ],
    [
      25.08303451538086,
      30.486597061157227,
      25.36136245727539,
      19.388059616088867,
      20.406770706176758,
      20.805347442626953,
      20.050655364990234,
      18.879173278808594,
      30.333343505859375,
      39.1036262512207,
      38.65788650512695,
      61.623680114746094,
      48.52238082885742,
      71.96902465820312,
      83.38801574707031,
      78.79945373535156,
      77.79389190673828,
      66.31959533691406
    ]
  ],
  "damage": -19.00787925720215,
  "diff_bandwidth": 431.5755920410156,
  "dissonance": 8.713857680600697,
  "drr": 11.557021141052246,
  "dynamics": 3.635150671005249,
  "format": 1245190,
  "frames": 11485287,
  "freq_pan_to_db": [
    [
      -27.969223022460938,
      -28.642539978027344,
      -27.1185245513916,
      -24.93874740600586,
      -22.33542823791504,
      -20.357513427734375,
      -17.891149520874023,
      -21.92083168029785,
      -25.18003273010254,
      -27.029502868652344,
      -27.476137161254883
    ],
    [
      -27.691272735595703,
      -28.54227066040039,
      -26.24331283569336,
      -22.898488998413086,
      -19.522342681884766,
      -20.698829650878906,
      -22.343393325805664,
      -25.142309188842773,
      -26.57990837097168,
      -28.16447639465332,
      -29.85953712463379
    ],
    [
      -33.48260498046875,
      -31.32387351989746,
      -26.53272819519043,
      -22.364574432373047,
      -21.570632934570312,
      -23.472503662109375,
      -23.059709548950195,
      -25.338716506958008,
      -28.663393020629883,
      -32.150238037109375,
      -35.53826141357422
    ],
    [
      -40.21607971191406,
      -36.4550666809082,
      -31.648950576782227,
      -26.69454002380371,
      -24.283401489257812,
      -25.0882568359375,
      -25.082435607910156,
      -29.686214447021484,
      -36.1561164855957,
      -41.13629150390625,
      -42.51540756225586
    ],
    [
      -43.840091705322266,
      -42.068668365478516,
      -34.99134826660156,
      -29.27597427368164,
      -22.987546920776367,
      -24.88044548034668,
      -25.790084838867188,
      -30.648597717285156,
      -36.26457595825195,
      -38.941715240478516,
      -41.73934555053711
    ],
    [
      -44.80406951904297,
      -39.47459030151367,
      -34.746238708496094,
      -29.950389862060547,
      -25.449188232421875,
      -25.93156623840332,
      -27.59243392944336,
      -32.01042938232422,
      -36.88379669189453,
      -39.498748779296875,
      -43.42854309082031
    ],
    [
      -37.48533248901367,
      -37.6845703125,
      -32.79034423828125,
      -29.047639846801758,
      -27.073362350463867,
      -27.924985885620117,
      -28.4852237701416,
      -31.76322364807129,
      -33.82817077636719,
      -36.748252868652344,
      -36.63107681274414
    ],
    [
      -35.26763916015625,
      -36.10079574584961,
      -33.491455078125,
      -30.926090240478516,
      -29.238399505615234,
      -30.981178283691406,
      -31.758705139160156,
      -33.41023254394531,
      -34.108192443847656,
      -35.64262390136719,
      -35.105655670166016
    ],
    [
      -34.08470153808594,
      -34.61690139770508,
      -34.797149658203125,
      -34.02170944213867,
      -32.91680908203125,
      -32.69597244262695,
      -31.188764572143555,
      -33.19393539428711,
      -34.21040725708008,
      -35.72410202026367,
      -35.4422492980957
    ],
    [
      -33.52431106567383,
      -34.14265441894531,
      -34.84334945678711,
      -34.590606689453125,
      -33.98063659667969,
      -32.38845443725586,
      -28.98622703552246,
      -32.04745864868164,
      -32.82036209106445,
      -33.30477523803711,
      -32.64202880859375
    ],
    [
      -34.44496154785156,
      -34.88177490234375,
      -34.172401428222656,
      -33.90748596191406,
      -33.32701873779297,
      -31.67905044555664,
      -31.491432189941406,
      -33.90255355834961,
      -34.79866409301758,
      -34.30686950683594,
      -37.64338302612305
    ],
    [
      -31.144556045532227,
      -32.02528762817383,
      -32.002010345458984,
      -32.573883056640625,
      -32.58406066894531,
      -32.251399993896484,
      -30.86648941040039,
      -31.70189094543457,
      -32.15755081176758,
      -32.8189582824707,
      -32.23778533935547
    ],
    [
      -32.933563232421875,
      -32.8734016418457,
      -34.21774673461914,
      -34.39107894897461,
      -34.17842102050781,
      -33.851165771484375,
      -33.145347595214844,
      -33.658355712890625,
      -33.14975357055664,
      -33.92501449584961,
      -33.597957611083984
    ],
    [
      -30.84956932067871,
      -31.764358520507812,
      -32.867740631103516,
      -33.22762680053711,
      -34.93439865112305,
      -34.53789138793945,
      -33.51289367675781,
      -33.020965576171875,
      -32.70237731933594,
      -32.601680755615234,
      -32.622642517089844
    ],
    [
      -32.011322021484375,
      -32.6674690246582,
      -30.702686309814453,
      -31.821866989135742,
      -33.79505920410156,
      -32.341590881347656,
      -32.47026824951172,
      -31.05733299255371,
      -31.729578018188477,
      -32.196929931640625,
      -30.937026977539062
    ],
    [
      -33.58551025390625,
      -32.57344055175781,
      -26.70849609375,
      -31.0522403717041,
      -33.56080627441406,
      -32.3691520690918,
      -32.24374771118164,
      -28.580663681030273,
      -27.963659286499023,
      -31.229646682739258,
      -33.31449890136719
    ],
    [
      -31.6835880279541,
      -30.749828338623047,
      -30.795305252075195,
      -30.329221725463867,
      -32.598995208740234,
      -33.3903923034668,
      -31.542648315429688,
      -31.108722686767578,
      -31.24333381652832,
      -31.37993049621582,
      -33.21922302246094
    ],
    [
      -32.176143646240234,
      -33.86315155029297,
      -34.89301300048828,
      -36.175376892089844,
      -36.19814682006836,
      -34.80542755126953,
      -35.4996452331543,
      -34.67340087890625,
      -35.186588287353516,
      -34.616390228271484,
      -36.453250885009766
    ],
    [
      -35.19234085083008,
      -36.18376922607422,
      -34.93165588378906,
      -35.09720993041992,
      -35.408241271972656,
      -35.553810119628906,
      -35.726409912109375,
      -35.17728805541992,
      -34.950496673583984,
      -35.669898986816406,
      -35.68592834472656
    ],
    [
      -40.55843734741211,
      -38.67223358154297,
      -38.75774383544922,
      -38.475582122802734,
      -38.5518913269043,
      -37.093509674072266,
      -38.525638580322266,
      -38.807861328125,
      -37.64155960083008,
      -38.623748779296875,
      -38.53144073486328
    ],
    [
      -37.75322723388672,
      -39.70992660522461,
      -39.32746887207031,
      -38.61204528808594,
      -38.47850799560547,
      -38.07648468017578,
      -39.43882751464844,
      -38.21981430053711,
      -39.91562271118164,
      -39.88559341430664,
      -39.549964904785156
    ],
    [
      -39.60640335083008,
      -40.86399459838867,
      -40.05031204223633,
      -38.203155517578125,
      -39.649478912353516,
      -39.276424407958984,
      -40.256996154785156,
      -40.228763580322266,
      -41.252593994140625,
      -41.22649002075195,
      -43.382965087890625
    ],
    [
      -46.39299774169922,
      -43.066932678222656,
      -42.7093391418457,
      -42.938716888427734,
      -40.54435348510742,
      -40.496822357177734,
      -41.43559646606445,
      -42.854488372802734,
      -41.5490837097168,
      -42.39493179321289,
      -43.208595275878906
    ],
    [
      -40.082435607910156,
      -42.07345962524414,
      -42.50262451171875,
      -43.14986038208008,
      -42.65475845336914,
      -42.145450592041016,
      -43.165706634521484,
      -42.20867156982422,
      -42.37089920043945,
      -42.07014846801758,
      -45.102970123291016
    ],
    [
      -48.57674789428711,
      -46.636077880859375,
      -44.387203216552734,
      -43.680233001708984,
      -44.1451530456543,
      -44.910614013671875,
      -43.632484436035156,
      -43.85533905029297,
      -44.36860275268555,
      -42.706016540527344,
      -46.65529251098633
    ],
    [
      -51.47992706298828,
      -45.96101760864258,
      -43.82963943481445,
      -44.211883544921875,
      -43.114967346191406,
      -43.0023193359375,
      -43.62744140625,
      -44.24327087402344,
      -43.95720291137695,
      -43.351585388183594,
      -42.86054229736328
    ],
    [
      -56.352783203125,
      -43.63571548461914,
      -42.903751373291016,
      -43.58788299560547,
      -42.71018981933594,
      -40.4289436340332,
      -43.01433563232422,
      -43.30172348022461,
      -42.47213363647461,
      -43.429649353027344,
      -43.67700958251953
    ],
    [
      -54.638858795166016,
      -44.10017013549805,
      -44.01850128173828,
      -44.44462585449219,
      -44.05391311645508,
      -43.8190803527832,
      -43.62318801879883,
      -43.806610107421875,
      -44.129859924316406,
      -44.668148040771484,
      -50.557472229003906
    ],
    [
      -68.00900268554688,
      -46.94581604003906,
      -45.750755310058594,
      -45.437355041503906,
      -45.251644134521484,
      -44.471431732177734,
      -44.45838928222656,
      -45.3294792175293,
      -45.21815490722656,
      -45.47987365722656,
      -50.60445785522461
    ],
    [
      -54.886558532714844,
      -49.475772857666016,
      -46.27178192138672,
      -46.09742736816406,
      -45.33091735839844,
      -45.13759231567383,
      -44.707515716552734,
      -45.599510192871094,
      -45.32630157470703,
      -45.01519012451172,
      -42.72390365600586
    ],
    [
      -45.910072326660156,
      -47.81155014038086,
      -48.43038558959961,
      -47.88544845581055,
      -47.234413146972656,
      -46.50700378417969,
      -46.16485595703125,
      -46.94283676147461,
      -46.74832534790039,
      -46.22285842895508,
      -59.71619415283203
    ],
    [
      -40.65488052368164,
      -52.766448974609375,
      -51.7408561706543,
      -49.27573776245117,
      -48.33791732788086,
      -47.33161544799805,
      -46.217132568359375,
      -46.56821060180664,
      -46.40036392211914,
      -46.07946014404297,
      -51.97312927246094
    ],
    [
      -370,
      -66.79757690429688,
      -53.17628860473633,
      -50.378379821777344,
      -48.920413970947266,
      -47.417572021484375,
      -46.4346809387207,
      -46.578880310058594,
      -46.63359069824219,
      -50.27994155883789,
      -48.64783477783203
    ],
    [
      -60.041683197021484,
      -53.27425765991211,
      -52.380977630615234,
      -49.49905014038086,
      -47.802711486816406,
      -47.14870834350586,
      -46.662635803222656,
      -46.54005432128906,
      -47.19304275512695,
      -55.71998596191406,
      -53.81942367553711
    ],
    [
      -63.347347259521484,
      -62.76097106933594,
      -47.04774475097656,
      -45.86479568481445,
      -45.811500549316406,
      -46.37680435180664,
      -46.29473114013672,
      -47.20000076293945,
      -47.097015380859375,
      -53.895023345947266,
      -55.32834243774414
    ],
    [
      -48.91857147216797,
      -59.32501983642578,
      -47.07014465332031,
      -47.67159652709961,
      -47.59804916381836,
      -47.731319427490234,
      -47.25669479370117,
      -48.497657775878906,
      -49.09175491333008,
      -53.78688049316406,
      -59.483062744140625
    ],
    [
      -66.96829223632812,
      -59.4276123046875,
      -46.837989807128906,
      -48.15861129760742,
      -48.46957778930664,
      -48.952823638916016,
      -47.302818298339844,
      -48.143829345703125,
      -50.11334228515625,
      -58.465694427490234,
      -47.78954315185547
    ],
    [
      -73.40933990478516,
      -65.07151794433594,
      -51.892799377441406,
      -49.861053466796875,
      -50.692142486572266,
      -51.097984313964844,
      -49.64452362060547,
      -50.278228759765625,
      -53.824462890625,
      -56.38956069946289,
      -58.086456298828125
    ],
    [
      -74.32151794433594,
      -67.91295623779297,
      -60.74516677856445,
      -52.25297927856445,
      -52.227317810058594,
      -53.746238708496094,
      -52.85624694824219,
      -54.758636474609375,
      -57.46671676635742,
      -60.637996673583984,
      -63.52288818359375
    ],
    [
      -73.41972351074219,
      -80.23721313476562,
      -53.837093353271484,
      -52.146278381347656,
      -52.58382034301758,
      -54.881282806396484,
      -55.694923400878906,
      -59.22342300415039,
      -65.065673828125,
      -69.20751953125,
      -72.63356018066406
    ],
    [
      -370,
      -65.82202911376953,
      -57.8721923828125,
      -55.511207580566406,
      -53.88340759277344,
      -56.51675796508789,
      -60.30717849731445,
      -65.79203033447266,
      -71.6771469116211,
      -73.48102569580078,
      -370
    ],
    [
      -370,
      -90.37811279296875,
      -82.12723541259766,
      -79.44711303710938,
      -60.22710037231445,
      -57.319480895996094,
      -64.5371322631836,
      -75.09947204589844,
      -81.9493179321289,
      -78.94660186767578,
      -370
    ]
  ],
  "histogram": [
    {
      "db": -70,
      "frequency": 0
    },
    {
      "db": -69,
      "frequency": 0
    },
    {
      "db": -68,
      "frequency": 1
    },
    {
      "db": -67,
      "frequency": 0
    },
    {
      "db": -66,
      "frequency": 0
    },
    {
      "db": -65,
      "frequency": 1
    },
    {
      "db": -64,
      "frequency": 0
    },
    {
      "db": -63,
      "frequency": 1
    },
    {
      "db": -62,
      "frequency": 1
    },
    {
      "db": -61,
      "frequency": 2
    },
    {
      "db": -60,
      "frequency": 2
    },
    {
      "db": -59,
      "frequency": 1
    },
    {
      "db": -58,
      "frequency": 1
    },
    {
      "db": -57,
      "frequency": 1
    },
    {
      "db": -56,
      "frequency": 1
    },
    {
      "db": -55,
      "frequency": 1
    },
    {
      "db": -54,
      "frequency": 0
    },
    {
      "db": -53,
      "frequency": 2
    },
    {
      "db": -52,
      "frequency": 1
    },
    {
      "db": -51,
      "frequency": 1
    },
    {
      "db": -50,
      "frequency": 1
    },
    {
      "db": -49,
      "frequency": 0
    },
    {
      "db": -48,
      "frequency": 0
    },
    {
      "db": -47,
      "frequency": 0
    },
    {
      "db": -46,
      "frequency": 0
    },
    {
      "db": -45,
      "frequency": 1
    },
    {
      "db": -44,
      "frequency": 0
    },
    {
      "db": -43,
      "frequency": 3
    },
    {
      "db": -42,
      "frequency": 0
    },
    {
      "db": -41,
      "frequency": 3
    },
    {
      "db": -40,
      "frequency": 0
    },
    {
      "db": -39,
      "frequency": 8
    },
    {
      "db": -38,
      "frequency": 6
    },
    {
      "db": -37,
      "frequency": 14
    },
    {
      "db": -36,
      "frequency": 14
    },
    {
      "db": -35,
      "frequency": 20
    },
    {
      "db": -34,
      "frequency": 23
    },
    {
      "db": -33,
      "frequency": 32
    },
    {
      "db": -32,
      "frequency": 23
    },
    {
      "db": -31,
      "frequency": 35
    },
    {
      "db": -30,
      "frequency": 34
    },
    {
      "db": -29,
      "frequency": 58
    },
    {
      "db": -28,
      "frequency": 96
    },
    {
      "db": -27,
      "frequency": 134
    },
    {
      "db": -26,
      "frequency": 236
    },
    {
      "db": -25,
      "frequency": 300
    },
    {
      "db": -24,
      "frequency": 342
    },
    {
      "db": -23,
      "frequency": 399
    },
    {
      "db": -22,
      "frequency": 344
    },
    {
      "db": -21,
      "frequency": 166
    },
    {
      "db": -20,
      "frequency": 42
    },
    {
      "db": -19,
      "frequency": 11
    },
    {
      "db": -18,
      "frequency": 1
    },
    {
      "db": -17,
      "frequency": 0
    },
    {
      "db": -16,
      "frequency": 0
    },
    {
      "db": -15,
      "frequency": 0
    },
    {
      "db": -14,
      "frequency": 0
    },
    {
      "db": -13,
      "frequency": 0
    },
    {
      "db": -12,
      "frequency": 0
    },
    {
      "db": -11,
      "frequency": 0
    },
    {
      "db": -10,
      "frequency": 0
    },
    {
      "db": -9,
      "frequency": 0
    },
    {
      "db": -8,
      "frequency": 0
    },
    {
      "db": -7,
      "frequency": 0
    },
    {
      "db": -6,
      "frequency": 0
    },
    {
      "db": -5,
      "frequency": 0
    },
    {
      "db": -4,
      "frequency": 0
    },
    {
      "db": -3,
      "frequency": 0
    },
    {
      "db": -2,
      "frequency": 0
    },
    {
      "db": -1,
      "frequency": 0
    },
    {
      "db": 0,
      "frequency": 0
    },
    {
      "db": 1,
      "frequency": 0
    },
    {
      "db": 2,
      "frequency": 0
    },
    {
      "db": 3,
      "frequency": 0
    },
    {
      "db": 4,
      "frequency": 0
    },
    {
      "db": 5,
      "frequency": 0
    },
    {
      "db": 6,
      "frequency": 0
