{
  "acoustic_entropy": 171.066162109375,
  "bands": [
    {
      "high_freq": 148.1999969482422,
      "loudness": -32.78421401977539,
      "loudness_range": 17.039703369140625,
      "mid_mean": -29.432933807373047,
      "mid_to_side_loudness": -15.567038536071777,
      "mid_to_side_loudness_range": 12.814669609069824,
      "side_mean": -46.51544189453125
    },
    {
      "high_freq": 392.3793640136719,
      "loudness": -32.91328048706055,
      "loudness_range": 10.129735946655273,
      "low_freq": 148.1999969482422,
      "mid_mean": -29.428556442260742,
      "mid_to_side_loudness": -15.313752174377441,
      "mid_to_side_loudness_range": 8.548178672790527,
      "side_mean": -45.21544647216797
    },
    {
      "high_freq": 794.6976318359375,
      "loudness": -39.92183303833008,
      "loudness_range": 12.039100646972656,
      "low_freq": 392.3793640136719,
      "mid_mean": -37.232669830322266,
      "mid_to_side_loudness": -7.771670818328857,
      "mid_to_side_loudness_range": 11.634039878845215,
      "side_mean": -45.04164505004883
    },
    {
      "high_freq": 1457.5709228515625,
      "loudness": -40.6683349609375,
      "loudness_range": 19.62264633178711,
      "low_freq": 794.6976318359375,
      "mid_mean": -39.10746383666992,
      "mid_to_side_loudness": -4.297671318054199,
      "mid_to_side_loudness_range": 11.606019973754883,
      "side_mean": -43.23886489868164
    },
    {
      "high_freq": 2549.74365234375,
      "loudness": -43.8279914855957,
      "loudness_range": 18.44635009765625,
      "low_freq": 1457.5709228515625,
      "mid_mean": -41.85775375366211,
      "mid_to_side_loudness": -4.639686107635498,
      "mid_to_side_loudness_range": 9.423318862915039,
      "side_mean": -46.501529693603516
    },
    {
      "high_freq": 4349.24462890625,
      "loudness": -44.80457305908203,
      "loudness_range": 15.878814697265625,
      "low_freq": 2549.74365234375,
      "mid_mean": -42.08559036254883,
      "mid_to_side_loudness": -7.129236698150635,
      "mid_to_side_loudness_range": 9.1057767868042,
      "side_mean": -51.255611419677734
    },
    {
      "high_freq": 7314.1640625,
      "loudness": -42.884765625,
      "loudness_range": 13.494300842285156,
      "low_freq": 4349.24462890625,
      "mid_mean": -40.06477737426758,
      "mid_to_side_loudness": -7.325708866119385,
      "mid_to_side_loudness_range": 8.23851490020752,
      "side_mean": -47.36350631713867
    },
    {
      "high_freq": 12199.2666015625,
      "loudness": -44.545589447021484,
      "loudness_range": 12.940277099609375,
      "low_freq": 7314.1640625,
      "mid_mean": -41.61656188964844,
      "mid_to_side_loudness": -7.841370105743408,
      "mid_to_side_loudness_range": 6.036960124969482,
      "side_mean": -51.537330627441406
    },
    {
      "loudness": -49.095458984375,
      "loudness_range": 15.181346893310547,
      "low_freq": 12199.2666015625,
      "mid_mean": -46.18598556518555,
      "mid_to_side_loudness": -7.457422733306885,
      "mid_to_side_loudness_range": 3.901050567626953,
      "side_mean": -55.14232635498047
    }
  ],
  "bands_short": [
    {
      "high_freq": 148.1999969482422,
      "loudness": -37.835044860839844,
      "loudness_range": 27.82552146911621,
      "mid_mean": -35.4195671081543,
      "mid_to_side_loudness": -12.558591842651367,
      "mid_to_side_loudness_range": 22.21333885192871,
      "side_mean": -51.58003234863281
    },
    {
      "high_freq": 392.3793640136719,
      "loudness": -33.79804992675781,
      "loudness_range": 19.999622344970703,
      "low_freq": 148.1999969482422,
      "mid_mean": -30.697465896606445,
      "mid_to_side_loudness": -14.371988296508789,
      "mid_to_side_loudness_range": 16.919815063476562,
      "side_mean": -46.26173400878906
    },
    {
      "high_freq": 794.6976318359375,
      "loudness": -41.25904083251953,
      "loudness_range": 17.739513397216797,
      "low_freq": 392.3793640136719,
      "mid_mean": -39.059608459472656,
      "mid_to_side_loudness": -7.699345588684082,
      "mid_to_side_loudness_range": 14.553901672363281,
      "side_mean": -47.224510192871094
    },
    {
      "high_freq": 1457.5709228515625,
      "loudness": -41.22626876831055,
      "loudness_range": 22.473352432250977,
      "low_freq": 794.6976318359375,
      "mid_mean": -40.3485221862793,
      "mid_to_side_loudness": -3.9015214443206787,
      "mid_to_side_loudness_range": 14.724328994750977,
      "side_mean": -44.18901443481445
    },
    {
      "high_freq": 2549.74365234375,
      "loudness": -45.387760162353516,
      "loudness_range": 22.122459411621094,
      "low_freq": 1457.5709228515625,
      "mid_mean": -44.20193862915039,
      "mid_to_side_loudness": -4.552463531494141,
      "mid_to_side_loudness_range": 12.680425643920898,
      "side_mean": -51.330055236816406
    },
    {
      "high_freq": 4349.24462890625,
      "loudness": -47.26974105834961,
      "loudness_range": 23.85790252685547,
      "low_freq": 2549.74365234375,
      "mid_mean": -45.11447525024414,
      "mid_to_side_loudness": -7.10415506362915,
      "mid_to_side_loudness_range": 11.997048377990723,
      "side_mean": -54.05780029296875
    },
    {
      "high_freq": 7314.1640625,
      "loudness": -45.08024597167969,
      "loudness_range": 22.75872039794922,
      "low_freq": 4349.24462890625,
      "mid_mean": -43.18230438232422,
      "mid_to_side_loudness": -7.356131553649902,
      "mid_to_side_loudness_range": 12.16644287109375,
      "side_mean": -52.845211029052734
    },
    {
      "high_freq": 12199.2666015625,
      "loudness": -47.712650299072266,
      "loudness_range": 25.096267700195312,
      "low_freq": 7314.1640625,
      "mid_mean": -46.47952651977539,
      "mid_to_side_loudness": -7.931544780731201,
      "mid_to_side_loudness_range": 9.515750885009766,
      "side_mean": -55.68682098388672
    },
    {
      "loudness": -53.08652877807617,
      "loudness_range": 28.738929748535156,
      "low_freq": 12199.2666015625,
      "mid_mean": -54.3946533203125,
      "mid_to_side_loudness": -7.684847354888916,
      "mid_to_side_loudness_range": 8.41217041015625,
      "side_mean": -59.585384368896484
    }
  ],
  "bandwidth": 371.0242919921875,
  "channels": 2,
  "covariance": [
    [
      46.45006561279297,
      29.52912139892578,
      16.272701263427734,
      11.900253295898438,
      9.82974910736084,
      13.79352855682373,
      12.37622356414795,
      15.819974899291992,
      8.798188209533691,
      8.180858612060547,
      7.468005657196045,
      6.895871639251709,
      6.909696578979492,
      7.727059364318848,
      3.7056734561920166,
      5.893543243408203,
      -0.8820030093193054,
      2.949941635131836
    ],
    [
      29.52912139892578,
      42.318363189697266,
      14.526782035827637,
      12.370481491088867,
      12.267577171325684,
      18.796005249023438,
      19.55403709411621,
      22.4377498626709,
      17.402902603149414,
      14.268723487854004,
      10.9447660446167,
      12.342470169067383,
      10.056951522827148,
      10.094141960144043,
      5.937255859375,
      9.734755516052246,
      0.9807294607162476,
      5.995949745178223
    ],
    [
      16.272701263427734,
      14.526782035827637,
      19.063121795654297,
      13.544683456420898,
      14.016860008239746,
      16.978933334350586,
      14.919975280761719,
      16.98003387451172,
      15.425640106201172,
      15.360856056213379,
      12.815320014953613,
      13.197566986083984,
      10.383573532104492,
      11.304872512817383,
      7.531834602355957,
      9.417558670043945,
      5.5057053565979,
      7.552851676940918
    ],
    [
      11.900253295898438,
      12.370481491088867,
      13.544683456420898,
      16.420717239379883,
      12.00856876373291,
      16.52918815612793,
      13.40718936920166,
      15.662069320678711,
      13.385708808898926,
      13.846671104431152,
      11.962422370910645,
      13.895308494567871,
      9.434290885925293,
      10.396547317504883,
      6.05418062210083,
      9.520408630371094,
      4.036250591278076,
      7.118664741516113
    ],
    [
      9.82974910736084,
      12.267577171325684,
      14.016860008239746,
      12.00856876373291,
      23.349050521850586,
      25.09284782409668,
      23.99528694152832,
      23.048175811767578,
      24.038206100463867,
      21.446788787841797,
      19.580902099609375,
      17.28066635131836,
      15.243581771850586,
      14.313080787658691,
      10.036968231201172,
      11.097413063049316,
      7.069737911224365,
      8.349175453186035
    ],
    [
      13.79352855682373,
      18.796005249023438,
      16.978933334350586,
      16.52918815612793,
      25.09284782409668,
      43.88395690917969,
      38.22058868408203,
      48.151123046875,
      31.1431884765625,
      33.670833587646484,
      21.63422393798828,
      22.416706085205078,
      17.36377716064453,
      19.56898307800293,
      12.092486381530762,
      14.744364738464355,
      9.192306518554688,
      11.26885986328125
    ],
    [
      12.37622356414795,
      19.55403709411621,
      14.919975280761719,
      13.40718936920166,
      23.99528694152832,
      38.22058868408203,
      52.11759948730469,
      52.50954818725586,
      39.03416442871094,
      36.98295593261719,
      27.028852462768555,
      24.8933048248291,
      21.027347564697266,
      21.92543601989746,
      14.197253227233887,
      16.456438064575195,
      10.799003601074219,
      12.369400024414062
    ],
    [
      15.819974899291992,
      22.4377498626709,
      16.98003387451172,
      15.662069320678711,
      23.048175811767578,
      48.151123046875,
      52.50954818725586,
      72.95865631103516,
      37.54755401611328,
      42.95095443725586,
      22.388870239257812,
      25.42264747619629,
      18.626142501831055,
      22.862266540527344,
      14.329333305358887,
      17.67228126525879,
      11.563467979431152,
      13.62646198272705
    ],
    [
      8.798188209533691,
      17.402902603149414,
      15.425640106201172,
      13.385708808898926,
      24.038206100463867,
      31.1431884765625,
      39.03416442871094,
      37.54755401611328,
      47.92442321777344,
      38.77136993408203,
      33.359344482421875,
      28.6566162109375,
      26.82575035095215,
      25.873634338378906,
      17.9527530670166,
      19.88633918762207,
      14.377143859863281,
      15.57969856262207
    ],
    [
      8.180858612060547,
      14.268723487854004,
      15.360856056213379,
      13.846671104431152,
      21.446788787841797,
      33.670833587646484,
      36.98295593261719,
      42.95095443725586,
      38.77136993408203,
      42.417205810546875,
      28.306243896484375,
      31.280536651611328,
      23.092885971069336,
      27.439380645751953,
      17.534908294677734,
      21.375377655029297,
      15.164081573486328,
      17.14031410217285
    ],
    [
      7.468005657196045,
      10.9447660446167,
      12.815320014953613,
      11.962422370910645,
      19.580902099609375,
      21.63422393798828,
      27.028852462768555,
      22.388870239257812,
      33.359344482421875,
      28.306243896484375,
      34.13297653198242,
      29.466123580932617,
      26.135393142700195,
      25.224809646606445,
      17.131179809570312,
      19.317676544189453,
      13.087937355041504,
      14.46145248413086
    ],
    [
      6.895871639251709,
      12.342470169067383,
      13.197566986083984,
      13.895308494567871,
      17.28066635131836,
      22.416706085205078,
      24.8933048248291,
      25.42264747619629,
      28.6566162109375,
      31.280536651611328,
      29.466123580932617,
      71.2562026977539,
      23.105918884277344,
      30.181489944458008,
      18.180936813354492,
      60.25101089477539,
      15.522148132324219,
      47.68485641479492
    ],
    [
      6.909696578979492,
      10.056951522827148,
      10.383573532104492,
      9.434290885925293,
      15.243581771850586,
      17.36377716064453,
      21.027347564697266,
      18.626142501831055,
      26.82575035095215,
      23.092885971069336,
      26.135393142700195,
      23.105918884277344,
      25.691591262817383,
      24.314584732055664,
      19.671049118041992,
      20.713064193725586,
      16.918476104736328,
      17.007062911987305
    ],
    [
      7.727059364318848,
      10.094141960144043,
      11.304872512817383,
      10.396547317504883,
      14.313080787658691,
      19.56898307800293,
      21.92543601989746,
      22.862266540527344,
      25.873634338378906,
      27.439380645751953,
      25.224809646606445,
      30.181489944458008,
      24.314584732055664,
      32.43531799316406,
      22.30392837524414,
      28.253787994384766,
      22.27598762512207,
      24.017595291137695
    ],
    [
      3.7056734561920166,
      5.937255859375,
      7.531834602355957,
      6.05418062210083,
      10.036968231201172,
      12.092486381530762,
      14.197253227233887,
      14.329333305358887,
      17.9527530670166,
      17.534908294677734,
      17.131179809570312,
      18.180936813354492,
      19.671049118041992,
      22.30392837524414,
      24.623212814331055,
      24.205768585205078,
      25.21278953552246,
      22.664012908935547
    ],
    [
      5.893543243408203,
      9.734755516052246,
      9.417558670043945,
      9.520408630371094,
      11.097413063049316,
      14.744364738464355,
      16.456438064575195,
      17.67228126525879,
      19.88633918762207,
      21.375377655029297,
      19.317676544189453,
      60.25101089477539,
      20.713064193725586,
      28.253787994384766,
      24.205768585205078,
      65.06157684326172,
      27.49726676940918,
      55.73784637451172
    ],
    [
      -0.8820030093193054,
      0.9807294607162476,
      5.5057053565979,
      4.036250591278076,
      7.069737911224365,
      9.192306518554688,
      10.799003601074219,
      11.563467979431152,
      14.377143859863281,
      15.164081573486328,
      13.087937355041504,
      15.522148132324219,
      16.918476104736328,
      22.27598762512207,
      25.21278953552246,
      27.49726676940918,
      34.906341552734375,
      30.898303985595703
    ],
    [
      2.949941635131836,
      5.995949745178223,
      7.552851676940918,
      7.118664741516113,
      8.349175453186035,
      11.26885986328125,
      12.369400024414062,
      13.62646198272705,
      15.57969856262207,
      17.14031410217285,
      14.46145248413086,
      47.68485641479492,
      17.007062911987305,
      24.017595291137695,
      22.664012908935547,
      55.73784637451172,
      30.898303985595703,
      51.87592697143555
    ]
  ],
  "covariance_short": [
    [
      107.35926055908203,
      50.86466598510742,
      57.19695281982422,
      37.183135986328125,
      30.78731918334961,
      28.775615692138672,
      24.1800537109375,
      25.352293014526367,
      28.980918884277344,
      30.92656707763672,
      28.54077911376953,
      30.883949279785156,
      25.42597198486328,
      33.256019592285156,
      28.091285705566406,
      31.334980010986328,
      30.59854507446289,
      27.053577423095703
    ],
    [
      50.86466598510742,
      94.21183776855469,
      31.90593910217285,
      30.196990966796875,
      20.64463233947754,
      25.56124496459961,
      20.517892837524414,
      23.315921783447266,
      23.227609634399414,
      61.59498977661133,
      21.41847038269043,
      52.39716720581055,
      19.714134216308594,
      57.53981018066406,
      20.11954689025879,
      48.195655822753906,
      50.30078887939453,
      36.250457763671875
    ],
    [
      57.19695281982422,
      31.90593910217285,
      65.53466796875,
      37.769248962402344,
      37.70548629760742,
      34.70523452758789,
      25.911680221557617,
      26.014999389648438,
      33.43345642089844,
      34.207763671875,
      34.60603713989258,
      33.745235443115234,
      28.977510452270508,
      34.13977813720703,
      28.750890731811523,
      31.081985473632812,
      29.999710083007812,
      27.14267349243164
    ],
    [
      37.183135986328125,
      30.196990966796875,
      37.769248962402344,
      41.056304931640625,
      26.656564712524414,
      30.135677337646484,
      19.45914649963379,
      20.50029182434082,
      25.792499542236328,
      31.795269012451172,
      27.67164421081543,
      30.38471221923828,
      22.431045532226562,
      30.108396530151367,
      22.66537094116211,
      25.906341552734375,
      25.133955001831055,
      21.315998077392578
    ],
    [
      30.78731918334961,
      20.64463233947754,
      37.70548629760742,
      26.656564712524414,
      52.2352294921875,
      40.464237213134766,
      37.869140625,
      34.037906646728516,
      41.34174346923828,
      37.455970764160156,
      39.23927688598633,
      33.80864334106445,
      31.38922119140625,
      31.785940170288086,
      26.9338321685791,
      26.972469329833984,
      25.1007022857666,
      22.187929153442383
    ],
    [
      28.775615692138672,
      25.56124496459961,
      34.70523452758789,
      30.135677337646484,
      40.464237213134766,
      61.76393127441406,
      45.88908767700195,
      56.879005432128906,
      44.5833625793457,
      53.023887634277344,
      37.744850158691406,
      39.84708786010742,
      31.561683654785156,
      38.38304138183594,
      29.961103439331055,
      31.41320037841797,
      29.22603416442871,
      24.930688858032227
    ],
    [
      24.1800537109375,
      20.517892837524414,
      25.911680221557617,
      19.45914649963379,
      37.869140625,
      45.88908767700195,
      71.430419921875,
      65.95775604248047,
      50.40315246582031,
      47.91088104248047,
      40.31708526611328,
      36.54457092285156,
      34.36750411987305,
      35.674861907958984,
      29.30249786376953,
      28.416399002075195,
      26.285287857055664,
      21.96795082092285
    ],
    [
      25.352293014526367,
      23.315921783447266,
      26.014999389648438,
      20.50029182434082,
      34.037906646728516,
      56.879005432128906,
      65.95775604248047,
      93.53854370117188,
      47.683982849121094,
      55.20328903198242,
      33.239253997802734,
      36.59163284301758,
      29.573379516601562,
      35.53565216064453,
      27.64911460876465,
      28.737998962402344,
      26.393062591552734,
      22.454940795898438
    ],
    [
      28.980918884277344,
      23.227609634399414,
      33.43345642089844,
      25.792499542236328,
      41.34174346923828,
      44.5833625793457,
      50.40315246582031,
      47.683982849121094,
      77.09737396240234,
      61.83487319946289,
      60.22151565551758,
      50.26189041137695,
      52.46971130371094,
      50.04550552368164,
      46.307395935058594,
      42.92585754394531,
      40.54506301879883,
      34.5067138671875
    ],
    [
      30.92656707763672,
      61.59498977661133,
      34.207763671875,
      31.795269012451172,
      37.455970764160156,
      53.023887634277344,
      47.91088104248047,
      55.20328903198242,
      61.83487319946289,
      108.46641540527344,
      54.377601623535156,
      87.07349395751953,
      48.99152755737305,
      89.96057891845703,
      51.067138671875,
      77.41728973388672,
      78.15623474121094,
      60.56001663208008
    ],
    [
      28.54077911376953,
      21.41847038269043,
      34.60603713989258,
      27.67164421081543,
      39.23927688598633,
      37.744850158691406,
      40.31708526611328,
      33.239253997802734,
      60.22151565551758,
      54.377601623535156,
      77.45629119873047,
      62.31001663208008,
      66.48299407958984,
      63.84371566772461,
      59.652408599853516,
      55.764923095703125,
      52.69255065917969,
      43.83268737792969
    ],
    [
      30.883949279785156,
      52.39716720581055,
      33.745235443115234,
      30.38471221923828,
      33.80864334106445,
      39.84708786010742,
      36.54457092285156,
      36.59163284301758,
      50.26189041137695,
      87.07349395751953,
      62.31001663208008,
      91.58875274658203,
      56.96833419799805,
      94.72817993164062,
      60.004852294921875,
      83.50704956054688,
      81.97245788574219,
      66.05488586425781
    ],
    [
      25.42597198486328,
      19.714134216308594,
      28.977510452270508,
      22.431045532226562,
      31.38922119140625,
      31.561683654785156,
      34.36750411987305,
      29.573379516601562,
      52.46971130371094,
      48.99152755737305,
      66.48299407958984,
      56.96833419799805,
      80.39309692382812,
      68.95882415771484,
      74.57858276367188,
      65.26070404052734,
      66.9271240234375,
      53.24587631225586
    ],
    [
      33.256019592285156,
      57.53981018066406,
      34.13977813720703,
      30.108396530151367,
      31.785940170288086,
      38.38304138183594,
      35.674861907958984,
      35.53565216064453,
      50.04550552368164,
      89.96057891845703,
      63.84371566772461,
      94.72817993164062,
      68.95882415771484,
      110.5023422241211,
      78.16534423828125,
      101.02774047851562,
      103.3882064819336,
      81.78709411621094
    ],
    [
      28.091285705566406,
      20.11954689025879,
      28.750890731811523,
      22.66537094116211,
      26.9338321685791,
      29.961103439331055,
      29.30249786376953,
      27.64911460876465,
      46.307395935058594,
      51.067138671875,
      59.652408599853516,
      60.004852294921875,
      74.57858276367188,
      78.16534423828125,
      102.24362182617188,
      86.4327163696289,
      96.91168975830078,
      75.75157928466797
    ],
    [
      31.334980010986328,
      48.195655822753906,
      31.081985473632812,
      25.906341552734375,
      26.972469329833984,
      31.41320037841797,
      28.416399002075195,
      28.737998962402344,
      42.92585754394531,
      77.41728973388672,
      55.764923095703125,
      83.50704956054688,
      65.26070404052734,
      101.02774047851562,
      86.4327163696289,
      103.18687438964844,
      110.13214874267578,
      87.6484603881836
    ],
    [
      30.59854507446289,
      50.30078887939453,
      29.999710083007812,
      25.133955001831055,
      25.1007022857666,
      29.22603416442871,
      26.285287857055664,
      26.393062591552734,
      40.54506301879883,
      78.15623474121094,
      52.69255065917969,
      81.97245788574219,
      66.9271240234375,
      103.3882064819336,
      96.91168975830078,
      110.13214874267578,
      130.7726287841797,
      100.67372131347656
    ],
    [
      27.053577423095703,
      36.250457763671875,
      27.14267349243164,
      21.315998077392578,
      22.187929153442383,
      24.930688858032227,
      21.96795082092285,
      22.454940795898438,
      34.5067138671875,
      60.56001663208008,
      43.83268737792969,
      66.05488586425781,
      53.24587631225586,
      81.78709411621094,
      75.75157928466797,
      87.6484603881836,
      100.67372131347656,
      82.48062133789062
    ]
  ],
  "damage": -18.079774856567383,
  "diff_bandwidth": 363.74981689453125,
  "dissonance": 8.470357206475953,
  "drr": 13.068038940429688,
  "dynamics": 3.6093671321868896,
  "format": 1245190,
  "frames": 11485287,
  "freq_pan_to_db": [
    [
      -26.18806266784668,
      -27.149826049804688,
      -25.093095779418945,
      -24.213266372680664,
      -21.652652740478516,
      -20.545013427734375,
      -16.95580291748047,
      -20.573883056640625,
      -23.727046966552734,
      -25.10721206665039,
      -25.967512130737305
    ],
    [
      -26.091598510742188,
      -26.642061233520508,
      -24.265804290771484,
      -21.63710594177246,
      -18.856191635131836,
      -20.457120895385742,
      -21.56172752380371,
      -23.81407356262207,
      -24.771955490112305,
      -26.408843994140625,
      -28.487516403198242
    ],
    [
      -32.630104064941406,
      -30.08502769470215,
      -25.351469039916992,
      -22.042728424072266,
      -20.73508071899414,
      -22.34702491760254,
      -21.971891403198242,
      -24.08548927307129,
      -28.483549118041992,
      -30.952421188354492,
      -35.082645416259766
    ],
    [
      -39.877281188964844,
      -36.893306732177734,
      -31.555973052978516,
      -26.326114654541016,
      -23.600013732910156,
      -24.006427764892578,
      -23.690656661987305,
      -28.743383407592773,
      -34.84709930419922,
      -40.328575134277344,
      -43.11424255371094
    ],
    [
      -45.72538757324219,
      -39.96315002441406,
      -35.585914611816406,
      -29.55990982055664,
      -22.3397274017334,
      -24.109418869018555,
      -24.8665771484375,
      -30.808042526245117,
      -36.123016357421875,
      -40.199058532714844,
      -42.46875762939453
    ],
    [
      -46.37985610961914,
      -39.18532943725586,
      -35.601905822753906,
      -30.213069915771484,
      -25.199783325195312,
      -25.436939239501953,
      -27.22966957092285,
      -32.41838455200195,
      -36.08085632324219,
      -39.8025016784668,
      -44.1827392578125
    ],
    [
      -40.381927490234375,
      -37.75545120239258,
      -33.308284759521484,
      -29.74696159362793,
      -27.017433166503906,
      -27.557979583740234,
      -28.629154205322266,
      -31.782123565673828,
      -34.05546188354492,
      -36.66230392456055,
      -38.928287506103516
    ],
    [
      -36.11228942871094,
      -36.38214874267578,
      -34.31763458251953,
      -31.63500213623047,
      -29.345932006835938,
      -30.839710235595703,
      -32.084625244140625,
      -33.760581970214844,
      -34.33596420288086,
      -35.97726821899414,
      -37.806358337402344
    ],
    [
      -33.798587799072266,
      -35.25589370727539,
      -35.934688568115234,
      -34.798946380615234,
      -33.50464630126953,
      -33.10471725463867,
      -32.21238327026367,
      -34.80388259887695,
      -35.06983947753906,
      -36.939414978027344,
      -35.74446487426758
    ],
    [
      -35.40563201904297,
      -35.076358795166016,
      -36.435096740722656,
      -35.58616638183594,
      -35.274959564208984,
      -33.16139221191406,
      -30.8282527923584,
      -33.49972152709961,
      -34.509952545166016,
      -34.82991027832031,
      -33.83319854736328
    ],
    [
      -35.59907913208008,
      -37.31093215942383,
      -36.274444580078125,
      -35.472354888916016,
      -35.02603530883789,
      -33.05842590332031,
      -33.59681701660156,
      -35.84123229980469,
      -37.03641891479492,
      -35.99043655395508,
      -40.2860221862793
    ],
    [
      -32.9955940246582,
      -34.03793716430664,
      -34.51274490356445,
      -34.464622497558594,
      -34.4449348449707,
      -33.802215576171875,
      -32.635921478271484,
      -34.22759246826172,
      -34.771942138671875,
      -35.137569427490234,
      -35.817138671875
    ],
    [
      -35.005741119384766,
      -35.203792572021484,
      -36.43981170654297,
      -36.89168167114258,
      -35.98390197753906,
      -35.7664680480957,
      -35.14863586425781,
      -35.86453628540039,
      -35.6008415222168,
      -35.98942184448242,
      -36.005069732666016
    ],
    [
      -32.732078552246094,
      -34.004241943359375,
      -35.167537689208984,
      -35.314979553222656,
      -36.80556869506836,
      -36.51447296142578,
      -35.30634307861328,
      -35.20753860473633,
      -35.0134391784668,
      -34.65602493286133,
      -34.46205520629883
    ],
    [
      -33.72440719604492,
      -34.44049835205078,
      -32.57038116455078,
      -33.66932678222656,
      -35.777435302734375,
      -34.08119583129883,
      -34.49484634399414,
      -33.08784103393555,
      -33.333335876464844,
      -33.85959243774414,
      -32.750728607177734
    ],
    [
      -35.10124588012695,
      -34.04814147949219,
      -28.447837829589844,
      -33.21907043457031,
      -35.53086471557617,
      -34.12114334106445,
      -34.40953826904297,
      -30.991945266723633,
      -30.651060104370117,
      -33.10917663574219,
      -31.144338607788086
    ],
    [
      -34.25853729248047,
      -32.728912353515625,
      -31.947965621948242,
      -32.45465850830078,
      -34.62067413330078,
      -35.42378616333008,
      -33.80168151855469,
      -32.472408294677734,
      -34.02223587036133,
      -33.198944091796875,
      -35.00761413574219
    ],
    [
      -35.638572692871094,
      -36.03477478027344,
      -36.84259033203125,
      -38.106361389160156,
      -38.57431411743164,
      -37.14350509643555,
      -37.15922927856445,
      -37.1766471862793,
      -37.452693939208984,
      -36.77823257446289,
      -37.60594177246094
    ],
    [
      -37.764530181884766,
      -38.32994842529297,
      -37.62540817260742,
      -38.13103103637695,
      -38.45539474487305,
      -38.681846618652344,
      -38.05681228637695,
      -38.38003921508789,
      -37.73904800415039,
      -38.121681213378906,
      -38.093013763427734
    ],
    [
      -43.05600357055664,
      -41.71986770629883,
      -41.631324768066406,
      -41.64571762084961,
      -41.14561462402344,
      -40.51231002807617,
      -41.04182052612305,
      -41.43262481689453,
      -40.61172866821289,
      -41.91659927368164,
      -39.91938400268555
    ],
    [
      -41.212684631347656,
      -42.29469299316406,
      -43.04351806640625,
      -42.87596130371094,
      -41.996944427490234,
      -41.64762878417969,
      -42.35563659667969,
      -41.610755920410156,
      -42.889747619628906,
      -43.74320983886719,
      -40.48233413696289
    ],
    [
      -43.88861846923828,
      -44.544517517089844,
      -43.26128387451172,
      -42.04947280883789,
      -43.06106185913086,
      -43.072998046875,
      -43.747676849365234,
      -43.77077865600586,
      -44.23855972290039,
      -44.00559616088867,
      -46.46421432495117
    ],
    [
      -47.07777786254883,
      -46.3438606262207,
      -45.88465118408203,
      -46.3934440612793,
      -44.068721771240234,
      -43.709781646728516,
      -44.57772445678711,
      -45.45284652709961,
      -44.88938522338867,
      -45.34798812866211,
      -43.78853988647461
    ],
    [
      -44.78118133544922,
      -44.710025787353516,
      -45.659332275390625,
      -46.03515625,
      -45.46222686767578,
      -44.76504898071289,
      -45.60311508178711,
      -45.14910125732422,
      -45.23114013671875,
      -44.75721740722656,
      -46.00653076171875
    ],
    [
      -50.78778839111328,
      -48.73515701293945,
      -46.08905792236328,
      -46.54739761352539,
      -46.62919616699219,
      -47.02769470214844,
      -46.25535583496094,
      -46.05157470703125,
      -46.39347457885742,
      -44.95447540283203,
      -45.07869338989258
    ],
    [
      -48.412620544433594,
      -47.70503616333008,
      -46.59414291381836,
      -46.225677490234375,
      -45.70842361450195,
      -45.02798080444336,
      -45.78667449951172,
      -46.10866165161133,
      -46.30893325805664,
      -45.602684020996094,
      -42.669166564941406
    ],
    [
      -54.24465560913086,
      -46.078731536865234,
      -45.211753845214844,
      -45.42124938964844,
      -45.02980422973633,
      -42.597251892089844,
      -44.87294006347656,
      -45.32499313354492,
      -44.72686767578125,
      -45.13010025024414,
      -44.649322509765625
    ],
    [
      -48.35737991333008,
      -45.665916442871094,
      -45.41151428222656,
      -45.64653778076172,
      -45.48581314086914,
      -44.88499069213867,
      -44.91902160644531,
      -44.9381217956543,
      -45.605186462402344,
      -46.42215347290039,
      -49.176334381103516
    ],
    [
      -68.7220230102539,
      -46.966941833496094,
      -45.277835845947266,
      -44.97095489501953,
      -44.75356674194336,
      -43.48115539550781,
      -43.43989944458008,
      -44.83049774169922,
      -44.65177536010742,
      -44.925262451171875,
      -45.93775939941406
    ],
    [
      -46.18203353881836,
      -48.610748291015625,
      -45.173095703125,
      -44.638221740722656,
      -44.062801361083984,
      -43.46253204345703,
      -42.940067291259766,
      -44.163631439208984,
      -43.82425308227539,
      -44.11722183227539,
      -41.28615951538086
    ],
    [
      -45.97672653198242,
      -48.54275131225586,
      -46.33192443847656,
      -46.54573440551758,
      -45.65550231933594,
      -44.75441360473633,
      -44.74073028564453,
      -44.94841766357422,
      -45.30061340332031,
      -45.55712127685547,
      -55.24183654785156
    ],
    [
      -370,
      -56.787506103515625,
      -48.448970794677734,
      -47.88602066040039,
      -47.02117156982422,
      -45.562538146972656,
      -44.47478485107422,
      -44.634429931640625,
      -44.91717529296875,
      -44.71672821044922,
      -52.690372467041016
    ],
    [
      -370,
      -58.01686096191406,
      -54.708927154541016,
      -49.460628509521484,
      -47.67960739135742,
      -45.87923049926758,
      -44.80122375488281,
      -45.76066589355469,
      -45.52505111694336,
      -51.08103942871094,
      -50.7342414855957
    ],
    [
      -58.690608978271484,
      -62.649658203125,
      -52.19147872924805,
      -48.74911880493164,
      -47.03990173339844,
      -46.02926254272461,
      -45.558441162109375,
      -45.990203857421875,
      -47.263370513916016,
      -55.2291145324707,
      -53.49578094482422
    ],
    [
      -65.60015106201172,
      -62.71376419067383,
      -48.58221435546875,
      -45.312740325927734,
      -44.8598747253418,
      -45.309974670410156,
      -45.24439239501953,
      -46.41107177734375,
      -49.837066650390625,
      -52.55228042602539,
      -56.18840408325195
    ],
    [
      -58.99557876586914,
      -58.49751281738281,
      -44.44919967651367,
      -47.843997955322266,
      -46.971435546875,
      -46.59672927856445,
      -46.35073471069336,
      -49.366424560546875,
      -46.43744659423828,
      -53.4683837890625,
      -58.34467315673828
    ],
    [
      -64.1148681640625,
      -63.98536682128906,
      -44.709075927734375,
      -47.5612907409668,
      -47.823936462402344,
      -47.78683090209961,
      -46.3117561340332,
      -47.92300796508789,
      -50.799346923828125,
      -59.31980895996094,
      -50.61793518066406
    ],
    [
      -69.5350341796875,
      -64.8011245727539,
      -49.82546615600586,
      -48.93406677246094,
      -48.60963821411133,
      -48.7817268371582,
      -47.62038803100586,
      -50.44918441772461,
      -54.263797760009766,
      -55.12173080444336,
      -56.788570404052734
    ],
    [
      -70.3227767944336,
      -66.38201904296875,
      -56.91347122192383,
      -50.014610290527344,
      -47.7556037902832,
      -49.09225082397461,
      -48.6748161315918,
      -52.11894607543945,
      -54.47886657714844,
      -55.01982879638672,
      -60.67890167236328
    ],
    [
      -370,
      -74.40184020996094,
      -55.65110397338867,
      -48.67436981201172,
      -47.86981964111328,
      -49.947322845458984,
      -51.9296989440918,
      -55.424503326416016,
      -62.20530319213867,
      -66.37928009033203,
      -68.49015045166016
    ],
    [
      -370,
      -63.491981506347656,
      -64.38074493408203,
      -51.870697021484375,
      -49.01666259765625,
      -51.31626892089844,
      -57.47785568237305,
      -59.824615478515625,
      -68.27796936035156,
      -68.74066925048828,
      -370
    ],
    [
      -370,
      -370,
      -69.26655578613281,
      -75.94084930419922,
      -57.05729675292969,
      -52.405921936035156,
      -60.0845832824707,
      -75.8387451171875,
      -77.09921264648438,
      -71.28723907470703,
      -74.33232879638672
    ]
  ],
  "histogram": [
    {
      "db": -70,
      "frequency": 0
    },
    {
      "db": -69,
      "frequency": 1
    },
    {
      "db": -68,
      "frequency": 0
    },
    {
      "db": -67,
      "frequency": 2
    },
    {
      "db": -66,
      "frequency": 1
    },
    {
      "db": -65,
      "frequency": 1
    },
    {
      "db": -64,
      "frequency": 1
    },
    {
      "db": -63,
      "frequency": 1
    },
    {
      "db": -62,
      "frequency": 1
    },
    {
      "db": -61,
      "frequency": 1
    },
    {
      "db": -60,
      "frequency": 1
    },
    {
      "db": -59,
      "frequency": 0
    },
    {
      "db": -58,
      "frequency": 1
    },
    {
      "db": -57,
      "frequency": 0
    },
    {
      "db": -56,
      "frequency": 2
    },
    {
      "db": -55,
      "frequency": 0
    },
    {
      "db": -54,
      "frequency": 2
    },
    {
      "db": -53,
      "frequency": 0
    },
    {
      "db": -52,
      "frequency": 0
    },
    {
      "db": -51,
      "frequency": 1
    },
    {
      "db": -50,
      "frequency": 0
    },
    {
      "db": -49,
      "frequency": 0
    },
    {
      "db": -48,
      "frequency": 0
    },
    {
      "db": -47,
      "frequency": 0
    },
    {
      "db": -46,
      "frequency": 0
    },
    {
      "db": -45,
      "frequency": 1
    },
    {
      "db": -44,
      "frequency": 2
    },
    {
      "db": -43,
      "frequency": 1
    },
    {
      "db": -42,
      "frequency": 0
    },
    {
      "db": -41,
      "frequency": 1
    },
    {
      "db": -40,
      "frequency": 2
    },
    {
      "db": -39,
      "frequency": 6
    },
    {
      "db": -38,
      "frequency": 5
    },
    {
      "db": -37,
      "frequency": 13
    },
    {
      "db": -36,
      "frequency": 23
    },
    {
      "db": -35,
      "frequency": 16
    },
    {
      "db": -34,
      "frequency": 19
    },
    {
      "db": -33,
      "frequency": 33
    },
    {
      "db": -32,
      "frequency": 22
    },
    {
      "db": -31,
      "frequency": 38
    },
    {
      "db": -30,
      "frequency": 28
    },
    {
      "db": -29,
      "frequency": 76
    },
    {
      "db": -28,
      "frequency": 75
    },
    {
      "db": -27,
      "frequency": 114
    },
    {
      "db": -26,
      "frequency": 248
    },
    {
      "db": -25,
      "frequency": 326
    },
    {
      "db": -24,
      "frequency": 340
    },
    {
      "db": -23,
      "frequency": 391
    },
    {
      "db": -22,
      "frequency": 340
    },
    {
      "db": -21,
      "frequency": 169
    },
    {
      "db": -20,
      "frequency": 53
    },
    {
      "db": -19,
      "frequency": 3
    },
    {
      "db": -18,
      "frequency": 0
    },
    {
      "db": -17,
      "frequency": 0
    },
    {
      "db": -16,
      "frequency": 0
    },
    {
      "db": -15,
      "frequency": 0
    },
    {
      "db": -14,
      "frequency": 0
    },
    {
      "db": -13,
      "frequency": 0
    },
    {
      "db": -12,
      "frequency": 0
    },
    {
      "db": -11,
      "frequency": 0
    },
    {
      "db": -10,
      "frequency": 0
    },
    {
      "db": -9,
      "frequency": 0
    },
    {
      "db": -8,
      "frequency": 0
    },
    {
      "db": -7,
      "frequency": 0
    },
    {
      "db": -6,
      "frequency": 0
    },
    {
      "db": -5,
      "frequency": 0
    },
    {
      "db": -4,
      "frequency": 0
    },
    {
      "db": -3,
      "frequency": 0
    },
    {
      "db": -2,
      "frequency": 0
    },
    {
      "db": -1,
      "frequency": 0
    },
    {
      "db": 0,
      "frequency": 0
    },
    {
      "db": 1,
      "frequency": 0
    },
    {
      "db": 2,
      "frequency": 0
    },
    {
      "db": 3,
      "frequency": 0
    },
    {
      "db": 4,
      "frequency": 0
    },
    {
      "db": 5,
      "frequency": 0
    },
    {
      "db": 6,
      "frequency": 0
    },
    {
      "db": 7,
      "frequency": 0
    },
    {
      "db": 8,
      "frequency": 0
