{
  "acoustic_entropy": 171.06314086914062,
  "bands": [
    {
      "high_freq": 148.1999969482422,
      "loudness": -33.894474029541016,
      "loudness_range": 16.302684783935547,
      "mid_mean": -30.276735305786133,
      "mid_to_side_loudness": -24.1158390045166,
      "mid_to_side_loudness_range": 27.61184310913086,
      "side_mean": -53.382568359375
    },
    {
      "high_freq": 392.3793640136719,
      "loudness": -34.17921447753906,
      "loudness_range": 12.911649703979492,
      "low_freq": 148.1999969482422,
      "mid_mean": -30.782060623168945,
      "mid_to_side_loudness": -12.445036888122559,
      "mid_to_side_loudness_range": 10.787992477416992,
      "side_mean": -43.56039810180664
    },
    {
      "high_freq": 794.6976318359375,
      "loudness": -37.71410369873047,
      "loudness_range": 14.364839553833008,
      "low_freq": 392.3793640136719,
      "mid_mean": -34.65182876586914,
      "mid_to_side_loudness": -9.19754695892334,
      "mid_to_side_loudness_range": 13.30217170715332,
      "side_mean": -44.159847259521484
    },
    {
      "high_freq": 1457.5709228515625,
      "loudness": -42.51470947265625,
      "loudness_range": 21.01532745361328,
      "low_freq": 794.6976318359375,
      "mid_mean": -39.49916076660156,
      "mid_to_side_loudness": -9.270794868469238,
      "mid_to_side_loudness_range": 13.064674377441406,
      "side_mean": -48.96623229980469
    },
    {
      "high_freq": 2549.74365234375,
      "loudness": -44.45801544189453,
      "loudness_range": 18.763465881347656,
      "low_freq": 1457.5709228515625,
      "mid_mean": -41.514015197753906,
      "mid_to_side_loudness": -8.68231201171875,
      "mid_to_side_loudness_range": 13.427282333374023,
      "side_mean": -50.82593536376953
    },
    {
      "high_freq": 4349.24462890625,
      "loudness": -43.820228576660156,
      "loudness_range": 16.559051513671875,
      "low_freq": 2549.74365234375,
      "mid_mean": -40.75148391723633,
      "mid_to_side_loudness": -9.876945495605469,
      "mid_to_side_loudness_range": 14.256051063537598,
      "side_mean": -51.15983963012695
    },
    {
      "high_freq": 7314.1640625,
      "loudness": -48.40818786621094,
      "loudness_range": 17.478519439697266,
      "low_freq": 4349.24462890625,
      "mid_mean": -45.581275939941406,
      "mid_to_side_loudness": -8.608777046203613,
      "mid_to_side_loudness_range": 15.35226058959961,
      "side_mean": -54.22394943237305
    },
    {
      "high_freq": 12199.2666015625,
      "loudness": -53.520469665527344,
      "loudness_range": 18.538490295410156,
      "low_freq": 7314.1640625,
      "mid_mean": -52.21076965332031,
      "mid_to_side_loudness": -6.725480079650879,
      "mid_to_side_loudness_range": 17.76938247680664,
      "side_mean": -57.67606735229492
    },
    {
      "loudness": -61.245059967041016,
      "loudness_range": 20.132205963134766,
      "low_freq": 12199.2666015625,
      "mid_mean": -59.24839782714844,
      "mid_to_side_loudness": -5.331758975982666,
      "mid_to_side_loudness_range": 14.998705863952637,
      "side_mean": -62.52885818481445
    }
  ],
  "bands_short": [
    {
      "high_freq": 148.1999969482422,
      "loudness": -36.66427230834961,
      "loudness_range": 17.12701416015625,
      "mid_mean": -33.063194274902344,
      "mid_to_side_loudness": -24.06363296508789,
      "mid_to_side_loudness_range": 30.816049575805664,
      "side_mean": -56.28924560546875
    },
    {
      "high_freq": 392.3793640136719,
      "loudness": -34.254722595214844,
      "loudness_range": 16.235048294067383,
      "low_freq": 148.1999969482422,
      "mid_mean": -30.88400650024414,
      "mid_to_side_loudness": -12.95699691772461,
      "mid_to_side_loudness_range": 14.697086334228516,
      "side_mean": -44.18866729736328
    },
    {
      "high_freq": 794.6976318359375,
      "loudness": -38.72026062011719,
      "loudness_range": 17.368316650390625,
      "low_freq": 392.3793640136719,
      "mid_mean": -35.78975296020508,
      "mid_to_side_loudness": -9.160818099975586,
      "mid_to_side_loudness_range": 15.686941146850586,
      "side_mean": -45.23638916015625
    },
    {
      "high_freq": 1457.5709228515625,
      "loudness": -42.80937194824219,
      "loudness_range": 22.594789505004883,
      "low_freq": 794.6976318359375,
      "mid_mean": -39.91802978515625,
      "mid_to_side_loudness": -8.955299377441406,
      "mid_to_side_loudness_range": 15.267660140991211,
      "side_mean": -49.144081115722656
    },
    {
      "high_freq": 2549.74365234375,
      "loudness": -45.79914093017578,
      "loudness_range": 21.357364654541016,
      "low_freq": 1457.5709228515625,
      "mid_mean": -43.02396011352539,
      "mid_to_side_loudness": -8.095376968383789,
      "mid_to_side_loudness_range": 15.247978210449219,
      "side_mean": -51.702003479003906
    },
    {
      "high_freq": 4349.24462890625,
      "loudness": -44.75048065185547,
      "loudness_range": 19.520408630371094,
      "low_freq": 2549.74365234375,
      "mid_mean": -41.76631164550781,
      "mid_to_side_loudness": -9.718463897705078,
      "mid_to_side_loudness_range": 15.667655944824219,
      "side_mean": -51.984310150146484
    },
    {
      "high_freq": 7314.1640625,
      "loudness": -49.595603942871094,
      "loudness_range": 20.871078491210938,
      "low_freq": 4349.24462890625,
      "mid_mean": -46.82407760620117,
      "mid_to_side_loudness": -8.716421127319336,
      "mid_to_side_loudness_range": 17.202882766723633,
      "side_mean": -55.4351921081543
    },
    {
      "high_freq": 12199.2666015625,
      "loudness": -55.69871520996094,
      "loudness_range": 23.73769760131836,
      "low_freq": 7314.1640625,
      "mid_mean": -54.26695251464844,
      "mid_to_side_loudness": -7.445793151855469,
      "mid_to_side_loudness_range": 21.351219177246094,
      "side_mean": -59.78932189941406
    },
    {
      "loudness": -64.26934051513672,
      "loudness_range": 25.65130615234375,
      "low_freq": 12199.2666015625,
      "mid_mean": -61.52820587158203,
      "mid_to_side_loudness": -7.40230131149292,
      "mid_to_side_loudness_range": 22.133934020996094,
      "side_mean": -64.75691223144531
    }
  ],
  "bandwidth": 361.584228515625,
  "channels": 2,
  "covariance": [
    [
      34.67872619628906,
      41.53921890258789,
      21.646432876586914,
      21.30023956298828,
      13.165826797485352,
      23.044048309326172,
      17.940195083618164,
      27.295242309570312,
      15.071880340576172,
      26.475126266479492,
      16.925992965698242,
      30.803136825561523,
      15.673028945922852,
      31.13401985168457,
      19.034204483032227,
      30.482471466064453,
      15.190577507019043,
      20.273967742919922
    ],
    [
      41.53921890258789,
      97.93815612792969,
      34.47234344482422,
      40.31328201293945,
      22.238008499145508,
      42.637481689453125,
      31.008174896240234,
      47.83845138549805,
      22.741662979125977,
      46.02983474731445,
      28.877487182617188,
      55.29300308227539,
      28.731332778930664,
      56.305641174316406,
      33.602149963378906,
      52.43827819824219,
      28.599634170532227,
      36.400901794433594
    ],
    [
      21.646432876586914,
      34.47234344482422,
      24.94231605529785,
      21.23969268798828,
      15.959238052368164,
      21.928834915161133,
      18.58966636657715,
      26.440446853637695,
      18.159637451171875,
      24.05193328857422,
      20.03318977355957,
      28.435171127319336,
      16.83354949951172,
      28.376224517822266,
      20.50738525390625,
      28.37180519104004,
      16.163984298706055,
      19.99372673034668
    ],
    [
      21.30023956298828,
      40.31328201293945,
      21.23969268798828,
      31.697067260742188,
      14.3945894241333,
      27.05942726135254,
      17.55010223388672,
      27.804540634155273,
      15.754711151123047,
      27.19329261779785,
      18.0759220123291,
      32.543663024902344,
      15.598860740661621,
      32.01544189453125,
      21.229969024658203,
      30.49602699279785,
      17.79623031616211,
      22.02392578125
    ],
    [
      13.165826797485352,
      22.238008499145508,
      15.959238052368164,
      14.3945894241333,
      29.075681686401367,
      24.99667739868164,
      29.207252502441406,
      25.83884620666504,
      21.557825088500977,
      19.927581787109375,
      21.074188232421875,
      20.24334144592285,
      15.991735458374023,
      19.128931045532227,
      16.80866050720215,
      19.801591873168945,
      13.087427139282227,
      14.770682334899902
    ],
    [
      23.044048309326172,
      42.637481689453125,
      21.928834915161133,
      27.05942726135254,
      24.99667739868164,
      40.46949768066406,
      26.099567413330078,
      36.2319221496582,
      20.691051483154297,
      32.16572952270508,
      22.668724060058594,
      37.40007781982422,
      19.758068084716797,
      37.149139404296875,
      21.16023063659668,
      34.47505569458008,
      18.174829483032227,
      24.9914608001709
    ],
    [
      17.940195083618164,
      31.008174896240234,
      18.58966636657715,
      17.55010223388672,
      29.207252502441406,
      26.099567413330078,
      49.75046157836914,
      38.46307373046875,
      23.959856033325195,
      24.35707664489746,
      23.915546417236328,
      23.78253936767578,
      18.514406204223633,
      22.470617294311523,
      18.758623123168945,
      23.686254501342773,
      16.126415252685547,
      18.244422912597656
    ],
    [
      27.295242309570312,
      47.83845138549805,
      26.440446853637695,
      27.804540634155273,
      25.83884620666504,
      36.2319221496582,
      38.46307373046875,
      47.904117584228516,
      24.446359634399414,
      35.87646484375,
      26.590591430664062,
      40.44807815551758,
      23.277332305908203,
      40.22173309326172,
      25.87842559814453,
      38.8404655456543,
      22.86396026611328,
      28.853824615478516
    ],
    [
      15.071880340576172,
      22.741662979125977,
      18.159637451171875,
      15.754711151123047,
      21.557825088500977,
      20.691051483154297,
      23.959856033325195,
      24.446359634399414,
      41.13404083251953,
      28.508405685424805,
      31.11049461364746,
      25.816457748413086,
      23.223569869995117,
      23.55362319946289,
      26.166135787963867,
      25.567167282104492,
      18.99843406677246,
      19.65740966796875
    ],
    [
      26.475126266479492,
      46.02983474731445,
      24.05193328857422,
      27.19329261779785,
      19.927581787109375,
      32.16572952270508,
      24.35707664489746,
      35.87646484375,
      28.508405685424805,
      46.175331115722656,
      26.84819984436035,
      49.25322341918945,
      24.50575828552246,
      47.87198257446289,
      35.74080276489258,
      45.03992462158203,
      28.05378532409668,
      32.536346435546875
    ],
    [
      16.925992965698242,
      28.877487182617188,
      20.03318977355957,
      18.0759220123291,
      21.074188232421875,
      22.668724060058594,
      23.915546417236328,
      26.590591430664062,
      31.11049461364746,
      26.84819984436035,
      33.778114318847656,
      31.097402572631836,
      25.280176162719727,
      29.236167907714844,
      27.85308837890625,
      28.6445255279541,
      19.523357391357422,
      20.43686866760254
    ],
    [
      30.803136825561523,
      55.29300308227539,
      28.435171127319336,
      32.543663024902344,
      20.24334144592285,
      37.40007781982422,
      23.78253936767578,
      40.44807815551758,
      25.816457748413086,
      49.25322341918945,
      31.097402572631836,
      60.0113525390625,
      28.40361213684082,
      58.604515075683594,
      39.070335388183594,
      53.490379333496094,
      30.62259292602539,
      37.71586608886719
    ],
    [
      15.673028945922852,
      28.731332778930664,
      16.83354949951172,
      15.598860740661621,
      15.991735458374023,
      19.758068084716797,
      18.514406204223633,
      23.277332305908203,
      23.223569869995117,
      24.50575828552246,
      25.280176162719727,
      28.40361213684082,
      35.308773040771484,
      34.68303298950195,
      36.80976486206055,
      32.70960998535156,
      28.96964454650879,
      23.061603546142578
    ],
    [
      31.13401985168457,
      56.305641174316406,
      28.376224517822266,
      32.01544189453125,
      19.128931045532227,
      37.149139404296875,
      22.470617294311523,
      40.22173309326172,
      23.55362319946289,
      47.87198257446289,
      29.236167907714844,
      58.604515075683594,
      34.68303298950195,
      66.4276123046875,
      43.552093505859375,
      60.93669891357422,
      35.80259323120117,
      42.95747375488281
    ],
    [
      19.034204483032227,
      33.602149963378906,
      20.50738525390625,
      21.229969024658203,
      16.80866050720215,
      21.16023063659668,
      18.758623123168945,
      25.87842559814453,
      26.166135787963867,
      35.74080276489258,
      27.85308837890625,
      39.070335388183594,
      36.80976486206055,
      43.552093505859375,
      56.7442741394043,
      43.83567428588867,
      43.998046875,
      31.98421287536621
    ],
    [
      30.482471466064453,
      52.43827819824219,
      28.37180519104004,
      30.49602699279785,
      19.801591873168945,
      34.47505569458008,
      23.686254501342773,
      38.8404655456543,
      25.567167282104492,
      45.03992462158203,
      28.6445255279541,
      53.490379333496094,
      32.70960998535156,
      60.93669891357422,
      43.83567428588867,
      62.51005554199219,
      38.40607452392578,
      46.38690948486328
    ],
    [
      15.190577507019043,
      28.599634170532227,
      16.163984298706055,
      17.79623031616211,
      13.087427139282227,
      18.174829483032227,
      16.126415252685547,
      22.86396026611328,
      18.99843406677246,
      28.05378532409668,
      19.523357391357422,
      30.62259292602539,
      28.96964454650879,
      35.80259323120117,
      43.998046875,
      38.40607452392578,
      40.468990325927734,
      31.2142276763916
    ],
    [
      20.273967742919922,
      36.400901794433594,
      19.99372673034668,
      22.02392578125,
      14.770682334899902,
      24.9914608001709,
      18.244422912597656,
      28.853824615478516,
      19.65740966796875,
      32.536346435546875,
      20.43686866760254,
      37.71586608886719,
      23.061603546142578,
      42.95747375488281,
      31.98421287536621,
      46.38690948486328,
      31.2142276763916,
      38.26609802246094
    ]
  ],
  "covariance_short": [
    [
      33.87757110595703,
      27.36220932006836,
      21.301712036132812,
      16.523771286010742,
      10.682270050048828,
      16.47735023498535,
      13.68154525756836,
      20.917678833007812,
      12.690716743469238,
      20.8089656829834,
      13.520820617675781,
      23.628538131713867,
      13.159889221191406,
      23.645305633544922,
      15.284344673156738,
      21.326337814331055,
      11.022817611694336,
      13.373260498046875
    ],
    [
      27.36220932006836,
      82.48224639892578,
      33.42905044555664,
      39.04830551147461,
      23.515865325927734,
      39.556236267089844,
      29.48935890197754,
      43.24278259277344,
      24.194677352905273,
      40.62498092651367,
      29.420639038085938,
      48.72356414794922,
      30.794960021972656,
      51.05503463745117,
      33.012630462646484,
      45.20565414428711,
      23.847352981567383,
      27.719881057739258
    ],
    [
      21.301712036132812,
      33.42905044555664,
      33.596988677978516,
      24.652130126953125,
      20.085865020751953,
      24.373971939086914,
      21.657596588134766,
      29.123552322387695,
      21.151123046875,
      25.995304107666016,
      23.023582458496094,
      30.405101776123047,
      19.85121726989746,
      30.499935150146484,
      23.33269691467285,
      29.048219680786133,
      16.839780807495117,
      19.406509399414062
    ],
    [
      16.523771286010742,
      39.04830551147461,
      24.652130126953125,
      43.21900939941406,
      18.482763290405273,
      31.3591365814209,
      21.11808967590332,
      31.913471221923828,
      18.04882049560547,
      28.69928741455078,
      20.55958366394043,
      34.150245666503906,
      18.756900787353516,
      33.820186614990234,
      24.069990158081055,
      30.73928451538086,
      18.759765625,
      21.130542755126953
    ],
    [
      10.682270050048828,
      23.515865325927734,
      20.085865020751953,
      18.482763290405273,
      41.80504608154297,
      31.367782592773438,
      35.92478561401367,
      30.44304656982422,
      28.4694766998291,
      23.357318878173828,
      27.532461166381836,
      24.137142181396484,
      22.12594985961914,
      22.664478302001953,
      23.055368423461914,
      21.887819290161133,
      16.211219787597656,
      15.858683586120605
    ],
    [
      16.47735023498535,
      39.556236267089844,
      24.373971939086914,
      31.3591365814209,
      31.367782592773438,
      49.725894927978516,
      30.425249099731445,
      40.49665069580078,
      24.676048278808594,
      33.884864807128906,
      26.16962432861328,
      39.3182487487793,
      25.231191635131836,
      40.0102653503418,
      25.71161651611328,
      34.849117279052734,
      19.95775604248047,
      23.632030487060547
    ],
    [
      13.68154525756836,
      29.48935890197754,
      21.657596588134766,
      21.11808967590332,
      35.92478561401367,
      30.425249099731445,
      60.580265045166016,
      43.24283981323242,
      30.321346282958984,
      26.7285099029541,
      30.07468032836914,
      26.129657745361328,
      24.418582916259766,
      24.428987503051758,
      21.95713233947754,
      23.888219833374023,
      17.77132797241211,
      17.69285774230957
    ],
    [
      20.917678833007812,
      43.24278259277344,
      29.123552322387695,
      31.913471221923828,
      30.44304656982422,
      40.49665069580078,
      43.24283981323242,
      55.69873046875,
      27.6984920501709,
      38.31260299682617,
      29.591079711914062,
      42.83301544189453,
      28.12949562072754,
      42.844547271728516,
      29.011898040771484,
      38.224464416503906,
      23.347009658813477,
      26.261821746826172
    ],
    [
      12.690716743469238,
      24.194677352905273,
      21.151123046875,
      18.04882049560547,
      28.4694766998291,
      24.676048278808594,
      30.321346282958984,
      27.6984920501709,
      55.11310577392578,
      33.53221893310547,
      40.86151123046875,
      30.769126892089844,
      31.302396774291992,
      27.42046546936035,
      33.678863525390625,
      27.443531036376953,
      22.38964080810547,
      19.909677505493164
    ],
    [
      20.8089656829834,
      40.62498092651367,
      25.995304107666016,
      28.69928741455078,
      23.357318878173828,
      33.884864807128906,
      26.7285099029541,
      38.31260299682617,
      33.53221893310547,
      49.60753631591797,
      30.75457763671875,
      51.21051025390625,
      29.811683654785156,
      49.72896194458008,
      39.04293441772461,
      44.057029724121094,
      27.912132263183594,
      29.102184295654297
    ],
    [
      13.520820617675781,
      29.420639038085938,
      23.023582458496094,
      20.55958366394043,
      27.532461166381836,
      26.16962432861328,
      30.07468032836914,
      29.591079711914062,
      40.86151123046875,
      30.75457763671875,
      46.21006393432617,
      36.340938568115234,
      34.95859146118164,
      34.11238479614258,
      36.96889114379883,
      31.418407440185547,
      23.1057071685791,
      20.395566940307617
    ],
    [
      23.628538131713867,
      48.72356414794922,
      30.405101776123047,
      34.150245666503906,
      24.137142181396484,
      39.3182487487793,
      26.129657745361328,
      42.83301544189453,
      30.769126892089844,
      51.21051025390625,
      36.340938568115234,
      64.04747772216797,
      35.11862564086914,
      62.70969009399414,
      43.90830993652344,
      54.62860870361328,
      30.524473190307617,
      34.73468017578125
    ],
    [
      13.159889221191406,
      30.794960021972656,
      19.85121726989746,
      18.756900787353516,
      22.12594985961914,
      25.231191635131836,
      24.418582916259766,
      28.12949562072754,
      31.302396774291992,
      29.811683654785156,
      34.95859146118164,
      35.11862564086914,
      47.46582794189453,
      42.2859992980957,
      47.09416961669922,
      38.529788970947266,
      34.13840866088867,
      25.095060348510742
    ],
    [
      23.645305633544922,
      51.05503463745117,
      30.499935150146484,
      33.820186614990234,
      22.664478302001953,
      40.0102653503418,
      24.428987503051758,
      42.844547271728516,
      27.42046546936035,
      49.72896194458008,
      34.11238479614258,
      62.70969009399414,
      42.2859992980957,
      74.2663803100586,
      49.29854965209961,
      65.69113159179688,
      36.5842399597168,
      42.12885284423828
    ],
    [
      15.284344673156738,
      33.012630462646484,
      23.33269691467285,
      24.069990158081055,
      23.055368423461914,
      25.71161651611328,
      21.95713233947754,
      29.011898040771484,
      33.678863525390625,
      39.04293441772461,
      36.96889114379883,
      43.90830993652344,
      47.09416961669922,
      49.29854965209961,
      69.38920593261719,
      50.36825942993164,
      50.41877746582031,
      35.009117126464844
    ],
    [
      21.326337814331055,
      45.20565414428711,
      29.048219680786133,
      30.73928451538086,
      21.887819290161133,
      34.849117279052734,
      23.888219833374023,
      38.224464416503906,
      27.443531036376953,
      44.057029724121094,
      31.418407440185547,
      54.62860870361328,
      38.529788970947266,
      65.69113159179688,
      50.36825942993164,
      68.7874755859375,
      41.151058197021484,
      48.24374771118164
    ],
    [
      11.022817611694336,
      23.847352981567383,
      16.839780807495117,
      18.759765625,
      16.211219787597656,
      19.95775604248047,
      17.77132797241211,
      23.347009658813477,
      22.38964080810547,
      27.912132263183594,
      23.1057071685791,
      30.524473190307617,
      34.13840866088867,
      36.5842399597168,
      50.41877746582031,
      41.151058197021484,
      46.08707046508789,
      33.73285675048828
    ],
    [
      13.373260498046875,
      27.719881057739258,
      19.406509399414062,
      21.130542755126953,
      15.858683586120605,
      23.632030487060547,
      17.69285774230957,
      26.261821746826172,
      19.909677505493164,
      29.102184295654297,
      20.395566940307617,
      34.73468017578125,
      25.095060348510742,
      42.12885284423828,
      35.009117126464844,
      48.24374771118164,
      33.73285675048828,
      40.3678092956543
    ]
  ],
  "damage": -17.923547744750977,
  "diff_bandwidth": 374.976806640625,
  "dissonance": 7.916669661007175,
  "drr": 15.372182846069336,
  "dynamics": 4.014096260070801,
  "format": 1245187,
  "frames": 9373611,
  "freq_pan_to_db": [
    [
      -27.643047332763672,
      -29.993595123291016,
      -27.684776306152344,
      -25.96393585205078,
      -23.49044418334961,
      -24.108898162841797,
      -25.708343505859375,
      -26.36752700805664,
      -27.64891815185547,
      -28.795425415039062,
      -29.79678726196289
    ],
    [
      -29.371871948242188,
      -29.49679946899414,
      -26.88802146911621,
      -25.31438636779785,
      -22.2656192779541,
      -21.292125701904297,
      -21.29153060913086,
      -23.70956802368164,
      -26.034780502319336,
      -28.430273056030273,
      -29.755538940429688
    ],
    [
      -28.044260025024414,
      -26.959636688232422,
      -26.33315658569336,
      -25.531631469726562,
      -23.717456817626953,
      -21.654525756835938,
      -23.447511672973633,
      -25.247159957885742,
      -26.614055633544922,
      -28.129295349121094,
      -29.415048599243164
    ],
    [
      -30.092363357543945,
      -28.614290237426758,
      -26.142900466918945,
      -24.63776206970215,
      -23.962451934814453,
      -23.23415184020996,
      -24.52202796936035,
      -26.50786018371582,
      -28.436504364013672,
      -29.574556350708008,
      -31.008668899536133
    ],
    [
      -28.58860206604004,
      -27.81602668762207,
      -25.853708267211914,
      -24.996118545532227,
      -24.174211502075195,
      -25.74738311767578,
      -25.74017333984375,
      -26.599355697631836,
      -27.183189392089844,
      -28.369888305664062,
      -29.146020889282227
    ],
    [
      -35.633544921875,
      -32.64508819580078,
      -30.370769500732422,
      -28.329172134399414,
      -27.065900802612305,
      -27.655620574951172,
      -28.484193801879883,
      -29.24980926513672,
      -30.76397132873535,
      -33.20136642456055,
      -35.24484634399414
    ],
    [
      -31.652645111083984,
      -30.966041564941406,
      -29.56866455078125,
      -28.738000869750977,
      -27.65463638305664,
      -27.489702224731445,
      -27.818876266479492,
      -27.962852478027344,
      -29.114919662475586,
      -29.934926986694336,
      -31.007465362548828
    ],
    [
      -34.70146179199219,
      -35.31888961791992,
      -33.403770446777344,
      -31.939102172851562,
      -29.8591365814209,
      -29.130760192871094,
      -30.87410545349121,
      -32.098388671875,
      -33.13555145263672,
      -33.65932083129883,
      -35.07508087158203
    ],
    [
      -30.519023895263672,
      -31.193191528320312,
      -30.860265731811523,
      -30.511058807373047,
      -30.147729873657227,
      -30.610631942749023,
      -30.873693466186523,
      -30.798194885253906,
      -31.121068954467773,
      -30.98257827758789,
      -30.341787338256836
    ],
    [
      -33.58739471435547,
      -34.40840148925781,
      -33.824073791503906,
      -33.62528991699219,
      -32.564884185791016,
      -32.29888153076172,
      -33.153770446777344,
      -33.598670959472656,
      -34.25667190551758,
      -34.85835647583008,
      -35.17308807373047
    ],
    [
      -35.13259506225586,
      -36.092159271240234,
      -36.457244873046875,
      -33.922908782958984,
      -30.905506134033203,
      -28.72062873840332,
      -31.769479751586914,
      -33.48957824707031,
      -35.23287582397461,
      -37.25054931640625,
      -37.036136627197266
    ],
    [
      -34.94868469238281,
      -36.5062255859375,
      -35.03702163696289,
      -33.164058685302734,
      -31.126184463500977,
      -29.602664947509766,
      -31.672901153564453,
      -33.620452880859375,
      -35.12971496582031,
      -35.850765228271484,
      -35.914947509765625
    ],
    [
      -37.7922477722168,
      -38.26762390136719,
      -36.722782135009766,
      -35.558963775634766,
      -34.424861907958984,
      -32.93448257446289,
      -34.850486755371094,
      -36.38742446899414,
      -35.850799560546875,
      -37.19889450073242,
      -36.935302734375
    ],
    [
      -37.63884735107422,
      -36.92169189453125,
      -36.99461364746094,
      -35.436100006103516,
      -34.55851364135742,
      -32.129398345947266,
      -35.23330307006836,
      -36.59446334838867,
      -36.9864501953125,
      -38.75774383544922,
      -37.457366943359375
    ],
    [
      -36.40570831298828,
      -36.8355827331543,
      -38.02342224121094,
      -38.14205551147461,
      -36.80269241333008,
      -33.637481689453125,
      -37.24457931518555,
      -37.4345703125,
      -38.27241516113281,
      -38.44534683227539,
      -37.21068572998047
    ],
    [
      -36.42719268798828,
      -38.04273986816406,
      -39.156856536865234,
      -39.92180633544922,
      -37.08332061767578,
      -33.870418548583984,
      -37.30918502807617,
      -38.88633346557617,
      -38.8958854675293,
      -37.00893020629883,
      -33.53092575073242
    ],
    [
      -36.45030975341797,
      -36.698890686035156,
      -39.99661636352539,
      -40.629268646240234,
      -38.22288131713867,
      -33.414485931396484,
      -39.181922912597656,
      -40.881805419921875,
      -39.745018005371094,
      -34.23805236816406,
      -34.818878173828125
    ],
    [
      -40.90001678466797,
      -40.55488586425781,
      -41.16005325317383,
      -41.38687515258789,
      -40.46994400024414,
      -36.187705993652344,
      -40.56200408935547,
      -41.784854888916016,
      -41.151363372802734,
      -38.29390335083008,
      -37.863624572753906
    ],
    [
      -42.89630126953125,
      -42.888214111328125,
      -41.607444763183594,
      -42.893775939941406,
      -41.399635314941406,
      -38.45427703857422,
      -42.81830596923828,
      -44.24757766723633,
      -42.5658073425293,
      -44.16312789916992,
      -42.050445556640625
    ],
    [
      -46.120670318603516,
      -44.97478485107422,
      -43.679378509521484,
      -45.63703918457031,
      -43.57275390625,
      -40.0249137878418,
      -43.71371078491211,
      -44.842044830322266,
      -42.55234909057617,
      -44.47970962524414,
      -45.58875274658203
    ],
    [
      -43.93122482299805,
      -44.75973892211914,
      -44.65586471557617,
      -44.599395751953125,
      -44.70073318481445,
      -42.014591217041016,
      -44.473384857177734,
      -44.58961868286133,
      -44.541378021240234,
      -44.632537841796875,
      -44.90926742553711
    ],
    [
      -45.1209831237793,
      -46.11827087402344,
      -45.57486343383789,
      -45.08829879760742,
      -45.586997985839844,
      -41.09777069091797,
      -45.144351959228516,
      -44.68568420410156,
      -45.97367477416992,
      -46.59974670410156,
      -46.24482727050781
    ],
    [
      -44.62382507324219,
      -44.391265869140625,
      -46.007938385009766,
      -46.22334671020508,
      -43.80807876586914,
      -39.21635818481445,
      -43.595455169677734,
      -45.500057220458984,
      -45.46591567993164,
      -45.9869384765625,
      -47.63883590698242
    ],
    [
      -47.76864242553711,
      -45.39460372924805,
      -47.4389762878418,
      -46.48202133178711,
      -45.348392486572266,
      -39.86891174316406,
      -45.42025375366211,
      -46.74522018432617,
      -46.00769805908203,
      -46.5076904296875,
      -47.210357666015625
    ],
    [
      -50.021968841552734,
      -45.69237518310547,
      -45.60679626464844,
      -45.338470458984375,
      -45.341392517089844,
      -43.1328239440918,
      -44.643211364746094,
      -45.14309310913086,
      -45.86441421508789,
      -45.876625061035156,
      -43.66300582885742
    ],
    [
      -46.15711212158203,
      -45.16802215576172,
      -45.00062942504883,
      -45.09194564819336,
      -45.08774185180664,
      -44.55656433105469,
      -45.072139739990234,
      -44.80021286010742,
      -45.183074951171875,
      -45.18254470825195,
      -45.081363677978516
    ],
    [
      -43.18989562988281,
      -43.782691955566406,
      -43.912574768066406,
      -44.41368103027344,
      -44.64627456665039,
      -45.032039642333984,
      -44.199867248535156,
      -43.85805130004883,
      -43.67730712890625,
      -43.09491729736328,
      -40.71663284301758
    ],
    [
      -41.4631462097168,
      -43.01324462890625,
      -45.112449645996094,
      -45.198551177978516,
      -45.550960540771484,
      -46.696510314941406,
      -45.892608642578125,
      -45.72401428222656,
      -46.88877487182617,
      -47.222511291503906,
      -43.85374069213867
    ],
    [
      -44.01185607910156,
      -44.34954833984375,
      -45.343711853027344,
      -46.73824691772461,
      -46.33624267578125,
      -48.31489944458008,
      -46.823883056640625,
      -46.34754943847656,
      -48.25591278076172,
      -48.510475158691406,
      -370
    ],
    [
      -44.45316696166992,
      -44.86981201171875,
      -46.304222106933594,
      -46.79269027709961,
      -46.95198440551758,
      -47.68463897705078,
      -48.420143127441406,
      -47.9215087890625,
      -48.51326370239258,
      -51.4516487121582,
      -51.940460205078125
    ],
    [
      -54.18772506713867,
      -46.1110954284668,
      -48.01374053955078,
      -48.42306900024414,
      -48.477142333984375,
      -47.27702713012695,
      -49.420074462890625,
      -49.2830924987793,
      -49.39392852783203,
      -52.23081588745117,
      -60.255897521972656
    ],
    [
      -62.88872146606445,
      -46.40207290649414,
      -49.80704116821289,
      -49.799468994140625,
      -50.44118881225586,
      -50.09270477294922,
      -50.71821212768555,
      -50.68625259399414,
      -51.26129150390625,
      -50.843849182128906,
      -370
    ],
    [
      -65.41958618164062,
      -46.32809066772461,
      -51.232513427734375,
      -50.182796478271484,
      -51.44013595581055,
      -51.09001159667969,
      -51.764347076416016,
      -52.08393478393555,
      -52.12751770019531,
      -51.27644348144531,
      -370
    ],
    [
      -370,
      -55.13062286376953,
      -53.235931396484375,
      -51.41855239868164,
      -51.55491256713867,
      -52.229557037353516,
      -52.064632415771484,
      -52.89881134033203,
      -55.23058319091797,
      -54.75860595703125,
      -370
    ],
    [
      -370,
      -55.34132385253906,
      -51.4616584777832,
      -52.28435134887695,
      -52.30394744873047,
      -53.440486907958984,
      -52.79191589355469,
      -52.50699996948242,
      -54.75101089477539,
      -52.51565933227539,
      -123.1318130493164
    ],
    [
      -370,
      -54.53350067138672,
      -50.35773468017578,
      -53.15320587158203,
      -53.97187423706055,
      -53.48151397705078,
      -53.36665344238281,
      -53.61109161376953,
      -55.81197738647461,
      -56.03084182739258,
      -59.552032470703125
    ],
    [
      -55.28837966918945,
      -53.54739761352539,
      -53.3447380065918,
      -53.639347076416016,
      -54.507347106933594,
      -53.447906494140625,
      -54.719879150390625,
      -54.92136001586914,
      -57.44845199584961,
      -57.2842903137207,
      -71.47265625
    ],
    [
      -53.654544830322266,
      -55.35942077636719,
      -54.53755569458008,
      -55.55668258666992,
      -56.27412414550781,
      -55.92021942138672,
      -56.59820556640625,
      -55.98302459716797,
      -58.28135681152344,
      -56.18552780151367,
      -53.19572830200195
    ],
    [
      -55.137481689453125,
      -55.591190338134766,
      -54.7805290222168,
      -57.595306396484375,
      -57.93842315673828,
      -58.53193664550781,
      -57.804962158203125,
      -56.234798431396484,
      -60.530235290527344,
      -58.901920318603516,
      -63.34111404418945
    ],
    [
      -56.33197021484375,
      -58.40711975097656,
      -56.95018768310547,
      -58.75497817993164,
      -59.96535110473633,
      -61.176918029785156,
      -59.35327911376953,
      -59.13462829589844,
      -61.912784576416016,
      -58.40675735473633,
      -370
    ],
    [
      -59.656307220458984,
      -59.7867546081543,
      -61.20319366455078,
      -60.24590301513672,
      -61.28787612915039,
      -63.845489501953125,
      -62.12464904785156,
      -60.97320556640625,
      -66.66204071044922,
      -64.79441833496094,
      -56.82534408569336
    ],
    [
      -58.58040237426758,
      -62.13434982299805,
      -60.737640380859375,
      -60.81184005737305,
      -62.30399703979492,
      -65.7367935180664,
      -62.36966323852539,
      -60.695621490478516,
      -60.99993133544922,
      -62.621219635009766,
      -63.80915451049805
    ]
  ],
  "histogram": [
    {
      "db": -70,
      "frequency": 1
    },
    {
      "db": -69,
      "frequency": 0
    },
    {
      "db": -68,
      "frequency": 1
    },
    {
      "db": -67,
      "frequency": 0
    },
    {
      "db": -66,
      "frequency": 1
    },
    {
      "db": -65,
      "frequency": 1
    },
    {
      "db": -64,
      "frequency": 0
    },
    {
      "db": -63,
      "frequency": 1
    },
    {
      "db": -62,
      "frequency": 1
    },
    {
      "db": -61,
      "frequency": 1
    },
    {
      "db": -60,
      "frequency": 1
    },
    {
      "db": -59,
      "frequency": 1
    },
    {
      "db": -58,
      "frequency": 1
    },
    {
      "db": -57,
      "frequency": 1
    },
    {
      "db": -56,
      "frequency": 1
    },
    {
      "db": -55,
      "frequency": 2
    },
    {
      "db": -54,
      "frequency": 1
    },
    {
      "db": -53,
      "frequency": 1
    },
    {
      "db": -52,
      "frequency": 2
    },
    {
      "db": -51,
      "frequency": 1
    },
    {
      "db": -50,
      "frequency": 2
    },
    {
      "db": -49,
      "frequency": 2
    },
    {
      "db": -48,
      "frequency": 2
    },
    {
      "db": -47,
      "frequency": 2
    },
    {
      "db": -46,
      "frequency": 2
    },
    {
      "db": -45,
      "frequency": 2
    },
    {
      "db": -44,
      "frequency": 2
    },
    {
      "db": -43,
      "frequency": 2
    },
    {
      "db": -42,
      "frequency": 2
    },
    {
      "db": -41,
      "frequency": 2
    },
    {
      "db": -40,
      "frequency": 2
    },
    {
      "db": -39,
      "frequency": 9
    },
    {
      "db": -38,
      "frequency": 10
    },
    {
      "db": -37,
      "frequency": 9
    },
    {
      "db": -36,
      "frequency": 30
    },
    {
      "db": -35,
      "frequency": 43
    },
    {
      "db": -34,
      "frequency": 39
    },
    {
      "db": -33,
      "frequency": 62
    },
    {
      "db": -32,
      "frequency": 82
    },
    {
      "db": -31,
      "frequency": 84
    },
    {
      "db": -30,
      "frequency": 65
    },
    {
      "db": -29,
      "frequency": 72
    },
    {
      "db": -28,
      "frequency": 82
    },
    {
      "db": -27,
      "frequency": 57
    },
    {
      "db": -26,
      "frequency": 67
    },
    {
      "db": -25,
      "frequency": 196
    },
    {
      "db": -24,
      "frequency": 397
    },
    {
      "db": -23,
      "frequency": 420
    },
    {
      "db": -22,
      "frequency": 277
    },
    {
      "db": -21,
      "frequency": 59
    },
    {
      "db": -20,
      "frequency": 4
    },
    {
      "db": -19,
      "frequency": 0
    },
    {
      "db": -18,
      "frequency": 0
    },
    {
      "db": -17,
      "frequency": 0
    },
    {
      "db": -16,
      "frequency": 0
    },
    {
      "db": -15,
      "frequency": 0
    },
    {
      "db": -14,
      "frequency": 0
    },
    {
      "db": -13,
      "frequency": 0
    },
    {
      "db": -12,
      "frequency": 0
    },
    {
      "db": -11,
      "frequency": 0
    },
    {
      "db": -10,
      "frequency": 0
    },
    {
      "db": -9,
      "frequency": 0
    },
    {
      "db": -8,
      "frequency": 0
    },
    {
      "db": -7,
      "frequency": 0
    },
    {
      "db": -6,
      "frequency": 0
    },
    {
      "db": -5,
      "frequency": 0
    },
    {
      "db": -4,
      "frequency": 0
    },
    {
      "db": -3,
      "frequency": 0
    },
    {
      "db": -2,
      "frequency": 0
    },
    {
      "db": -1,
      "frequency": 0
    },
    {
      "db": 0,
      "frequency": 0
    },
    {
      "db": 1,
      "frequency": 0
    },
    {
      "db": 2,
      "frequency": 0
    },
    {
      "db": 3,
      "frequency": 0
    },
    {
      "db": 4,
      "frequency": 0
    },
    {
      "db": 5,
      "frequency": 0
    },
    {
      "db": 6,
      "frequency": 0
    },
    {
      "db": 7,
      "frequency": 0
    },
    {
