{
  "acoustic_entropy": 156.9880828857422,
  "bands": [
    {
      "high_freq": 148.1999969482422,
      "loudness": -30.133747100830078,
      "loudness_range": 19.979076385498047,
      "mid_mean": -26.765748977661133,
      "mid_to_side_loudness": -15.533391952514648,
      "mid_to_side_loudness_range": 12.252548217773438,
      "side_mean": -43.76914596557617
    },
    {
      "high_freq": 392.3793640136719,
      "loudness": -31.116107940673828,
      "loudness_range": 11.74362564086914,
      "low_freq": 148.1999969482422,
      "mid_mean": -27.629098892211914,
      "mid_to_side_loudness": -15.941701889038086,
      "mid_to_side_loudness_range": 9.273798942565918,
      "side_mean": -44.0626335144043
    },
    {
      "high_freq": 794.6976318359375,
      "loudness": -38.59973907470703,
      "loudness_range": 12.926361083984375,
      "low_freq": 392.3793640136719,
      "mid_mean": -35.85653305053711,
      "mid_to_side_loudness": -8.07491397857666,
      "mid_to_side_loudness_range": 11.93429183959961,
      "side_mean": -43.99800491333008
    },
    {
      "high_freq": 1457.5709228515625,
      "loudness": -39.38676452636719,
      "loudness_range": 19.86026954650879,
      "low_freq": 794.6976318359375,
      "mid_mean": -37.8629264831543,
      "mid_to_side_loudness": -4.418875217437744,
      "mid_to_side_loudness_range": 11.639368057250977,
      "side_mean": -42.06611633300781
    },
    {
      "high_freq": 2549.74365234375,
      "loudness": -42.658451080322266,
      "loudness_range": 18.657115936279297,
      "low_freq": 1457.5709228515625,
      "mid_mean": -40.69135284423828,
      "mid_to_side_loudness": -4.77267599105835,
      "mid_to_side_loudness_range": 9.51322078704834,
      "side_mean": -45.470359802246094
    },
    {
      "high_freq": 4349.24462890625,
      "loudness": -43.71097946166992,
      "loudness_range": 16.21031951904297,
      "low_freq": 2549.74365234375,
      "mid_mean": -40.956764221191406,
      "mid_to_side_loudness": -7.381937026977539,
      "mid_to_side_loudness_range": 9.388190269470215,
      "side_mean": -50.49098587036133
    },
    {
      "high_freq": 7314.1640625,
      "loudness": -41.802879333496094,
      "loudness_range": 13.643905639648438,
      "low_freq": 4349.24462890625,
      "mid_mean": -38.942344665527344,
      "mid_to_side_loudness": -7.550942897796631,
      "mid_to_side_loudness_range": 8.492262840270996,
      "side_mean": -46.46969223022461
    },
    {
      "high_freq": 12199.2666015625,
      "loudness": -43.461273193359375,
      "loudness_range": 12.92696762084961,
      "low_freq": 7314.1640625,
      "mid_mean": -40.505428314208984,
      "mid_to_side_loudness": -8.066413879394531,
      "mid_to_side_loudness_range": 6.184128284454346,
      "side_mean": -50.76419448852539
    },
    {
      "loudness": -47.963191986083984,
      "loudness_range": 15.354686737060547,
      "low_freq": 12199.2666015625,
      "mid_mean": -44.98377227783203,
      "mid_to_side_loudness": -7.893141269683838,
      "mid_to_side_loudness_range": 4.0079026222229,
      "side_mean": -54.498939514160156
    }
  ],
  "bands_short": [
    {
      "high_freq": 148.1999969482422,
      "loudness": -36.24169158935547,
      "loudness_range": 30.748355865478516,
      "mid_mean": -33.868377685546875,
      "mid_to_side_loudness": -12.362333297729492,
      "mid_to_side_loudness_range": 21.7899112701416,
      "side_mean": -50.324886322021484
    },
    {
      "high_freq": 392.3793640136719,
      "loudness": -32.2734260559082,
      "loudness_range": 22.142559051513672,
      "low_freq": 148.1999969482422,
      "mid_mean": -29.24380111694336,
      "mid_to_side_loudness": -14.545029640197754,
      "mid_to_side_loudness_range": 17.478450775146484,
      "side_mean": -45.04610061645508
    },
    {
      "high_freq": 794.6976318359375,
      "loudness": -40.11373519897461,
      "loudness_range": 18.519065856933594,
      "low_freq": 392.3793640136719,
      "mid_mean": -37.89249801635742,
      "mid_to_side_loudness": -7.86077880859375,
      "mid_to_side_loudness_range": 14.797242164611816,
      "side_mean": -46.12171936035156
    },
    {
      "high_freq": 1457.5709228515625,
      "loudness": -40.05272674560547,
      "loudness_range": 22.927261352539062,
      "low_freq": 794.6976318359375,
      "mid_mean": -39.173683166503906,
      "mid_to_side_loudness": -3.9741201400756836,
      "mid_to_side_loudness_range": 14.92618465423584,
      "side_mean": -43.010520935058594
    },
    {
      "high_freq": 2549.74365234375,
      "loudness": -44.367919921875,
      "loudness_range": 22.628524780273438,
      "low_freq": 1457.5709228515625,
      "mid_mean": -43.1070442199707,
      "mid_to_side_loudness": -4.65554666519165,
      "mid_to_side_loudness_range": 12.95019245147705,
      "side_mean": -50.570953369140625
    },
    {
      "high_freq": 4349.24462890625,
      "loudness": -46.3093147277832,
      "loudness_range": 24.29205322265625,
      "low_freq": 2549.74365234375,
      "mid_mean": -44.0979118347168,
      "mid_to_side_loudness": -7.320905685424805,
      "mid_to_side_loudness_range": 12.436751365661621,
      "side_mean": -53.43380355834961
    },
    {
      "high_freq": 7314.1640625,
      "loudness": -44.09267807006836,
      "loudness_range": 23.1453857421875,
      "low_freq": 4349.24462890625,
      "mid_mean": -42.1453857421875,
      "mid_to_side_loudness": -7.597987651824951,
      "mid_to_side_loudness_range": 12.666271209716797,
      "side_mean": -52.22641372680664
    },
    {
      "high_freq": 12199.2666015625,
      "loudness": -46.76854705810547,
      "loudness_range": 25.58099365234375,
      "low_freq": 7314.1640625,
      "mid_mean": -45.26313781738281,
      "mid_to_side_loudness": -8.21828842163086,
      "mid_to_side_loudness_range": 10.110427856445312,
      "side_mean": -55.16709518432617
    },
    {
      "loudness": -52.14827346801758,
      "loudness_range": 29.38135528564453,
      "low_freq": 12199.2666015625,
      "mid_mean": -53.637611389160156,
      "mid_to_side_loudness": -8.050877571105957,
      "mid_to_side_loudness_range": 9.033441543579102,
      "side_mean": -59.15839767456055
    }
  ],
  "bandwidth": 303.7721862792969,
  "channels": 2,
  "covariance": [
    [
      57.51433563232422,
      38.99441146850586,
      21.07874298095703,
      13.465972900390625,
      11.314860343933105,
      14.966056823730469,
      14.042448997497559,
      17.25147247314453,
      8.762898445129395,
      8.34437084197998,
      8.083352088928223,
      6.121504306793213,
      7.603811264038086,
      6.617996692657471,
      4.9018659591674805,
      5.390744209289551,
      0.009343414567410946,
      2.4517998695373535
    ],
    [
      38.99441146850586,
      46.678035736083984,
      17.52643394470215,
      12.597504615783691,
      11.944510459899902,
      16.80792999267578,
      17.717248916625977,
      19.673847198486328,
      14.125600814819336,
      11.266240119934082,
      9.530982971191406,
      9.942863464355469,
      9.354959487915039,
      8.682289123535156,
      5.825482368469238,
      8.564806938171387,
      0.6557398438453674,
      4.9271769523620605
    ],
    [
      21.07874298095703,
      17.52643394470215,
      22.931482315063477,
      15.431595802307129,
      16.580223083496094,
      20.156579971313477,
      17.54533576965332,
      19.67742919921875,
      17.534034729003906,
      17.456649780273438,
      14.581624031066895,
      14.712700843811035,
      12.026017189025879,
      12.529958724975586,
      8.917267799377441,
      10.538267135620117,
      6.574700355529785,
      8.381877899169922
    ],
    [
      13.465972900390625,
      12.597504615783691,
      15.431595802307129,
      17.42534828186035,
      13.209427833557129,
      17.90009117126465,
      14.489127159118652,
      16.321975708007812,
      14.622594833374023,
      15.059356689453125,
      13.19336986541748,
      15.055891036987305,
      10.527235984802246,
      11.219437599182129,
      6.962606430053711,
      10.364477157592773,
      4.88492488861084,
      7.805492401123047
    ],
    [
      11.314860343933105,
      11.944510459899902,
      16.580223083496094,
      13.209427833557129,
      25.365079879760742,
      27.099321365356445,
      25.72283935546875,
      23.962480545043945,
      25.551666259765625,
      22.765045166015625,
      21.00558853149414,
      18.708030700683594,
      16.48560333251953,
      15.328668594360352,
      11.044233322143555,
      12.167097091674805,
      7.984201908111572,
      9.257351875305176
    ],
    [
      14.966056823730469,
      16.80792999267578,
      20.156579971313477,
      17.90009117126465,
      27.099321365356445,
      46.46273422241211,
      39.841976165771484,
      49.5907096862793,
      32.73607635498047,
      35.235633850097656,
      23.00670623779297,
      23.805030822753906,
      18.529809951782227,
      20.617740631103516,
      12.942612648010254,
      15.672325134277344,
      9.976948738098145,
      11.983171463012695
    ],
    [
      14.042448997497559,
      17.717248916625977,
      17.54533576965332,
      14.489127159118652,
      25.72283935546875,
      39.841976165771484,
      53.880191802978516,
      53.8123664855957,
      40.09839630126953,
      38.423458099365234,
      28.143535614013672,
      25.856250762939453,
      21.81825065612793,
      22.711824417114258,
      14.848008155822754,
      17.299833297729492,
      11.423822402954102,
      13.023919105529785
    ],
    [
      17.25147247314453,
      19.673847198486328,
      19.67742919921875,
      16.321975708007812,
      23.962480545043945,
      49.5907096862793,
      53.8123664855957,
      75.32923126220703,
      37.80622100830078,
      44.17377853393555,
      22.49966812133789,
      25.70255470275879,
      18.854143142700195,
      23.568185806274414,
      14.721822738647461,
      18.008853912353516,
      12.193687438964844,
      13.938267707824707
    ],
    [
      8.762898445129395,
      14.125600814819336,
      17.534034729003906,
      14.622594833374023,
      25.551666259765625,
      32.73607635498047,
      40.09839630126953,
      37.80622100830078,
      49.751224517822266,
      40.46626663208008,
      34.93067169189453,
      29.793001174926758,
      27.6867618560791,
      26.70357894897461,
      18.471345901489258,
      20.52794647216797,
      14.754515647888184,
      16.140684127807617
    ],
    [
      8.34437084197998,
      11.266240119934082,
      17.456649780273438,
      15.059356689453125,
      22.765045166015625,
      35.235633850097656,
      38.423458099365234,
      44.17377853393555,
      40.46626663208008,
      44.17742156982422,
      29.4349308013916,
      32.3842658996582,
      23.854957580566406,
      28.314067840576172,
      17.89652442932129,
      21.93943977355957,
      15.450566291809082,
      17.66902732849121
    ],
    [
      8.083352088928223,
      9.530982971191406,
      14.581624031066895,
      13.19336986541748,
      21.00558853149414,
      23.00670623779297,
      28.143535614013672,
      22.49966812133789,
      34.93067169189453,
      29.4349308013916,
      35.55887985229492,
      30.636825561523438,
      27.125228881835938,
      25.883949279785156,
      17.485822677612305,
      20.06534194946289,
      13.227437019348145,
      15.040781021118164
    ],
    [
      6.121504306793213,
      9.942863464355469,
      14.712700843811035,
      15.055891036987305,
      18.708030700683594,
      23.805030822753906,
      25.856250762939453,
      25.70255470275879,
      29.793001174926758,
      32.3842658996582,
      30.636825561523438,
      75.95159912109375,
      23.91550064086914,
      31.083879470825195,
      18.59329605102539,
      64.38402557373047,
      15.69311237335205,
      51.12720489501953
    ],
    [
      7.603811264038086,
      9.354959487915039,
      12.026017189025879,
      10.527235984802246,
      16.48560333251953,
      18.529809951782227,
      21.81825065612793,
      18.854143142700195,
      27.6867618560791,
      23.854957580566406,
      27.125228881835938,
      23.91550064086914,
      26.409515380859375,
      25.05215072631836,
      19.92728042602539,
      21.445995330810547,
      17.163265228271484,
      17.68218994140625
    ],
    [
      6.617996692657471,
      8.682289123535156,
      12.529958724975586,
      11.219437599182129,
      15.328668594360352,
      20.617740631103516,
      22.711824417114258,
      23.568185806274414,
      26.70357894897461,
      28.314067840576172,
      25.883949279785156,
      31.083879470825195,
      25.05215072631836,
      33.44596862792969,
      22.875843048095703,
      29.184383392333984,
      22.799713134765625,
      25.038644790649414
    ],
    [
      4.9018659591674805,
      5.825482368469238,
      8.917267799377441,
      6.962606430053711,
      11.044233322143555,
      12.942612648010254,
      14.848008155822754,
      14.721822738647461,
      18.471345901489258,
      17.89652442932129,
      17.485822677612305,
      18.59329605102539,
      19.92728042602539,
      22.875843048095703,
      25.12775993347168,
      24.95724868774414,
      25.716886520385742,
      23.48832893371582
    ],
    [
      5.390744209289551,
      8.564806938171387,
      10.538267135620117,
      10.364477157592773,
      12.167097091674805,
      15.672325134277344,
      17.299833297729492,
      18.008853912353516,
      20.52794647216797,
      21.93943977355957,
      20.06534194946289,
      64.38402557373047,
      21.445995330810547,
      29.184383392333984,
      24.95724868774414,
      69.71442413330078,
      28.414459228515625,
      59.82987976074219
    ],
    [
      0.009343414567410946,
      0.6557398438453674,
      6.574700355529785,
      4.88492488861084,
      7.984201908111572,
      9.976948738098145,
      11.423822402954102,
      12.193687438964844,
      14.754515647888184,
      15.450566291809082,
      13.227437019348145,
      15.69311237335205,
      17.163265228271484,
      22.799713134765625,
      25.716886520385742,
      28.414459228515625,
      35.81329345703125,
      31.975765228271484
    ],
    [
      2.4517998695373535,
      4.9271769523620605,
      8.381877899169922,
      7.805492401123047,
      9.257351875305176,
      11.983171463012695,
      13.023919105529785,
      13.938267707824707,
      16.140684127807617,
      17.66902732849121,
      15.040781021118164,
      51.12720489501953,
      17.68218994140625,
      25.038644790649414,
      23.48832893371582,
      59.82987976074219,
      31.975765228271484,
      55.49195861816406
    ]
  ],
  "covariance_short": [
    [
      119.74967193603516,
      62.045753479003906,
      67.6875,
      46.413150787353516,
      35.83176803588867,
      30.278453826904297,
      28.336153030395508,
      28.5218505859375,
      32.41268539428711,
      34.870182037353516,
      32.132537841796875,
      33.99855041503906,
      28.94693374633789,
      36.327274322509766,
      30.597591400146484,
      34.73239517211914,
      35.66544723510742,
      30.285850524902344
    ],
    [
      62.045753479003906,
      108.96009826660156,
      40.55433654785156,
      37.84716033935547,
      25.1186580657959,
      27.40860366821289,
      24.420942306518555,
      26.37553596496582,
      27.014020919799805,
      70.32677459716797,
      26.037572860717773,
      60.24359893798828,
      24.15921401977539,
      65.65528106689453,
      23.951692581176758,
      55.96613693237305,
      59.95587921142578,
      43.026729583740234
    ],
    [
      67.6875,
      40.55433654785156,
      74.31720733642578,
      44.45267868041992,
      42.37973403930664,
      37.54545593261719,
      29.770185470581055,
      28.774768829345703,
      36.969173431396484,
      38.4381103515625,
      38.54076385498047,
      37.43544006347656,
      32.90360641479492,
      38.048336029052734,
      31.939363479614258,
      35.36771011352539,
      35.61048126220703,
      31.377458572387695
    ],
    [
      46.413150787353516,
      37.84716033935547,
      44.45267868041992,
      47.756839752197266,
      30.311487197875977,
      30.697683334350586,
      22.258769989013672,
      22.118024826049805,
      28.608327865600586,
      35.515830993652344,
      31.26053810119629,
      34.05497360229492,
      26.105907440185547,
      33.67171096801758,
      25.4970760345459,
      29.682998657226562,
      30.07571029663086,
      24.946659088134766
    ],
    [
      35.83176803588867,
      25.1186580657959,
      42.37973403930664,
      30.311487197875977,
      55.237037658691406,
      42.58218002319336,
      39.871971130371094,
      34.76720428466797,
      43.2985954284668,
      39.84711456298828,
      41.4168586730957,
      35.94356155395508,
      33.57933807373047,
      33.962833404541016,
      28.101688385009766,
      29.338953018188477,
      28.215856552124023,
      24.522552490234375
    ],
    [
      30.278453826904297,
      27.40860366821289,
      37.54545593261719,
      30.697683334350586,
      42.58218002319336,
      62.18606948852539,
      47.893394470214844,
      58.2421760559082,
      45.18030548095703,
      53.66054916381836,
      37.934120178222656,
      40.22453689575195,
      31.84269905090332,
      38.816558837890625,
      28.366342544555664,
      32.07780838012695,
      30.098358154296875,
      25.794933319091797
    ],
    [
      28.336153030395508,
      24.420942306518555,
      29.770185470581055,
      22.258769989013672,
      39.871971130371094,
      47.893394470214844,
      73.8634262084961,
      67.59965515136719,
      51.979618072509766,
      50.314788818359375,
      42.17449188232422,
      38.61338806152344,
      36.05324935913086,
      37.97526931762695,
      29.681018829345703,
      30.900074005126953,
      29.383119583129883,
      24.372636795043945
    ],
    [
      28.5218505859375,
      26.37553596496582,
      28.774768829345703,
      22.118024826049805,
      34.76720428466797,
      58.2421760559082,
      67.59965515136719,
      95.76319885253906,
      48.008270263671875,
      56.53573989868164,
      33.682106018066406,
      37.549442291259766,
      30.235424041748047,
      36.70952606201172,
      26.828460693359375,
      30.038904190063477,
      28.32349967956543,
      23.888864517211914
    ],
    [
      32.41268539428711,
      27.014020919799805,
      36.969173431396484,
      28.608327865600586,
      43.2985954284668,
      45.18030548095703,
      51.979618072509766,
      48.008270263671875,
      78.85964965820312,
      63.47776412963867,
      61.926910400390625,
      51.39173126220703,
      53.72397232055664,
      51.2672233581543,
      45.70808792114258,
      44.49161911010742,
      42.71796798706055,
      36.18650817871094
    ],
    [
      34.870182037353516,
      70.32677459716797,
      38.4381103515625,
      35.515830993652344,
      39.84711456298828,
      53.66054916381836,
      50.314788818359375,
      56.53573989868164,
      63.47776412963867,
      116.00960540771484,
      56.25921630859375,
      92.96026611328125,
      50.93034362792969,
      96.07249450683594,
      50.729461669921875,
      83.00495147705078,
      84.70673370361328,
      65.25814056396484
    ],
    [
      32.132537841796875,
      26.037572860717773,
      38.54076385498047,
      31.26053810119629,
      41.4168586730957,
      37.934120178222656,
      42.17449188232422,
      33.682106018066406,
      61.926910400390625,
      56.25921630859375,
      79.57518005371094,
      63.970001220703125,
      67.97966766357422,
      65.55653381347656,
      58.88019561767578,
      57.7156982421875,
      55.31142044067383,
      45.791831970214844
    ],
    [
      33.99855041503906,
      60.24359893798828,
      37.43544006347656,
      34.05497360229492,
      35.94356155395508,
      40.22453689575195,
      38.61338806152344,
      37.549442291259766,
      51.39173126220703,
      92.96026611328125,
      63.970001220703125,
      97.00505065917969,
      58.52420425415039,
      100.45291900634766,
      59.35741424560547,
      88.862548828125,
      87.92022705078125,
      70.59650421142578
    ],
    [
      28.94693374633789,
      24.15921401977539,
      32.90360641479492,
      26.105907440185547,
      33.57933807373047,
      31.84269905090332,
      36.05324935913086,
      30.235424041748047,
      53.72397232055664,
      50.93034362792969,
      67.97966766357422,
      58.52420425415039,
      82.05531311035156,
      70.57667541503906,
      74.12737274169922,
      67.2865982055664,
      69.79611206054688,
      55.46523666381836
    ],
    [
      36.327274322509766,
      65.65528106689453,
      38.048336029052734,
      33.67171096801758,
      33.962833404541016,
      38.816558837890625,
      37.97526931762695,
      36.70952606201172,
      51.2672233581543,
      96.07249450683594,
      65.55653381347656,
      100.45291900634766,
      70.57667541503906,
      117.24888610839844,
      76.9382553100586,
      107.64495849609375,
      110.56401062011719,
      87.52104949951172
    ],
    [
      30.597591400146484,
      23.951692581176758,
      31.939363479614258,
      25.4970760345459,
      28.101688385009766,
      28.366342544555664,
      29.681018829345703,
      26.828460693359375,
      45.70808792114258,
      50.729461669921875,
      58.88019561767578,
      59.35741424560547,
      74.12737274169922,
      76.9382553100586,
      100.6632080078125,
      86.41423797607422,
      97.9478759765625,
      76.93924713134766
    ],
    [
      34.73239517211914,
      55.96613693237305,
      35.36771011352539,
      29.682998657226562,
      29.338953018188477,
      32.07780838012695,
      30.900074005126953,
      30.038904190063477,
      44.49161911010742,
      83.00495147705078,
      57.7156982421875,
      88.862548828125,
      67.2865982055664,
      107.64495849609375,
      86.41423797607422,
      110.39065551757812,
      117.77708435058594,
      94.01885986328125
    ],
    [
      35.66544723510742,
      59.95587921142578,
      35.61048126220703,
      30.07571029663086,
      28.215856552124023,
      30.098358154296875,
      29.383119583129883,
      28.32349967956543,
      42.71796798706055,
      84.70673370361328,
      55.31142044067383,
      87.92022705078125,
      69.79611206054688,
      110.56401062011719,
      97.9478759765625,
      117.77708435058594,
      139.9749298095703,
      107.5268325805664
    ],
    [
      30.285850524902344,
      43.026729583740234,
      31.377458572387695,
      24.946659088134766,
      24.522552490234375,
      25.794933319091797,
      24.372636795043945,
      23.888864517211914,
      36.18650817871094,
      65.25814056396484,
      45.791831970214844,
      70.59650421142578,
      55.46523666381836,
      87.52104949951172,
      76.93924713134766,
      94.01885986328125,
      107.5268325805664,
      88.37039947509766
    ]
  ],
  "damage": -14.63419246673584,
  "diff_bandwidth": 292.5279846191406,
  "dissonance": 8.3234124281304,
  "drr": 14.659090042114258,
  "dynamics": 4.173257350921631,
  "format": 65539,
  "frames": 11485287,
  "freq_pan_to_db": [
    [
      -24.752635955810547,
      -25.068981170654297,
      -23.358409881591797,
      -21.779052734375,
      -17.638145446777344,
      -14.117424964904785,
      -15.49240493774414,
      -19.885154724121094,
      -22.518211364746094,
      -23.868877410888672,
      -24.850061416625977
    ],
    [
      -24.788776397705078,
      -25.08495330810547,
      -23.28227424621582,
      -21.429773330688477,
      -15.2393217086792,
      -16.718669891357422,
      -14.450066566467285,
      -20.883516311645508,
      -23.32004165649414,
      -25.23854637145996,
      -26.738815307617188
    ],
    [
      -29.924835205078125,
      -28.64712905883789,
      -24.281057357788086,
      -19.653703689575195,
      -16.335325241088867,
      -19.1613712310791,
      -19.120655059814453,
      -21.710521697998047,
      -24.177534103393555,
      -28.30335807800293,
      -30.896732330322266
    ],
    [
      -36.08716583251953,
      -33.21074295043945,
      -26.267053604125977,
      -21.19370460510254,
      -19.81572914123535,
      -21.781091690063477,
      -22.178247451782227,
      -28.21006202697754,
      -33.899410247802734,
      -39.29693603515625,
      -41.32741165161133
    ],
    [
      -43.981239318847656,
      -39.2879753112793,
      -33.62390899658203,
      -27.303621292114258,
      -20.117177963256836,
      -21.605432510375977,
      -23.787921905517578,
      -31.61795997619629,
      -35.12237548828125,
      -39.702781677246094,
      -40.1925048828125
    ],
    [
      -45.938743591308594,
      -40.51569366455078,
      -35.047515869140625,
      -28.575815200805664,
      -23.08561134338379,
      -23.241222381591797,
      -25.470693588256836,
      -31.261554718017578,
      -36.26833724975586,
      -39.78481674194336,
      -45.11759948730469
    ],
    [
      -40.2431755065918,
      -36.843017578125,
      -32.66437911987305,
      -28.597970962524414,
      -25.352079391479492,
      -25.594280242919922,
      -26.98096466064453,
      -30.726896286010742,
      -33.095027923583984,
      -36.091983795166016,
      -38.623199462890625
    ],
    [
      -35.13209533691406,
      -35.78358459472656,
      -32.735294342041016,
      -30.5294132232666,
      -27.826810836791992,
      -29.008934020996094,
      -30.70187759399414,
      -32.28406524658203,
      -33.08789825439453,
      -35.67528533935547,
      -36.22742462158203
    ],
    [
      -32.397422790527344,
      -34.75495910644531,
      -34.81220626831055,
      -33.7072639465332,
      -32.26963806152344,
      -31.452425003051758,
      -30.029661178588867,
      -33.60016632080078,
      -34.057430267333984,
      -35.47834396362305,
      -34.39468765258789
    ],
    [
      -34.175724029541016,
      -33.680030822753906,
      -34.61198806762695,
      -34.547725677490234,
      -34.025177001953125,
      -31.58683967590332,
      -28.16642951965332,
      -32.1579704284668,
      -33.737937927246094,
      -33.13923263549805,
      -32.395206451416016
    ],
    [
      -34.435585021972656,
      -35.73655700683594,
      -34.99155044555664,
      -34.218318939208984,
      -33.921749114990234,
      -31.572481155395508,
      -31.75800895690918,
      -34.698143005371094,
      -35.74946212768555,
      -35.10679244995117,
      -37.88850402832031
    ],
    [
      -31.258838653564453,
      -32.54112243652344,
      -32.92937469482422,
      -33.27912902832031,
      -33.21778106689453,
      -32.53852081298828,
      -31.470304489135742,
      -32.88601303100586,
      -33.42333221435547,
      -33.93452453613281,
      -34.29853439331055
    ],
    [
      -33.35113525390625,
      -33.92878341674805,
      -35.20506286621094,
      -35.65782928466797,
      -34.73881912231445,
      -34.400596618652344,
      -33.78178787231445,
      -34.53038024902344,
      -34.442684173583984,
      -34.85780334472656,
      -33.72655487060547
    ],
    [
      -31.60784149169922,
      -32.7403678894043,
      -33.99481201171875,
      -33.99626159667969,
      -35.72076416015625,
      -35.0053825378418,
      -34.05079650878906,
      -33.92667770385742,
      -33.77235412597656,
      -33.46684265136719,
      -33.27332305908203
    ],
    [
      -32.43544006347656,
      -33.16499328613281,
      -31.130102157592773,
      -32.25455093383789,
      -34.57927703857422,
      -32.77442169189453,
      -33.10806655883789,
      -31.996036529541016,
      -31.683475494384766,
      -32.580665588378906,
      -31.4658260345459
    ],
    [
      -34.18488311767578,
      -32.40182876586914,
      -26.991943359375,
      -31.828439712524414,
      -34.284332275390625,
      -32.87807083129883,
      -33.110530853271484,
      -29.679529190063477,
      -29.189029693603516,
      -31.51156234741211,
      -29.584321975708008
    ],
    [
      -32.496402740478516,
      -30.938798904418945,
      -30.556962966918945,
      -30.39521598815918,
      -33.27479934692383,
      -34.27348327636719,
      -32.288352966308594,
      -31.21448516845703,
      -32.540977478027344,
      -32.0463981628418,
      -32.4161262512207
    ],
    [
      -33.39069366455078,
      -34.19268798828125,
      -35.29721450805664,
      -36.690162658691406,
      -36.936988830566406,
      -35.96533966064453,
      -35.734031677246094,
      -35.86079406738281,
      -36.07797622680664,
      -35.525753021240234,
      -36.28739929199219
    ],
    [
      -36.34440612792969,
      -37.294010162353516,
      -36.292076110839844,
      -36.362693786621094,
      -36.937095642089844,
      -37.44767761230469,
      -36.55065155029297,
      -37.59063720703125,
      -36.45976638793945,
      -36.87995147705078,
      -37.98458480834961
    ],
    [
      -41.366851806640625,
      -40.64976501464844,
      -40.102622985839844,
      -40.165245056152344,
      -40.07701873779297,
      -39.34893798828125,
      -39.82197189331055,
      -39.61072540283203,
      -39.378475189208984,
      -40.542179107666016,
      -38.15435028076172
    ],
    [
      -40.12331771850586,
      -40.9461555480957,
      -41.782310485839844,
      -41.243682861328125,
      -40.67810821533203,
      -40.30284118652344,
      -40.93406677246094,
      -40.1945915222168,
      -41.69538879394531,
      -42.35548400878906,
      -40.54751968383789
    ],
    [
      -42.177589416503906,
      -43.30357360839844,
      -42.43031311035156,
      -40.44413757324219,
      -41.637779235839844,
      -41.60361862182617,
      -42.15861511230469,
      -42.26022720336914,
      -43.322505950927734,
      -42.64507293701172,
      -45.6101188659668
    ],
    [
      -46.787139892578125,
      -44.872501373291016,
      -44.60643005371094,
      -45.17298126220703,
      -42.94611740112305,
      -42.4699821472168,
      -43.43559265136719,
      -44.6027717590332,
      -43.44988250732422,
      -44.54854202270508,
      -44.618717193603516
    ],
    [
      -43.53107833862305,
      -43.24974822998047,
      -44.25654602050781,
      -44.74220657348633,
      -44.341827392578125,
      -43.43410873413086,
      -44.73871994018555,
      -43.94684982299805,
      -44.10210418701172,
      -43.259212493896484,
      -43.34960174560547
    ],
    [
      -49.172550201416016,
      -47.699893951416016,
      -45.2015266418457,
      -45.148338317871094,
      -45.46914291381836,
      -45.75776672363281,
      -44.982513427734375,
      -45.13248062133789,
      -45.19444274902344,
      -44.12071228027344,
      -44.13655471801758
    ],
    [
      -49.47521209716797,
      -47.01463317871094,
      -45.82923889160156,
      -45.17981719970703,
      -44.42231750488281,
      -43.73493957519531,
      -44.61640167236328,
      -45.235687255859375,
      -45.29747772216797,
      -44.43092727661133,
      -43.04591751098633
    ],
    [
      -57.40644073486328,
      -44.58016586303711,
      -44.1613883972168,
      -44.67495346069336,
      -44.07261276245117,
      -41.24586486816406,
      -43.8218879699707,
      -44.475181579589844,
      -43.819061279296875,
      -44.34178161621094,
      -42.9289665222168
    ],
    [
      -54.44820785522461,
      -44.00098419189453,
      -44.46632385253906,
      -44.575103759765625,
      -44.59407424926758,
      -43.675453186035156,
      -43.43758773803711,
      -44.01111602783203,
      -44.318359375,
      -45.451194763183594,
      -52.523582458496094
    ],
    [
      -49.76729202270508,
      -46.224422454833984,
      -44.066707611083984,
      -43.9821662902832,
      -43.518775939941406,
      -42.24472427368164,
      -42.30842590332031,
      -43.7196159362793,
      -43.66664123535156,
      -44.03545379638672,
      -46.62172317504883
    ],
    [
      -48.35516357421875,
      -47.05397415161133,
      -43.97393798828125,
      -43.40090560913086,
      -43.089134216308594,
      -42.262733459472656,
      -41.77858352661133,
      -43.057308197021484,
      -42.823753356933594,
      -43.2949104309082,
      -40.5756950378418
    ],
    [
      -50.914974212646484,
      -47.32912826538086,
      -45.28668975830078,
      -45.52361297607422,
      -44.85265350341797,
      -43.590187072753906,
      -43.49726867675781,
      -44.07907485961914,
      -44.187923431396484,
      -44.09632873535156,
      -57.072898864746094
    ],
    [
      -370,
      -54.4933967590332,
      -49.45304870605469,
      -47.8392448425293,
      -46.264854431152344,
      -44.46843338012695,
      -43.26423263549805,
      -43.70205307006836,
      -43.87242126464844,
      -43.637142181396484,
      -49.6027717590332
    ],
    [
      -43.90752029418945,
      -58.27781677246094,
      -51.2541389465332,
      -49.39751052856445,
      -46.92301940917969,
      -44.82440948486328,
      -43.60715866088867,
      -44.42281723022461,
      -44.70957565307617,
      -48.744747161865234,
      -50.090126037597656
    ],
    [
      -50.22093200683594,
      -61.76715850830078,
      -47.87566375732422,
      -47.995113372802734,
      -46.05253219604492,
      -44.941097259521484,
      -44.47142791748047,
      -45.03009796142578,
      -46.658111572265625,
      -54.176231384277344,
      -52.67898941040039
    ],
    [
      -49.28581237792969,
      -62.03738784790039,
      -49.937503814697266,
      -43.907840728759766,
      -43.62876510620117,
      -44.204654693603516,
      -44.194091796875,
      -45.78231430053711,
      -49.24342346191406,
      -51.27922439575195,
      -55.426597595214844
    ],
    [
      -58.204891204833984,
      -57.36708450317383,
      -46.20018005371094,
      -46.282283782958984,
      -45.62383270263672,
      -45.5382194519043,
      -45.158138275146484,
      -47.32106399536133,
      -48.59263229370117,
      -52.70882034301758,
      -57.577274322509766
    ],
    [
      -63.2469596862793,
      -50.37773513793945,
      -43.42496871948242,
      -45.30363082885742,
      -46.43574905395508,
      -46.72102737426758,
      -45.170326232910156,
      -46.820518493652344,
      -51.26899337768555,
      -58.55216979980469,
      -49.84209442138672
    ],
    [
      -68.74642944335938,
      -66.12932586669922,
      -64.21431732177734,
      -49.04805374145508,
      -47.296653747558594,
      -47.648624420166016,
      -46.56145095825195,
      -48.956825256347656,
      -52.808223724365234,
      -54.504276275634766,
      -56.0223503112793
    ],
    [
      -49.11277389526367,
      -65.6041259765625,
      -66.31822204589844,
      -48.1944694519043,
      -46.69319534301758,
      -47.90571975708008,
      -47.60911178588867,
      -51.121620178222656,
      -54.405887603759766,
      -54.24303436279297,
      -59.69070053100586
    ],
    [
      -71.23257446289062,
      -89.35819244384766,
      -56.85612106323242,
      -47.56240463256836,
      -46.53165817260742,
      -48.87936782836914,
      -50.941410064697266,
      -55.37384796142578,
      -58.53741455078125,
      -65.4612808227539,
      -67.73074340820312
    ],
    [
      -370,
      -63.82265853881836,
      -62.783538818359375,
      -50.89503479003906,
      -47.90556716918945,
      -50.18943786621094,
      -57.42482376098633,
      -68.49388122558594,
      -67.3390884399414,
      -67.90800476074219,
      -370
    ],
    [
      -370,
      -81.80868530273438,
      -74.01884460449219,
      -76.05310821533203,
      -59.2220458984375,
      -51.06616973876953,
      -63.13999938964844,
      -79.54219055175781,
      -75.36766052246094,
      -74.22480010986328,
      -73.57762145996094
    ]
  ],
  "histogram": [
    {
      "db": -70,
      "frequency": 1
    },
    {
      "db": -69,
      "frequency": 0
    },
    {
      "db": -68,
      "frequency": 1
    },
    {
      "db": -67,
      "frequency": 1
    },
    {
      "db": -66,
      "frequency": 1
    },
    {
      "db": -65,
      "frequency": 1
    },
    {
      "db": -64,
      "frequency": 1
    },
    {
      "db": -63,
      "frequency": 2
    },
    {
      "db": -62,
      "frequency": 1
    },
    {
      "db": -61,
      "frequency": 0
    },
    {
      "db": -60,
      "frequency": 1
    },
    {
      "db": -59,
      "frequency": 1
    },
    {
      "db": -58,
      "frequency": 1
    },
    {
      "db": -57,
      "frequency": 0
    },
    {
      "db": -56,
      "frequency": 1
    },
    {
      "db": -55,
      "frequency": 1
    },
    {
      "db": -54,
      "frequency": 0
    },
    {
      "db": -53,
      "frequency": 2
    },
    {
      "db": -52,
      "frequency": 0
    },
    {
      "db": -51,
      "frequency": 0
    },
    {
      "db": -50,
      "frequency": 1
    },
    {
      "db": -49,
      "frequency": 0
    },
    {
      "db": -48,
      "frequency": 0
    },
    {
      "db": -47,
      "frequency": 0
    },
    {
      "db": -46,
      "frequency": 0
    },
    {
      "db": -45,
      "frequency": 1
    },
    {
      "db": -44,
      "frequency": 0
    },
    {
      "db": -43,
      "frequency": 2
    },
    {
      "db": -42,
      "frequency": 1
    },
    {
      "db": -41,
      "frequency": 0
    },
    {
      "db": -40,
      "frequency": 1
    },
    {
      "db": -39,
      "frequency": 2
    },
    {
      "db": -38,
      "frequency": 7
    },
    {
      "db": -37,
      "frequency": 5
    },
    {
      "db": -36,
      "frequency": 18
    },
    {
      "db": -35,
      "frequency": 21
    },
    {
      "db": -34,
      "frequency": 15
    },
    {
      "db": -33,
      "frequency": 21
    },
    {
      "db": -32,
      "frequency": 35
    },
    {
      "db": -31,
      "frequency": 20
    },
    {
      "db": -30,
      "frequency": 38
    },
    {
      "db": -29,
      "frequency": 27
    },
    {
      "db": -28,
      "frequency": 61
    },
    {
      "db": -27,
      "frequency": 67
    },
    {
      "db": -26,
      "frequency": 57
    },
    {
      "db": -25,
      "frequency": 140
    },
    {
      "db": -24,
      "frequency": 208
    },
    {
      "db": -23,
      "frequency": 259
    },
    {
      "db": -22,
      "frequency": 272
    },
    {
      "db": -21,
      "frequency": 302
    },
    {
      "db": -20,
      "frequency": 321
    },
    {
      "db": -19,
      "frequency": 251
    },
    {
      "db": -18,
      "frequency": 125
    },
    {
      "db": -17,
      "frequency": 59
    },
    {
      "db": -16,
      "frequency": 9
    },
    {
      "db": -15,
      "frequency": 0
    },
    {
      "db": -14,
      "frequency": 0
    },
    {
      "db": -13,
      "frequency": 0
    },
    {
      "db": -12,
      "frequency": 0
    },
    {
      "db": -11,
      "frequency": 0
    },
    {
      "db": -10,
      "frequency": 0
    },
    {
      "db": -9,
      "frequency": 0
    },
    {
      "db": -8,
      "frequency": 0
    },
    {
      "db": -7,
      "frequency": 0
    },
    {
      "db": -6,
      "frequency": 0
    },
    {
      "db": -5,
      "frequency": 0
    },
    {
      "db": -4,
      "frequency": 0
    },
    {
      "db": -3,
      "frequency": 0
    },
    {
      "db": -2,
      "frequency": 0
    },
    {
      "db": -1,
      "frequency": 0
    },
    {
      "db": 0,
      "frequency": 0
    },
    {
      "db": 1,
      "frequency": 0
    },
    {
      "db": 2,
      "frequency": 0
    },
    {
      "db": 3,
      "frequency": 0
    },
    {
      "db": 4,
      "frequency": 0
    },
    {
      "db": 5,
      "frequency": 0
    },
    {
      "db": 6,
      "frequency": 0
    },
    {
      "db": 7,
      "frequency": 0
