{
  "acoustic_entropy": 183.24456787109375,
  "bands": [
    {
      "high_freq": 148.1999969482422,
      "loudness": -33.180824279785156,
      "loudness_range": 13.210504531860352,
      "mid_mean": -29.573076248168945,
      "mid_to_side_loudness": -22.779443740844727,
      "mid_to_side_loudness_range": 27.159832000732422,
      "side_mean": -51.95252227783203
    },
    {
      "high_freq": 392.3793640136719,
      "loudness": -32.762413024902344,
      "loudness_range": 11.729272842407227,
      "low_freq": 148.1999969482422,
      "mid_mean": -29.382715225219727,
      "mid_to_side_loudness": -12.170756340026855,
      "mid_to_side_loudness_range": 10.448901176452637,
      "side_mean": -41.87510299682617
    },
    {
      "high_freq": 794.6976318359375,
      "loudness": -35.99055099487305,
      "loudness_range": 13.939733505249023,
      "low_freq": 392.3793640136719,
      "mid_mean": -32.975067138671875,
      "mid_to_side_loudness": -9.184983253479004,
      "mid_to_side_loudness_range": 13.350518226623535,
      "side_mean": -42.41092300415039
    },
    {
      "high_freq": 1457.5709228515625,
      "loudness": -40.755615234375,
      "loudness_range": 20.44070053100586,
      "low_freq": 794.6976318359375,
      "mid_mean": -37.75831985473633,
      "mid_to_side_loudness": -9.183351516723633,
      "mid_to_side_loudness_range": 12.98965072631836,
      "side_mean": -47.09572219848633
    },
    {
      "high_freq": 2549.74365234375,
      "loudness": -42.66034698486328,
      "loudness_range": 18.302642822265625,
      "low_freq": 1457.5709228515625,
      "mid_mean": -39.74119567871094,
      "mid_to_side_loudness": -8.508268356323242,
      "mid_to_side_loudness_range": 13.286502838134766,
      "side_mean": -48.409114837646484
    },
    {
      "high_freq": 4349.24462890625,
      "loudness": -42.013553619384766,
      "loudness_range": 16.20206069946289,
      "low_freq": 2549.74365234375,
      "mid_mean": -38.98004913330078,
      "mid_to_side_loudness": -9.625875473022461,
      "mid_to_side_loudness_range": 14.21829891204834,
      "side_mean": -48.686214447021484
    },
    {
      "high_freq": 7314.1640625,
      "loudness": -46.50553894042969,
      "loudness_range": 17.290599822998047,
      "low_freq": 4349.24462890625,
      "mid_mean": -43.69797134399414,
      "mid_to_side_loudness": -8.4493989944458,
      "mid_to_side_loudness_range": 15.217726707458496,
      "side_mean": -52.41487121582031
    },
    {
      "high_freq": 12199.2666015625,
      "loudness": -51.602020263671875,
      "loudness_range": 18.36663818359375,
      "low_freq": 7314.1640625,
      "mid_mean": -50.453041076660156,
      "mid_to_side_loudness": -6.5710768699646,
      "mid_to_side_loudness_range": 17.387563705444336,
      "side_mean": -56.074668884277344
    },
    {
      "loudness": -59.31291961669922,
      "loudness_range": 20.014163970947266,
      "low_freq": 12199.2666015625,
      "mid_mean": -57.68840789794922,
      "mid_to_side_loudness": -5.196944236755371,
      "mid_to_side_loudness_range": 14.384262084960938,
      "side_mean": -61.24150466918945
    }
  ],
  "bands_short": [
    {
      "high_freq": 148.1999969482422,
      "loudness": -35.05861282348633,
      "loudness_range": 15.241485595703125,
      "mid_mean": -31.462562561035156,
      "mid_to_side_loudness": -23.66579818725586,
      "mid_to_side_loudness_range": 29.94371223449707,
      "side_mean": -54.848602294921875
    },
    {
      "high_freq": 392.3793640136719,
      "loudness": -32.66600799560547,
      "loudness_range": 14.075153350830078,
      "low_freq": 148.1999969482422,
      "mid_mean": -29.302536010742188,
      "mid_to_side_loudness": -12.76298999786377,
      "mid_to_side_loudness_range": 14.133933067321777,
      "side_mean": -42.38459396362305
    },
    {
      "high_freq": 794.6976318359375,
      "loudness": -36.936580657958984,
      "loudness_range": 16.79537582397461,
      "low_freq": 392.3793640136719,
      "mid_mean": -34.01530456542969,
      "mid_to_side_loudness": -9.146010398864746,
      "mid_to_side_loudness_range": 15.621883392333984,
      "side_mean": -43.42131423950195
    },
    {
      "high_freq": 1457.5709228515625,
      "loudness": -40.99504470825195,
      "loudness_range": 22.093517303466797,
      "low_freq": 794.6976318359375,
      "mid_mean": -38.098182678222656,
      "mid_to_side_loudness": -8.890397071838379,
      "mid_to_side_loudness_range": 15.170920372009277,
      "side_mean": -47.22372055053711
    },
    {
      "high_freq": 2549.74365234375,
      "loudness": -43.91008377075195,
      "loudness_range": 20.74673080444336,
      "low_freq": 1457.5709228515625,
      "mid_mean": -41.16285705566406,
      "mid_to_side_loudness": -7.9500412940979,
      "mid_to_side_loudness_range": 15.050027847290039,
      "side_mean": -49.33687210083008
    },
    {
      "high_freq": 4349.24462890625,
      "loudness": -42.88238525390625,
      "loudness_range": 19.07707977294922,
      "low_freq": 2549.74365234375,
      "mid_mean": -39.91629409790039,
      "mid_to_side_loudness": -9.494744300842285,
      "mid_to_side_loudness_range": 15.425525665283203,
      "side_mean": -50.044097900390625
    },
    {
      "high_freq": 7314.1640625,
      "loudness": -47.64436721801758,
      "loudness_range": 20.5772705078125,
      "low_freq": 4349.24462890625,
      "mid_mean": -44.89207458496094,
      "mid_to_side_loudness": -8.53156852722168,
      "mid_to_side_loudness_range": 16.859657287597656,
      "side_mean": -53.6226921081543
    },
    {
      "high_freq": 12199.2666015625,
      "loudness": -53.74136734008789,
      "loudness_range": 23.571704864501953,
      "low_freq": 7314.1640625,
      "mid_mean": -52.52790832519531,
      "mid_to_side_loudness": -7.210194110870361,
      "mid_to_side_loudness_range": 20.294214248657227,
      "side_mean": -58.259132385253906
    },
    {
      "loudness": -62.37825012207031,
      "loudness_range": 25.706764221191406,
      "low_freq": 12199.2666015625,
      "mid_mean": -60.110313415527344,
      "mid_to_side_loudness": -7.087069034576416,
      "mid_to_side_loudness_range": 20.42841148376465,
      "side_mean": -63.732479095458984
    }
  ],
  "bandwidth": 409.29412841796875,
  "channels": 2,
  "covariance": [
    [
      24.383708953857422,
      37.51430892944336,
      15.72784423828125,
      17.469783782958984,
      10.114505767822266,
      18.59589385986328,
      13.76528549194336,
      21.94430923461914,
      11.057276725769043,
      20.308719635009766,
      12.697661399841309,
      24.129186630249023,
      12.34343433380127,
      27.704421997070312,
      16.42383575439453,
      27.637794494628906,
      13.721665382385254,
      19.403902053833008
    ],
    [
      37.51430892944336,
      105.521728515625,
      32.20016098022461,
      39.53486251831055,
      20.690412521362305,
      42.44484329223633,
      30.067134857177734,
      49.373435974121094,
      21.76790428161621,
      42.43692398071289,
      28.22517967224121,
      53.338253021240234,
      28.581607818603516,
      60.47541046142578,
      34.8509635925293,
      58.25962448120117,
      30.662853240966797,
      42.08758544921875
    ],
    [
      15.72784423828125,
      32.20016098022461,
      21.413352966308594,
      18.632165908813477,
      14.318907737731934,
      19.196327209472656,
      15.919639587402344,
      22.566165924072266,
      15.482870101928711,
      21.35404396057129,
      17.434974670410156,
      25.454721450805664,
      14.504228591918945,
      26.395235061645508,
      19.149887084960938,
      27.146724700927734,
      15.484251976013184,
      19.935157775878906
    ],
    [
      17.469783782958984,
      39.53486251831055,
      18.632165908813477,
      29.695119857788086,
      13.059025764465332,
      24.970544815063477,
      15.356318473815918,
      25.219968795776367,
      13.858847618103027,
      22.935094833374023,
      16.23017692565918,
      28.31629180908203,
      13.858914375305176,
      31.13196563720703,
      20.275989532470703,
      30.45214080810547,
      17.46164894104004,
      22.86229705810547
    ],
    [
      10.114505767822266,
      20.690412521362305,
      14.318907737731934,
      13.059025764465332,
      28.39645767211914,
      23.769956588745117,
      27.446115493774414,
      24.04117774963379,
      19.994596481323242,
      19.321086883544922,
      19.627933502197266,
      19.46541976928711,
      14.543951034545898,
      18.86524772644043,
      16.871231079101562,
      19.831554412841797,
      13.484609603881836,
      15.303715705871582
    ],
    [
      18.59589385986328,
      42.44484329223633,
      19.196327209472656,
      24.970544815063477,
      23.769956588745117,
      38.44240188598633,
      24.209150314331055,
      33.483848571777344,
      18.69278335571289,
      29.098175048828125,
      20.860942840576172,
      34.25029373168945,
      18.230710983276367,
      36.52230453491211,
      20.43960189819336,
      34.73201370239258,
      18.091346740722656,
      26.277206420898438
    ],
    [
      13.76528549194336,
      30.067134857177734,
      15.919639587402344,
      15.356318473815918,
      27.446115493774414,
      24.209150314331055,
      47.52341079711914,
      36.68219757080078,
      22.306804656982422,
      23.085872650146484,
      22.30185890197754,
      22.815265655517578,
      16.893278121948242,
      21.83234405517578,
      18.10418701171875,
      23.658832550048828,
      16.280418395996094,
      19.025583267211914
    ],
    [
      21.94430923461914,
      49.373435974121094,
      22.566165924072266,
      25.219968795776367,
      24.04117774963379,
      33.483848571777344,
      36.68219757080078,
      45.406490325927734,
      22.803091049194336,
      33.84637451171875,
      25.069067001342773,
      38.773311614990234,
      21.928714752197266,
      39.363529205322266,
      24.40742301940918,
      39.41913986206055,
      22.723291397094727,
      30.651634216308594
    ],
    [
      11.057276725769043,
      21.76790428161621,
      15.482870101928711,
      13.858847618103027,
      19.994596481323242,
      18.69278335571289,
      22.306804656982422,
      22.803091049194336,
      39.315330505371094,
      27.20162010192871,
      29.511899948120117,
      24.74687957763672,
      21.835031509399414,
      22.91030502319336,
      25.68161392211914,
      25.648670196533203,
      19.408342361450195,
      20.615001678466797
    ],
    [
      20.308719635009766,
      42.43692398071289,
      21.35404396057129,
      22.935094833374023,
      19.321086883544922,
      29.098175048828125,
      23.085872650146484,
      33.84637451171875,
      27.20162010192871,
      37.012489318847656,
      25.716672897338867,
      40.29291915893555,
      23.5252628326416,
      41.53900909423828,
      27.49482536315918,
      41.64921569824219,
      23.981277465820312,
      32.17924118041992
    ],
    [
      12.697661399841309,
      28.22517967224121,
      17.434974670410156,
      16.23017692565918,
      19.627933502197266,
      20.860942840576172,
      22.30185890197754,
      25.069067001342773,
      29.511899948120117,
      25.716672897338867,
      32.39244842529297,
      30.202682495117188,
      24.139102935791016,
      28.862709045410156,
      27.686643600463867,
      29.096908569335938,
      20.153810501098633,
      21.689197540283203
    ],
    [
      24.129186630249023,
      53.338253021240234,
      25.454721450805664,
      28.31629180908203,
      19.46541976928711,
      34.25029373168945,
      22.815265655517578,
      38.773311614990234,
      24.74687957763672,
      40.29291915893555,
      30.202682495117188,
      51.769805908203125,
      27.545665740966797,
      52.73200988769531,
      30.850099563598633,
      50.82469177246094,
      26.629796981811523,
      38.139015197753906
    ],
    [
      12.34343433380127,
      28.581607818603516,
      14.504228591918945,
      13.858914375305176,
      14.543951034545898,
      18.230710983276367,
      16.893278121948242,
      21.928714752197266,
      21.835031509399414,
      23.5252628326416,
      24.139102935791016,
      27.545665740966797,
      34.41249084472656,
      34.7607307434082,
      36.88008117675781,
      33.821617126464844,
      30.05678367614746,
      24.82234001159668
    ],
    [
      27.704421997070312,
      60.47541046142578,
      26.395235061645508,
      31.13196563720703,
      18.86524772644043,
      36.52230453491211,
      21.83234405517578,
      39.363529205322266,
      22.91030502319336,
      41.53900909423828,
      28.862709045410156,
      52.73200988769531,
      34.7607307434082,
      70.52488708496094,
      46.68862533569336,
      66.45437622070312,
      39.13291931152344,
      48.704124450683594
    ],
    [
      16.42383575439453,
      34.8509635925293,
      19.149887084960938,
      20.275989532470703,
      16.871231079101562,
      20.43960189819336,
      18.10418701171875,
      24.40742301940918,
      25.68161392211914,
      27.49482536315918,
      27.686643600463867,
      30.850099563598633,
      36.88008117675781,
      46.68862533569336,
      60.492652893066406,
      47.919654846191406,
      48.17873001098633,
      36.09233474731445
    ],
    [
      27.637794494628906,
      58.25962448120117,
      27.146724700927734,
      30.45214080810547,
      19.831554412841797,
      34.73201370239258,
      23.658832550048828,
      39.41913986206055,
      25.648670196533203,
      41.64921569824219,
      29.096908569335938,
      50.82469177246094,
      33.821617126464844,
      66.45437622070312,
      47.919654846191406,
      69.69264221191406,
      42.776832580566406,
      53.70557403564453
    ],
    [
      13.721665382385254,
      30.662853240966797,
      15.484251976013184,
      17.46164894104004,
      13.484609603881836,
      18.091346740722656,
      16.280418395996094,
      22.723291397094727,
      19.408342361450195,
      23.981277465820312,
      20.153810501098633,
      26.629796981811523,
      30.05678367614746,
      39.13291931152344,
      48.17873001098633,
      42.776832580566406,
      44.98817825317383,
      35.75945281982422
    ],
    [
      19.403902053833008,
      42.08758544921875,
      19.935157775878906,
      22.86229705810547,
      15.303715705871582,
      26.277206420898438,
      19.025583267211914,
      30.651634216308594,
      20.615001678466797,
      32.17924118041992,
      21.689197540283203,
      38.139015197753906,
      24.82234001159668,
      48.704124450683594,
      36.09233474731445,
      53.70557403564453,
      35.75945281982422,
      45.6932373046875
    ]
  ],
  "covariance_short": [
    [
      27.331453323364258,
      26.268627166748047,
      15.125251770019531,
      13.189050674438477,
      7.796850204467773,
      13.382301330566406,
      10.422077178955078,
      17.192672729492188,
      9.550028800964355,
      17.116374969482422,
      10.208749771118164,
      21.8693790435791,
      10.543489456176758,
      22.108713150024414,
      13.248189926147461,
      20.234676361083984,
      9.689736366271973,
      12.761764526367188
    ],
    [
      26.268627166748047,
      91.90748596191406,
      32.650177001953125,
      39.242881774902344,
      23.01766586303711,
      40.332725524902344,
      29.53421974182129,
      45.701332092285156,
      23.966508865356445,
      38.80364990234375,
      29.551864624023438,
      52.45967483520508,
      31.355083465576172,
      55.99072265625,
      35.20283126831055,
      51.632694244384766,
      26.643278121948242,
      33.22385787963867
    ],
    [
      15.125251770019531,
      32.650177001953125,
      28.043291091918945,
      21.312274932861328,
      17.37316131591797,
      21.422801971435547,
      18.42369842529297,
      25.619945526123047,
      17.99905776977539,
      23.82723617553711,
      19.775407791137695,
      28.415800094604492,
      17.060588836669922,
      28.822608947753906,
      21.62050437927246,
      28.142364501953125,
      16.027639389038086,
      19.233701705932617
    ],
    [
      13.189050674438477,
      39.242881774902344,
      21.312274932861328,
      40.156349182128906,
      16.337596893310547,
      29.005891799926758,
      18.597814559936523,
      29.074092864990234,
      15.788633346557617,
      25.205921173095703,
      18.280933380126953,
      32.68595504760742,
      16.61935806274414,
      32.86581802368164,
      22.708189010620117,
      30.741355895996094,
      18.344940185546875,
      21.87809944152832
    ],
    [
      7.796850204467773,
      23.01766586303711,
      17.37316131591797,
      16.337596893310547,
      39.96046829223633,
      29.322233200073242,
      33.72746658325195,
      28.383785247802734,
      26.564754486083984,
      22.28029441833496,
      25.714000701904297,
      23.37792205810547,
      20.215158462524414,
      22.104726791381836,
      22.50641632080078,
      21.818410873413086,
      16.551311492919922,
      16.300081253051758
    ],
    [
      13.382301330566406,
      40.332725524902344,
      21.422801971435547,
      29.005891799926758,
      29.322233200073242,
      47.3044548034668,
      28.11600685119629,
      37.65858840942383,
      22.63445281982422,
      32.19938659667969,
      24.201345443725586,
      38.3223762512207,
      23.395395278930664,
      39.661293029785156,
      25.02008819580078,
      35.621368408203125,
      20.21573257446289,
      25.181610107421875
    ],
    [
      10.422077178955078,
      29.53421974182129,
      18.42369842529297,
      18.597814559936523,
      33.72746658325195,
      28.11600685119629,
      57.78774642944336,
      41.293052673339844,
      28.33980369567871,
      25.541133880615234,
      28.07258415222168,
      25.403833389282227,
      22.61130142211914,
      24.15530014038086,
      21.638751983642578,
      24.300304412841797,
      18.58394432067871,
      18.648035049438477
    ],
    [
      17.192672729492188,
      45.701332092285156,
      25.619945526123047,
      29.074092864990234,
      28.383785247802734,
      37.65858840942383,
      41.293052673339844,
      53.4095573425293,
      26.141111373901367,
      36.642642974853516,
      28.073348999023438,
      41.58012771606445,
      26.70301628112793,
      42.631927490234375,
      28.060117721557617,
      39.717227935791016,
      23.9803466796875,
      28.594568252563477
    ],
    [
      9.550028800964355,
      23.966508865356445,
      17.99905776977539,
      15.788633346557617,
      26.564754486083984,
      22.63445281982422,
      28.33980369567871,
      26.141111373901367,
      52.817359924316406,
      32.48381805419922,
      38.82134246826172,
      30.1038875579834,
      29.680755615234375,
      27.289012908935547,
      33.45033645629883,
      28.27069854736328,
      23.55964469909668,
      21.223791122436523
    ],
    [
      17.116374969482422,
      38.80364990234375,
      23.82723617553711,
      25.205921173095703,
      22.28029441833496,
      32.19938659667969,
      25.541133880615234,
      36.642642974853516,
      32.48381805419922,
      43.23408126831055,
      29.7603702545166,
      45.3139762878418,
      28.929147720336914,
      46.137001037597656,
      34.11058044433594,
      43.647193908691406,
      26.701868057250977,
      30.79092788696289
    ],
    [
      10.208749771118164,
      29.551864624023438,
      19.775407791137695,
      18.280933380126953,
      25.714000701904297,
      24.201345443725586,
      28.07258415222168,
      28.073348999023438,
      38.82134246826172,
      29.7603702545166,
      44.212032318115234,
      35.7085075378418,
      33.40912628173828,
      34.105159759521484,
      36.98892593383789,
      32.64960479736328,
      24.421483993530273,
      22.03087615966797
    ],
    [
      21.8693790435791,
      52.45967483520508,
      28.415800094604492,
      32.68595504760742,
      23.37792205810547,
      38.3223762512207,
      25.403833389282227,
      41.58012771606445,
      30.1038875579834,
      45.3139762878418,
      35.7085075378418,
      66.6064453125,
      34.46768569946289,
      65.94493865966797,
      46.623924255371094,
      59.359130859375,
      33.57450485229492,
      39.454734802246094
    ],
    [
      10.543489456176758,
      31.355083465576172,
      17.060588836669922,
      16.61935806274414,
      20.215158462524414,
      23.395395278930664,
      22.61130142211914,
      26.70301628112793,
      29.680755615234375,
      28.929147720336914,
      33.40912628173828,
      34.46768569946289,
      46.39052200317383,
      42.809688568115234,
      47.555625915527344,
      40.584964752197266,
      36.13664627075195,
      27.73536491394043
    ],
    [
      22.108713150024414,
      55.99072265625,
      28.822608947753906,
      32.86581802368164,
      22.104726791381836,
      39.661293029785156,
      24.15530014038086,
      42.631927490234375,
      27.289012908935547,
      46.137001037597656,
      34.105159759521484,
      65.94493865966797,
      42.809688568115234,
      79.06676483154297,
      53.21595001220703,
      72.18862915039062,
      40.746971130371094,
      48.40977096557617
    ],
    [
      13.248189926147461,
      35.20283126831055,
      21.62050437927246,
      22.708189010620117,
      22.50641632080078,
      25.02008819580078,
      21.638751983642578,
      28.060117721557617,
      33.45033645629883,
      34.11058044433594,
      36.98892593383789,
      46.623924255371094,
      47.555625915527344,
      53.21595001220703,
      74.1694107055664,
      55.88390350341797,
      55.95296096801758,
      40.278038024902344
    ],
    [
      20.234676361083984,
      51.632694244384766,
      28.142364501953125,
      30.741355895996094,
      21.818410873413086,
      35.621368408203125,
      24.300304412841797,
      39.717227935791016,
      28.27069854736328,
      43.647193908691406,
      32.64960479736328,
      59.359130859375,
      40.584964752197266,
      72.18862915039062,
      55.88390350341797,
      77.19820404052734,
      46.87211227416992,
      56.3236083984375
    ],
    [
      9.689736366271973,
      26.643278121948242,
      16.027639389038086,
      18.344940185546875,
      16.551311492919922,
      20.21573257446289,
      18.58394432067871,
      23.9803466796875,
      23.55964469909668,
      26.701868057250977,
      24.421483993530273,
      33.57450485229492,
      36.13664627075195,
      40.746971130371094,
      55.95296096801758,
      46.87211227416992,
      52.375648498535156,
      39.6668586730957
    ],
    [
      12.761764526367188,
      33.22385787963867,
      19.233701705932617,
      21.87809944152832,
      16.300081253051758,
      25.181610107421875,
      18.648035049438477,
      28.594568252563477,
      21.223791122436523,
      30.79092788696289,
      22.03087615966797,
      39.454734802246094,
      27.73536491394043,
      48.40977096557617,
      40.278038024902344,
      56.3236083984375,
      39.6668586730957,
      48.61649703979492
    ]
  ],
  "damage": -18.07701301574707,
  "diff_bandwidth": 446.7414245605469,
  "dissonance": 7.614989923832858,
  "drr": 13.177709579467773,
  "dynamics": 3.5238897800445557,
  "format": 1245190,
  "frames": 9373611,
  "freq_pan_to_db": [
    [
      -25.964447021484375,
      -26.786863327026367,
      -24.629718780517578,
      -23.303152084350586,
      -22.82146453857422,
      -24.23923683166504,
      -23.675487518310547,
      -24.4747257232666,
      -25.79884910583496,
      -26.448022842407227,
      -27.92979621887207
    ],
    [
      -27.686113357543945,
      -27.544328689575195,
      -25.15955352783203,
      -23.31255531311035,
      -20.89432144165039,
      -22.13121795654297,
      -20.086536407470703,
      -22.1189022064209,
      -24.333547592163086,
      -26.457609176635742,
      -27.886192321777344
    ],
    [
      -26.562578201293945,
      -25.518056869506836,
      -24.78339195251465,
      -23.83746910095215,
      -22.256591796875,
      -23.463228225708008,
      -23.054149627685547,
      -23.717876434326172,
      -24.873044967651367,
      -26.44838523864746,
      -27.631301879882812
    ],
    [
      -28.180700302124023,
      -27.140432357788086,
      -24.811487197875977,
      -23.36431884765625,
      -23.372005462646484,
      -23.92582893371582,
      -23.963062286376953,
      -25.054935455322266,
      -26.567230224609375,
      -27.98360824584961,
      -29.52274513244629
    ],
    [
      -27.029651641845703,
      -25.887174606323242,
      -24.38361358642578,
      -23.848522186279297,
      -23.797679901123047,
      -24.91654396057129,
      -24.596071243286133,
      -25.28351593017578,
      -25.36638069152832,
      -26.544071197509766,
      -27.45435905456543
    ],
    [
      -34.238861083984375,
      -30.738494873046875,
      -28.798078536987305,
      -27.107851028442383,
      -25.933242797851562,
      -26.265974044799805,
      -26.940340042114258,
      -27.69785499572754,
      -28.935840606689453,
      -31.09026336669922,
      -33.440338134765625
    ],
    [
      -29.773393630981445,
      -29.27805519104004,
      -27.852739334106445,
      -27.025087356567383,
      -26.131473541259766,
      -25.914575576782227,
      -26.212932586669922,
      -26.49675178527832,
      -27.48598861694336,
      -28.124427795410156,
      -29.460363388061523
    ],
    [
      -33.562191009521484,
      -33.121124267578125,
      -31.547536849975586,
      -30.29551124572754,
      -28.29850959777832,
      -27.613895416259766,
      -29.411691665649414,
      -30.6422176361084,
      -31.226886749267578,
      -32.0830192565918,
      -33.428497314453125
    ],
    [
      -28.983692169189453,
      -29.14275550842285,
      -29.306188583374023,
      -28.88664436340332,
      -28.625690460205078,
      -29.030128479003906,
      -29.403154373168945,
      -29.415019989013672,
      -29.502044677734375,
      -29.517709732055664,
      -28.710702896118164
    ],
    [
      -31.943925857543945,
      -32.6129264831543,
      -32.2468376159668,
      -31.921709060668945,
      -30.991670608520508,
      -30.683820724487305,
      -31.560590744018555,
      -32.02518844604492,
      -32.434871673583984,
      -33.16447448730469,
      -33.23575973510742
    ],
    [
      -34.20482635498047,
      -34.618526458740234,
      -34.75428771972656,
      -32.16718673706055,
      -29.249006271362305,
      -27.046396255493164,
      -30.28081703186035,
      -32.050987243652344,
      -33.69871139526367,
      -35.508995056152344,
      -36.23012924194336
    ],
    [
      -33.377830505371094,
      -34.86249542236328,
      -33.448734283447266,
      -31.58127784729004,
      -29.42121124267578,
      -28.016366958618164,
      -29.990474700927734,
      -32.02222442626953,
      -33.41294479370117,
      -34.08682632446289,
      -34.41143798828125
    ],
    [
      -35.831764221191406,
      -36.757659912109375,
      -34.6451530456543,
      -33.96995544433594,
      -32.65976333618164,
      -31.445606231689453,
      -33.203224182128906,
      -34.435752868652344,
      -34.25587844848633,
      -35.21189498901367,
      -35.32682418823242
    ],
    [
      -35.58940505981445,
      -35.67411804199219,
      -35.48588943481445,
      -33.67144012451172,
      -32.77774429321289,
      -30.52140235900879,
      -33.97676467895508,
      -34.89450454711914,
      -35.451683044433594,
      -36.01724624633789,
      -35.72766876220703
    ],
    [
      -34.86647415161133,
      -35.17869567871094,
      -36.37739944458008,
      -36.42987823486328,
      -35.02228546142578,
      -32.042259216308594,
      -35.90580368041992,
      -36.549072265625,
      -36.42147445678711,
      -36.56657028198242,
      -36.70730972290039
    ],
    [
      -34.74629592895508,
      -36.648719787597656,
      -37.7344970703125,
      -37.91661071777344,
      -35.31137466430664,
      -32.34065246582031,
      -35.89285659790039,
      -37.31271743774414,
      -37.222984313964844,
      -35.45579147338867,
      -31.776809692382812
    ],
    [
      -35.05833053588867,
      -35.039222717285156,
      -38.219051361083984,
      -38.435516357421875,
      -36.787818908691406,
      -31.942195892333984,
      -37.58598709106445,
      -39.4915885925293,
      -36.98203659057617,
      -32.78418731689453,
      -33.695457458496094
    ],
    [
      -38.83405685424805,
      -38.64590835571289,
      -39.620243072509766,
      -39.77762985229492,
      -38.71730041503906,
      -34.64694595336914,
      -39.3704948425293,
      -39.94887924194336,
      -39.18027877807617,
      -36.65491485595703,
      -37.388206481933594
    ],
    [
      -41.8184814453125,
      -40.87667465209961,
      -40.05176544189453,
      -41.64791488647461,
      -39.946990966796875,
      -36.899208068847656,
      -41.365657806396484,
      -42.05319595336914,
      -40.8635139465332,
      -42.3817138671875,
      -42.158897399902344
    ],
    [
      -45.144222259521484,
      -42.98258590698242,
      -41.90330123901367,
      -43.7596435546875,
      -41.314998626708984,
      -38.444618225097656,
      -42.3000373840332,
      -43.11708068847656,
      -40.76606750488281,
      -43.55122375488281,
      -42.72342300415039
    ],
    [
      -43.30478286743164,
      -42.88321304321289,
      -42.889156341552734,
      -42.6871223449707,
      -43.09098434448242,
      -40.33551788330078,
      -42.94107437133789,
      -42.628108978271484,
      -42.752601623535156,
      -43.84361267089844,
      -43.45499801635742
    ],
    [
      -43.28933334350586,
      -44.482337951660156,
      -43.716514587402344,
      -43.11919403076172,
      -43.82454299926758,
      -39.462303161621094,
      -43.73052215576172,
      -42.91683578491211,
      -44.397945404052734,
      -45.414344787597656,
      -44.330810546875
    ],
    [
      -42.775413513183594,
      -42.756019592285156,
      -44.13127899169922,
      -44.47674560546875,
      -41.66440963745117,
      -37.54893493652344,
      -42.00823974609375,
      -43.575035095214844,
      -43.646034240722656,
      -44.150516510009766,
      -45.87115478515625
    ],
    [
      -45.635398864746094,
      -43.70212936401367,
      -45.62387466430664,
      -44.678829193115234,
      -43.23709487915039,
      -38.20671463012695,
      -43.63759994506836,
      -44.781272888183594,
      -43.69841766357422,
      -45.17025375366211,
      -47.44137191772461
    ],
    [
      -48.38935089111328,
      -43.941429138183594,
      -43.85074234008789,
      -43.55927658081055,
      -43.235904693603516,
      -41.48385238647461,
      -42.86606216430664,
      -43.47400665283203,
      -44.02436828613281,
      -44.37041473388672,
      -42.866329193115234
    ],
    [
      -44.32106018066406,
      -42.825592041015625,
      -43.306949615478516,
      -43.16047286987305,
      -43.12725067138672,
      -42.85591125488281,
      -43.3013801574707,
      -43.18262481689453,
      -43.64408493041992,
      -43.39042663574219,
      -43.57621765136719
    ],
    [
      -40.93863296508789,
      -41.98821258544922,
      -42.205631256103516,
      -42.67698669433594,
      -42.81553268432617,
      -43.28104019165039,
      -42.44350051879883,
      -42.221824645996094,
      -41.96721267700195,
      -41.31314468383789,
      -38.81749725341797
    ],
    [
      -39.80712127685547,
      -41.405189514160156,
      -43.44254684448242,
      -43.36501693725586,
      -43.612953186035156,
      -45.08633041381836,
      -44.15327453613281,
      -43.86528778076172,
      -45.185646057128906,
      -45.9578742980957,
      -45.760128021240234
    ],
    [
      -41.67959213256836,
      -42.38409423828125,
      -43.72997283935547,
      -44.84978485107422,
      -44.60519790649414,
      -46.56376647949219,
      -45.00783157348633,
      -44.586387634277344,
      -46.3047981262207,
      -47.895118713378906,
      -51.139991760253906
    ],
    [
      -43.069549560546875,
      -43.746646881103516,
      -44.508995056152344,
      -44.86121368408203,
      -45.07666015625,
      -45.86912536621094,
      -46.590293884277344,
      -46.00138854980469,
      -46.46601867675781,
      -50.24951934814453,
      -51.6902961730957
    ],
    [
      -370,
      -44.826438903808594,
      -45.9937629699707,
      -46.50844192504883,
      -46.66097640991211,
      -45.37176513671875,
      -47.55731201171875,
      -47.13504409790039,
      -47.92986297607422,
      -49.84983444213867,
      -53.905330657958984
    ],
    [
      -370,
      -50.48093032836914,
      -47.69446563720703,
      -48.11383056640625,
      -48.24552917480469,
      -48.24237060546875,
      -48.93897247314453,
      -48.966773986816406,
      -49.25749206542969,
      -48.33562088012695,
      -46.34103775024414
    ],
    [
      -370,
      -44.21174621582031,
      -49.537899017333984,
      -48.487674713134766,
      -49.31084060668945,
      -49.27487564086914,
      -50.01481628417969,
      -50.25600051879883,
      -51.1189079284668,
      -47.532386779785156,
      -370
    ],
    [
      -370,
      -53.50807571411133,
      -51.17831039428711,
      -49.38756561279297,
      -49.47042465209961,
      -50.37823486328125,
      -50.46440124511719,
      -51.307350158691406,
      -53.94801712036133,
      -52.7278938293457,
      -370
    ],
    [
      -49.47488021850586,
      -54.234832763671875,
      -50.083213806152344,
      -49.91978073120117,
      -50.28854751586914,
      -51.611228942871094,
      -51.02131271362305,
      -50.92156982421875,
      -53.05357360839844,
      -50.012447357177734,
      -370
    ],
    [
      -370,
      -52.31694793701172,
      -49.20130157470703,
      -51.39196014404297,
      -51.7296257019043,
      -51.64654541015625,
      -51.71194076538086,
      -51.83083724975586,
      -53.99140167236328,
      -54.250858306884766,
      -57.64344787597656
    ],
    [
      -51.34165954589844,
      -51.903106689453125,
      -51.36046600341797,
      -51.968563079833984,
      -52.252037048339844,
      -51.561527252197266,
      -53.041481018066406,
      -53.18800354003906,
      -55.552364349365234,
      -55.04764175415039,
      -69.4319839477539
    ],
    [
      -51.56568145751953,
      -53.105186462402344,
      -53.0849494934082,
      -53.70677947998047,
      -54.324378967285156,
      -53.96877670288086,
      -54.98521423339844,
      -54.017189025878906,
      -56.54534149169922,
      -54.284332275390625,
      -51.09665298461914
    ],
    [
      -53.04722213745117,
      -53.8524284362793,
      -53.51106262207031,
      -55.12000274658203,
      -56.13282775878906,
      -56.61876678466797,
      -56.00053787231445,
      -54.77241516113281,
      -58.29019546508789,
      -55.62997817993164,
      -59.72468948364258
    ],
    [
      -54.24319839477539,
      -56.285888671875,
      -55.66222381591797,
      -56.926509857177734,
      -57.677024841308594,
      -59.28307342529297,
      -57.84934616088867,
      -57.2060661315918,
      -60.16867446899414,
      -55.12958526611328,
      -77.65729522705078
    ],
    [
      -57.56800079345703,
      -57.6453742980957,
      -59.19477844238281,
      -58.6951904296875,
      -59.100887298583984,
      -62.04642868041992,
      -60.262229919433594,
      -59.3365364074707,
      -64.38874053955078,
      -61.21910858154297,
      -51.26800537109375
    ],
    [
      -56.94478988647461,
      -59.78499984741211,
      -58.966094970703125,
      -60.257545471191406,
      -60.02960968017578,
      -63.69694900512695,
      -60.960227966308594,
      -58.959495544433594,
      -60.389259338378906,
      -60.35137176513672,
      -57.59419250488281
    ]
  ],
  "histogram": [
    {
      "db": -70,
      "frequency": 0
    },
    {
      "db": -69,
      "frequency": 0
    },
    {
      "db": -68,
      "frequency": 1
    },
    {
      "db": -67,
      "frequency": 0
    },
    {
      "db": -66,
      "frequency": 1
    },
    {
      "db": -65,
      "frequency": 0
    },
    {
      "db": -64,
      "frequency": 1
    },
    {
      "db": -63,
      "frequency": 1
    },
    {
      "db": -62,
      "frequency": 0
    },
    {
      "db": -61,
      "frequency": 1
    },
    {
      "db": -60,
      "frequency": 1
    },
    {
      "db": -59,
      "frequency": 1
    },
    {
      "db": -58,
      "frequency": 1
    },
    {
      "db": -57,
      "frequency": 1
    },
    {
      "db": -56,
      "frequency": 1
    },
    {
      "db": -55,
      "frequency": 1
    },
    {
      "db": -54,
      "frequency": 1
    },
    {
      "db": -53,
      "frequency": 2
    },
    {
      "db": -52,
      "frequency": 1
    },
    {
      "db": -51,
      "frequency": 1
    },
    {
      "db": -50,
      "frequency": 2
    },
    {
      "db": -49,
      "frequency": 1
    },
    {
      "db": -48,
      "frequency": 2
    },
    {
      "db": -47,
      "frequency": 2
    },
    {
      "db": -46,
      "frequency": 2
    },
    {
      "db": -45,
      "frequency": 2
    },
    {
      "db": -44,
      "frequency": 2
    },
    {
      "db": -43,
      "frequency": 2
    },
    {
      "db": -42,
      "frequency": 2
    },
    {
      "db": -41,
      "frequency": 2
    },
    {
      "db": -40,
      "frequency": 1
    },
    {
      "db": -39,
      "frequency": 2
    },
    {
      "db": -38,
      "frequency": 3
    },
    {
      "db": -37,
      "frequency": 7
    },
    {
      "db": -36,
      "frequency": 11
    },
    {
      "db": -35,
      "frequency": 8
    },
    {
      "db": -34,
      "frequency": 24
    },
    {
      "db": -33,
      "frequency": 44
    },
    {
      "db": -32,
      "frequency": 42
    },
    {
      "db": -31,
      "frequency": 58
    },
    {
      "db": -30,
      "frequency": 83
    },
    {
      "db": -29,
      "frequency": 88
    },
    {
      "db": -28,
      "frequency": 74
    },
    {
      "db": -27,
      "frequency": 82
    },
    {
      "db": -26,
      "frequency": 78
    },
    {
      "db": -25,
      "frequency": 102
    },
    {
      "db": -24,
      "frequency": 227
    },
    {
      "db": -23,
      "frequency": 454
    },
    {
      "db": -22,
      "frequency": 461
    },
    {
      "db": -21,
      "frequency": 207
    },
    {
      "db": -20,
      "frequency": 14
    },
    {
      "db": -19,
      "frequency": 0
    },
    {
      "db": -18,
      "frequency": 0
    },
    {
      "db": -17,
      "frequency": 0
    },
    {
      "db": -16,
      "frequency": 0
    },
    {
      "db": -15,
      "frequency": 0
    },
    {
      "db": -14,
      "frequency": 0
    },
    {
      "db": -13,
      "frequency": 0
    },
    {
      "db": -12,
      "frequency": 0
    },
    {
      "db": -11,
      "frequency": 0
    },
    {
      "db": -10,
      "frequency": 0
    },
    {
      "db": -9,
      "frequency": 0
    },
    {
      "db": -8,
      "frequency": 0
    },
    {
      "db": -7,
      "frequency": 0
    },
    {
      "db": -6,
      "frequency": 0
    },
    {
      "db": -5,
      "frequency": 0
    },
    {
      "db": -4,
      "frequency": 0
    },
    {
      "db": -3,
      "frequency": 0
    },
    {
      "db": -2,
      "frequency": 0
    },
    {
      "db": -1,
      "frequency": 0
    },
    {
      "db": 0,
      "frequency": 0
    },
    {
      "db": 1,
      "frequency": 0
    },
    {
      "db": 2,
      "frequency": 0
    },
    {
      "db": 3,
      "frequency": 0
    },
    {
      "db": 4,
      "frequency": 0
    },
    {
      "db": 5,
      "frequency": 0
    },
    {
      "db": 6,
