{
  "acoustic_entropy": 216.36024475097656,
  "bands": [
    {
      "high_freq": 148.1999969482422,
      "loudness": -35.701812744140625,
      "loudness_range": 11.809148788452148,
      "mid_mean": -32.12700271606445,
      "mid_to_side_loudness": -20.6254940032959,
      "mid_to_side_loudness_range": 26.39069366455078,
      "side_mean": -52.280094146728516
    },
    {
      "high_freq": 392.3793640136719,
      "loudness": -35.09520721435547,
      "loudness_range": 10.112970352172852,
      "low_freq": 148.1999969482422,
      "mid_mean": -31.88031578063965,
      "mid_to_side_loudness": -9.374271392822266,
      "mid_to_side_loudness_range": 9.216001510620117,
      "side_mean": -41.624847412109375
    },
    {
      "high_freq": 794.6976318359375,
      "loudness": -36.623390197753906,
      "loudness_range": 12.640251159667969,
      "low_freq": 392.3793640136719,
      "mid_mean": -33.911930084228516,
      "mid_to_side_loudness": -6.761322498321533,
      "mid_to_side_loudness_range": 12.156761169433594,
      "side_mean": -40.90755844116211
    },
    {
      "high_freq": 1457.5709228515625,
      "loudness": -38.21996307373047,
      "loudness_range": 18.05185317993164,
      "low_freq": 794.6976318359375,
      "mid_mean": -35.3184814453125,
      "mid_to_side_loudness": -8.067763328552246,
      "mid_to_side_loudness_range": 11.483099937438965,
      "side_mean": -43.55034637451172
    },
    {
      "high_freq": 2549.74365234375,
      "loudness": -37.021854400634766,
      "loudness_range": 15.525545120239258,
      "low_freq": 1457.5709228515625,
      "mid_mean": -34.081207275390625,
      "mid_to_side_loudness": -8.341299057006836,
      "mid_to_side_loudness_range": 11.499958038330078,
      "side_mean": -42.623863220214844
    },
    {
      "high_freq": 4349.24462890625,
      "loudness": -36.989845275878906,
      "loudness_range": 13.215696334838867,
      "low_freq": 2549.74365234375,
      "mid_mean": -33.91651916503906,
      "mid_to_side_loudness": -9.278563499450684,
      "mid_to_side_loudness_range": 11.285064697265625,
      "side_mean": -43.36497116088867
    },
    {
      "high_freq": 7314.1640625,
      "loudness": -40.4999885559082,
      "loudness_range": 13.722827911376953,
      "low_freq": 4349.24462890625,
      "mid_mean": -37.42962646484375,
      "mid_to_side_loudness": -9.289714813232422,
      "mid_to_side_loudness_range": 11.036636352539062,
      "side_mean": -46.71784210205078
    },
    {
      "high_freq": 12199.2666015625,
      "loudness": -43.85152816772461,
      "loudness_range": 15.763744354248047,
      "low_freq": 7314.1640625,
      "mid_mean": -40.96564865112305,
      "mid_to_side_loudness": -9.10515308380127,
      "mid_to_side_loudness_range": 12.726129531860352,
      "side_mean": -50.535884857177734
    },
    {
      "loudness": -50.744720458984375,
      "loudness_range": 17.386878967285156,
      "low_freq": 12199.2666015625,
      "mid_mean": -48.6190299987793,
      "mid_to_side_loudness": -7.892275810241699,
      "mid_to_side_loudness_range": 15.90884780883789,
      "side_mean": -55.817691802978516
    }
  ],
  "bands_short": [
    {
      "high_freq": 148.1999969482422,
      "loudness": -37.87819290161133,
      "loudness_range": 14.290151596069336,
      "mid_mean": -34.34321212768555,
      "mid_to_side_loudness": -21.23940086364746,
      "mid_to_side_loudness_range": 29.69690704345703,
      "side_mean": -55.24650955200195
    },
    {
      "high_freq": 392.3793640136719,
      "loudness": -35.07294845581055,
      "loudness_range": 12.806632995605469,
      "low_freq": 148.1999969482422,
      "mid_mean": -31.919424057006836,
      "mid_to_side_loudness": -9.932714462280273,
      "mid_to_side_loudness_range": 13.276334762573242,
      "side_mean": -42.16098403930664
    },
    {
      "high_freq": 794.6976318359375,
      "loudness": -37.72969436645508,
      "loudness_range": 15.58674430847168,
      "low_freq": 392.3793640136719,
      "mid_mean": -35.18316650390625,
      "mid_to_side_loudness": -6.608066082000732,
      "mid_to_side_loudness_range": 14.528690338134766,
      "side_mean": -42.07572555541992
    },
    {
      "high_freq": 1457.5709228515625,
      "loudness": -38.63201904296875,
      "loudness_range": 19.786117553710938,
      "low_freq": 794.6976318359375,
      "mid_mean": -35.89351272583008,
      "mid_to_side_loudness": -7.697401523590088,
      "mid_to_side_loudness_range": 13.899557113647461,
      "side_mean": -43.80037307739258
    },
    {
      "high_freq": 2549.74365234375,
      "loudness": -38.21804428100586,
      "loudness_range": 18.1356201171875,
      "low_freq": 1457.5709228515625,
      "mid_mean": -35.451934814453125,
      "mid_to_side_loudness": -7.824482440948486,
      "mid_to_side_loudness_range": 13.679094314575195,
      "side_mean": -43.47407531738281
    },
    {
      "high_freq": 4349.24462890625,
      "loudness": -37.81106948852539,
      "loudness_range": 16.020111083984375,
      "low_freq": 2549.74365234375,
      "mid_mean": -34.83444595336914,
      "mid_to_side_loudness": -9.122177124023438,
      "mid_to_side_loudness_range": 13.21875,
      "side_mean": -44.11886978149414
    },
    {
      "high_freq": 7314.1640625,
      "loudness": -41.571556091308594,
      "loudness_range": 17.16156005859375,
      "low_freq": 4349.24462890625,
      "mid_mean": -38.56306838989258,
      "mid_to_side_loudness": -9.349630355834961,
      "mid_to_side_loudness_range": 13.806437492370605,
      "side_mean": -47.96446228027344
    },
    {
      "high_freq": 12199.2666015625,
      "loudness": -45.90836715698242,
      "loudness_range": 21.342796325683594,
      "low_freq": 7314.1640625,
      "mid_mean": -43.0268669128418,
      "mid_to_side_loudness": -9.510577201843262,
      "mid_to_side_loudness_range": 16.220623016357422,
      "side_mean": -52.94511032104492
    },
    {
      "loudness": -54.061920166015625,
      "loudness_range": 24.825572967529297,
      "low_freq": 12199.2666015625,
      "mid_mean": -51.863948822021484,
      "mid_to_side_loudness": -9.078540802001953,
      "mid_to_side_loudness_range": 18.815359115600586,
      "side_mean": -59.17977523803711
    }
  ],
  "bandwidth": 732.0625,
  "channels": 2,
  "covariance": [
    [
      19.62839126586914,
      29.90085220336914,
      10.039260864257812,
      11.890201568603516,
      6.182015895843506,
      12.639195442199707,
      9.853715896606445,
      15.743741989135742,
      7.034467697143555,
      13.913175582885742,
      7.855716228485107,
      15.929590225219727,
      7.838536739349365,
      16.13507652282715,
      8.853477478027344,
      22.895891189575195,
      11.793761253356934,
      22.224098205566406
    ],
    [
      29.90085220336914,
      93.56807708740234,
      23.425010681152344,
      26.835111618041992,
      14.055317878723145,
      31.26612663269043,
      24.668058395385742,
      38.87845230102539,
      15.580344200134277,
      31.972497940063477,
      20.04949378967285,
      38.43073272705078,
      21.014917373657227,
      40.92641067504883,
      23.21339988708496,
      48.06610107421875,
      23.905675888061523,
      47.4539680480957
    ],
    [
      10.039260864257812,
      23.425010681152344,
      15.655863761901855,
      12.369919776916504,
      10.193988800048828,
      12.97048282623291,
      10.987896919250488,
      15.776290893554688,
      10.742706298828125,
      14.711913108825684,
      11.513497352600098,
      17.01180648803711,
      9.473703384399414,
      16.342391967773438,
      12.200041770935059,
      21.562185287475586,
      14.906057357788086,
      21.15074348449707
    ],
    [
      11.890201568603516,
      26.835111618041992,
      12.369919776916504,
      20.777679443359375,
      8.294892311096191,
      15.963499069213867,
      10.218351364135742,
      16.6314754486084,
      8.876839637756348,
      14.913788795471191,
      9.956733703613281,
      17.70159912109375,
      8.629321098327637,
      17.302732467651367,
      10.976689338684082,
      23.94369888305664,
      14.496206283569336,
      23.019845962524414
    ],
    [
      6.182015895843506,
      14.055317878723145,
      10.193988800048828,
      8.294892311096191,
      24.062400817871094,
      18.48155975341797,
      21.236461639404297,
      17.658185958862305,
      14.747177124023438,
      13.689932823181152,
      13.799070358276367,
      13.441125869750977,
      9.61927318572998,
      11.538801193237305,
      10.572144508361816,
      16.175857543945312,
      13.971477508544922,
      16.126745223999023
    ],
    [
      12.639195442199707,
      31.26612663269043,
      12.97048282623291,
      15.963499069213867,
      18.48155975341797,
      29.00737762451172,
      17.905597686767578,
      24.12226676940918,
      13.170318603515625,
      20.65165901184082,
      14.052291870117188,
      23.441999435424805,
      12.54813003540039,
      22.88425636291504,
      12.750852584838867,
      27.17416000366211,
      16.942949295043945,
      27.238834381103516
    ],
    [
      9.853715896606445,
      24.668058395385742,
      10.987896919250488,
      10.218351364135742,
      21.236461639404297,
      17.905597686767578,
      37.06908416748047,
      27.65070343017578,
      14.600683212280273,
      15.981785774230957,
      14.869407653808594,
      15.674216270446777,
      10.943769454956055,
      15.090210914611816,
      12.036721229553223,
      18.917573928833008,
      15.710796356201172,
      20.225757598876953
    ],
    [
      15.743741989135742,
      38.87845230102539,
      15.776290893554688,
      16.6314754486084,
      17.658185958862305,
      24.12226676940918,
      27.65070343017578,
      34.431148529052734,
      15.168661117553711,
      24.160314559936523,
      16.670543670654297,
      26.923830032348633,
      14.86968994140625,
      26.551753997802734,
      17.170475006103516,
      30.792510986328125,
      21.17552375793457,
      31.94729232788086
    ],
    [
      7.034467697143555,
      15.580344200134277,
      10.742706298828125,
      8.876839637756348,
      14.747177124023438,
      13.170318603515625,
      14.600683212280273,
      15.168661117553711,
      28.624425888061523,
      19.16261863708496,
      19.863683700561523,
      16.541709899902344,
      14.040027618408203,
      15.469082832336426,
      17.041473388671875,
      20.399248123168945,
      17.304153442382812,
      20.994287490844727
    ],
    [
      13.913175582885742,
      31.972497940063477,
      14.711913108825684,
      14.913788795471191,
      13.689932823181152,
      20.65165901184082,
      15.981785774230957,
      24.160314559936523,
      19.16261863708496,
      26.746864318847656,
      17.01089096069336,
      27.763795852661133,
      15.704343795776367,
      27.166305541992188,
      18.473552703857422,
      32.27598190307617,
      21.27135467529297,
      32.751827239990234
    ],
    [
      7.855716228485107,
      20.04949378967285,
      11.513497352600098,
      9.956733703613281,
      13.799070358276367,
      14.052291870117188,
      14.869407653808594,
      16.670543670654297,
      19.863683700561523,
      17.01089096069336,
      21.120861053466797,
      19.408870697021484,
      14.95717716217041,
      18.382448196411133,
      17.57098960876465,
      21.596973419189453,
      17.052719116210938,
      20.712160110473633
    ],
    [
      15.929590225219727,
      38.43073272705078,
      17.01180648803711,
      17.70159912109375,
      13.441125869750977,
      23.441999435424805,
      15.674216270446777,
      26.923830032348633,
      16.541709899902344,
      27.763795852661133,
      19.408870697021484,
      34.07019805908203,
      17.65105628967285,
      33.059818267822266,
      20.207807540893555,
      37.129669189453125,
      22.46295166015625,
      36.669193267822266
    ],
    [
      7.838536739349365,
      21.014917373657227,
      9.473703384399414,
      8.629321098327637,
      9.61927318572998,
      12.54813003540039,
      10.943769454956055,
      14.86968994140625,
      14.040027618408203,
      15.704343795776367,
      14.95717716217041,
      17.65105628967285,
      21.719158172607422,
      22.984827041625977,
      24.170364379882812,
      26.040515899658203,
      24.586715698242188,
      24.235593795776367
    ],
    [
      16.13507652282715,
      40.92641067504883,
      16.342391967773438,
      17.302732467651367,
      11.538801193237305,
      22.88425636291504,
      15.090210914611816,
      26.551753997802734,
      15.469082832336426,
      27.166305541992188,
      18.382448196411133,
      33.059818267822266,
      22.984827041625977,
      40.97245788574219,
      26.100034713745117,
      44.69241714477539,
      28.14847183227539,
      43.922035217285156
    ],
    [
      8.853477478027344,
      23.21339988708496,
      12.200041770935059,
      10.976689338684082,
      10.572144508361816,
      12.750852584838867,
      12.036721229553223,
      17.170475006103516,
      17.041473388671875,
      18.473552703857422,
      17.57098960876465,
      20.207807540893555,
      24.170364379882812,
      26.100034713745117,
      35.314788818359375,
      33.674896240234375,
      35.61857604980469,
      32.44329833984375
    ],
    [
      22.895891189575195,
      48.06610107421875,
      21.562185287475586,
      23.94369888305664,
      16.175857543945312,
      27.17416000366211,
      18.917573928833008,
      30.792510986328125,
      20.399248123168945,
      32.27598190307617,
      21.596973419189453,
      37.129669189453125,
      26.040515899658203,
      44.69241714477539,
      33.674896240234375,
      64.67615509033203,
      41.8438606262207,
      62.59988784790039
    ],
    [
      11.793761253356934,
      23.905675888061523,
      14.906057357788086,
      14.496206283569336,
      13.971477508544922,
      16.942949295043945,
      15.710796356201172,
      21.17552375793457,
      17.304153442382812,
      21.27135467529297,
      17.052719116210938,
      22.46295166015625,
      24.586715698242188,
      28.14847183227539,
      35.61857604980469,
      41.8438606262207,
      46.09648895263672,
      41.97582244873047
    ],
    [
      22.224098205566406,
      47.4539680480957,
      21.15074348449707,
      23.019845962524414,
      16.126745223999023,
      27.238834381103516,
      20.225757598876953,
      31.94729232788086,
      20.994287490844727,
      32.751827239990234,
      20.712160110473633,
      36.669193267822266,
      24.235593795776367,
      43.922035217285156,
      32.44329833984375,
      62.59988784790039,
      41.97582244873047,
      66.21775817871094
    ]
  ],
  "covariance_short": [
    [
      24.69551658630371,
      19.605594635009766,
      11.18346118927002,
      8.565783500671387,
      4.297054767608643,
      8.83898639678955,
      6.850453853607178,
      11.4660005569458,
      6.202482223510742,
      10.848252296447754,
      6.215810775756836,
      12.086037635803223,
      6.698845863342285,
      12.796298027038574,
      6.740710735321045,
      17.400136947631836,
      10.152280807495117,
      15.45123291015625
    ],
    [
      19.605594635009766,
      82.30050659179688,
      24.887414932250977,
      27.415742874145508,
      17.01934814453125,
      30.209794998168945,
      24.041179656982422,
      35.99264907836914,
      18.301273345947266,
      30.06353759765625,
      21.932451248168945,
      35.79072189331055,
      23.793352127075195,
      40.0212516784668,
      26.03420639038086,
      44.98983383178711,
      26.754993438720703,
      40.98024368286133
    ],
    [
      11.18346118927002,
      24.887414932250977,
      23.335721969604492,
      15.596138954162598,
      13.284844398498535,
      15.80315113067627,
      13.760830879211426,
      18.882266998291016,
      13.68746566772461,
      17.416513442993164,
      14.361958503723145,
      19.613183975219727,
      12.020416259765625,
      19.69411849975586,
      15.162616729736328,
      24.978515625,
      18.14051055908203,
      23.42629051208496
    ],
    [
      8.565783500671387,
      27.415742874145508,
      15.596138954162598,
      30.6639347076416,
      11.482658386230469,
      20.52361297607422,
      13.10588264465332,
      20.216293334960938,
      11.0524320602417,
      17.052947998046875,
      12.262264251708984,
      19.844755172729492,
      11.218990325927734,
      20.32415008544922,
      14.250024795532227,
      25.691007614135742,
      18.96338653564453,
      24.102375030517578
    ],
    [
      4.297054767608643,
      17.01934814453125,
      13.284844398498535,
      11.482658386230469,
      35.88408660888672,
      24.145170211791992,
      27.805419921875,
      21.862565994262695,
      21.677751541137695,
      16.748201370239258,
      20.26634979248047,
      16.75020408630371,
      15.048413276672363,
      15.221266746520996,
      16.115806579589844,
      18.973356246948242,
      19.7110538482666,
      19.117483139038086
    ],
    [
      8.83898639678955,
      30.209794998168945,
      15.80315113067627,
      20.52361297607422,
      24.145170211791992,
      39.01347732543945,
      21.769145965576172,
      28.34670066833496,
      17.335500717163086,
      23.48776626586914,
      17.632911682128906,
      26.26681137084961,
      17.26556968688965,
      27.20564079284668,
      17.612268447875977,
      30.88701629638672,
      22.081762313842773,
      29.44453239440918
    ],
    [
      6.850453853607178,
      24.041179656982422,
      13.760830879211426,
      13.10588264465332,
      27.805419921875,
      21.769145965576172,
      47.36383819580078,
      32.20845031738281,
      20.70704460144043,
      18.656923294067383,
      20.953197479248047,
      18.491724014282227,
      16.3065185546875,
      18.284469604492188,
      15.88194465637207,
      21.210996627807617,
      21.102968215942383,
      22.439680099487305
    ],
    [
      11.4660005569458,
      35.99264907836914,
      18.882266998291016,
      20.216293334960938,
      21.862565994262695,
      28.34670066833496,
      32.20845031738281,
      42.13874053955078,
      18.931127548217773,
      27.4304256439209,
      19.994192123413086,
      30.15314483642578,
      19.306251525878906,
      30.66454315185547,
      20.55647087097168,
      33.498207092285156,
      24.881689071655273,
      33.128170013427734
    ],
    [
      6.202482223510742,
      18.301273345947266,
      13.68746566772461,
      11.0524320602417,
      21.677751541137695,
      17.335500717163086,
      20.70704460144043,
      18.931127548217773,
      42.370361328125,
      24.857624053955078,
      29.369171142578125,
      22.15869140625,
      21.67807388305664,
      20.90965461730957,
      25.06134796142578,
      25.194618225097656,
      24.847665786743164,
      24.40530014038086
    ],
    [
      10.848252296447754,
      30.06353759765625,
      17.416513442993164,
      17.052947998046875,
      16.748201370239258,
      23.48776626586914,
      18.656923294067383,
      27.4304256439209,
      24.857624053955078,
      32.89901351928711,
      21.376646041870117,
      31.9036865234375,
      20.954416275024414,
      32.662925720214844,
      24.1077823638916,
      37.02097702026367,
      26.140676498413086,
      34.814964294433594
    ],
    [
      6.215810775756836,
      21.932451248168945,
      14.361958503723145,
      12.262264251708984,
      20.26634979248047,
      17.632911682128906,
      20.953197479248047,
      19.994192123413086,
      29.369171142578125,
      21.376646041870117,
      33.14349365234375,
      25.013843536376953,
      23.890560150146484,
      24.337421417236328,
      26.813438415527344,
      27.183536529541016,
      25.00590705871582,
      24.360986709594727
    ],
    [
      12.086037635803223,
      35.79072189331055,
      19.613183975219727,
      19.844755172729492,
      16.75020408630371,
      26.26681137084961,
      18.491724014282227,
      30.15314483642578,
      22.15869140625,
      31.9036865234375,
      25.013843536376953,
      40.307777404785156,
      24.148910522460938,
      40.64198303222656,
      27.35011863708496,
      44.24026870727539,
      27.836278915405273,
      40.383392333984375
    ],
    [
      6.698845863342285,
      23.793352127075195,
      12.020416259765625,
      11.218990325927734,
      15.048413276672363,
      17.26556968688965,
      16.3065185546875,
      19.306251525878906,
      21.67807388305664,
      20.954416275024414,
      23.890560150146484,
      24.148910522460938,
      34.171085357666016,
      31.105852127075195,
      35.89116668701172,
      34.32023239135742,
      35.15538024902344,
      31.034242630004883
    ],
    [
      12.796298027038574,
      40.0212516784668,
      19.69411849975586,
      20.32415008544922,
      15.221266746520996,
      27.20564079284668,
      18.284469604492188,
      30.66454315185547,
      20.90965461730957,
      32.662925720214844,
      24.337421417236328,
      40.64198303222656,
      31.105852127075195,
      54.142967224121094,
      35.28199005126953,
      58.077884674072266,
      36.2354621887207,
      52.623779296875
    ],
    [
      6.740710735321045,
      26.03420639038086,
      15.162616729736328,
      14.250024795532227,
      16.115806579589844,
      17.612268447875977,
      15.88194465637207,
      20.55647087097168,
      25.06134796142578,
      24.1077823638916,
      26.813438415527344,
      27.35011863708496,
      35.89116668701172,
      35.28199005126953,
      54.58642578125,
      46.48548126220703,
      52.46050262451172,
      44.450504302978516
    ],
    [
      17.400136947631836,
      44.98983383178711,
      24.978515625,
      25.691007614135742,
      18.973356246948242,
      30.88701629638672,
      21.210996627807617,
      33.498207092285156,
      25.194618225097656,
      37.02097702026367,
      27.183536529541016,
      44.24026870727539,
      34.32023239135742,
      58.077884674072266,
      46.48548126220703,
      80.37694549560547,
      57.618350982666016,
      73.45874786376953
    ],
    [
      10.152280807495117,
      26.754993438720703,
      18.14051055908203,
      18.96338653564453,
      19.7110538482666,
      22.081762313842773,
      21.102968215942383,
      24.881689071655273,
      24.847665786743164,
      26.140676498413086,
      25.00590705871582,
      27.836278915405273,
      35.15538024902344,
      36.2354621887207,
      52.46050262451172,
      57.618350982666016,
      70.1058349609375,
      56.91798782348633
    ],
    [
      15.45123291015625,
      40.98024368286133,
      23.42629051208496,
      24.102375030517578,
      19.117483139038086,
      29.44453239440918,
      22.439680099487305,
      33.128170013427734,
      24.40530014038086,
      34.814964294433594,
      24.360986709594727,
      40.383392333984375,
      31.034242630004883,
      52.623779296875,
      44.450504302978516,
      73.45874786376953,
      56.91798782348633,
      76.73573303222656
    ]
  ],
  "damage": -20.760238647460938,
  "diff_bandwidth": 799.68896484375,
  "dissonance": 9.752722361674621,
  "drr": 12.33392333984375,
  "dynamics": 3.3419692516326904,
  "format": 1245190,
  "frames": 9373611,
  "freq_pan_to_db": [
    [
      -28.60891342163086,
      -29.579280853271484,
      -26.91983413696289,
      -25.794614791870117,
      -25.664976119995117,
      -26.912433624267578,
      -26.967557907104492,
      -27.454923629760742,
      -28.0537052154541,
      -30.21192169189453,
      -30.265159606933594
    ],
    [
      -30.591968536376953,
      -29.501789093017578,
      -27.414880752563477,
      -25.671079635620117,
      -23.486125946044922,
      -24.848772048950195,
      -23.132919311523438,
      -24.116836547851562,
      -26.320541381835938,
      -28.361055374145508,
      -30.490497589111328
    ],
    [
      -28.706775665283203,
      -28.51087760925293,
      -27.602994918823242,
      -26.228466033935547,
      -24.72922706604004,
      -25.9951171875,
      -25.52968406677246,
      -26.55738067626953,
      -27.103973388671875,
      -28.710498809814453,
      -30.106069564819336
    ],
    [
      -30.373987197875977,
      -28.690826416015625,
      -26.614303588867188,
      -26.410316467285156,
      -26.02938461303711,
      -26.628110885620117,
      -26.71572494506836,
      -27.184741973876953,
      -29.0733585357666,
      -30.319072723388672,
      -30.857097625732422
    ],
    [
      -28.918209075927734,
      -27.947351455688477,
      -27.102405548095703,
      -26.643320083618164,
      -26.761987686157227,
      -27.94022560119629,
      -27.283353805541992,
      -27.903045654296875,
      -28.44977569580078,
      -28.45200538635254,
      -29.539758682250977
    ],
    [
      -34.419368743896484,
      -31.860515594482422,
      -30.558570861816406,
      -29.21278953552246,
      -28.51127052307129,
      -28.918310165405273,
      -29.625675201416016,
      -29.981714248657227,
      -31.071680068969727,
      -32.864112854003906,
      -33.195030212402344
    ],
    [
      -31.359203338623047,
      -30.647268295288086,
      -29.61118507385254,
      -28.961469650268555,
      -28.368267059326172,
      -28.19822120666504,
      -28.299152374267578,
      -28.55790901184082,
      -29.278596878051758,
      -29.904386520385742,
      -30.85535430908203
    ],
    [
      -34.33259582519531,
      -34.01592254638672,
      -32.79724884033203,
      -31.523466110229492,
      -30.004108428955078,
      -29.55611801147461,
      -31.087064743041992,
      -32.092674255371094,
      -32.89863967895508,
      -33.63846969604492,
      -33.84834671020508
    ],
    [
      -30.293737411499023,
      -31.118410110473633,
      -30.57761573791504,
      -30.833900451660156,
      -30.507892608642578,
      -30.949996948242188,
      -31.102184295654297,
      -31.245643615722656,
      -31.151691436767578,
      -31.336772918701172,
      -30.502920150756836
    ],
    [
      -32.920162200927734,
      -33.6727409362793,
      -33.51369094848633,
      -32.958953857421875,
      -32.31283950805664,
      -31.992137908935547,
      -33.04730224609375,
      -32.93824005126953,
      -33.51661682128906,
      -34.09113311767578,
      -33.829769134521484
    ],
    [
      -33.47654342651367,
      -35.08314895629883,
      -33.97114562988281,
      -31.959394454956055,
      -29.51669692993164,
      -27.849924087524414,
      -30.244417190551758,
      -32.339473724365234,
      -33.44701385498047,
      -35.03339767456055,
      -36.13964080810547
    ],
    [
      -32.975128173828125,
      -34.43622589111328,
      -32.77047348022461,
      -31.604095458984375,
      -29.580976486206055,
      -28.67579460144043,
      -30.22334098815918,
      -31.429901123046875,
      -32.66863250732422,
      -33.80571365356445,
      -33.70332717895508
    ],
    [
      -35.4794807434082,
      -35.12112045288086,
      -34.4233283996582,
      -33.13292694091797,
      -32.367332458496094,
      -31.42584800720215,
      -32.85867691040039,
      -33.92390823364258,
      -34.0265998840332,
      -34.355865478515625,
      -35.44361877441406
    ],
    [
      -35.60905838012695,
      -34.75541305541992,
      -33.94659423828125,
      -32.60174560546875,
      -32.06805419921875,
      -30.055217742919922,
      -32.88500213623047,
      -33.65159606933594,
      -34.69943618774414,
      -34.92007064819336,
      -35.31033706665039
    ],
    [
      -33.857418060302734,
      -34.0693359375,
      -34.56839370727539,
      -35.06813049316406,
      -33.26023483276367,
      -31.081832885742188,
      -34.311187744140625,
      -35.00434112548828,
      -35.40716552734375,
      -35.149166107177734,
      -34.89060974121094
    ],
    [
      -33.62010192871094,
      -34.319156646728516,
      -35.96626663208008,
      -35.56612014770508,
      -33.121238708496094,
      -30.599895477294922,
      -33.85028076171875,
      -34.76569747924805,
      -35.10928726196289,
      -32.848655700683594,
      -29.620086669921875
    ],
    [
      -32.02382278442383,
      -32.40645980834961,
      -35.63639831542969,
      -35.747398376464844,
      -33.66783905029297,
      -29.522537231445312,
      -34.55503845214844,
      -36.361968994140625,
      -35.0721321105957,
      -30.6589298248291,
      -30.460241317749023
    ],
    [
      -35.4235954284668,
      -35.06059265136719,
      -36.293922424316406,
      -36.41405487060547,
      -35.15834426879883,
      -31.402063369750977,
      -35.42140197753906,
      -36.4490966796875,
      -35.9322624206543,
      -33.190486907958984,
      -33.45524597167969
    ],
    [
      -36.41695785522461,
      -36.52035903930664,
      -35.65494155883789,
      -37.38357162475586,
      -35.601463317871094,
      -32.886207580566406,
      -36.86994171142578,
      -38.041015625,
      -36.62748718261719,
      -38.082672119140625,
      -37.832794189453125
    ],
    [
      -40.293704986572266,
      -37.765254974365234,
      -37.15393829345703,
      -38.758384704589844,
      -36.7705078125,
      -33.503421783447266,
      -37.046630859375,
      -37.82075881958008,
      -36.08075714111328,
      -38.207908630371094,
      -38.35268020629883
    ],
    [
      -39.09019088745117,
      -37.96161651611328,
      -37.56858825683594,
      -37.391944885253906,
      -37.6920280456543,
      -35.15993881225586,
      -37.63802719116211,
      -37.33214569091797,
      -37.68223190307617,
      -38.16617202758789,
      -39.02488327026367
    ],
    [
      -38.99651336669922,
      -39.37071228027344,
      -37.87031173706055,
      -37.670860290527344,
      -38.3581657409668,
      -34.54243850708008,
      -38.23695755004883,
      -37.477046966552734,
      -39.2807731628418,
      -40.00199508666992,
      -39.98235321044922
    ],
    [
      -37.43070983886719,
      -37.865142822265625,
      -38.63703536987305,
      -38.94651794433594,
      -36.6419792175293,
      -32.965152740478516,
      -36.7844123840332,
      -38.611854553222656,
      -38.617942810058594,
      -38.51443862915039,
      -40.19210433959961
    ],
    [
      -40.858272552490234,
      -38.95806884765625,
      -40.63153839111328,
      -39.847347259521484,
      -38.35411834716797,
      -33.95981979370117,
      -38.88200759887695,
      -40.616825103759766,
      -39.489891052246094,
      -40.3786506652832,
      -42.976837158203125
    ],
    [
      -45.17476272583008,
      -39.95234298706055,
      -39.712711334228516,
      -39.39243698120117,
      -39.05873107910156,
      -37.42130661010742,
      -38.851219177246094,
      -39.64148712158203,
      -40.07326126098633,
      -40.27030944824219,
      -38.5440559387207
    ],
    [
      -41.81752395629883,
      -39.448875427246094,
      -39.28267288208008,
      -39.1314697265625,
      -39.2037353515625,
      -38.87784957885742,
      -39.32767105102539,
      -39.37398910522461,
      -39.80725860595703,
      -40.34562301635742,
      -39.73495101928711
    ],
    [
      -35.025508880615234,
      -38.34423065185547,
      -38.11753845214844,
      -38.60209274291992,
      -38.98429870605469,
      -39.137046813964844,
      -38.77186584472656,
      -38.327754974365234,
      -38.424346923828125,
      -37.39424133300781,
      -38.771114349365234
    ],
    [
      -36.11599349975586,
      -37.915626525878906,
      -39.30342102050781,
      -39.15851974487305,
      -39.355072021484375,
      -40.59330749511719,
      -40.29528045654297,
      -39.74306106567383,
      -41.20985794067383,
      -42.066036224365234,
      -41.2261848449707
    ],
    [
      -40.72512435913086,
      -38.21849822998047,
      -39.65093231201172,
      -40.36186981201172,
      -39.514652252197266,
      -41.17377853393555,
      -41.5184211730957,
      -40.731285095214844,
      -41.724884033203125,
      -43.284427642822266,
      -47.80747604370117
    ],
    [
      -55.05280685424805,
      -38.295650482177734,
      -40.50307846069336,
      -40.505577087402344,
      -39.912574768066406,
      -40.58802032470703,
      -42.12904357910156,
      -42.23339080810547,
      -42.14332962036133,
      -45.050621032714844,
      -48.48483657836914
    ],
    [
      -370,
      -40.13545227050781,
      -42.422340393066406,
      -42.07917404174805,
      -41.789554595947266,
      -40.362701416015625,
      -42.6216926574707,
      -43.83611297607422,
      -43.74012756347656,
      -46.04726791381836,
      -52.39487838745117
    ],
    [
      -39.37206268310547,
      -44.42340087890625,
      -43.85041046142578,
      -43.647823333740234,
      -43.586021423339844,
      -43.24690246582031,
      -44.01951599121094,
      -45.31802749633789,
      -44.681766510009766,
      -42.608741760253906,
      -133.35923767089844
    ],
    [
      -45.165462493896484,
      -40.70692825317383,
      -43.91356658935547,
      -43.0223503112793,
      -43.4111328125,
      -43.53803634643555,
      -44.23583221435547,
      -46.15981674194336,
      -47.10375213623047,
      -53.3631477355957,
      -63.887149810791016
    ],
    [
      -370,
      -41.228416442871094,
      -45.7323112487793,
      -44.01088333129883,
      -42.5633659362793,
      -43.34565353393555,
      -43.76408386230469,
      -45.961734771728516,
      -48.26776885986328,
      -43.449676513671875,
      -132.63551330566406
    ],
    [
      -48.20711898803711,
      -44.0926399230957,
      -47.270843505859375,
      -44.088321685791016,
      -43.65959548950195,
      -44.2088623046875,
      -44.09941864013672,
      -45.19654083251953,
      -44.91783905029297,
      -43.804962158203125,
      -131.99851989746094
    ],
    [
      -370,
      -45.27177047729492,
      -45.77150344848633,
      -44.20061492919922,
      -45.054100036621094,
      -44.51714324951172,
      -44.48822021484375,
      -45.463321685791016,
      -47.750545501708984,
      -47.8282356262207,
      -52.21064376831055
    ],
    [
      -43.14556884765625,
      -45.41661071777344,
      -44.144710540771484,
      -46.00446319580078,
      -45.62098693847656,
      -44.51652526855469,
      -45.80347442626953,
      -47.13570022583008,
      -49.21090316772461,
      -47.6909294128418,
      -55.48439025878906
    ],
    [
      -43.403099060058594,
      -44.570770263671875,
      -45.94834518432617,
      -47.02837371826172,
      -47.12339782714844,
      -46.577545166015625,
      -47.05489730834961,
      -47.32465744018555,
      -51.39043426513672,
      -44.509525299072266,
      -130.65306091308594
    ],
    [
      -46.03438949584961,
      -44.33332061767578,
      -46.318763732910156,
      -48.58371353149414,
      -48.284645080566406,
      -48.7569694519043,
      -48.08734130859375,
      -46.9757194519043,
      -53.030338287353516,
      -44.303611755371094,
      -130.15914916992188
    ],
    [
      -45.72991943359375,
      -46.938316345214844,
      -49.294700622558594,
      -49.74392318725586,
      -50.497196197509766,
      -51.123294830322266,
      -49.98480987548828,
      -50.250938415527344,
      -53.55012893676758,
      -46.04146957397461,
      -69.57295227050781
    ],
    [
      -54.25714874267578,
      -49.014259338378906,
      -51.0320930480957,
      -51.71110916137695,
      -51.41513442993164,
      -54.157169342041016,
      -52.27399826049805,
      -52.52762985229492,
      -59.245574951171875,
      -53.176639556884766,
      -129.75633239746094
    ],
    [
      -370,
      -51.24531936645508,
      -52.333072662353516,
      -53.07148742675781,
      -53.45698547363281,
      -55.64699935913086,
      -52.76374816894531,
      -52.815277099609375,
      -56.10677719116211,
      -53.704193115234375,
      -64.48210906982422
    ]
  ],
  "histogram": [
    {
      "db": -70,
      "frequency": 0
    },
    {
      "db": -69,
      "frequency": 0
    },
    {
      "db": -68,
      "frequency": 1
    },
    {
      "db": -67,
      "frequency": 0
    },
    {
      "db": -66,
      "frequency": 0
    },
    {
      "db": -65,
      "frequency": 0
    },
    {
      "db": -64,
      "frequency": 0
    },
    {
      "db": -63,
      "frequency": 1
    },
    {
      "db": -62,
      "frequency": 0
    },
    {
      "db": -61,
      "frequency": 0
    },
    {
      "db": -60,
      "frequency": 1
    },
    {
      "db": -59,
      "frequency": 0
    },
    {
      "db": -58,
      "frequency": 1
    },
    {
      "db": -57,
      "frequency": 0
    },
    {
      "db": -56,
      "frequency": 1
    },
    {
      "db": -55,
      "frequency": 1
    },
    {
      "db": -54,
      "frequency": 1
    },
    {
      "db": -53,
      "frequency": 1
    },
    {
      "db": -52,
      "frequency": 1
    },
    {
      "db": -51,
      "frequency": 2
    },
    {
      "db": -50,
      "frequency": 2
    },
    {
      "db": -49,
      "frequency": 2
    },
    {
      "db": -48,
      "frequency": 2
    },
    {
      "db": -47,
      "frequency": 2
    },
    {
      "db": -46,
      "frequency": 2
    },
    {
      "db": -45,
      "frequency": 2
    },
    {
      "db": -44,
      "frequency": 3
    },
    {
      "db": -43,
      "frequency": 3
    },
    {
      "db": -42,
      "frequency": 3
    },
    {
      "db": -41,
      "frequency": 3
    },
    {
      "db": -40,
      "frequency": 2
    },
    {
      "db": -39,
      "frequency": 3
    },
    {
      "db": -38,
      "frequency": 2
    },
    {
      "db": -37,
      "frequency": 3
    },
    {
      "db": -36,
      "frequency": 5
    },
    {
      "db": -35,
      "frequency": 5
    },
    {
      "db": -34,
      "frequency": 8
    },
    {
      "db": -33,
      "frequency": 28
    },
    {
      "db": -32,
      "frequency": 48
    },
    {
      "db": -31,
      "frequency": 54
    },
    {
      "db": -30,
      "frequency": 47
    },
    {
      "db": -29,
      "frequency": 80
    },
    {
      "db": -28,
      "frequency": 100
    },
    {
      "db": -27,
      "frequency": 102
    },
    {
      "db": -26,
      "frequency": 145
    },
    {
      "db": -25,
      "frequency": 196
    },
    {
      "db": -24,
      "frequency": 264
    },
    {
      "db": -23,
      "frequency": 394
    },
    {
      "db": -22,
      "frequency": 346
    },
    {
      "db": -21,
      "frequency": 186
    },
    {
      "db": -20,
      "frequency": 41
    },
    {
      "db": -19,
      "frequency": 14
    },
    {
      "db": -18,
      "frequency": 0
    },
    {
      "db": -17,
      "frequency": 0
    },
    {
      "db": -16,
      "frequency": 0
    },
    {
      "db": -15,
      "frequency": 0
    },
    {
      "db": -14,
      "frequency": 0
    },
    {
      "db": -13,
      "frequency": 0
    },
    {
      "db": -12,
      "frequency": 0
    },
    {
      "db": -11,
      "frequency": 0
    },
    {
      "db": -10,
      "frequency": 0
    },
    {
      "db": -9,
      "frequency": 0
    },
    {
      "db": -8,
      "frequency": 0
    },
    {
      "db": -7,
      "frequency": 0
    },
    {
      "db": -6,
      "frequency": 0
    },
    {
      "db": -5,
      "frequency": 0
    },
    {
      "db": -4,
      "frequency": 0
    },
    {
      "db": -3,
      "frequency": 0
    },
    {
      "db": -2,
      "frequency": 0
    },
    {
      "db": -1,
      "frequency": 0
    },
    {
      "db": 0,
      "frequency": 0
    },
    {
      "db": 1,
      "frequency": 0
    },
    {
      "db": 2,
      "frequency": 0
    },
    {
      "db": 3,
      "frequency": 0
    },
    {
      "db": 4,
      "frequency": 0
    },
    {
      "db": 5,
      "frequency": 0
    },
