{
  "acoustic_entropy": 178.05343627929688,
  "bands": [
    {
      "high_freq": 148.1999969482422,
      "loudness": -32.96296691894531,
      "loudness_range": 14.520217895507812,
      "mid_mean": -29.350189208984375,
      "mid_to_side_loudness": -23.472110748291016,
      "mid_to_side_loudness_range": 27.390031814575195,
      "side_mean": -52.16789245605469
    },
    {
      "high_freq": 392.3793640136719,
      "loudness": -32.88262176513672,
      "loudness_range": 12.569490432739258,
      "low_freq": 148.1999969482422,
      "mid_mean": -29.485380172729492,
      "mid_to_side_loudness": -12.289319038391113,
      "mid_to_side_loudness_range": 10.50167179107666,
      "side_mean": -42.09392166137695
    },
    {
      "high_freq": 794.6976318359375,
      "loudness": -36.23529815673828,
      "loudness_range": 14.323535919189453,
      "low_freq": 392.3793640136719,
      "mid_mean": -33.18574523925781,
      "mid_to_side_loudness": -9.209425926208496,
      "mid_to_side_loudness_range": 13.307329177856445,
      "side_mean": -42.67168045043945
    },
    {
      "high_freq": 1457.5709228515625,
      "loudness": -41.01250457763672,
      "loudness_range": 20.956323623657227,
      "low_freq": 794.6976318359375,
      "mid_mean": -38.00529479980469,
      "mid_to_side_loudness": -9.259053230285645,
      "mid_to_side_loudness_range": 12.980915069580078,
      "side_mean": -47.4261589050293
    },
    {
      "high_freq": 2549.74365234375,
      "loudness": -42.95020294189453,
      "loudness_range": 18.64761734008789,
      "low_freq": 1457.5709228515625,
      "mid_mean": -40.02246856689453,
      "mid_to_side_loudness": -8.633526802062988,
      "mid_to_side_loudness_range": 13.46935749053955,
      "side_mean": -48.824771881103516
    },
    {
      "high_freq": 4349.24462890625,
      "loudness": -42.32960891723633,
      "loudness_range": 16.50747299194336,
      "low_freq": 2549.74365234375,
      "mid_mean": -39.279388427734375,
      "mid_to_side_loudness": -9.775993347167969,
      "mid_to_side_loudness_range": 14.4342041015625,
      "side_mean": -49.152626037597656
    },
    {
      "high_freq": 7314.1640625,
      "loudness": -46.87236785888672,
      "loudness_range": 17.438480377197266,
      "low_freq": 4349.24462890625,
      "mid_mean": -44.056114196777344,
      "mid_to_side_loudness": -8.553367614746094,
      "mid_to_side_loudness_range": 15.401153564453125,
      "side_mean": -52.83340835571289
    },
    {
      "high_freq": 12199.2666015625,
      "loudness": -51.99909591674805,
      "loudness_range": 18.57418441772461,
      "low_freq": 7314.1640625,
      "mid_mean": -50.806392669677734,
      "mid_to_side_loudness": -6.6635870933532715,
      "mid_to_side_loudness_range": 17.680423736572266,
      "side_mean": -56.442352294921875
    },
    {
      "loudness": -59.72880172729492,
      "loudness_range": 20.15438461303711,
      "low_freq": 12199.2666015625,
      "mid_mean": -58.02409744262695,
      "mid_to_side_loudness": -5.262174606323242,
      "mid_to_side_loudness_range": 14.7989501953125,
      "side_mean": -61.540035247802734
    }
  ],
  "bands_short": [
    {
      "high_freq": 148.1999969482422,
      "loudness": -35.256526947021484,
      "loudness_range": 16.43496322631836,
      "mid_mean": -31.653926849365234,
      "mid_to_side_loudness": -23.913368225097656,
      "mid_to_side_loudness_range": 30.34576416015625,
      "side_mean": -55.113037109375
    },
    {
      "high_freq": 392.3793640136719,
      "loudness": -32.846435546875,
      "loudness_range": 15.366474151611328,
      "low_freq": 148.1999969482422,
      "mid_mean": -29.481863021850586,
      "mid_to_side_loudness": -12.873895645141602,
      "mid_to_side_loudness_range": 14.392059326171875,
      "side_mean": -42.66870880126953
    },
    {
      "high_freq": 794.6976318359375,
      "loudness": -37.218318939208984,
      "loudness_range": 17.279165267944336,
      "low_freq": 392.3793640136719,
      "mid_mean": -34.29059982299805,
      "mid_to_side_loudness": -9.168536186218262,
      "mid_to_side_loudness_range": 15.681910514831543,
      "side_mean": -43.72089385986328
    },
    {
      "high_freq": 1457.5709228515625,
      "loudness": -41.294525146484375,
      "loudness_range": 22.499847412109375,
      "low_freq": 794.6976318359375,
      "mid_mean": -38.40205764770508,
      "mid_to_side_loudness": -8.953669548034668,
      "mid_to_side_loudness_range": 15.261666297912598,
      "side_mean": -47.582862854003906
    },
    {
      "high_freq": 2549.74365234375,
      "loudness": -44.269859313964844,
      "loudness_range": 21.204647064208984,
      "low_freq": 1457.5709228515625,
      "mid_mean": -41.50725555419922,
      "mid_to_side_loudness": -8.06142807006836,
      "mid_to_side_loudness_range": 15.242843627929688,
      "side_mean": -50.22833251953125
    },
    {
      "high_freq": 4349.24462890625,
      "loudness": -43.23611831665039,
      "loudness_range": 19.43979263305664,
      "low_freq": 2549.74365234375,
      "mid_mean": -40.26191329956055,
      "mid_to_side_loudness": -9.64216423034668,
      "mid_to_side_loudness_range": 15.643288612365723,
      "side_mean": -50.51010513305664
    },
    {
      "high_freq": 7314.1640625,
      "loudness": -48.04954147338867,
      "loudness_range": 20.824058532714844,
      "low_freq": 4349.24462890625,
      "mid_mean": -45.28873825073242,
      "mid_to_side_loudness": -8.65957260131836,
      "mid_to_side_loudness_range": 17.178579330444336,
      "side_mean": -54.07673263549805
    },
    {
      "high_freq": 12199.2666015625,
      "loudness": -54.16350173950195,
      "loudness_range": 23.750595092773438,
      "low_freq": 7314.1640625,
      "mid_mean": -52.904293060302734,
      "mid_to_side_loudness": -7.373137474060059,
      "mid_to_side_loudness_range": 21.07413673400879,
      "side_mean": -58.66460037231445
    },
    {
      "loudness": -62.809547424316406,
      "loudness_range": 25.766334533691406,
      "low_freq": 12199.2666015625,
      "mid_mean": -60.437164306640625,
      "mid_to_side_loudness": -7.286805629730225,
      "mid_to_side_loudness_range": 21.734119415283203,
      "side_mean": -64.00459289550781
    }
  ],
  "bandwidth": 389.512939453125,
  "channels": 2,
  "covariance": [
    [
      29.07111167907715,
      40.94895553588867,
      18.669654846191406,
      19.793441772460938,
      12.090128898620605,
      21.26966667175293,
      16.359142303466797,
      24.879287719726562,
      13.411571502685547,
      22.922903060913086,
      15.042651176452637,
      27.002662658691406,
      14.217024803161621,
      30.0837345123291,
      18.252779006958008,
      30.040315628051758,
      15.097891807556152,
      20.932397842407227
    ],
    [
      40.94895553588867,
      106.13758087158203,
      34.76719665527344,
      41.39258575439453,
      22.551624298095703,
      44.024139404296875,
      31.8757381439209,
      50.54616928100586,
      23.356399536132812,
      43.181636810302734,
      29.64904022216797,
      53.622684478759766,
      29.599140167236328,
      60.53084182739258,
      35.65170669555664,
      57.81380844116211,
      31.055477142333984,
      41.46591567993164
    ],
    [
      18.669654846191406,
      34.76719665527344,
      23.4614315032959,
      20.412757873535156,
      15.65289306640625,
      21.041242599487305,
      17.84712028503418,
      24.913532257080078,
      17.35190773010254,
      23.429658889770508,
      19.170799255371094,
      27.84535026550293,
      16.036312103271484,
      28.113237380981445,
      20.44190788269043,
      28.7852725982666,
      16.596662521362305,
      21.093353271484375
    ],
    [
      19.793441772460938,
      41.39258575439453,
      20.412757873535156,
      31.15194320678711,
      14.22657299041748,
      26.590621948242188,
      17.14350128173828,
      27.059980392456055,
      15.325068473815918,
      24.61339569091797,
      17.636219024658203,
      30.019287109375,
      15.07823657989502,
      32.35177230834961,
      21.284107208251953,
      31.508296966552734,
      18.29517936706543,
      23.53302001953125
    ],
    [
      12.090128898620605,
      22.551624298095703,
      15.65289306640625,
      14.22657299041748,
      29.179319381713867,
      24.937889099121094,
      28.89228630065918,
      25.31646728515625,
      21.276412963867188,
      20.175369262695312,
      20.79587745666504,
      20.609174728393555,
      15.624077796936035,
      19.645612716674805,
      17.520626068115234,
      20.691709518432617,
      14.043780326843262,
      15.960402488708496
    ],
    [
      21.26966667175293,
      44.024139404296875,
      21.041242599487305,
      26.590621948242188,
      24.937889099121094,
      40.073909759521484,
      25.77759552001953,
      35.26041793823242,
      20.205215454101562,
      30.785839080810547,
      22.272525787353516,
      36.033145904541016,
      19.436410903930664,
      37.78474807739258,
      21.57317352294922,
      35.78263854980469,
      18.965843200683594,
      26.874584197998047
    ],
    [
      16.359142303466797,
      31.8757381439209,
      17.84712028503418,
      17.14350128173828,
      28.89228630065918,
      25.77759552001953,
      49.40382385253906,
      38.38787841796875,
      23.71531105041504,
      24.283920288085938,
      23.6337947845459,
      23.8542537689209,
      18.186729431152344,
      22.813440322875977,
      19.25669288635254,
      24.566335678100586,
      17.114049911499023,
      19.627222061157227
    ],
    [
      24.879287719726562,
      50.54616928100586,
      24.913532257080078,
      27.059980392456055,
      25.31646728515625,
      35.26041793823242,
      38.38787841796875,
      47.315914154052734,
      24.362716674804688,
      35.247520446777344,
      26.484243392944336,
      40.06718444824219,
      23.124818801879883,
      40.46234893798828,
      25.560440063476562,
      40.16642379760742,
      23.494544982910156,
      31.00639533996582
    ],
    [
      13.411571502685547,
      23.356399536132812,
      17.35190773010254,
      15.325068473815918,
      21.276412963867188,
      20.205215454101562,
      23.71531105041504,
      24.362716674804688,
      40.9671745300293,
      28.47431182861328,
      30.8886775970459,
      25.842607498168945,
      22.92474365234375,
      23.920068740844727,
      26.66561508178711,
      26.568527221679688,
      20.09777069091797,
      21.176698684692383
    ],
    [
      22.922903060913086,
      43.181636810302734,
      23.429658889770508,
      24.61339569091797,
      20.175369262695312,
      30.785839080810547,
      24.283920288085938,
      35.247520446777344,
      28.47431182861328,
      38.328590393066406,
      26.767356872558594,
      41.62561798095703,
      24.43231964111328,
      42.47825622558594,
      28.539287567138672,
      42.2182731628418,
      24.650009155273438,
      32.29838180541992
    ],
    [
      15.042651176452637,
      29.64904022216797,
      19.170799255371094,
      17.636219024658203,
      20.79587745666504,
      22.272525787353516,
      23.6337947845459,
      26.484243392944336,
      30.8886775970459,
      26.767356872558594,
      33.59183883666992,
      31.130834579467773,
      25.049545288085938,
      29.661602020263672,
      28.442358016967773,
      29.744951248168945,
      20.636207580566406,
      22.019956588745117
    ],
    [
      27.002662658691406,
      53.622684478759766,
      27.84535026550293,
      30.019287109375,
      20.609174728393555,
      36.033145904541016,
      23.8542537689209,
      40.06718444824219,
      25.842607498168945,
      41.62561798095703,
      31.130834579467773,
      53.09922790527344,
      28.421911239624023,
      53.81456756591797,
      32.04676818847656,
      51.40934753417969,
      27.39181900024414,
      38.1829719543457
    ],
    [
      14.217024803161621,
      29.599140167236328,
      16.036312103271484,
      15.07823657989502,
      15.624077796936035,
      19.436410903930664,
      18.186729431152344,
      23.124818801879883,
      22.92474365234375,
      24.43231964111328,
      25.049545288085938,
      28.421911239624023,
      35.22492599487305,
      35.3911018371582,
      37.478546142578125,
      34.225521087646484,
      30.36562728881836,
      24.962604522705078
    ],
    [
      30.0837345123291,
      60.53084182739258,
      28.113237380981445,
      32.35177230834961,
      19.645612716674805,
      37.78474807739258,
      22.813440322875977,
      40.46234893798828,
      23.920068740844727,
      42.47825622558594,
      29.661602020263672,
      53.81456756591797,
      35.3911018371582,
      70.45858001708984,
      46.598533630371094,
      66.00177764892578,
      38.94779968261719,
      47.980106353759766
    ],
    [
      18.252779006958008,
      35.65170669555664,
      20.44190788269043,
      21.284107208251953,
      17.520626068115234,
      21.57317352294922,
      19.25669288635254,
      25.560440063476562,
      26.66561508178711,
      28.539287567138672,
      28.442358016967773,
      32.04676818847656,
      37.478546142578125,
      46.598533630371094,
      60.339324951171875,
      47.61147689819336,
      47.81755447387695,
      35.65696716308594
    ],
    [
      30.040315628051758,
      57.81380844116211,
      28.7852725982666,
      31.508296966552734,
      20.691709518432617,
      35.78263854980469,
      24.566335678100586,
      40.16642379760742,
      26.568527221679688,
      42.2182731628418,
      29.744951248168945,
      51.40934753417969,
      34.225521087646484,
      66.00177764892578,
      47.61147689819336,
      68.93807220458984,
      42.376243591308594,
      52.647735595703125
    ],
    [
      15.097891807556152,
      31.055477142333984,
      16.596662521362305,
      18.29517936706543,
      14.043780326843262,
      18.965843200683594,
      17.114049911499023,
      23.494544982910156,
      20.09777069091797,
      24.650009155273438,
      20.636207580566406,
      27.39181900024414,
      30.36562728881836,
      38.94779968261719,
      47.81755447387695,
      42.376243591308594,
      44.514503479003906,
      35.16866683959961
    ],
    [
      20.932397842407227,
      41.46591567993164,
      21.093353271484375,
      23.53302001953125,
      15.960402488708496,
      26.874584197998047,
      19.627222061157227,
      31.00639533996582,
      21.176698684692383,
      32.29838180541992,
      22.019956588745117,
      38.1829719543457,
      24.962604522705078,
      47.980106353759766,
      35.65696716308594,
      52.647735595703125,
      35.16866683959961,
      44.41804122924805
    ]
  ],
  "covariance_short": [
    [
      30.900108337402344,
      28.20511817932129,
      18.562551498413086,
      15.240193367004395,
      9.755785942077637,
      15.4092435836792,
      12.657389640808105,
      19.32515525817871,
      11.629413604736328,
      20.500185012817383,
      12.247711181640625,
      23.450908660888672,
      12.287278175354004,
      23.678125381469727,
      14.907875061035156,
      21.775550842285156,
      11.027609825134277,
      13.987747192382812
    ],
    [
      28.20511817932129,
      91.19317626953125,
      34.69034957885742,
      40.559688568115234,
      24.4423828125,
      41.395545959472656,
      30.92784881591797,
      46.41353988647461,
      25.25637435913086,
      43.58650588989258,
      30.664899826049805,
      52.40133285522461,
      32.20726013183594,
      55.568397521972656,
      35.58271789550781,
      50.681339263916016,
      26.593690872192383,
      32.28593826293945
    ],
    [
      18.562551498413086,
      34.69034957885742,
      31.274717330932617,
      23.56708335876465,
      19.346120834350586,
      23.542945861816406,
      20.767274856567383,
      27.913314819335938,
      20.170961380004883,
      25.647747039794922,
      21.879844665527344,
      30.21406364440918,
      18.979673385620117,
      30.64544677734375,
      23.362756729125977,
      29.83829689025879,
      17.383434295654297,
      20.493579864501953
    ],
    [
      15.240193367004395,
      40.559688568115234,
      23.56708335876465,
      42.2364616394043,
      18.03424072265625,
      30.706695556640625,
      20.613887786865234,
      30.8969669342041,
      17.49043846130371,
      28.435876846313477,
      19.942041397094727,
      34.02603530883789,
      18.152280807495117,
      34.19096755981445,
      24.10940170288086,
      31.812959671020508,
      19.392263412475586,
      22.587461471557617
    ],
    [
      9.755785942077637,
      24.4423828125,
      19.346120834350586,
      18.03424072265625,
      41.47831726074219,
      30.95226287841797,
      35.513938903808594,
      29.932613372802734,
      28.133581161499023,
      23.421428680419922,
      27.14634132385254,
      24.34568977355957,
      21.697813034057617,
      23.12892723083496,
      23.698156356811523,
      22.75971794128418,
      17.3961181640625,
      17.042909622192383
    ],
    [
      15.4092435836792,
      41.395545959472656,
      23.542945861816406,
      30.706695556640625,
      30.95226287841797,
      49.144657135009766,
      29.95885467529297,
      39.32609558105469,
      24.184263229370117,
      33.9434700012207,
      25.689237594604492,
      39.5004997253418,
      24.83163833618164,
      40.777915954589844,
      26.19982147216797,
      36.368648529052734,
      21.02129364013672,
      25.573020935058594
    ],
    [
      12.657389640808105,
      30.92784881591797,
      20.767274856567383,
      20.613887786865234,
      35.513938903808594,
      29.95885467529297,
      60.09291458129883,
      43.16106033325195,
      29.987995147705078,
      26.72026824951172,
      29.665409088134766,
      26.287960052490234,
      24.01350975036621,
      24.939903259277344,
      22.644113540649414,
      24.933921813964844,
      19.170560836791992,
      19.127422332763672
    ],
    [
      19.32515525817871,
      46.41353988647461,
      27.913314819335938,
      30.8969669342041,
      29.932613372802734,
      39.32609558105469,
      43.16106033325195,
      55.05083465576172,
      27.61326789855957,
      37.661922454833984,
      29.46088409423828,
      42.44760513305664,
      27.964757919311523,
      43.28636169433594,
      28.893430709838867,
      39.86442947387695,
      24.40369415283203,
      28.552377700805664
    ],
    [
      11.629413604736328,
      25.25637435913086,
      20.170961380004883,
      17.49043846130371,
      28.133581161499023,
      24.184263229370117,
      29.987995147705078,
      27.61326789855957,
      54.77574920654297,
      33.62306213378906,
      40.4520263671875,
      30.955963134765625,
      30.957124710083008,
      28.002460479736328,
      34.42726516723633,
      28.691404342651367,
      24.04222869873047,
      21.529565811157227
    ],
    [
      20.500185012817383,
      43.58650588989258,
      25.647747039794922,
      28.435876846313477,
      23.421428680419922,
      33.9434700012207,
      26.72026824951172,
      37.661922454833984,
      33.62306213378906,
      51.85736846923828,
      30.758169174194336,
      53.59672546386719,
      29.844032287597656,
      52.59739685058594,
      41.478271484375,
      47.61357879638672,
      30.514549255371094,
      32.43925476074219
    ],
    [
      12.247711181640625,
      30.664899826049805,
      21.879844665527344,
      19.942041397094727,
      27.14634132385254,
      25.689237594604492,
      29.665409088134766,
      29.46088409423828,
      40.4520263671875,
      30.758169174194336,
      45.7735481262207,
      36.501914978027344,
      34.60094451904297,
      34.73427963256836,
      37.80949020385742,
      32.88172149658203,
      24.76030731201172,
      22.13490867614746
    ],
    [
      23.450908660888672,
      52.40133285522461,
      30.21406364440918,
      34.02603530883789,
      24.34568977355957,
      39.5004997253418,
      26.287960052490234,
      42.44760513305664,
      30.955963134765625,
      53.59672546386719,
      36.501914978027344,
      66.76614379882812,
      35.305015563964844,
      65.97921752929688,
      46.592803955078125,
      58.890777587890625,
      33.339080810546875,
      38.78581619262695
    ],
    [
      12.287278175354004,
      32.20726013183594,
      18.979673385620117,
      18.152280807495117,
      21.697813034057617,
      24.83163833618164,
      24.01350975036621,
      27.964757919311523,
      30.957124710083008,
      29.844032287597656,
      34.60094451904297,
      35.305015563964844,
      47.430973052978516,
      43.30156326293945,
      48.17391586303711,
      40.606929779052734,
      36.22889709472656,
      27.47735023498535
    ],
    [
      23.678125381469727,
      55.568397521972656,
      30.64544677734375,
      34.19096755981445,
      23.12892723083496,
      40.777915954589844,
      24.939903259277344,
      43.28636169433594,
      28.002460479736328,
      52.59739685058594,
      34.73427963256836,
      65.97921752929688,
      43.30156326293945,
      78.92278289794922,
      52.773868560791016,
      71.48628234863281,
      40.150733947753906,
      47.43927001953125
    ],
    [
      14.907875061035156,
      35.58271789550781,
      23.362756729125977,
      24.10940170288086,
      23.698156356811523,
      26.19982147216797,
      22.644113540649414,
      28.893430709838867,
      34.42726516723633,
      41.478271484375,
      37.80949020385742,
      46.592803955078125,
      48.17391586303711,
      52.773868560791016,
      73.7939682006836,
      54.89332580566406,
      55.18342590332031,
      39.25674057006836
    ],
    [
      21.775550842285156,
      50.681339263916016,
      29.83829689025879,
      31.812959671020508,
      22.75971794128418,
      36.368648529052734,
      24.933921813964844,
      39.86442947387695,
      28.691404342651367,
      47.61357879638672,
      32.88172149658203,
      58.890777587890625,
      40.606929779052734,
      71.48628234863281,
      54.89332580566406,
      76.20140075683594,
      45.83065414428711,
      55.04106903076172
    ],
    [
      11.027609825134277,
      26.593690872192383,
      17.383434295654297,
      19.392263412475586,
      17.3961181640625,
      21.02129364013672,
      19.170560836791992,
      24.40369415283203,
      24.04222869873047,
      30.514549255371094,
      24.76030731201172,
      33.339080810546875,
      36.22889709472656,
      40.150733947753906,
      55.18342590332031,
      45.83065414428711,
      51.336158752441406,
      38.4044303894043
    ],
    [
      13.987747192382812,
      32.28593826293945,
      20.493579864501953,
      22.587461471557617,
      17.042909622192383,
      25.573020935058594,
      19.127422332763672,
      28.552377700805664,
      21.529565811157227,
      32.43925476074219,
      22.13490867614746,
      38.78581619262695,
      27.47735023498535,
      47.43927001953125,
      39.25674057006836,
      55.04106903076172,
      38.4044303894043,
      47.07730484008789
    ]
  ],
  "damage": -17.497365951538086,
  "diff_bandwidth": 416.7338562011719,
  "dissonance": 7.7292237591859045,
  "drr": 16.711355209350586,
  "dynamics": 3.7837958335876465,
  "format": 1245190,
  "frames": 9373611,
  "freq_pan_to_db": [
    [
      -26.341245651245117,
      -28.067041397094727,
      -25.72467613220215,
      -23.449169158935547,
      -22.276626586914062,
      -23.832794189453125,
      -24.07252311706543,
      -24.920576095581055,
      -26.49908447265625,
      -26.96494483947754,
      -28.502775192260742
    ],
    [
      -27.98344612121582,
      -27.848859786987305,
      -25.173954010009766,
      -23.56618881225586,
      -20.621353149414062,
      -21.349790573120117,
      -19.923282623291016,
      -22.275131225585938,
      -24.40620231628418,
      -26.951457977294922,
      -28.24327278137207
    ],
    [
      -26.614295959472656,
      -25.56715202331543,
      -24.602397918701172,
      -24.06794548034668,
      -21.8736572265625,
      -22.221538543701172,
      -22.654293060302734,
      -23.84735107421875,
      -24.99477767944336,
      -26.77688980102539,
      -27.84910011291504
    ],
    [
      -28.405847549438477,
      -27.269901275634766,
      -24.748823165893555,
      -22.99266815185547,
      -22.87986183166504,
      -23.34029769897461,
      -23.63011932373047,
      -25.011911392211914,
      -27.05441665649414,
      -27.8511962890625,
      -29.943954467773438
    ],
    [
      -27.0175838470459,
      -26.29248046875,
      -24.186500549316406,
      -23.953842163085938,
      -23.382997512817383,
      -24.755598068237305,
      -24.4424991607666,
      -25.19269561767578,
      -25.7144832611084,
      -26.791851043701172,
      -27.62482261657715
    ],
    [
      -34.50578308105469,
      -31.02973175048828,
      -28.924589157104492,
      -27.172138214111328,
      -25.837474822998047,
      -26.20271873474121,
      -27.018491744995117,
      -27.779207229614258,
      -29.131147384643555,
      -31.471071243286133,
      -33.521087646484375
    ],
    [
      -30.019840240478516,
      -29.512784957885742,
      -28.10993766784668,
      -27.179325103759766,
      -26.21236228942871,
      -26.07232093811035,
      -26.35047149658203,
      -26.6171875,
      -27.641735076904297,
      -28.41173553466797,
      -29.520843505859375
    ],
    [
      -33.396575927734375,
      -33.80632781982422,
      -31.834718704223633,
      -30.32392692565918,
      -28.39395523071289,
      -27.724246978759766,
      -29.46030616760254,
      -30.664281845092773,
      -31.61058235168457,
      -32.193355560302734,
      -33.64287567138672
    ],
    [
      -29.164400100708008,
      -29.442180633544922,
      -29.29153823852539,
      -29.03331756591797,
      -28.695077896118164,
      -29.13191795349121,
      -29.468202590942383,
      -29.427648544311523,
      -29.607192993164062,
      -29.61699104309082,
      -28.957168579101562
    ],
    [
      -32.112060546875,
      -32.87473678588867,
      -32.31988525390625,
      -32.16318893432617,
      -31.03761100769043,
      -30.8757381439209,
      -31.64240837097168,
      -32.197715759277344,
      -32.819480895996094,
      -33.28230667114258,
      -33.37743377685547
    ],
    [
      -34.44097137451172,
      -34.73208236694336,
      -34.96250534057617,
      -32.36940002441406,
      -29.417877197265625,
      -27.248476028442383,
      -30.392656326293945,
      -32.104793548583984,
      -33.82395935058594,
      -35.49613952636719,
      -36.36077117919922
    ],
    [
      -33.490482330322266,
      -35.175819396972656,
      -33.59540939331055,
      -31.628379821777344,
      -29.64197540283203,
      -28.129169464111328,
      -30.2468204498291,
      -32.139915466308594,
      -33.6945915222168,
      -34.20018005371094,
      -34.66217041015625
    ],
    [
      -36.330902099609375,
      -36.473976135253906,
      -35.13905715942383,
      -33.92287063598633,
      -32.91222381591797,
      -31.468393325805664,
      -33.352317810058594,
      -34.82412338256836,
      -34.65090560913086,
      -35.65824890136719,
      -35.61924743652344
    ],
    [
      -35.8568115234375,
      -35.57841491699219,
      -35.3973274230957,
      -33.93415069580078,
      -33.018028259277344,
      -30.64209747314453,
      -33.865631103515625,
      -35.013092041015625,
      -35.40895462036133,
      -36.718563079833984,
      -37.13185119628906
    ],
    [
      -34.84286117553711,
      -35.2681999206543,
      -36.7014045715332,
      -36.607696533203125,
      -35.31276321411133,
      -32.14371871948242,
      -35.88149642944336,
      -36.163753509521484,
      -36.906837463378906,
      -36.8444938659668,
      -35.68971252441406
    ],
    [
      -34.8532600402832,
      -36.929283142089844,
      -37.298133850097656,
      -38.042564392089844,
      -35.60811233520508,
      -32.43003845214844,
      -35.84329605102539,
      -37.57898712158203,
      -37.42313766479492,
      -35.4047737121582,
      -32.366676330566406
    ],
    [
      -35.18155288696289,
      -35.11471939086914,
      -38.50729751586914,
      -38.6757698059082,
      -36.98491668701172,
      -31.986698150634766,
      -37.76658248901367,
      -39.55743408203125,
      -37.36486053466797,
      -32.76502227783203,
      -33.464107513427734
    ],
    [
      -39.136016845703125,
      -39.07377624511719,
      -39.806732177734375,
      -39.88222122192383,
      -39.093196868896484,
      -34.7183837890625,
      -39.14997863769531,
      -39.99538040161133,
      -39.273193359375,
      -36.64445495605469,
      -36.888633728027344
    ],
    [
      -42.3771858215332,
      -41.3549919128418,
      -40.08662033081055,
      -41.54564666748047,
      -40.00651550292969,
      -36.9515495300293,
      -41.340087890625,
      -42.590946197509766,
      -41.042911529541016,
      -42.89641189575195,
      -41.11417007446289
    ],
    [
      -44.44597244262695,
      -43.37040710449219,
      -42.380958557128906,
      -44.149742126464844,
      -41.89127731323242,
      -38.55009078979492,
      -42.29251480102539,
      -43.09186553955078,
      -41.010894775390625,
      -43.42365646362305,
      -44.149723052978516
    ],
    [
      -43.38438034057617,
      -43.247581481933594,
      -43.21030807495117,
      -43.01713180541992,
      -43.22335433959961,
      -40.49382019042969,
      -43.133914947509766,
      -42.885807037353516,
      -43.18675231933594,
      -43.49721145629883,
      -43.731807708740234
    ],
    [
      -43.05745315551758,
      -44.6529655456543,
      -43.94453430175781,
      -43.5185432434082,
      -44.08711242675781,
      -39.584442138671875,
      -43.568973541259766,
      -43.166107177734375,
      -44.757991790771484,
      -45.23478698730469,
      -44.88266372680664
    ],
    [
      -43.24839782714844,
      -42.810550689697266,
      -44.6356315612793,
      -44.6756477355957,
      -42.16897201538086,
      -37.718467712402344,
      -42.30815505981445,
      -43.98242950439453,
      -44.12676239013672,
      -44.500797271728516,
      -46.62204360961914
    ],
    [
      -46.06117630004883,
      -43.90800476074219,
      -45.93511199951172,
      -45.069419860839844,
      -43.78190612792969,
      -38.40835952758789,
      -43.90336227416992,
      -45.08775329589844,
      -44.15864562988281,
      -44.98197555541992,
      -48.3178825378418
    ],
    [
      -46.508689880371094,
      -44.24873352050781,
      -43.97665023803711,
      -43.769859313964844,
      -43.83795928955078,
      -41.680137634277344,
      -43.17021560668945,
      -43.41303634643555,
      -44.48033142089844,
      -44.69536590576172,
      -42.28310775756836
    ],
    [
      -44.59415817260742,
      -43.42094802856445,
      -43.357967376708984,
      -43.605506896972656,
      -43.5236701965332,
      -43.05823516845703,
      -43.5335693359375,
      -43.4597282409668,
      -43.655296325683594,
      -43.79890823364258,
      -43.82951736450195
    ],
    [
      -41.900264739990234,
      -42.154014587402344,
      -42.375709533691406,
      -43.001708984375,
      -43.21263122558594,
      -43.50526428222656,
      -42.67561721801758,
      -42.41476058959961,
      -42.12514114379883,
      -41.67137145996094,
      -39.62969207763672
    ],
    [
      -39.96159744262695,
      -41.38251876831055,
      -43.52009201049805,
      -43.60150146484375,
      -44.06544494628906,
      -45.20302963256836,
      -44.581356048583984,
      -44.2245979309082,
      -45.287803649902344,
      -46.15229034423828,
      -45.76009750366211
    ],
    [
      -43.24991226196289,
      -42.93186950683594,
      -43.823387145996094,
      -45.16720962524414,
      -44.77489471435547,
      -46.877689361572266,
      -45.14910125732422,
      -44.91187286376953,
      -46.79817199707031,
      -47.34823226928711,
      -370
    ],
    [
      -42.79548645019531,
      -43.64164733886719,
      -44.68806838989258,
      -45.3613395690918,
      -45.3814697265625,
      -46.15675354003906,
      -46.95698547363281,
      -46.322349548339844,
      -47.03242111206055,
      -50.332420349121094,
      -49.8223762512207
    ],
    [
      -48.484134674072266,
      -45.33182907104492,
      -46.13105010986328,
      -46.87247085571289,
      -47.024295806884766,
      -45.73396301269531,
      -47.879356384277344,
      -47.682518005371094,
      -48.04039001464844,
      -50.35087966918945,
      -71.39016723632812
    ],
    [
      -370,
      -44.750919342041016,
      -48.09141540527344,
      -48.183284759521484,
      -48.886383056640625,
      -48.585853576660156,
      -49.157222747802734,
      -49.13417053222656,
      -49.5361442565918,
      -49.22736740112305,
      -45.36798095703125
    ],
    [
      -370,
      -45.6732292175293,
      -49.9588508605957,
      -48.653865814208984,
      -49.938560485839844,
      -49.553131103515625,
      -50.372161865234375,
      -50.1489372253418,
      -51.1441535949707,
      -50.186973571777344,
      -49.41591262817383
    ],
    [
      -370,
      -54.33891296386719,
      -52.601497650146484,
      -49.906700134277344,
      -49.8988037109375,
      -50.66525650024414,
      -50.773826599121094,
      -51.42820358276367,
      -53.91669845581055,
      -51.58503341674805,
      -370
    ],
    [
      -370,
      -54.75062942504883,
      -49.64035415649414,
      -50.87421798706055,
      -50.565887451171875,
      -51.92287826538086,
      -51.34721374511719,
      -51.205440521240234,
      -53.067195892333984,
      -49.93335723876953,
      -370
    ],
    [
      -370,
      -52.7530517578125,
      -48.81918716430664,
      -51.66172790527344,
      -52.37028121948242,
      -51.953636169433594,
      -51.86843490600586,
      -52.39846420288086,
      -54.0224723815918,
      -54.169219970703125,
      -58.21102523803711
    ],
    [
      -51.85443878173828,
      -52.330467224121094,
      -52.37474060058594,
      -52.042724609375,
      -52.66146469116211,
      -51.95602035522461,
      -53.26073455810547,
      -53.56727981567383,
      -55.632774353027344,
      -54.88083267211914,
      -61.43250274658203
    ],
    [
      -51.673622131347656,
      -53.92127227783203,
      -53.04267120361328,
      -53.785465240478516,
      -54.71787643432617,
      -54.38334274291992,
      -55.215084075927734,
      -54.47206115722656,
      -56.46306610107422,
      -53.233760833740234,
      -51.64020538330078
    ],
    [
      -53.56153869628906,
      -54.014705657958984,
      -53.2686653137207,
      -55.96790313720703,
      -56.50760269165039,
      -56.97299575805664,
      -56.33635711669922,
      -54.82228469848633,
      -58.733428955078125,
      -54.042118072509766,
      -62.88298416137695
    ],
    [
      -54.75596237182617,
      -56.83713912963867,
      -55.69443893432617,
      -57.01472091674805,
      -58.440608978271484,
      -59.66884231567383,
      -57.81846618652344,
      -57.78538513183594,
      -59.96814727783203,
      -55.19697570800781,
      -370
    ],
    [
      -58.08091354370117,
      -58.26166915893555,
      -59.50120162963867,
      -58.1987419128418,
      -60.02503204345703,
      -62.2922477722168,
      -60.568965911865234,
      -59.625675201416016,
      -64.36563873291016,
      -61.75204849243164,
      -55.24924087524414
    ],
    [
      -57.41072082519531,
      -60.65800094604492,
      -59.123409271240234,
      -59.44470977783203,
      -60.82358169555664,
      -64.26699829101562,
      -60.8372802734375,
      -59.348976135253906,
      -59.54454803466797,
      -60.597259521484375,
      -62.19865036010742
    ]
  ],
  "histogram": [
    {
      "db": -70,
      "frequency": 0
    },
    {
      "db": -69,
      "frequency": 1
    },
    {
      "db": -68,
      "frequency": 0
    },
    {
      "db": -67,
      "frequency": 1
    },
    {
      "db": -66,
      "frequency": 0
    },
    {
      "db": -65,
      "frequency": 1
    },
    {
      "db": -64,
      "frequency": 0
    },
    {
      "db": -63,
      "frequency": 1
    },
    {
      "db": -62,
      "frequency": 1
    },
    {
      "db": -61,
      "frequency": 1
    },
    {
      "db": -60,
      "frequency": 0
    },
    {
      "db": -59,
      "frequency": 1
    },
    {
      "db": -58,
      "frequency": 1
    },
    {
      "db": -57,
      "frequency": 1
    },
    {
      "db": -56,
      "frequency": 2
    },
    {
      "db": -55,
      "frequency": 1
    },
    {
      "db": -54,
      "frequency": 1
    },
    {
      "db": -53,
      "frequency": 1
    },
    {
      "db": -52,
      "frequency": 2
    },
    {
      "db": -51,
      "frequency": 1
    },
    {
      "db": -50,
      "frequency": 1
    },
    {
      "db": -49,
      "frequency": 2
    },
    {
      "db": -48,
      "frequency": 2
    },
    {
      "db": -47,
      "frequency": 2
    },
    {
      "db": -46,
      "frequency": 2
    },
    {
      "db": -45,
      "frequency": 2
    },
    {
      "db": -44,
      "frequency": 2
    },
    {
      "db": -43,
      "frequency": 2
    },
    {
      "db": -42,
      "frequency": 2
    },
    {
      "db": -41,
      "frequency": 2
    },
    {
      "db": -40,
      "frequency": 1
    },
    {
      "db": -39,
      "frequency": 3
    },
    {
      "db": -38,
      "frequency": 5
    },
    {
      "db": -37,
      "frequency": 8
    },
    {
      "db": -36,
      "frequency": 9
    },
    {
      "db": -35,
      "frequency": 16
    },
    {
      "db": -34,
      "frequency": 42
    },
    {
      "db": -33,
      "frequency": 39
    },
    {
      "db": -32,
      "frequency": 41
    },
    {
      "db": -31,
      "frequency": 75
    },
    {
      "db": -30,
      "frequency": 86
    },
    {
      "db": -29,
      "frequency": 76
    },
    {
      "db": -28,
      "frequency": 69
    },
    {
      "db": -27,
      "frequency": 98
    },
    {
      "db": -26,
      "frequency": 55
    },
    {
      "db": -25,
      "frequency": 80
    },
    {
      "db": -24,
      "frequency": 198
    },
    {
      "db": -23,
      "frequency": 416
    },
    {
      "db": -22,
      "frequency": 428
    },
    {
      "db": -21,
      "frequency": 276
    },
    {
      "db": -20,
      "frequency": 47
    },
    {
      "db": -19,
      "frequency": 1
    },
    {
      "db": -18,
      "frequency": 0
    },
    {
      "db": -17,
      "frequency": 0
    },
    {
      "db": -16,
      "frequency": 0
    },
    {
      "db": -15,
      "frequency": 0
    },
    {
      "db": -14,
      "frequency": 0
    },
    {
      "db": -13,
      "frequency": 0
    },
    {
      "db": -12,
      "frequency": 0
    },
    {
      "db": -11,
      "frequency": 0
    },
    {
      "db": -10,
      "frequency": 0
    },
    {
      "db": -9,
      "frequency": 0
    },
    {
      "db": -8,
      "frequency": 0
    },
    {
      "db": -7,
      "frequency": 0
    },
    {
      "db": -6,
      "frequency": 0
    },
    {
      "db": -5,
      "frequency": 0
    },
    {
      "db": -4,
      "frequency": 0
    },
    {
      "db": -3,
      "frequency": 0
    },
    {
      "db": -2,
      "frequency": 0
    },
    {
      "db": -1,
      "frequency": 0
    },
    {
      "db": 0,
      "frequency": 0
    },
    {
      "db": 1,
      "frequency": 0
    },
    {
      "db": 2,
      "frequency": 0
    },
    {
      "db": 3,
      "frequency": 0
    },
    {
      "db": 4,
      "frequency": 0
    },
    {
      "db": 5,
      "frequency": 0
    },
    {
      "db": 6,
      "frequency": 0
    },
    {
      "db": 7,
      "frequency": 0
    },
    {
      "db": 8,
