{
  "acoustic_entropy": 214.7730712890625,
  "bands": [
    {
      "high_freq": 148.1999969482422,
      "loudness": -35.44205856323242,
      "loudness_range": 13.056436538696289,
      "mid_mean": -31.860628128051758,
      "mid_to_side_loudness": -21.181703567504883,
      "mid_to_side_loudness_range": 26.414920806884766,
      "side_mean": -52.43611145019531
    },
    {
      "high_freq": 392.3793640136719,
      "loudness": -35.11927032470703,
      "loudness_range": 10.603370666503906,
      "low_freq": 148.1999969482422,
      "mid_mean": -31.911827087402344,
      "mid_to_side_loudness": -9.474241256713867,
      "mid_to_side_loudness_range": 9.321374893188477,
      "side_mean": -41.770896911621094
    },
    {
      "high_freq": 794.6976318359375,
      "loudness": -36.76498794555664,
      "loudness_range": 13.002019882202148,
      "low_freq": 392.3793640136719,
      "mid_mean": -34.06015396118164,
      "mid_to_side_loudness": -6.76891565322876,
      "mid_to_side_loudness_range": 12.182923316955566,
      "side_mean": -41.05253982543945
    },
    {
      "high_freq": 1457.5709228515625,
      "loudness": -38.3635368347168,
      "loudness_range": 18.40449333190918,
      "low_freq": 794.6976318359375,
      "mid_mean": -35.45545196533203,
      "mid_to_side_loudness": -8.105574607849121,
      "mid_to_side_loudness_range": 11.587677955627441,
      "side_mean": -43.72193145751953
    },
    {
      "high_freq": 2549.74365234375,
      "loudness": -37.143470764160156,
      "loudness_range": 15.848932266235352,
      "low_freq": 1457.5709228515625,
      "mid_mean": -34.19038772583008,
      "mid_to_side_loudness": -8.423162460327148,
      "mid_to_side_loudness_range": 11.54521656036377,
      "side_mean": -42.81144332885742
    },
    {
      "high_freq": 4349.24462890625,
      "loudness": -37.1231803894043,
      "loudness_range": 13.580516815185547,
      "low_freq": 2549.74365234375,
      "mid_mean": -34.02544403076172,
      "mid_to_side_loudness": -9.406126976013184,
      "mid_to_side_loudness_range": 11.299781799316406,
      "side_mean": -43.60514831542969
    },
    {
      "high_freq": 7314.1640625,
      "loudness": -40.69279479980469,
      "loudness_range": 13.91843032836914,
      "low_freq": 4349.24462890625,
      "mid_mean": -37.607540130615234,
      "mid_to_side_loudness": -9.417222023010254,
      "mid_to_side_loudness_range": 11.109129905700684,
      "side_mean": -47.02000427246094
    },
    {
      "high_freq": 12199.2666015625,
      "loudness": -44.042240142822266,
      "loudness_range": 16.043472290039062,
      "low_freq": 7314.1640625,
      "mid_mean": -41.11899185180664,
      "mid_to_side_loudness": -9.2493896484375,
      "mid_to_side_loudness_range": 12.793903350830078,
      "side_mean": -50.81801223754883
    },
    {
      "loudness": -50.937416076660156,
      "loudness_range": 17.580184936523438,
      "low_freq": 12199.2666015625,
      "mid_mean": -48.82628631591797,
      "mid_to_side_loudness": -8.004852294921875,
      "mid_to_side_loudness_range": 15.97849178314209,
      "side_mean": -56.057106018066406
    }
  ],
  "bands_short": [
    {
      "high_freq": 148.1999969482422,
      "loudness": -38.006126403808594,
      "loudness_range": 15.021116256713867,
      "mid_mean": -34.4698371887207,
      "mid_to_side_loudness": -21.40889549255371,
      "mid_to_side_loudness_range": 29.840938568115234,
      "side_mean": -55.427284240722656
    },
    {
      "high_freq": 392.3793640136719,
      "loudness": -35.194034576416016,
      "loudness_range": 13.809854507446289,
      "low_freq": 148.1999969482422,
      "mid_mean": -32.0301628112793,
      "mid_to_side_loudness": -10.013781547546387,
      "mid_to_side_loudness_range": 13.488383293151855,
      "side_mean": -42.35970687866211
    },
    {
      "high_freq": 794.6976318359375,
      "loudness": -37.92160415649414,
      "loudness_range": 15.929492950439453,
      "low_freq": 392.3793640136719,
      "mid_mean": -35.37736511230469,
      "mid_to_side_loudness": -6.613154411315918,
      "mid_to_side_loudness_range": 14.543000221252441,
      "side_mean": -42.26980972290039
    },
    {
      "high_freq": 1457.5709228515625,
      "loudness": -38.8325080871582,
      "loudness_range": 20.13413429260254,
      "low_freq": 794.6976318359375,
      "mid_mean": -36.09002685546875,
      "mid_to_side_loudness": -7.723891735076904,
      "mid_to_side_loudness_range": 13.945569038391113,
      "side_mean": -44.01742935180664
    },
    {
      "high_freq": 2549.74365234375,
      "loudness": -38.415672302246094,
      "loudness_range": 18.612272262573242,
      "low_freq": 1457.5709228515625,
      "mid_mean": -35.63902282714844,
      "mid_to_side_loudness": -7.890331268310547,
      "mid_to_side_loudness_range": 13.759982109069824,
      "side_mean": -43.72427749633789
    },
    {
      "high_freq": 4349.24462890625,
      "loudness": -38.0010871887207,
      "loudness_range": 16.45462417602539,
      "low_freq": 2549.74365234375,
      "mid_mean": -35.010528564453125,
      "mid_to_side_loudness": -9.237874984741211,
      "mid_to_side_loudness_range": 13.353776931762695,
      "side_mean": -44.41102981567383
    },
    {
      "high_freq": 7314.1640625,
      "loudness": -41.80915451049805,
      "loudness_range": 17.454334259033203,
      "low_freq": 4349.24462890625,
      "mid_mean": -38.78701400756836,
      "mid_to_side_loudness": -9.487618446350098,
      "mid_to_side_loudness_range": 14.055074691772461,
      "side_mean": -48.32218551635742
    },
    {
      "high_freq": 12199.2666015625,
      "loudness": -46.15105056762695,
      "loudness_range": 21.622974395751953,
      "low_freq": 7314.1640625,
      "mid_mean": -43.25387191772461,
      "mid_to_side_loudness": -9.745231628417969,
      "mid_to_side_loudness_range": 16.824567794799805,
      "side_mean": -53.332847595214844
    },
    {
      "loudness": -54.3145866394043,
      "loudness_range": 24.972373962402344,
      "low_freq": 12199.2666015625,
      "mid_mean": -52.099700927734375,
      "mid_to_side_loudness": -9.346480369567871,
      "mid_to_side_loudness_range": 19.789276123046875,
      "side_mean": -59.50426483154297
    }
  ],
  "bandwidth": 705.8692016601562,
  "channels": 2,
  "covariance": [
    [
      23.399829864501953,
      32.397769927978516,
      11.980210304260254,
      13.24382209777832,
      7.59031343460083,
      14.200965881347656,
      11.681513786315918,
      17.721900939941406,
      8.750640869140625,
      15.667613983154297,
      9.447596549987793,
      17.679290771484375,
      9.099695205688477,
      17.876996994018555,
      10.284446716308594,
      24.926029205322266,
      13.65849494934082,
      24.183443069458008
    ],
    [
      32.397769927978516,
      94.09555053710938,
      25.1235408782959,
      28.148958206176758,
      15.281889915466309,
      32.349918365478516,
      26.067235946655273,
      40.023250579833984,
      17.141386032104492,
      33.11146926879883,
      21.536884307861328,
      39.24993896484375,
      22.088016510009766,
      41.31819152832031,
      24.315244674682617,
      48.28327941894531,
      24.950963973999023,
      47.44215774536133
    ],
    [
      11.980210304260254,
      25.1235408782959,
      16.7479305267334,
      13.273896217346191,
      11.211092948913574,
      14.03891372680664,
      12.278648376464844,
      17.212404251098633,
      11.99931812286377,
      16.060497283935547,
      12.498868942260742,
      18.26770782470703,
      10.453964233398438,
      17.711942672729492,
      13.211746215820312,
      22.787256240844727,
      15.915056228637695,
      22.41876983642578
    ],
    [
      13.24382209777832,
      28.148958206176758,
      13.273896217346191,
      21.6713809967041,
      9.15789794921875,
      16.757259368896484,
      11.357945442199707,
      17.80961799621582,
      9.959074974060059,
      16.028871536254883,
      10.882227897644043,
      18.71639633178711,
      9.48477554321289,
      18.316804885864258,
      11.903998374938965,
      24.955150604248047,
      15.81225299835205,
      23.997440338134766
    ],
    [
      7.59031343460083,
      15.281889915466309,
      11.211092948913574,
      9.15789794921875,
      24.922405242919922,
      19.4100284576416,
      22.320531845092773,
      18.797466278076172,
      15.834256172180176,
      14.769798278808594,
      14.56468391418457,
      14.352470397949219,
      10.40774917602539,
      12.555809020996094,
      11.34772777557373,
      17.05160903930664,
      14.910725593566895,
      17.01739501953125
    ],
    [
      14.200965881347656,
      32.349918365478516,
      14.03891372680664,
      16.757259368896484,
      19.4100284576416,
      29.783004760742188,
      19.10111427307129,
      25.32102394104004,
      14.343972206115723,
      21.794189453125,
      15.026734352111816,
      24.452266693115234,
      13.416789054870605,
      23.8901424407959,
      13.690583229064941,
      27.970727920532227,
      17.969175338745117,
      27.99344253540039
    ],
    [
      11.681513786315918,
      26.067235946655273,
      12.278648376464844,
      11.357945442199707,
      22.320531845092773,
      19.10111427307129,
      38.493900299072266,
      29.096141815185547,
      15.993505477905273,
      17.273210525512695,
      15.959818840026855,
      16.731538772583008,
      11.938165664672852,
      15.975272178649902,
      12.914094924926758,
      19.837467193603516,
      16.799558639526367,
      21.10085105895996
    ],
    [
      17.721900939941406,
      40.023250579833984,
      17.212404251098633,
      17.80961799621582,
      18.797466278076172,
      25.32102394104004,
      29.096141815185547,
      35.87301254272461,
      16.56586265563965,
      25.459951400756836,
      17.801950454711914,
      28.01169776916504,
      15.919266700744629,
      27.640926361083984,
      18.1359920501709,
      31.66817855834961,
      22.30556869506836,
      32.72018051147461
    ],
    [
      8.750640869140625,
      17.141386032104492,
      11.99931812286377,
      9.959074974060059,
      15.834256172180176,
      14.343972206115723,
      15.993505477905273,
      16.56586265563965,
      29.940351486206055,
      20.4844913482666,
      20.8267765045166,
      17.63416862487793,
      14.990585327148438,
      16.436187744140625,
      18.00602149963379,
      21.412389755249023,
      18.462635040283203,
      22.022212982177734
    ],
    [
      15.667613983154297,
      33.11146926879883,
      16.060497283935547,
      16.028871536254883,
      14.769798278808594,
      21.794189453125,
      17.273210525512695,
      25.459951400756836,
      20.4844913482666,
      28.051671981811523,
      17.994291305541992,
      28.840293884277344,
      16.649742126464844,
      28.279556274414062,
      19.399730682373047,
      33.22062683105469,
      22.369901657104492,
      33.607200622558594
    ],
    [
      9.447596549987793,
      21.536884307861328,
      12.498868942260742,
      10.882227897644043,
      14.56468391418457,
      15.026734352111816,
      15.959818840026855,
      17.801950454711914,
      20.8267765045166,
      17.994291305541992,
      21.872100830078125,
      20.163806915283203,
      15.706319808959961,
      18.990673065185547,
      18.270381927490234,
      22.20556640625,
      17.79460906982422,
      21.39544105529785
    ],
    [
      17.679290771484375,
      39.24993896484375,
      18.26770782470703,
      18.71639633178711,
      14.352470397949219,
      24.452266693115234,
      16.731538772583008,
      28.01169776916504,
      17.63416862487793,
      28.840293884277344,
      20.163806915283203,
      34.999691009521484,
      18.468467712402344,
      34.05605697631836,
      20.98590087890625,
      37.874778747558594,
      23.38327407836914,
      37.29179382324219
    ],
    [
      9.099695205688477,
      22.088016510009766,
      10.453964233398438,
      9.48477554321289,
      10.40774917602539,
      13.416789054870605,
      11.938165664672852,
      15.919266700744629,
      14.990585327148438,
      16.649742126464844,
      15.706319808959961,
      18.468467712402344,
      22.412900924682617,
      23.754060745239258,
      24.766992568969727,
      26.801721572875977,
      25.40534019470215,
      24.948978424072266
    ],
    [
      17.876996994018555,
      41.31819152832031,
      17.711942672729492,
      18.316804885864258,
      12.555809020996094,
      23.8901424407959,
      15.975272178649902,
      27.640926361083984,
      16.436187744140625,
      28.279556274414062,
      18.990673065185547,
      34.05605697631836,
      23.754060745239258,
      42.032779693603516,
      26.711774826049805,
      45.6320686340332,
      29.171546936035156,
      44.62172317504883
    ],
    [
      10.284446716308594,
      24.315244674682617,
      13.211746215820312,
      11.903998374938965,
      11.34772777557373,
      13.690583229064941,
      12.914094924926758,
      18.1359920501709,
      18.00602149963379,
      19.399730682373047,
      18.270381927490234,
      20.98590087890625,
      24.766992568969727,
      26.711774826049805,
      35.91383361816406,
      34.19994354248047,
      36.21249771118164,
      32.983463287353516
    ],
    [
      24.926029205322266,
      48.28327941894531,
      22.787256240844727,
      24.955150604248047,
      17.05160903930664,
      27.970727920532227,
      19.837467193603516,
      31.66817855834961,
      21.412389755249023,
      33.22062683105469,
      22.20556640625,
      37.874778747558594,
      26.801721572875977,
      45.6320686340332,
      34.19994354248047,
      65.11395263671875,
      42.94036102294922,
      62.882484436035156
    ],
    [
      13.65849494934082,
      24.950963973999023,
      15.915056228637695,
      15.81225299835205,
      14.910725593566895,
      17.969175338745117,
      16.799558639526367,
      22.30556869506836,
      18.462635040283203,
      22.369901657104492,
      17.79460906982422,
      23.38327407836914,
      25.40534019470215,
      29.171546936035156,
      36.21249771118164,
      42.94036102294922,
      47.31275939941406,
      42.867271423339844
    ],
    [
      24.183443069458008,
      47.44215774536133,
      22.41876983642578,
      23.997440338134766,
      17.01739501953125,
      27.99344253540039,
      21.10085105895996,
      32.72018051147461,
      22.022212982177734,
      33.607200622558594,
      21.39544105529785,
      37.29179382324219,
      24.948978424072266,
      44.62172317504883,
      32.983463287353516,
      62.882484436035156,
      42.867271423339844,
      66.2907485961914
    ]
  ],
  "covariance_short": [
    [
      27.311796188354492,
      20.80181121826172,
      13.573753356933594,
      9.861586570739746,
      5.600995063781738,
      10.143049240112305,
      8.393080711364746,
      12.90713119506836,
      7.735655784606934,
      12.113571166992188,
      7.742097854614258,
      13.328073501586914,
      7.955880641937256,
      14.05019760131836,
      8.13002872467041,
      18.74665069580078,
      11.545219421386719,
      16.748008728027344
    ],
    [
      20.80181121826172,
      81.89404296875,
      26.181962966918945,
      28.364336013793945,
      17.991605758666992,
      31.080934524536133,
      25.076995849609375,
      36.75400924682617,
      19.5086669921875,
      30.745973587036133,
      23.090312957763672,
      36.26749038696289,
      24.61067771911621,
      40.11866760253906,
      26.820133209228516,
      44.858436584472656,
      27.386465072631836,
      40.538108825683594
    ],
    [
      13.573753356933594,
      26.181962966918945,
      25.448787689208984,
      16.879701614379883,
      14.625534057617188,
      17.097015380859375,
      15.368924140930176,
      20.42812156677246,
      15.317137718200684,
      18.863534927368164,
      15.88607406616211,
      20.9943904876709,
      13.376874923706055,
      21.16871452331543,
      16.6242733001709,
      26.374542236328125,
      19.510509490966797,
      24.855022430419922
    ],
    [
      9.861586570739746,
      28.364336013793945,
      16.879701614379883,
      31.90891456604004,
      12.561347961425781,
      21.630496978759766,
      14.43593692779541,
      21.491985321044922,
      12.361275672912598,
      18.23086929321289,
      13.44888687133789,
      20.95116424560547,
      12.291337013244629,
      21.414796829223633,
      15.427679061889648,
      26.716474533081055,
      20.186809539794922,
      25.081100463867188
    ],
    [
      5.600995063781738,
      17.991605758666992,
      14.625534057617188,
      12.561347961425781,
      37.02302932739258,
      25.3164119720459,
      29.11149787902832,
      23.063941955566406,
      22.962995529174805,
      17.850082397460938,
      21.37558937072754,
      17.658308029174805,
      16.107807159423828,
      16.129159927368164,
      17.290857315063477,
      19.61429786682129,
      20.87053108215332,
      19.846519470214844
    ],
    [
      10.143049240112305,
      31.080934524536133,
      17.097015380859375,
      21.630496978759766,
      25.3164119720459,
      40.22548294067383,
      23.128448486328125,
      29.60796546936035,
      18.6408634185791,
      24.659374237060547,
      18.816469192504883,
      27.334716796875,
      18.337444305419922,
      28.298982620239258,
      18.769567489624023,
      31.70741844177246,
      23.169574737548828,
      30.197267532348633
    ],
    [
      8.393080711364746,
      25.076995849609375,
      15.368924140930176,
      14.43593692779541,
      29.11149787902832,
      23.128448486328125,
      49.05155563354492,
      33.71535110473633,
      22.2011661529541,
      19.88861083984375,
      22.37165069580078,
      19.43034553527832,
      17.459169387817383,
      18.976184844970703,
      17.088125228881836,
      21.74341583251953,
      22.290969848632812,
      22.931434631347656
    ],
    [
      12.90713119506836,
      36.75400924682617,
      20.42812156677246,
      21.491985321044922,
      23.063941955566406,
      29.60796546936035,
      33.71535110473633,
      43.50438690185547,
      20.31849479675293,
      28.566621780395508,
      21.218746185302734,
      31.11030387878418,
      20.41817283630371,
      31.605636596679688,
      21.677478790283203,
      34.0137939453125,
      25.92732810974121,
      33.501895904541016
    ],
    [
      7.735655784606934,
      19.5086669921875,
      15.317137718200684,
      12.361275672912598,
      22.962995529174805,
      18.6408634185791,
      22.2011661529541,
      20.31849479675293,
      44.112831115722656,
      26.183935165405273,
      30.912635803222656,
      23.216678619384766,
      22.86134910583496,
      21.69057846069336,
      26.41757583618164,
      25.67845344543457,
      26.11299705505371,
      24.8939151763916
    ],
    [
      12.113571166992188,
      30.745973587036133,
      18.863534927368164,
      18.23086929321289,
      17.850082397460938,
      24.659374237060547,
      19.88861083984375,
      28.566621780395508,
      26.183935165405273,
      34.0901985168457,
      22.484638214111328,
      32.931522369384766,
      21.95646095275879,
      33.65755844116211,
      25.14474868774414,
      37.64631652832031,
      27.107511520385742,
      35.23417663574219
    ],
    [
      7.742097854614258,
      23.090312957763672,
      15.88607406616211,
      13.44888687133789,
      21.37558937072754,
      18.816469192504883,
      22.37165069580078,
      21.218746185302734,
      30.912635803222656,
      22.484638214111328,
      34.526729583740234,
      25.955110549926758,
      24.988943099975586,
      25.039520263671875,
      28.023836135864258,
      27.62209701538086,
      26.074071884155273,
      24.821210861206055
    ],
    [
      13.328073501586914,
      36.26749038696289,
      20.9943904876709,
      20.95116424560547,
      17.658308029174805,
      27.334716796875,
      19.43034553527832,
      31.11030387878418,
      23.216678619384766,
      32.931522369384766,
      25.955110549926758,
      41.34260940551758,
      25.05613899230957,
      41.73188781738281,
      28.260961532592773,
      44.978973388671875,
      28.66309928894043,
      40.809913635253906
    ],
    [
      7.955880641937256,
      24.61067771911621,
      13.376874923706055,
      12.291337013244629,
      16.107807159423828,
      18.337444305419922,
      17.459169387817383,
      20.41817283630371,
      22.86134910583496,
      21.95646095275879,
      24.988943099975586,
      25.05613899230957,
      35.13222122192383,
      31.862747192382812,
      36.84335708618164,
      34.902469635009766,
      36.03195571899414,
      31.41858673095703
    ],
    [
      14.05019760131836,
      40.11866760253906,
      21.16871452331543,
      21.414796829223633,
      16.129159927368164,
      28.298982620239258,
      18.976184844970703,
      31.605636596679688,
      21.69057846069336,
      33.65755844116211,
      25.039520263671875,
      41.73188781738281,
      31.862747192382812,
      55.50636672973633,
      35.98798751831055,
      59.26179504394531,
      36.95112228393555,
      53.28915023803711
    ],
    [
      8.13002872467041,
      26.820133209228516,
      16.6242733001709,
      15.427679061889648,
      17.290857315063477,
      18.769567489624023,
      17.088125228881836,
      21.677478790283203,
      26.41757583618164,
      25.14474868774414,
      28.023836135864258,
      28.260961532592773,
      36.84335708618164,
      35.98798751831055,
      55.66281509399414,
      46.94032669067383,
      53.303585052490234,
      44.613346099853516
    ],
    [
      18.74665069580078,
      44.858436584472656,
      26.374542236328125,
      26.716474533081055,
      19.61429786682129,
      31.70741844177246,
      21.74341583251953,
      34.0137939453125,
      25.67845344543457,
      37.64631652832031,
      27.62209701538086,
      44.978973388671875,
      34.902469635009766,
      59.26179504394531,
      46.94032669067383,
      81.34331512451172,
      57.7313232421875,
      73.97317504882812
    ],
    [
      11.545219421386719,
      27.386465072631836,
      19.510509490966797,
      20.186809539794922,
      20.87053108215332,
      23.169574737548828,
      22.290969848632812,
      25.92732810974121,
      26.11299705505371,
      27.107511520385742,
      26.074071884155273,
      28.66309928894043,
      36.03195571899414,
      36.95112228393555,
      53.303585052490234,
      57.7313232421875,
      70.53724670410156,
      56.603843688964844
    ],
    [
      16.748008728027344,
      40.538108825683594,
      24.855022430419922,
      25.081100463867188,
      19.846519470214844,
      30.197267532348633,
      22.931434631347656,
      33.501895904541016,
      24.8939151763916,
      35.23417663574219,
      24.821210861206055,
      40.809913635253906,
      31.41858673095703,
      53.28915023803711,
      44.613346099853516,
      73.97317504882812,
      56.603843688964844,
      76.90631866455078
    ]
  ],
  "damage": -20.249557495117188,
  "diff_bandwidth": 759.802490234375,
  "dissonance": 9.739174878956916,
  "drr": 14.000898361206055,
  "dynamics": 3.50144100189209,
  "format": 1245190,
  "frames": 9373611,
  "freq_pan_to_db": [
    [
      -29.23786163330078,
      -30.293628692626953,
      -27.073850631713867,
      -26.022735595703125,
      -25.022634506225586,
      -26.447437286376953,
      -27.30291748046875,
      -27.896244049072266,
      -28.6131591796875,
      -30.58997917175293,
      -30.07053565979004
    ],
    [
      -30.794832229614258,
      -29.841508865356445,
      -27.633525848388672,
      -26.007444381713867,
      -22.910419464111328,
      -24.081863403320312,
      -22.85041618347168,
      -24.157888412475586,
      -26.488142013549805,
      -28.648468017578125,
      -30.689586639404297
    ],
    [
      -28.812532424926758,
      -28.613466262817383,
      -27.528953552246094,
      -26.604598999023438,
      -24.52679443359375,
      -24.469865798950195,
      -25.02638816833496,
      -26.744590759277344,
      -27.316862106323242,
      -28.679773330688477,
      -30.246387481689453
    ],
    [
      -30.456209182739258,
      -28.694013595581055,
      -26.59486961364746,
      -26.16599464416504,
      -25.62688636779785,
      -25.80397605895996,
      -26.174386978149414,
      -27.245677947998047,
      -29.0888614654541,
      -30.598955154418945,
      -30.887636184692383
    ],
    [
      -29.16326904296875,
      -27.926700592041016,
      -26.8773193359375,
      -26.444229125976562,
      -26.406463623046875,
      -27.663949966430664,
      -27.263486862182617,
      -27.86209487915039,
      -28.521852493286133,
      -28.59776496887207,
      -29.813695907592773
    ],
    [
      -34.65804672241211,
      -31.914466857910156,
      -30.75503158569336,
      -29.115156173706055,
      -28.412155151367188,
      -29.027151107788086,
      -29.66192054748535,
      -30.072553634643555,
      -31.127864837646484,
      -32.97555160522461,
      -33.51652908325195
    ],
    [
      -31.37428092956543,
      -30.874387741088867,
      -29.801862716674805,
      -29.069637298583984,
      -28.468524932861328,
      -28.31007194519043,
      -28.421506881713867,
      -28.815908432006836,
      -29.36287498474121,
      -29.97569465637207,
      -31.039268493652344
    ],
    [
      -34.410667419433594,
      -34.16272735595703,
      -32.99201965332031,
      -31.69413185119629,
      -30.02729034423828,
      -29.625823974609375,
      -31.19603157043457,
      -32.106597900390625,
      -33.03419494628906,
      -33.78076171875,
      -33.92258071899414
    ],
    [
      -30.25664520263672,
      -31.196914672851562,
      -30.92106056213379,
      -30.880727767944336,
      -30.498571395874023,
      -31.11058235168457,
      -31.100740432739258,
      -31.218570709228516,
      -31.239803314208984,
      -31.376596450805664,
      -30.576725006103516
    ],
    [
      -33.146724700927734,
      -33.718257904052734,
      -33.69718551635742,
      -33.0766487121582,
      -32.30275344848633,
      -32.140480041503906,
      -33.161781311035156,
      -32.992469787597656,
      -33.602291107177734,
      -34.290557861328125,
      -34.10381317138672
    ],
    [
      -33.768768310546875,
      -35.14493179321289,
      -34.11781692504883,
      -31.965045928955078,
      -29.610715866088867,
      -28.011140823364258,
      -30.297754287719727,
      -32.29403305053711,
      -33.499053955078125,
      -35.17557144165039,
      -35.669063568115234
    ],
    [
      -32.86132049560547,
      -34.68937683105469,
      -32.94015884399414,
      -31.666501998901367,
      -29.728809356689453,
      -28.724618911743164,
      -30.277660369873047,
      -31.580713272094727,
      -32.92767333984375,
      -33.84174728393555,
      -34.01305389404297
    ],
    [
      -35.60459518432617,
      -35.17076110839844,
      -34.505157470703125,
      -33.233673095703125,
      -32.52547836303711,
      -31.410268783569336,
      -32.878849029541016,
      -33.8541374206543,
      -34.19947052001953,
      -35.220733642578125,
      -35.20917510986328
    ],
    [
      -35.58395004272461,
      -34.90824890136719,
      -33.95376968383789,
      -32.690696716308594,
      -32.242061614990234,
      -30.090030670166016,
      -32.87025451660156,
      -33.610374450683594,
      -34.68640899658203,
      -35.253082275390625,
      -35.458980560302734
    ],
    [
      -34.09603500366211,
      -34.07912063598633,
      -34.70542526245117,
      -35.23171615600586,
      -33.25940704345703,
      -31.14714813232422,
      -34.258235931396484,
      -34.95573806762695,
      -35.14748764038086,
      -35.20823287963867,
      -34.854888916015625
    ],
    [
      -33.58990478515625,
      -34.241336822509766,
      -36.02547836303711,
      -35.72563552856445,
      -33.09817886352539,
      -30.653545379638672,
      -33.76896667480469,
      -34.98591995239258,
      -35.170772552490234,
      -33.02275466918945,
      -29.47346305847168
    ],
    [
      -31.810636520385742,
      -32.464908599853516,
      -35.6214599609375,
      -35.469383239746094,
      -33.60065460205078,
      -29.610002517700195,
      -34.42496871948242,
      -36.46045684814453,
      -35.03953170776367,
      -30.59663200378418,
      -30.45175552368164
    ],
    [
      -35.451805114746094,
      -35.14194107055664,
      -36.13136291503906,
      -36.12225341796875,
      -35.23870086669922,
      -31.384679794311523,
      -35.322959899902344,
      -36.198177337646484,
      -36.33427047729492,
      -33.102359771728516,
      -33.21575927734375
    ],
    [
      -36.65936279296875,
      -36.61602020263672,
      -35.64075469970703,
      -36.90108871459961,
      -35.55963897705078,
      -32.78559494018555,
      -36.714447021484375,
      -38.1963005065918,
      -36.677249908447266,
      -38.25312423706055,
      -36.641387939453125
    ],
    [
      -39.947486877441406,
      -38.12417221069336,
      -37.173919677734375,
      -38.90452575683594,
      -36.785152435302734,
      -33.52244186401367,
      -36.848854064941406,
      -38.112430572509766,
      -35.94203186035156,
      -37.76557540893555,
      -38.7340202331543
    ],
    [
      -37.209381103515625,
      -37.7342529296875,
      -37.7670783996582,
      -37.35717010498047,
      -37.696189880371094,
      -35.21367645263672,
      -37.510093688964844,
      -37.24873352050781,
      -37.5599365234375,
      -37.887691497802734,
      -39.453956604003906
    ],
    [
      -38.600563049316406,
      -39.77227783203125,
      -38.04085922241211,
      -37.697303771972656,
      -38.49626159667969,
      -34.53538131713867,
      -37.80026626586914,
      -37.46004867553711,
      -39.39578628540039,
      -39.915489196777344,
      -40.81438064575195
    ],
    [
      -37.20083999633789,
      -37.89269256591797,
      -38.9144172668457,
      -39.1357536315918,
      -36.77859878540039,
      -32.984981536865234,
      -36.77151107788086,
      -38.7569465637207,
      -38.69243240356445,
      -38.4508171081543,
      -39.28249740600586
    ],
    [
      -41.19487380981445,
      -39.02897644042969,
      -40.888118743896484,
      -40.118751525878906,
      -38.579769134521484,
      -33.97908020019531,
      -38.8422737121582,
      -40.557884216308594,
      -39.703826904296875,
      -40.11517333984375,
      -44.7630729675293
    ],
    [
      -45.2591667175293,
      -40.193572998046875,
      -39.84539031982422,
      -39.4760627746582,
      -39.22560501098633,
      -37.42790985107422,
      -38.97825622558594,
      -39.76789855957031,
      -40.30419158935547,
      -40.13462448120117,
      -39.34967041015625
    ],
    [
      -41.82057189941406,
      -39.736297607421875,
      -39.49753952026367,
      -39.28921127319336,
      -39.34791564941406,
      -38.907257080078125,
      -39.411354064941406,
      -39.447566986083984,
      -39.798614501953125,
      -40.42548370361328,
      -40.11240768432617
    ],
    [
      -36.617698669433594,
      -38.544288635253906,
      -38.18574142456055,
      -38.8248176574707,
      -39.10818099975586,
      -39.22087478637695,
      -38.817054748535156,
      -38.251461029052734,
      -38.51298904418945,
      -37.52866744995117,
      -39.03185272216797
    ],
    [
      -36.93342971801758,
      -37.53825759887695,
      -39.182552337646484,
      -39.35388946533203,
      -39.49127960205078,
      -40.61278533935547,
      -40.31376647949219,
      -39.99686050415039,
      -41.25735092163086,
      -42.18431091308594,
      -54.171844482421875
    ],
    [
      -39.190406799316406,
      -38.66746139526367,
      -39.575523376464844,
      -40.45370101928711,
      -39.52814865112305,
      -41.318180084228516,
      -41.4991569519043,
      -41.02316665649414,
      -41.707759857177734,
      -44.3019905090332,
      -56.55858612060547
    ],
    [
      -59.18328094482422,
      -38.0749626159668,
      -40.62788391113281,
      -40.657257080078125,
      -39.972328186035156,
      -40.761505126953125,
      -42.174400329589844,
      -42.51401901245117,
      -42.30782699584961,
      -45.87203598022461,
      -46.26972961425781
    ],
    [
      -39.12593078613281,
      -40.4322624206543,
      -42.14622116088867,
      -42.67780303955078,
      -41.890254974365234,
      -40.56195831298828,
      -42.76335144042969,
      -44.15941619873047,
      -43.787109375,
      -46.056373596191406,
      -62.95185089111328
    ],
    [
      -370,
      -50.09737777709961,
      -43.95191955566406,
      -43.927459716796875,
      -43.7803840637207,
      -43.41428756713867,
      -44.14337158203125,
      -45.22701644897461,
      -45.015682220458984,
      -42.35568618774414,
      -49.63616943359375
    ],
    [
      -45.513187408447266,
      -42.59064865112305,
      -43.89850997924805,
      -43.28202438354492,
      -43.75715255737305,
      -43.61344528198242,
      -44.374080657958984,
      -46.0028076171875,
      -47.452720642089844,
      -52.94208526611328,
      -63.42380142211914
    ],
    [
      -370,
      -60.365028381347656,
      -47.08942413330078,
      -44.42172622680664,
      -42.8464241027832,
      -43.36228942871094,
      -43.96692657470703,
      -45.78215408325195,
      -48.476104736328125,
      -41.91801452636719,
      -65.77892303466797
    ],
    [
      -48.55475997924805,
      -47.512474060058594,
      -47.068397521972656,
      -44.334754943847656,
      -43.713958740234375,
      -44.3615837097168,
      -44.09091567993164,
      -45.1333122253418,
      -44.9772834777832,
      -43.29972457885742,
      -136.40586853027344
    ],
    [
      -370,
      -45.36400604248047,
      -44.40680694580078,
      -44.29134750366211,
      -45.373619079589844,
      -44.601131439208984,
      -44.63698196411133,
      -45.45807647705078,
      -47.76823043823242,
      -47.72376251220703,
      -56.406063079833984
    ],
    [
      -43.20329666137695,
      -45.47221755981445,
      -43.05484390258789,
      -46.43928527832031,
      -45.99116516113281,
      -44.7023811340332,
      -45.790252685546875,
      -47.18894958496094,
      -49.0713996887207,
      -47.84159469604492,
      -55.81064224243164
    ],
    [
      -44.43360137939453,
      -44.665672302246094,
      -45.57127380371094,
      -46.970054626464844,
      -47.23473358154297,
      -46.80548095703125,
      -47.12484359741211,
      -47.0621337890625,
      -51.13201141357422,
      -43.6185417175293,
      -135.08892822265625
    ],
    [
      -45.063228607177734,
      -44.571990966796875,
      -47.261409759521484,
      -47.96577072143555,
      -48.499454498291016,
      -48.983333587646484,
      -48.07301712036133,
      -46.858978271484375,
      -52.810306549072266,
      -44.36644744873047,
      -135.37828063964844
    ],
    [
      -45.85225296020508,
      -47.073333740234375,
      -49.86614990234375,
      -49.65591812133789,
      -50.52473831176758,
      -51.333274841308594,
      -50.01056671142578,
      -50.04099655151367,
      -53.62736511230469,
      -45.79317092895508,
      -70.8564682006836
    ],
    [
      -52.455318450927734,
      -49.159603118896484,
      -51.188926696777344,
      -52.013301849365234,
      -51.8759651184082,
      -54.18671798706055,
      -52.26334762573242,
      -52.722076416015625,
      -58.96019744873047,
      -52.988121032714844,
      -134.7513427734375
    ],
    [
      -370,
      -51.65298080444336,
      -51.54887008666992,
      -53.746620178222656,
      -53.47573471069336,
      -55.75416564941406,
      -52.73614501953125,
      -52.545448303222656,
      -56.51930236816406,
      -53.92323303222656,
      -69.2528076171875
    ]
  ],
  "histogram": [
    {
      "db": -70,
      "frequency": 0
    },
    {
      "db": -69,
      "frequency": 0
    },
    {
      "db": -68,
      "frequency": 1
    },
    {
      "db": -67,
      "frequency": 0
    },
    {
      "db": -66,
      "frequency": 0
    },
    {
      "db": -65,
      "frequency": 0
    },
    {
      "db": -64,
      "frequency": 1
    },
    {
      "db": -63,
      "frequency": 0
    },
    {
      "db": -62,
      "frequency": 0
    },
    {
      "db": -61,
      "frequency": 0
    },
    {
      "db": -60,
      "frequency": 1
    },
    {
      "db": -59,
      "frequency": 0
    },
    {
      "db": -58,
      "frequency": 1
    },
    {
      "db": -57,
      "frequency": 0
    },
    {
      "db": -56,
      "frequency": 1
    },
    {
      "db": -55,
      "frequency": 1
    },
    {
      "db": -54,
      "frequency": 1
    },
    {
      "db": -53,
      "frequency": 1
    },
    {
      "db": -52,
      "frequency": 2
    },
    {
      "db": -51,
      "frequency": 2
    },
    {
      "db": -50,
      "frequency": 1
    },
    {
      "db": -49,
      "frequency": 2
    },
    {
      "db": -48,
      "frequency": 2
    },
    {
      "db": -47,
      "frequency": 2
    },
    {
      "db": -46,
      "frequency": 2
    },
    {
      "db": -45,
      "frequency": 3
    },
    {
      "db": -44,
      "frequency": 3
    },
    {
      "db": -43,
      "frequency": 3
    },
    {
      "db": -42,
      "frequency": 3
    },
    {
      "db": -41,
      "frequency": 3
    },
    {
      "db": -40,
      "frequency": 2
    },
    {
      "db": -39,
      "frequency": 3
    },
    {
      "db": -38,
      "frequency": 2
    },
    {
      "db": -37,
      "frequency": 2
    },
    {
      "db": -36,
      "frequency": 6
    },
    {
      "db": -35,
      "frequency": 7
    },
    {
      "db": -34,
      "frequency": 14
    },
    {
      "db": -33,
      "frequency": 34
    },
    {
      "db": -32,
      "frequency": 54
    },
    {
      "db": -31,
      "frequency": 48
    },
    {
      "db": -30,
      "frequency": 59
    },
    {
      "db": -29,
      "frequency": 84
    },
    {
      "db": -28,
      "frequency": 97
    },
    {
      "db": -27,
      "frequency": 94
    },
    {
      "db": -26,
      "frequency": 129
    },
    {
      "db": -25,
      "frequency": 180
    },
    {
      "db": -24,
      "frequency": 259
    },
    {
      "db": -23,
      "frequency": 388
    },
    {
      "db": -22,
      "frequency": 334
    },
    {
      "db": -21,
      "frequency": 200
    },
    {
      "db": -20,
      "frequency": 57
    },
    {
      "db": -19,
      "frequency": 19
    },
    {
      "db": -18,
      "frequency": 0
    },
    {
      "db": -17,
      "frequency": 0
    },
    {
      "db": -16,
      "frequency": 0
    },
    {
      "db": -15,
      "frequency": 0
    },
    {
      "db": -14,
      "frequency": 0
    },
    {
      "db": -13,
      "frequency": 0
    },
    {
      "db": -12,
      "frequency": 0
    },
    {
      "db": -11,
      "frequency": 0
    },
    {
      "db": -10,
      "frequency": 0
    },
    {
      "db": -9,
      "frequency": 0
    },
    {
      "db": -8,
      "frequency": 0
    },
    {
      "db": -7,
      "frequency": 0
    },
    {
      "db": -6,
      "frequency": 0
    },
    {
      "db": -5,
      "frequency": 0
    },
    {
      "db": -4,
      "frequency": 0
    },
    {
      "db": -3,
      "frequency": 0
    },
    {
      "db": -2,
      "frequency": 0
    },
    {
      "db": -1,
      "frequency": 0
    },
    {
      "db": 0,
      "frequency": 0
    },
    {
      "db": 1,
      "frequency": 0
    },
    {
      "db": 2,
      "frequency": 0
    },
    {
      "db": 3,
      "frequency": 0
    },
    {
      "db": 4,
      "frequency": 0
    },
    {
      "db": 5,
