{
  "acoustic_entropy": 202.1300506591797,
  "bands": [
    {
      "high_freq": 148.1999969482422,
      "loudness": -34.0283317565918,
      "loudness_range": 13.164701461791992,
      "mid_mean": -30.43537712097168,
      "mid_to_side_loudness": -22.10304832458496,
      "mid_to_side_loudness_range": 27.06955909729004,
      "side_mean": -51.98161697387695
    },
    {
      "high_freq": 392.3793640136719,
      "loudness": -33.655418395996094,
      "loudness_range": 11.338369369506836,
      "low_freq": 148.1999969482422,
      "mid_mean": -30.368619918823242,
      "mid_to_side_loudness": -10.858914375305176,
      "mid_to_side_loudness_range": 9.998619079589844,
      "side_mean": -41.59292221069336
    },
    {
      "high_freq": 794.6976318359375,
      "loudness": -36.15461349487305,
      "loudness_range": 13.565731048583984,
      "low_freq": 392.3793640136719,
      "mid_mean": -33.3148078918457,
      "mid_to_side_loudness": -7.957767963409424,
      "mid_to_side_loudness_range": 12.763998031616211,
      "side_mean": -41.48210906982422
    },
    {
      "high_freq": 1457.5709228515625,
      "loudness": -39.38365173339844,
      "loudness_range": 19.571792602539062,
      "low_freq": 794.6976318359375,
      "mid_mean": -36.413963317871094,
      "mid_to_side_loudness": -8.626814842224121,
      "mid_to_side_loudness_range": 12.370837211608887,
      "side_mean": -45.19266891479492
    },
    {
      "high_freq": 2549.74365234375,
      "loudness": -39.66986846923828,
      "loudness_range": 17.176464080810547,
      "low_freq": 1457.5709228515625,
      "mid_mean": -36.72426223754883,
      "mid_to_side_loudness": -8.491499900817871,
      "mid_to_side_loudness_range": 12.513401985168457,
      "side_mean": -45.37660598754883
    },
    {
      "high_freq": 4349.24462890625,
      "loudness": -39.326419830322266,
      "loudness_range": 14.870922088623047,
      "low_freq": 2549.74365234375,
      "mid_mean": -36.258296966552734,
      "mid_to_side_loudness": -9.555651664733887,
      "mid_to_side_loudness_range": 12.813608169555664,
      "side_mean": -45.92789077758789
    },
    {
      "high_freq": 7314.1640625,
      "loudness": -43.37201690673828,
      "loudness_range": 15.653953552246094,
      "low_freq": 4349.24462890625,
      "mid_mean": -40.42620849609375,
      "mid_to_side_loudness": -8.961553573608398,
      "mid_to_side_loudness_range": 13.189966201782227,
      "side_mean": -49.3275146484375
    },
    {
      "high_freq": 12199.2666015625,
      "loudness": -47.56087112426758,
      "loudness_range": 17.159690856933594,
      "low_freq": 7314.1640625,
      "mid_mean": -45.04880905151367,
      "mid_to_side_loudness": -8.094082832336426,
      "mid_to_side_loudness_range": 15.840526580810547,
      "side_mean": -53.37162780761719
    },
    {
      "loudness": -54.8819465637207,
      "loudness_range": 18.724952697753906,
      "low_freq": 12199.2666015625,
      "mid_mean": -53.393314361572266,
      "mid_to_side_loudness": -6.791848659515381,
      "mid_to_side_loudness_range": 16.446420669555664,
      "side_mean": -58.625179290771484
    }
  ],
  "bands_short": [
    {
      "high_freq": 148.1999969482422,
      "loudness": -36.245269775390625,
      "loudness_range": 15.287811279296875,
      "mid_mean": -32.66918182373047,
      "mid_to_side_loudness": -22.63459587097168,
      "mid_to_side_loudness_range": 29.968585968017578,
      "side_mean": -54.9542236328125
    },
    {
      "high_freq": 392.3793640136719,
      "loudness": -33.63378143310547,
      "loudness_range": 14.04603385925293,
      "low_freq": 148.1999969482422,
      "mid_mean": -30.366615295410156,
      "mid_to_side_loudness": -11.434004783630371,
      "mid_to_side_loudness_range": 13.794170379638672,
      "side_mean": -42.14211654663086
    },
    {
      "high_freq": 794.6976318359375,
      "loudness": -37.20842742919922,
      "loudness_range": 16.495622634887695,
      "low_freq": 392.3793640136719,
      "mid_mean": -34.47494888305664,
      "mid_to_side_loudness": -7.857649803161621,
      "mid_to_side_loudness_range": 15.064111709594727,
      "side_mean": -42.565093994140625
    },
    {
      "high_freq": 1457.5709228515625,
      "loudness": -39.72060775756836,
      "loudness_range": 21.17181396484375,
      "low_freq": 794.6976318359375,
      "mid_mean": -36.90746307373047,
      "mid_to_side_loudness": -8.280250549316406,
      "mid_to_side_loudness_range": 14.567495346069336,
      "side_mean": -45.393463134765625
    },
    {
      "high_freq": 2549.74365234375,
      "loudness": -40.920345306396484,
      "loudness_range": 19.723793029785156,
      "low_freq": 1457.5709228515625,
      "mid_mean": -38.15742492675781,
      "mid_to_side_loudness": -7.944307327270508,
      "mid_to_side_loudness_range": 14.47119140625,
      "side_mean": -46.26713180541992
    },
    {
      "high_freq": 4349.24462890625,
      "loudness": -40.19217300415039,
      "loudness_range": 17.798385620117188,
      "low_freq": 2549.74365234375,
      "mid_mean": -37.2088508605957,
      "mid_to_side_loudness": -9.406526565551758,
      "mid_to_side_loudness_range": 14.419477462768555,
      "side_mean": -46.74235534667969
    },
    {
      "high_freq": 7314.1640625,
      "loudness": -44.51417541503906,
      "loudness_range": 19.038646697998047,
      "low_freq": 4349.24462890625,
      "mid_mean": -41.607418060302734,
      "mid_to_side_loudness": -9.046278953552246,
      "mid_to_side_loudness_range": 15.452519416809082,
      "side_mean": -51.14167022705078
    },
    {
      "high_freq": 12199.2666015625,
      "loudness": -49.737091064453125,
      "loudness_range": 22.618793487548828,
      "low_freq": 7314.1640625,
      "mid_mean": -47.39038848876953,
      "mid_to_side_loudness": -8.548673629760742,
      "mid_to_side_loudness_range": 18.824419021606445,
      "side_mean": -55.766361236572266
    },
    {
      "loudness": -58.0074348449707,
      "loudness_range": 24.964805603027344,
      "low_freq": 12199.2666015625,
      "mid_mean": -56.151729583740234,
      "mid_to_side_loudness": -8.335844993591309,
      "mid_to_side_loudness_range": 20.63007164001465,
      "side_mean": -61.67086410522461
    }
  ],
  "bandwidth": 522.1653442382812,
  "channels": 2,
  "covariance": [
    [
      23.93307113647461,
      35.77132034301758,
      14.096019744873047,
      15.688244819641113,
      9.304491996765137,
      16.719783782958984,
      13.059375762939453,
      20.163366317749023,
      10.0830717086792,
      17.990304946899414,
      11.26375961303711,
      20.947715759277344,
      11.045291900634766,
      22.26530647277832,
      11.14867877960205,
      27.60408592224121,
      15.189813613891602,
      22.779666900634766
    ],
    [
      35.77132034301758,
      101.52348327636719,
      29.3757266998291,
      34.551483154296875,
      18.55377769470215,
      37.96855926513672,
      28.56483268737793,
      45.38252258300781,
      19.868745803833008,
      38.47577667236328,
      25.220529556274414,
      47.03194046020508,
      25.87004280090332,
      50.057098388671875,
      26.88528060913086,
      56.18815612792969,
      31.76161766052246,
      47.02928161621094
    ],
    [
      14.096019744873047,
      29.3757266998291,
      19.39560317993164,
      16.27202606201172,
      13.370599746704102,
      17.000574111938477,
      14.524553298950195,
      20.264326095581055,
      13.945493698120117,
      18.57251739501953,
      15.199475288391113,
      21.766620635986328,
      12.884050369262695,
      22.489295959472656,
      14.009554862976074,
      26.277416229248047,
      16.87773323059082,
      22.344463348388672
    ],
    [
      15.688244819641113,
      34.551483154296875,
      16.27202606201172,
      26.28092384338379,
      11.608830451965332,
      21.140213012695312,
      13.733281135559082,
      21.816537857055664,
      12.147502899169922,
      19.479965209960938,
      13.752171516418457,
      23.469806671142578,
      11.930713653564453,
      24.0139102935791,
      13.651045799255371,
      29.063722610473633,
      18.5858154296875,
      24.72150993347168
    ],
    [
      9.304491996765137,
      18.55377769470215,
      13.370599746704102,
      11.608830451965332,
      27.49113655090332,
      22.268468856811523,
      25.442222595214844,
      22.028261184692383,
      18.28020477294922,
      17.023761749267578,
      17.495643615722656,
      16.950204849243164,
      12.803594589233398,
      16.353225708007812,
      11.859078407287598,
      19.609546661376953,
      15.457131385803223,
      17.262605667114258
    ],
    [
      16.719783782958984,
      37.96855926513672,
      17.000574111938477,
      21.140213012695312,
      22.268468856811523,
      34.46529769897461,
      21.97541618347168,
      29.78635025024414,
      16.806425094604492,
      25.347515106201172,
      18.193023681640625,
      29.302602767944336,
      16.161155700683594,
      30.009998321533203,
      14.845742225646973,
      32.6730842590332,
      19.02392578125,
      28.422603607177734
    ],
    [
      13.059375762939453,
      28.56483268737793,
      14.524553298950195,
      13.733281135559082,
      25.442222595214844,
      21.97541618347168,
      43.4045295715332,
      33.25421142578125,
      19.191625595092773,
      20.397789001464844,
      19.367639541625977,
      20.07707977294922,
      14.87429141998291,
      19.595705032348633,
      13.372663497924805,
      22.916400909423828,
      18.085647583007812,
      21.12657928466797
    ],
    [
      20.163366317749023,
      45.38252258300781,
      20.264326095581055,
      21.816537857055664,
      22.028261184692383,
      29.78635025024414,
      33.25421142578125,
      41.02408218383789,
      19.86775016784668,
      29.856578826904297,
      21.67206573486328,
      33.67402648925781,
      19.322582244873047,
      34.41151809692383,
      19.3225154876709,
      37.014163970947266,
      23.854494094848633,
      33.10898208618164
    ],
    [
      10.0830717086792,
      19.868745803833008,
      13.945493698120117,
      12.147502899169922,
      18.28020477294922,
      16.806425094604492,
      19.191625595092773,
      19.86775016784668,
      34.7387809753418,
      23.92303466796875,
      25.269046783447266,
      21.237478256225586,
      18.67073631286621,
      20.076723098754883,
      19.95088768005371,
      24.44806671142578,
      20.20923614501953,
      22.261287689208984
    ],
    [
      17.990304946899414,
      38.47577667236328,
      18.57251739501953,
      19.479965209960938,
      17.023761749267578,
      25.347515106201172,
      20.397789001464844,
      29.856578826904297,
      23.92303466796875,
      32.27942657470703,
      21.91027069091797,
      34.28733444213867,
      20.332345962524414,
      35.52083969116211,
      21.32775115966797,
      38.5558967590332,
      24.024477005004883,
      34.05216598510742
    ],
    [
      11.26375961303711,
      25.220529556274414,
      15.199475288391113,
      13.752171516418457,
      17.495643615722656,
      18.193023681640625,
      19.367639541625977,
      21.67206573486328,
      25.269046783447266,
      21.91027069091797,
      27.15056610107422,
      25.21651840209961,
      20.1147518157959,
      24.30006980895996,
      20.744916915893555,
      26.607168197631836,
      20.291229248046875,
      22.561988830566406
    ],
    [
      20.947715759277344,
      47.03194046020508,
      21.766620635986328,
      23.469806671142578,
      16.950204849243164,
      29.302602767944336,
      20.07707977294922,
      33.67402648925781,
      21.237478256225586,
      34.28733444213867,
      25.21651840209961,
      43.12971115112305,
      23.22161102294922,
      44.18140411376953,
      23.977598190307617,
      45.675376892089844,
      25.907073974609375,
      39.253726959228516
    ],
    [
      11.045291900634766,
      25.87004280090332,
      12.884050369262695,
      11.930713653564453,
      12.803594589233398,
      16.161155700683594,
      14.87429141998291,
      19.322582244873047,
      18.67073631286621,
      20.332345962524414,
      20.1147518157959,
      23.22161102294922,
      28.587467193603516,
      29.931692123413086,
      28.47918128967285,
      31.72092628479004,
      29.34208869934082,
      26.1031436920166
    ],
    [
      22.26530647277832,
      50.057098388671875,
      22.489295959472656,
      24.0139102935791,
      16.353225708007812,
      30.009998321533203,
      19.595705032348633,
      34.41151809692383,
      20.076723098754883,
      35.52083969116211,
      24.30006980895996,
      44.18140411376953,
      29.931692123413086,
      54.554290771484375,
      30.213985443115234,
      56.55568313598633,
      33.849876403808594,
      47.926612854003906
    ],
    [
      11.14867877960205,
      26.88528060913086,
      14.009554862976074,
      13.651045799255371,
      11.859078407287598,
      14.845742225646973,
      13.372663497924805,
      19.3225154876709,
      19.95088768005371,
      21.32775115966797,
      20.744916915893555,
      23.977598190307617,
      28.47918128967285,
      30.213985443115234,
      40.37889099121094,
      36.28396987915039,
      38.411109924316406,
      31.874073028564453
    ],
    [
      27.60408592224121,
      56.18815612792969,
      26.277416229248047,
      29.063722610473633,
      19.609546661376953,
      32.6730842590332,
      22.916400909423828,
      37.014163970947266,
      24.44806671142578,
      38.5558967590332,
      26.607168197631836,
      45.675376892089844,
      31.72092628479004,
      56.55568313598633,
      36.28396987915039,
      71.72858428955078,
      48.57972717285156,
      61.833984375
    ],
    [
      15.189813613891602,
      31.76161766052246,
      16.87773323059082,
      18.5858154296875,
      15.457131385803223,
      19.02392578125,
      18.085647583007812,
      23.854494094848633,
      20.20923614501953,
      24.024477005004883,
      20.291229248046875,
      25.907073974609375,
      29.34208869934082,
      33.849876403808594,
      38.411109924316406,
      48.57972717285156,
      52.335899353027344,
      43.37520217895508
    ],
    [
      22.779666900634766,
      47.02928161621094,
      22.344463348388672,
      24.72150993347168,
      17.262605667114258,
      28.422603607177734,
      21.12657928466797,
      33.10898208618164,
      22.261287689208984,
      34.05216598510742,
      22.561988830566406,
      39.253726959228516,
      26.1031436920166,
      47.926612854003906,
      31.874073028564453,
      61.833984375,
      43.37520217895508,
      58.0499153137207
    ]
  ],
  "covariance_short": [
    [
      27.485090255737305,
      24.216819763183594,
      14.476930618286133,
      11.94608211517334,
      6.98594856262207,
      11.614154815673828,
      9.72967529296875,
      15.235608100891113,
      8.7886381149292,
      14.173768997192383,
      9.072552680969238,
      16.18392562866211,
      9.425236701965332,
      20.450048446655273,
      9.444957733154297,
      20.454322814941406,
      11.172975540161133,
      15.492897033691406
    ],
    [
      24.216819763183594,
      88.44514465332031,
      30.215984344482422,
      34.470706939697266,
      21.093101501464844,
      36.232696533203125,
      27.991971969604492,
      42.036827087402344,
      22.314105987548828,
      35.67323684692383,
      26.815717697143555,
      43.235958099365234,
      28.58844757080078,
      50.67379379272461,
      30.55345916748047,
      50.97013473510742,
      28.819395065307617,
      38.70033645629883
    ],
    [
      14.476930618286133,
      30.215984344482422,
      26.771310806274414,
      19.290796279907227,
      16.382593154907227,
      19.457496643066406,
      17.247568130493164,
      23.202707290649414,
      16.796545028686523,
      21.079389572143555,
      17.92488670349121,
      24.369577407836914,
      15.50853443145752,
      26.413379669189453,
      18.657257080078125,
      28.47785758972168,
      18.79066276550293,
      22.978849411010742
    ],
    [
      11.94608211517334,
      34.470706939697266,
      19.290796279907227,
      36.63022232055664,
      14.847559928894043,
      25.163278579711914,
      16.923992156982422,
      25.494314193725586,
      14.309673309326172,
      21.30350112915039,
      16.075864791870117,
      25.456663131713867,
      14.802148818969727,
      30.024578094482422,
      17.880308151245117,
      30.128559112548828,
      20.588024139404297,
      24.747777938842773
    ],
    [
      6.98594856262207,
      21.093101501464844,
      16.382593154907227,
      14.847559928894043,
      39.02019500732422,
      27.781675338745117,
      31.856430053710938,
      25.974227905273438,
      24.88050651550293,
      19.909767150878906,
      23.70587158203125,
      20.260440826416016,
      18.54524803161621,
      20.337032318115234,
      19.482845306396484,
      21.77155303955078,
      20.17477798461914,
      19.015565872192383
    ],
    [
      11.614154815673828,
      36.232696533203125,
      19.457496643066406,
      25.163278579711914,
      27.781675338745117,
      43.578487396240234,
      26.168581008911133,
      33.838279724121094,
      20.85624122619629,
      27.862266540527344,
      21.700849533081055,
      31.926393508911133,
      21.099441528320312,
      35.73018264770508,
      20.980478286743164,
      34.601287841796875,
      22.34479522705078,
      28.580629348754883
    ],
    [
      9.72967529296875,
      27.991971969604492,
      17.247568130493164,
      16.923992156982422,
      31.856430053710938,
      26.168581008911133,
      53.880950927734375,
      37.91257095336914,
      25.477758407592773,
      22.90077018737793,
      25.445056915283203,
      22.661693572998047,
      20.41291618347168,
      22.170907974243164,
      19.68091583251953,
      24.199398040771484,
      22.076454162597656,
      21.805416107177734
    ],
    [
      15.235608100891113,
      42.036827087402344,
      23.202707290649414,
      25.494314193725586,
      25.974227905273438,
      33.838279724121094,
      37.91257095336914,
      48.663330078125,
      23.28540802001953,
      32.64126205444336,
      24.773326873779297,
      36.35417938232422,
      23.916248321533203,
      38.01924133300781,
      24.725095748901367,
      38.294673919677734,
      26.36041259765625,
      32.30097579956055
    ],
    [
      8.7886381149292,
      22.314105987548828,
      16.796545028686523,
      14.309673309326172,
      24.88050651550293,
      20.85624122619629,
      25.477758407592773,
      23.28540802001953,
      48.476314544677734,
      29.337764739990234,
      34.85186767578125,
      26.59928321838379,
      26.442785263061523,
      24.836334228515625,
      30.013273239135742,
      27.874588012695312,
      26.34536361694336,
      23.933082580566406
    ],
    [
      14.173768997192383,
      35.67323684692383,
      21.079389572143555,
      21.30350112915039,
      19.909767150878906,
      27.862266540527344,
      22.90077018737793,
      32.64126205444336,
      29.337764739990234,
      37.87159729003906,
      26.09603500366211,
      38.1545524597168,
      25.658267974853516,
      40.30880355834961,
      28.692798614501953,
      41.57184600830078,
      27.730669021606445,
      33.95381546020508
    ],
    [
      9.072552680969238,
      26.815717697143555,
      17.92488670349121,
      16.075864791870117,
      23.70587158203125,
      21.700849533081055,
      25.445056915283203,
      24.773326873779297,
      34.85186767578125,
      26.09603500366211,
      39.215267181396484,
      30.7031192779541,
      29.2938289642334,
      29.85365104675293,
      32.68293380737305,
      31.079465866088867,
      26.771257400512695,
      24.350658416748047
    ],
    [
      16.18392562866211,
      43.235958099365234,
      24.369577407836914,
      25.456663131713867,
      20.260440826416016,
      31.926393508911133,
      22.661693572998047,
      36.35417938232422,
      26.59928321838379,
      38.1545524597168,
      30.7031192779541,
      49.13788604736328,
      29.893478393554688,
      50.967891693115234,
      33.03293228149414,
      51.27971267700195,
      30.060651779174805,
      40.46574020385742
    ],
    [
      9.425236701965332,
      28.58844757080078,
      15.50853443145752,
      14.802148818969727,
      18.54524803161621,
      21.099441528320312,
      20.41291618347168,
      23.916248321533203,
      26.442785263061523,
      25.658267974853516,
      29.2938289642334,
      29.893478393554688,
      40.862579345703125,
      37.96624755859375,
      42.624267578125,
      39.21815490722656,
      37.96096420288086,
      30.742067337036133
    ],
    [
      20.450048446655273,
      50.67379379272461,
      26.413379669189453,
      30.024578094482422,
      20.337032318115234,
      35.73018264770508,
      22.170907974243164,
      38.01924133300781,
      24.836334228515625,
      40.30880355834961,
      29.85365104675293,
      50.967891693115234,
      37.96624755859375,
      74.53106689453125,
      41.75300216674805,
      72.77352142333984,
      45.63035583496094,
      55.51519012451172
    ],
    [
      9.444957733154297,
      30.55345916748047,
      18.657257080078125,
      17.880308151245117,
      19.482845306396484,
      20.980478286743164,
      19.68091583251953,
      24.725095748901367,
      30.013273239135742,
      28.692798614501953,
      32.68293380737305,
      33.03293228149414,
      42.624267578125,
      41.75300216674805,
      62.93794631958008,
      50.973331451416016,
      55.63762664794922,
      43.00727844238281
    ],
    [
      20.454322814941406,
      50.97013473510742,
      28.47785758972168,
      30.128559112548828,
      21.77155303955078,
      34.601287841796875,
      24.199398040771484,
      38.294673919677734,
      27.874588012695312,
      41.57184600830078,
      31.079465866088867,
      51.27971267700195,
      39.21815490722656,
      72.77352142333984,
      50.973331451416016,
      83.32242584228516,
      55.046363830566406,
      68.11104583740234
    ],
    [
      11.172975540161133,
      28.819395065307617,
      18.79066276550293,
      20.588024139404297,
      20.17477798461914,
      22.34479522705078,
      22.076454162597656,
      26.36041259765625,
      26.34536361694336,
      27.730669021606445,
      26.771257400512695,
      30.060651779174805,
      37.96096420288086,
      45.63035583496094,
      55.63762664794922,
      55.046363830566406,
      64.74105834960938,
      50.059574127197266
    ],
    [
      15.492897033691406,
      38.70033645629883,
      22.978849411010742,
      24.747777938842773,
      19.015565872192383,
      28.580629348754883,
      21.805416107177734,
      32.30097579956055,
      23.933082580566406,
      33.95381546020508,
      24.350658416748047,
      40.46574020385742,
      30.742067337036133,
      55.51519012451172,
      43.00727844238281,
      68.11104583740234,
      50.059574127197266,
      64.32617950439453
    ]
  ],
  "damage": -18.898645401000977,
  "diff_bandwidth": 568.8765869140625,
  "dissonance": 8.501909094262015,
  "drr": 15.152281761169434,
  "dynamics": 3.5158770084381104,
  "format": 1245190,
  "frames": 9373611,
  "freq_pan_to_db": [
    [
      -27.103506088256836,
      -27.58418846130371,
      -26.43950080871582,
      -23.93370246887207,
      -23.684581756591797,
      -25.188634872436523,
      -25.124618530273438,
      -25.803544998168945,
      -27.362138748168945,
      -27.698945999145508,
      -28.81368064880371
    ],
    [
      -29.092044830322266,
      -28.355974197387695,
      -25.94756317138672,
      -24.294069290161133,
      -21.751768112182617,
      -22.84639549255371,
      -21.236906051635742,
      -22.70036506652832,
      -25.091320037841797,
      -27.184581756591797,
      -29.13397789001465
    ],
    [
      -27.168001174926758,
      -26.68313980102539,
      -25.998783111572266,
      -24.925077438354492,
      -22.965633392333984,
      -23.877809524536133,
      -23.70895004272461,
      -24.716838836669922,
      -25.827274322509766,
      -27.396438598632812,
      -28.715560913085938
    ],
    [
      -29.121475219726562,
      -27.70680046081543,
      -25.31202507019043,
      -24.402530670166016,
      -24.044422149658203,
      -24.766496658325195,
      -24.861154556274414,
      -25.78024673461914,
      -27.701404571533203,
      -28.737754821777344,
      -29.93425941467285
    ],
    [
      -27.810224533081055,
      -26.53227996826172,
      -25.427034378051758,
      -24.990680694580078,
      -24.731571197509766,
      -26.01372718811035,
      -25.488203048706055,
      -26.38716697692871,
      -26.599180221557617,
      -27.335071563720703,
      -28.224956512451172
    ],
    [
      -34.338993072509766,
      -31.30084800720215,
      -29.321928024291992,
      -27.97382354736328,
      -26.804433822631836,
      -27.282777786254883,
      -27.97736930847168,
      -28.6221866607666,
      -30.11870002746582,
      -31.352861404418945,
      -32.83098602294922
    ],
    [
      -30.109439849853516,
      -29.935657501220703,
      -28.57638931274414,
      -27.655147552490234,
      -27.03097915649414,
      -26.867013931274414,
      -26.970930099487305,
      -27.477235794067383,
      -28.110591888427734,
      -28.981672286987305,
      -29.91846466064453
    ],
    [
      -33.84130096435547,
      -33.32891082763672,
      -32.15903854370117,
      -30.661643981933594,
      -28.86150550842285,
      -28.35910987854004,
      -29.958030700683594,
      -31.237834930419922,
      -32.10474395751953,
      -32.993553161621094,
      -33.0544548034668
    ],
    [
      -29.063587188720703,
      -30.23180389404297,
      -29.561370849609375,
      -29.592649459838867,
      -29.31199836730957,
      -29.78980827331543,
      -29.966434478759766,
      -30.183568954467773,
      -30.051620483398438,
      -30.036460876464844,
      -29.453676223754883
    ],
    [
      -32.24049377441406,
      -32.88656997680664,
      -32.83707809448242,
      -32.27009582519531,
      -31.379976272583008,
      -31.136260986328125,
      -32.16322708129883,
      -32.19207763671875,
      -32.9019660949707,
      -33.43901443481445,
      -33.516571044921875
    ],
    [
      -33.32997131347656,
      -34.32954025268555,
      -34.39754104614258,
      -31.812747955322266,
      -29.12789535522461,
      -27.263460159301758,
      -30.027183532714844,
      -31.98651123046875,
      -33.073360443115234,
      -35.3253059387207,
      -35.99629211425781
    ],
    [
      -32.83015441894531,
      -34.67609405517578,
      -32.69791030883789,
      -31.49942398071289,
      -29.319543838500977,
      -28.1072998046875,
      -29.900129318237305,
      -31.562843322753906,
      -32.60300064086914,
      -33.9362907409668,
      -33.20235824584961
    ],
    [
      -36.08009719848633,
      -35.68009948730469,
      -34.11564636230469,
      -33.29856491088867,
      -32.358489990234375,
      -31.146608352661133,
      -32.857948303222656,
      -33.673065185546875,
      -34.183677673339844,
      -35.050086975097656,
      -34.493648529052734
    ],
    [
      -35.83456802368164,
      -35.01375198364258,
      -34.318904876708984,
      -32.89553451538086,
      -32.2852897644043,
      -30.042308807373047,
      -32.991737365722656,
      -34.27126693725586,
      -34.86248016357422,
      -35.43476867675781,
      -35.462032318115234
    ],
    [
      -33.786991119384766,
      -34.430789947509766,
      -34.92084503173828,
      -35.884796142578125,
      -33.82509994506836,
      -31.331315994262695,
      -34.78558349609375,
      -35.523826599121094,
      -36.05864334106445,
      -35.3486328125,
      -34.69674301147461
    ],
    [
      -33.854225158691406,
      -35.1639404296875,
      -36.385494232177734,
      -37.03303527832031,
      -33.953330993652344,
      -31.261747360229492,
      -34.60489273071289,
      -35.52075958251953,
      -35.93589401245117,
      -33.8646354675293,
      -30.110363006591797
    ],
    [
      -33.24433135986328,
      -33.363677978515625,
      -37.06672668457031,
      -36.66640853881836,
      -34.706565856933594,
      -30.51577377319336,
      -35.7789192199707,
      -37.468505859375,
      -36.599853515625,
      -31.46722412109375,
      -31.672775268554688
    ],
    [
      -36.904212951660156,
      -36.592159271240234,
      -37.72453689575195,
      -37.71152877807617,
      -36.76169204711914,
      -32.76720428466797,
      -37.085567474365234,
      -37.75578308105469,
      -37.569679260253906,
      -34.780799865722656,
      -34.391292572021484
    ],
    [
      -37.8272819519043,
      -38.476505279541016,
      -37.60395431518555,
      -39.012245178222656,
      -37.55488204956055,
      -34.56528091430664,
      -38.76448440551758,
      -40.14619064331055,
      -38.95591354370117,
      -39.980934143066406,
      -38.77395248413086
    ],
    [
      -42.04283142089844,
      -40.35839080810547,
      -39.44898986816406,
      -41.0115852355957,
      -39.01875686645508,
      -35.699851989746094,
      -39.271034240722656,
      -40.10953140258789,
      -38.10993576049805,
      -40.580509185791016,
      -40.8985595703125
    ],
    [
      -40.07284164428711,
      -40.505332946777344,
      -40.020137786865234,
      -39.660736083984375,
      -40.24729537963867,
      -37.505794525146484,
      -39.972537994384766,
      -39.78492736816406,
      -39.9608154296875,
      -40.096160888671875,
      -40.75900650024414
    ],
    [
      -39.90049362182617,
      -41.648529052734375,
      -40.420066833496094,
      -39.996429443359375,
      -41.00581741333008,
      -36.747962951660156,
      -40.521053314208984,
      -39.76444625854492,
      -41.51662826538086,
      -42.73495864868164,
      -42.412776947021484
    ],
    [
      -39.52708053588867,
      -40.31394577026367,
      -41.27117919921875,
      -41.47974395751953,
      -39.25225830078125,
      -34.9871826171875,
      -39.235050201416016,
      -40.88334655761719,
      -40.8327751159668,
      -41.2684440612793,
      -40.70555877685547
    ],
    [
      -43.44439697265625,
      -41.183067321777344,
      -42.90194320678711,
      -42.15961837768555,
      -40.74668502807617,
      -35.849998474121094,
      -40.853450775146484,
      -42.58464050292969,
      -41.63630294799805,
      -42.4556884765625,
      -47.06150436401367
    ],
    [
      -43.86422348022461,
      -42.01314163208008,
      -41.585243225097656,
      -41.23106384277344,
      -40.94499588012695,
      -39.22925567626953,
      -40.74126434326172,
      -41.47850799560547,
      -41.89739227294922,
      -41.88597106933594,
      -39.90336990356445
    ],
    [
      -43.51620864868164,
      -41.23813247680664,
      -40.9112434387207,
      -40.88490295410156,
      -41.108856201171875,
      -40.67017364501953,
      -40.965518951416016,
      -41.168338775634766,
      -41.43361282348633,
      -41.36569595336914,
      -40.67536926269531
    ],
    [
      -37.500431060791016,
      -40.02766799926758,
      -39.85540771484375,
      -40.46913528442383,
      -40.74197006225586,
      -41.01598358154297,
      -40.3931770324707,
      -40.043479919433594,
      -40.02070236206055,
      -39.124961853027344,
      -38.56171417236328
    ],
    [
      -38.314422607421875,
      -39.37710189819336,
      -40.88565444946289,
      -41.046138763427734,
      -41.28940200805664,
      -42.63589859008789,
      -42.158443450927734,
      -41.68967819213867,
      -42.81230926513672,
      -43.3267707824707,
      -44.036407470703125
    ],
    [
      -40.10774230957031,
      -40.01968002319336,
      -41.47559356689453,
      -42.2757453918457,
      -41.75346755981445,
      -43.74448013305664,
      -43.118377685546875,
      -42.5367317199707,
      -43.767181396484375,
      -45.745582580566406,
      -370
    ],
    [
      -40.350345611572266,
      -40.709556579589844,
      -42.473690032958984,
      -42.63986587524414,
      -42.18131637573242,
      -43.08155059814453,
      -44.26471710205078,
      -43.93625259399414,
      -44.007728576660156,
      -47.47651290893555,
      -49.76116180419922
    ],
    [
      -41.29534149169922,
      -43.83696365356445,
      -43.7529296875,
      -44.1241569519043,
      -44.15716552734375,
      -42.75015640258789,
      -44.90827178955078,
      -45.293914794921875,
      -45.811649322509766,
      -48.50871276855469,
      -48.16364288330078
    ],
    [
      -49.29335403442383,
      -47.04914093017578,
      -44.978572845458984,
      -45.53548049926758,
      -45.91838073730469,
      -45.62764358520508,
      -46.351051330566406,
      -46.728363037109375,
      -46.859867095947266,
      -46.66628646850586,
      -370
    ],
    [
      -44.21565628051758,
      -47.57807540893555,
      -45.6939811706543,
      -45.63922882080078,
      -46.22068786621094,
      -46.34127426147461,
      -46.938411712646484,
      -47.43656539916992,
      -50.46824264526367,
      -56.21879577636719,
      -62.004241943359375
    ],
    [
      -370,
      -50.12759780883789,
      -49.08208465576172,
      -46.576210021972656,
      -45.7974967956543,
      -46.73359680175781,
      -46.994293212890625,
      -47.93077850341797,
      -51.548274993896484,
      -47.46140670776367,
      -42.169315338134766
    ],
    [
      -58.03658676147461,
      -48.70273971557617,
      -48.18344497680664,
      -47.10399627685547,
      -46.56100082397461,
      -47.828548431396484,
      -47.40265655517578,
      -47.53455352783203,
      -49.328880310058594,
      -46.037025451660156,
      -48.97700500488281
    ],
    [
      -370,
      -49.401275634765625,
      -46.87718200683594,
      -47.2951774597168,
      -48.4688835144043,
      -47.96968460083008,
      -47.92799758911133,
      -48.13523864746094,
      -50.61137008666992,
      -50.42044448852539,
      -55.566612243652344
    ],
    [
      -47.15836715698242,
      -48.710540771484375,
      -47.275291442871094,
      -48.85395812988281,
      -49.058265686035156,
      -47.94731140136719,
      -49.186771392822266,
      -49.72220230102539,
      -52.10454177856445,
      -50.734493255615234,
      -56.698734283447266
    ],
    [
      -47.02367401123047,
      -49.3879280090332,
      -49.07631301879883,
      -50.230079650878906,
      -50.61809158325195,
      -50.18574905395508,
      -50.96363830566406,
      -50.09965515136719,
      -53.58008575439453,
      -49.04286193847656,
      -49.503150939941406
    ],
    [
      -49.08702087402344,
      -49.0992317199707,
      -49.830081939697266,
      -51.821163177490234,
      -52.13114929199219,
      -52.610347747802734,
      -51.826419830322266,
      -50.520503997802734,
      -55.2491569519043,
      -48.97793960571289,
      -370
    ],
    [
      -50.34092712402344,
      -51.40214538574219,
      -53.382118225097656,
      -52.77214050292969,
      -54.15879440307617,
      -55.055057525634766,
      -53.8034782409668,
      -53.311866760253906,
      -56.478363037109375,
      -51.960872650146484,
      -68.32891082763672
    ],
    [
      -54.24660110473633,
      -53.03705596923828,
      -54.58633041381836,
      -55.72791290283203,
      -55.191986083984375,
      -57.95626449584961,
      -56.13423538208008,
      -55.777587890625,
      -61.12800216674805,
      -56.463871002197266,
      -64.031982421875
    ],
    [
      -370,
      -55.84938049316406,
      -54.198455810546875,
      -57.210567474365234,
      -56.948062896728516,
      -59.44881057739258,
      -56.7862434387207,
      -55.55918502807617,
      -58.296417236328125,
      -57.12775802612305,
      -60.353759765625
    ]
  ],
  "histogram": [
    {
      "db": -70,
      "frequency": 0
    },
    {
      "db": -69,
      "frequency": 1
    },
    {
      "db": -68,
      "frequency": 0
    },
    {
      "db": -67,
      "frequency": 0
    },
    {
      "db": -66,
      "frequency": 1
    },
    {
      "db": -65,
      "frequency": 0
    },
    {
      "db": -64,
      "frequency": 1
    },
    {
      "db": -63,
      "frequency": 0
    },
    {
      "db": -62,
      "frequency": 1
    },
    {
      "db": -61,
      "frequency": 0
    },
    {
      "db": -60,
      "frequency": 1
    },
    {
      "db": -59,
      "frequency": 1
    },
    {
      "db": -58,
      "frequency": 1
    },
    {
      "db": -57,
      "frequency": 1
    },
    {
      "db": -56,
      "frequency": 1
    },
    {
      "db": -55,
      "frequency": 1
    },
    {
      "db": -54,
      "frequency": 1
    },
    {
      "db": -53,
      "frequency": 2
    },
    {
      "db": -52,
      "frequency": 1
    },
    {
      "db": -51,
      "frequency": 1
    },
    {
      "db": -50,
      "frequency": 2
    },
    {
      "db": -49,
      "frequency": 1
    },
    {
      "db": -48,
      "frequency": 2
    },
    {
      "db": -47,
      "frequency": 2
    },
    {
      "db": -46,
      "frequency": 2
    },
    {
      "db": -45,
      "frequency": 3
    },
    {
      "db": -44,
      "frequency": 2
    },
    {
      "db": -43,
      "frequency": 2
    },
    {
      "db": -42,
      "frequency": 3
    },
    {
      "db": -41,
      "frequency": 2
    },
    {
      "db": -40,
      "frequency": 2
    },
    {
      "db": -39,
      "frequency": 2
    },
    {
      "db": -38,
      "frequency": 3
    },
    {
      "db": -37,
      "frequency": 4
    },
    {
      "db": -36,
      "frequency": 8
    },
    {
      "db": -35,
      "frequency": 7
    },
    {
      "db": -34,
      "frequency": 22
    },
    {
      "db": -33,
      "frequency": 44
    },
    {
      "db": -32,
      "frequency": 37
    },
    {
      "db": -31,
      "frequency": 58
    },
    {
      "db": -30,
      "frequency": 67
    },
    {
      "db": -29,
      "frequency": 96
    },
    {
      "db": -28,
      "frequency": 85
    },
    {
      "db": -27,
      "frequency": 78
    },
    {
      "db": -26,
      "frequency": 106
    },
    {
      "db": -25,
      "frequency": 144
    },
    {
      "db": -24,
      "frequency": 250
    },
    {
      "db": -23,
      "frequency": 404
    },
    {
      "db": -22,
      "frequency": 392
    },
    {
      "db": -21,
      "frequency": 214
    },
    {
      "db": -20,
      "frequency": 43
    },
    {
      "db": -19,
      "frequency": 5
    },
    {
      "db": -18,
      "frequency": 0
    },
    {
      "db": -17,
      "frequency": 0
    },
    {
      "db": -16,
      "frequency": 0
    },
    {
      "db": -15,
      "frequency": 0
    },
    {
      "db": -14,
      "frequency": 0
    },
    {
      "db": -13,
      "frequency": 0
    },
    {
      "db": -12,
      "frequency": 0
    },
    {
      "db": -11,
      "frequency": 0
    },
    {
      "db": -10,
      "frequency": 0
    },
    {
      "db": -9,
      "frequency": 0
    },
    {
      "db": -8,
      "frequency": 0
    },
    {
      "db": -7,
      "frequency": 0
    },
    {
      "db": -6,
      "frequency": 0
    },
    {
      "db": -5,
      "frequency": 0
    },
    {
      "db": -4,
      "frequency": 0
    },
    {
      "db": -3,
      "frequency": 0
    },
    {
      "db": -2,
      "frequency": 0
    },
    {
      "db": -1,
      "frequency": 0
    },
    {
      "db": 0,
      "frequency": 0
    },
    {
      "db": 1,
      "frequency": 0
    },
    {
      "db": 2,
      "frequency": 0
    },
    {
      "db": 3,
      "frequency": 0
    },
    {
      "db": 4,
      "frequency": 0
    },
    {
      "db": 5,
      "frequency": 0
    },
    {
