{
  "acoustic_entropy": 215.7535400390625,
  "bands": [
    {
      "high_freq": 148.1999969482422,
      "loudness": -35.583106994628906,
      "loudness_range": 12.469465255737305,
      "mid_mean": -32.00475311279297,
      "mid_to_side_loudness": -20.937213897705078,
      "mid_to_side_loudness_range": 26.503337860107422,
      "side_mean": -52.362815856933594
    },
    {
      "high_freq": 392.3793640136719,
      "loudness": -35.12509536743164,
      "loudness_range": 10.416208267211914,
      "low_freq": 148.1999969482422,
      "mid_mean": -31.914093017578125,
      "mid_to_side_loudness": -9.426941871643066,
      "mid_to_side_loudness_range": 9.253434181213379,
      "side_mean": -41.70732116699219
    },
    {
      "high_freq": 794.6976318359375,
      "loudness": -36.69701385498047,
      "loudness_range": 12.910127639770508,
      "low_freq": 392.3793640136719,
      "mid_mean": -33.99309539794922,
      "mid_to_side_loudness": -6.771582126617432,
      "mid_to_side_loudness_range": 12.160774230957031,
      "side_mean": -40.98615264892578
    },
    {
      "high_freq": 1457.5709228515625,
      "loudness": -38.29814529418945,
      "loudness_range": 18.335012435913086,
      "low_freq": 794.6976318359375,
      "mid_mean": -35.3925666809082,
      "mid_to_side_loudness": -8.095020294189453,
      "mid_to_side_loudness_range": 11.53201675415039,
      "side_mean": -43.648223876953125
    },
    {
      "high_freq": 2549.74365234375,
      "loudness": -37.086238861083984,
      "loudness_range": 15.774410247802734,
      "low_freq": 1457.5709228515625,
      "mid_mean": -34.13793182373047,
      "mid_to_side_loudness": -8.395044326782227,
      "mid_to_side_loudness_range": 11.516231536865234,
      "side_mean": -42.73308563232422
    },
    {
      "high_freq": 4349.24462890625,
      "loudness": -37.06266403198242,
      "loudness_range": 13.490110397338867,
      "low_freq": 2549.74365234375,
      "mid_mean": -33.98060989379883,
      "mid_to_side_loudness": -9.360305786132812,
      "mid_to_side_loudness_range": 11.31704330444336,
      "side_mean": -43.50856399536133
    },
    {
      "high_freq": 7314.1640625,
      "loudness": -40.61018371582031,
      "loudness_range": 13.867870330810547,
      "low_freq": 4349.24462890625,
      "mid_mean": -37.529815673828125,
      "mid_to_side_loudness": -9.373406410217285,
      "mid_to_side_loudness_range": 11.081972122192383,
      "side_mean": -46.898033142089844
    },
    {
      "high_freq": 12199.2666015625,
      "loudness": -43.96168899536133,
      "loudness_range": 15.982196807861328,
      "low_freq": 7314.1640625,
      "mid_mean": -41.054542541503906,
      "mid_to_side_loudness": -9.197556495666504,
      "mid_to_side_loudness_range": 12.804574966430664,
      "side_mean": -50.71097946166992
    },
    {
      "loudness": -50.860774993896484,
      "loudness_range": 17.520126342773438,
      "low_freq": 12199.2666015625,
      "mid_mean": -48.7491340637207,
      "mid_to_side_loudness": -7.9636430740356445,
      "mid_to_side_loudness_range": 15.982683181762695,
      "side_mean": -55.96460723876953
    }
  ],
  "bands_short": [
    {
      "high_freq": 148.1999969482422,
      "loudness": -37.955909729003906,
      "loudness_range": 14.734989166259766,
      "mid_mean": -34.42216873168945,
      "mid_to_side_loudness": -21.318628311157227,
      "mid_to_side_loudness_range": 29.79969596862793,
      "side_mean": -55.347652435302734
    },
    {
      "high_freq": 392.3793640136719,
      "loudness": -35.14654541015625,
      "loudness_range": 13.394048690795898,
      "low_freq": 148.1999969482422,
      "mid_mean": -31.988643646240234,
      "mid_to_side_loudness": -9.974164009094238,
      "mid_to_side_loudness_range": 13.371809005737305,
      "side_mean": -42.274417877197266
    },
    {
      "high_freq": 794.6976318359375,
      "loudness": -37.836883544921875,
      "loudness_range": 15.8203125,
      "low_freq": 392.3793640136719,
      "mid_mean": -35.29275894165039,
      "mid_to_side_loudness": -6.611698150634766,
      "mid_to_side_loudness_range": 14.533430099487305,
      "side_mean": -42.18816375732422
    },
    {
      "high_freq": 1457.5709228515625,
      "loudness": -38.74623107910156,
      "loudness_range": 20.04360580444336,
      "low_freq": 794.6976318359375,
      "mid_mean": -36.005218505859375,
      "mid_to_side_loudness": -7.714417934417725,
      "mid_to_side_loudness_range": 13.924674987792969,
      "side_mean": -43.92515182495117
    },
    {
      "high_freq": 2549.74365234375,
      "loudness": -38.3311767578125,
      "loudness_range": 18.44289207458496,
      "low_freq": 1457.5709228515625,
      "mid_mean": -35.557857513427734,
      "mid_to_side_loudness": -7.86579704284668,
      "mid_to_side_loudness_range": 13.75317096710205,
      "side_mean": -43.6211051940918
    },
    {
      "high_freq": 4349.24462890625,
      "loudness": -37.9180793762207,
      "loudness_range": 16.307342529296875,
      "low_freq": 2549.74365234375,
      "mid_mean": -34.9324951171875,
      "mid_to_side_loudness": -9.198958396911621,
      "mid_to_side_loudness_range": 13.33338451385498,
      "side_mean": -44.29676818847656
    },
    {
      "high_freq": 7314.1640625,
      "loudness": -41.71046829223633,
      "loudness_range": 17.376750946044922,
      "low_freq": 4349.24462890625,
      "mid_mean": -38.69232177734375,
      "mid_to_side_loudness": -9.445954322814941,
      "mid_to_side_loudness_range": 13.9911470413208,
      "side_mean": -48.18901824951172
    },
    {
      "high_freq": 12199.2666015625,
      "loudness": -46.05270767211914,
      "loudness_range": 21.541831970214844,
      "low_freq": 7314.1640625,
      "mid_mean": -43.15793991088867,
      "mid_to_side_loudness": -9.667183876037598,
      "mid_to_side_loudness_range": 16.60334587097168,
      "side_mean": -53.1932258605957
    },
    {
      "loudness": -54.211692810058594,
      "loudness_range": 24.92992401123047,
      "low_freq": 12199.2666015625,
      "mid_mean": -52.005489349365234,
      "mid_to_side_loudness": -9.257736206054688,
      "mid_to_side_loudness_range": 19.4453067779541,
      "side_mean": -59.3897819519043
    }
  ],
  "bandwidth": 720.1201171875,
  "channels": 2,
  "covariance": [
    [
      21.694311141967773,
      31.43889045715332,
      11.172938346862793,
      12.812228202819824,
      7.0469441413879395,
      13.517946243286133,
      10.968705177307129,
      16.929115295410156,
      8.07020378112793,
      14.964033126831055,
      8.848845481872559,
      16.965843200683594,
      8.604312896728516,
      17.11574363708496,
      9.713842391967773,
      24.162450790405273,
      13.01189136505127,
      23.41803550720215
    ],
    [
      31.43889045715332,
      94.03434753417969,
      24.47911834716797,
      27.707748413085938,
      14.894071578979492,
      32.00985336303711,
      25.62531852722168,
      39.690711975097656,
      16.640451431274414,
      32.75560760498047,
      21.00025749206543,
      39.02791213989258,
      21.77207374572754,
      41.33219528198242,
      24.10225486755371,
      48.2973518371582,
      24.65169334411621,
      47.54230880737305
    ],
    [
      11.172938346862793,
      24.47911834716797,
      16.447601318359375,
      13.036203384399414,
      10.866296768188477,
      13.73841381072998,
      11.838672637939453,
      16.70435905456543,
      11.56079387664795,
      15.575724601745605,
      12.23618221282959,
      17.81514549255371,
      10.114107131958008,
      17.138042449951172,
      12.898204803466797,
      22.439077377319336,
      15.677632331848145,
      22.02346420288086
    ],
    [
      12.812228202819824,
      27.707748413085938,
      13.036203384399414,
      21.367225646972656,
      8.883512496948242,
      16.444652557373047,
      10.99127197265625,
      17.419193267822266,
      9.594955444335938,
      15.647832870483398,
      10.606636047363281,
      18.376136779785156,
      9.203187942504883,
      17.939075469970703,
      11.6199369430542,
      24.62022590637207,
      15.46712875366211,
      23.66585922241211
    ],
    [
      7.0469441413879395,
      14.894071578979492,
      10.866296768188477,
      8.883512496948242,
      24.669130325317383,
      19.11758804321289,
      22.00304412841797,
      18.439411163330078,
      15.503945350646973,
      14.418261528015137,
      14.46595573425293,
      14.066123008728027,
      10.171005249023438,
      12.10867691040039,
      11.156598091125488,
      16.76792335510254,
      14.61039924621582,
      16.730361938476562
    ],
    [
      13.517946243286133,
      32.00985336303711,
      13.73841381072998,
      16.444652557373047,
      19.11758804321289,
      29.486217498779297,
      18.727739334106445,
      24.936464309692383,
      13.961833953857422,
      21.411502838134766,
      14.751524925231934,
      24.127685546875,
      13.144862174987793,
      23.529077529907227,
      13.410120964050293,
      27.63972282409668,
      17.62066078186035,
      27.697622299194336
    ],
    [
      10.968705177307129,
      25.62531852722168,
      11.838672637939453,
      10.99127197265625,
      22.00304412841797,
      18.727739334106445,
      38.077091217041016,
      28.63899803161621,
      15.55923843383789,
      16.849693298339844,
      15.759766578674316,
      16.393001556396484,
      11.640999794006348,
      15.683728218078613,
      12.675643920898438,
      19.52355194091797,
      16.444841384887695,
      20.813669204711914
    ],
    [
      16.929115295410156,
      39.690711975097656,
      16.70435905456543,
      17.419193267822266,
      18.439411163330078,
      24.936464309692383,
      28.63899803161621,
      35.41533660888672,
      16.112733840942383,
      25.033084869384766,
      17.51605224609375,
      27.672422409057617,
      15.600068092346191,
      27.184566497802734,
      17.87191390991211,
      31.384920120239258,
      21.93449592590332,
      32.48016357421875
    ],
    [
      8.07020378112793,
      16.640451431274414,
      11.56079387664795,
      9.594955444335938,
      15.503945350646973,
      13.961833953857422,
      15.55923843383789,
      16.112733840942383,
      29.568485260009766,
      20.05188751220703,
      20.68490982055664,
      17.281545639038086,
      14.697748184204102,
      16.119861602783203,
      17.734617233276367,
      21.076702117919922,
      18.089263916015625,
      21.689931869506836
    ],
    [
      14.964033126831055,
      32.75560760498047,
      15.575724601745605,
      15.647832870483398,
      14.418261528015137,
      21.411502838134766,
      16.849693298339844,
      25.033084869384766,
      20.05188751220703,
      27.617321014404297,
      17.751676559448242,
      28.494041442871094,
      16.34937858581543,
      27.827110290527344,
      19.13457489013672,
      32.922916412353516,
      22.00783920288086,
      33.34490966796875
    ],
    [
      8.848845481872559,
      21.00025749206543,
      12.23618221282959,
      10.606636047363281,
      14.46595573425293,
      14.751524925231934,
      15.759766578674316,
      17.51605224609375,
      20.68490982055664,
      17.751676559448242,
      21.81784439086914,
      20.023218154907227,
      15.49472713470459,
      18.908645629882812,
      18.11322021484375,
      22.116010665893555,
      17.686952590942383,
      21.263633728027344
    ],
    [
      16.965843200683594,
      39.02791213989258,
      17.81514549255371,
      18.376136779785156,
      14.066123008728027,
      24.127685546875,
      16.393001556396484,
      27.672422409057617,
      17.281545639038086,
      28.494041442871094,
      20.023218154907227,
      34.71945571899414,
      18.21864891052246,
      33.65901184082031,
      20.792964935302734,
      37.65869903564453,
      23.09160614013672,
      37.13094711303711
    ],
    [
      8.604312896728516,
      21.77207374572754,
      10.114107131958008,
      9.203187942504883,
      10.171005249023438,
      13.144862174987793,
      11.640999794006348,
      15.600068092346191,
      14.697748184204102,
      16.34937858581543,
      15.49472713470459,
      18.21864891052246,
      22.212997436523438,
      23.517982482910156,
      24.64137077331543,
      26.54985237121582,
      25.145658493041992,
      24.73089599609375
    ],
    [
      17.11574363708496,
      41.33219528198242,
      17.138042449951172,
      17.939075469970703,
      12.10867691040039,
      23.529077529907227,
      15.683728218078613,
      27.184566497802734,
      16.119861602783203,
      27.827110290527344,
      18.908645629882812,
      33.65901184082031,
      23.517982482910156,
      41.61328887939453,
      26.58527374267578,
      45.25285339355469,
      28.732683181762695,
      44.37773895263672
    ],
    [
      9.713842391967773,
      24.10225486755371,
      12.898204803466797,
      11.6199369430542,
      11.156598091125488,
      13.410120964050293,
      12.675643920898438,
      17.87191390991211,
      17.734617233276367,
      19.13457489013672,
      18.11322021484375,
      20.792964935302734,
      24.64137077331543,
      26.58527374267578,
      35.80912399291992,
      34.09293746948242,
      36.090152740478516,
      32.87297058105469
    ],
    [
      24.162450790405273,
      48.2973518371582,
      22.439077377319336,
      24.62022590637207,
      16.76792335510254,
      27.63972282409668,
      19.52355194091797,
      31.384920120239258,
      21.076702117919922,
      32.922916412353516,
      22.116010665893555,
      37.65869903564453,
      26.54985237121582,
      45.25285339355469,
      34.09293746948242,
      65.0341796875,
      42.70698928833008,
      62.8751106262207
    ],
    [
      13.01189136505127,
      24.65169334411621,
      15.677632331848145,
      15.46712875366211,
      14.61039924621582,
      17.62066078186035,
      16.444841384887695,
      21.93449592590332,
      18.089263916015625,
      22.00783920288086,
      17.686952590942383,
      23.09160614013672,
      25.145658493041992,
      28.732683181762695,
      36.090152740478516,
      42.70698928833008,
      47.05923843383789,
      42.68482208251953
    ],
    [
      23.41803550720215,
      47.54230880737305,
      22.02346420288086,
      23.66585922241211,
      16.730361938476562,
      27.697622299194336,
      20.813669204711914,
      32.48016357421875,
      21.689931869506836,
      33.34490966796875,
      21.263633728027344,
      37.13094711303711,
      24.73089599609375,
      44.37773895263672,
      32.87297058105469,
      62.8751106262207,
      42.68482208251953,
      66.3725357055664
    ]
  ],
  "covariance_short": [
    [
      26.20343589782715,
      20.45844268798828,
      12.554795265197754,
      9.380477905273438,
      5.124619007110596,
      9.678926467895508,
      7.839090824127197,
      12.38426399230957,
      7.175776958465576,
      11.679811477661133,
      7.165076732635498,
      12.903901100158691,
      7.497791290283203,
      13.5868501663208,
      7.610657691955566,
      18.24420928955078,
      11.032369613647461,
      16.236557006835938
    ],
    [
      20.45844268798828,
      82.26110076904297,
      25.774198532104492,
      28.10372543334961,
      17.71843719482422,
      30.840991973876953,
      24.806438446044922,
      36.600650787353516,
      19.168140411376953,
      30.55596160888672,
      22.775203704833984,
      36.173583984375,
      24.402904510498047,
      40.15415954589844,
      26.59781837463379,
      44.981422424316406,
      27.24225616455078,
      40.77472686767578
    ],
    [
      12.554795265197754,
      25.774198532104492,
      24.59262466430664,
      16.438867568969727,
      14.147223472595215,
      16.666669845581055,
      14.805651664733887,
      19.87220001220703,
      14.72133731842041,
      18.354097366333008,
      15.311220169067383,
      20.514320373535156,
      12.88501262664795,
      20.636491775512695,
      16.062984466552734,
      25.880937576293945,
      19.039735794067383,
      24.323284149169922
    ],
    [
      9.380477905273438,
      28.10372543334961,
      16.438867568969727,
      31.49561882019043,
      12.20976448059082,
      21.27582359313965,
      14.015508651733398,
      21.077224731445312,
      11.935824394226074,
      17.835107803344727,
      13.066285133361816,
      20.596012115478516,
      11.947951316833496,
      21.057525634765625,
      15.023774147033691,
      26.380870819091797,
      19.782978057861328,
      24.75139808654785
    ],
    [
      5.124619007110596,
      17.71843719482422,
      14.147223472595215,
      12.20976448059082,
      36.66164779663086,
      24.9346866607666,
      28.708358764648438,
      22.677175521850586,
      22.554468154907227,
      17.495914459228516,
      21.028060913085938,
      17.368043899536133,
      15.791709899902344,
      15.823822021484375,
      16.911649703979492,
      19.414016723632812,
      20.513626098632812,
      19.604459762573242
    ],
    [
      9.678926467895508,
      30.840991973876953,
      16.666669845581055,
      21.27582359313965,
      24.9346866607666,
      39.85733413696289,
      22.70690155029297,
      29.196142196655273,
      18.215702056884766,
      24.269855499267578,
      18.434709548950195,
      26.989364624023438,
      17.995576858520508,
      27.938901901245117,
      18.36528205871582,
      31.45259666442871,
      22.82918357849121,
      29.94051170349121
    ],
    [
      7.839090824127197,
      24.806438446044922,
      14.805651664733887,
      14.015508651733398,
      28.708358764648438,
      22.70690155029297,
      48.54779052734375,
      33.25331115722656,
      21.734527587890625,
      19.500877380371094,
      21.93480110168457,
      19.1302433013916,
      17.11187744140625,
      18.744165420532227,
      16.69046401977539,
      21.589698791503906,
      21.913660049438477,
      22.784997940063477
    ],
    [
      12.38426399230957,
      36.600650787353516,
      19.87220001220703,
      21.077224731445312,
      22.677175521850586,
      29.196142196655273,
      33.25331115722656,
      43.07265090942383,
      19.880260467529297,
      28.18936538696289,
      20.833324432373047,
      30.80535888671875,
      20.075748443603516,
      31.304950714111328,
      21.302453994750977,
      33.86014175415039,
      25.58332061767578,
      33.39176940917969
    ],
    [
      7.175776958465576,
      19.168140411376953,
      14.72133731842041,
      11.935824394226074,
      22.554468154907227,
      18.215702056884766,
      21.734527587890625,
      19.880260467529297,
      43.582420349121094,
      25.73780059814453,
      30.434812545776367,
      22.877260208129883,
      22.483142852783203,
      21.424209594726562,
      25.963520050048828,
      25.524559020996094,
      25.699357986450195,
      24.751100540161133
    ],
    [
      11.679811477661133,
      30.55596160888672,
      18.354097366333008,
      17.835107803344727,
      17.495914459228516,
      24.269855499267578,
      19.500877380371094,
      28.18936538696289,
      25.73780059814453,
      33.69109344482422,
      22.119415283203125,
      32.60908508300781,
      21.63473892211914,
      33.32912826538086,
      24.791582107543945,
      37.45892333984375,
      26.806962966918945,
      35.13325119018555
    ],
    [
      7.165076732635498,
      22.775203704833984,
      15.311220169067383,
      13.066285133361816,
      21.028060913085938,
      18.434709548950195,
      21.93480110168457,
      20.833324432373047,
      30.434812545776367,
      22.119415283203125,
      34.09917068481445,
      25.64454460144043,
      24.650197982788086,
      24.786041259765625,
      27.62557029724121,
      27.458894729614258,
      25.72457504272461,
      24.676557540893555
    ],
    [
      12.903901100158691,
      36.173583984375,
      20.514320373535156,
      20.596012115478516,
      17.368043899536133,
      26.989364624023438,
      19.1302433013916,
      30.80535888671875,
      22.877260208129883,
      32.60908508300781,
      25.64454460144043,
      41.04329299926758,
      24.778444290161133,
      41.39650344848633,
      27.962661743164062,
      44.77519989013672,
      28.41755485534668,
      40.7265625
    ],
    [
      7.497791290283203,
      24.402904510498047,
      12.88501262664795,
      11.947951316833496,
      15.791709899902344,
      17.995576858520508,
      17.11187744140625,
      20.075748443603516,
      22.483142852783203,
      21.63473892211914,
      24.650197982788086,
      24.778444290161133,
      34.840213775634766,
      31.62010955810547,
      36.523075103759766,
      34.70537185668945,
      35.7597770690918,
      31.280168533325195
    ],
    [
      13.5868501663208,
      40.15415954589844,
      20.636491775512695,
      21.057525634765625,
      15.823822021484375,
      27.938901901245117,
      18.744165420532227,
      31.304950714111328,
      21.424209594726562,
      33.32912826538086,
      24.786041259765625,
      41.39650344848633,
      31.62010955810547,
      55.108638763427734,
      35.74431228637695,
      58.924560546875,
      36.72933578491211,
      53.131935119628906
    ],
    [
      7.610657691955566,
      26.59781837463379,
      16.062984466552734,
      15.023774147033691,
      16.911649703979492,
      18.36528205871582,
      16.69046401977539,
      21.302453994750977,
      25.963520050048828,
      24.791582107543945,
      27.62557029724121,
      27.962661743164062,
      36.523075103759766,
      35.74431228637695,
      55.30923080444336,
      46.77605056762695,
      53.03012466430664,
      44.54924392700195
    ],
    [
      18.24420928955078,
      44.981422424316406,
      25.880937576293945,
      26.380870819091797,
      19.414016723632812,
      31.45259666442871,
      21.589698791503906,
      33.86014175415039,
      25.524559020996094,
      37.45892333984375,
      27.458894729614258,
      44.77519989013672,
      34.70537185668945,
      58.924560546875,
      46.77605056762695,
      81.09699249267578,
      57.738956451416016,
      73.89298248291016
    ],
    [
      11.032369613647461,
      27.24225616455078,
      19.039735794067383,
      19.782978057861328,
      20.513626098632812,
      22.82918357849121,
      21.913660049438477,
      25.58332061767578,
      25.699357986450195,
      26.806962966918945,
      25.72457504272461,
      28.41755485534668,
      35.7597770690918,
      36.72933578491211,
      53.03012466430664,
      57.738956451416016,
      70.45413208007812,
      56.73155975341797
    ],
    [
      16.236557006835938,
      40.77472686767578,
      24.323284149169922,
      24.75139808654785,
      19.604459762573242,
      29.94051170349121,
      22.784997940063477,
      33.39176940917969,
      24.751100540161133,
      35.13325119018555,
      24.676557540893555,
      40.7265625,
      31.280168533325195,
      53.131935119628906,
      44.54924392700195,
      73.89298248291016,
      56.73155975341797,
      76.95861053466797
    ]
  ],
  "damage": -20.549211502075195,
  "diff_bandwidth": 781.2010498046875,
  "dissonance": 9.746840187951717,
  "drr": 14.62672233581543,
  "dynamics": 3.444441795349121,
  "format": 1245190,
  "frames": 9373611,
  "freq_pan_to_db": [
    [
      -29.03925132751465,
      -28.850128173828125,
      -27.48916244506836,
      -25.852127075195312,
      -25.266632080078125,
      -26.72677993774414,
      -27.087839126586914,
      -27.770118713378906,
      -28.346853256225586,
      -30.82612419128418,
      -30.06224822998047
    ],
    [
      -30.75065803527832,
      -29.610681533813477,
      -27.492464065551758,
      -25.845121383666992,
      -23.14896011352539,
      -24.520307540893555,
      -22.928417205810547,
      -24.1135196685791,
      -26.25676155090332,
      -28.599105834960938,
      -30.648887634277344
    ],
    [
      -28.89313316345215,
      -28.484140396118164,
      -27.511337280273438,
      -26.424392700195312,
      -24.57023811340332,
      -25.243722915649414,
      -25.23703384399414,
      -26.583776473999023,
      -27.156917572021484,
      -28.660627365112305,
      -30.1699161529541
    ],
    [
      -30.418684005737305,
      -28.575252532958984,
      -26.606958389282227,
      -26.27116584777832,
      -25.820280075073242,
      -26.247121810913086,
      -26.435863494873047,
      -27.224960327148438,
      -28.992450714111328,
      -30.650272369384766,
      -30.815568923950195
    ],
    [
      -29.042116165161133,
      -27.92317771911621,
      -26.954513549804688,
      -26.531068801879883,
      -26.616853713989258,
      -27.796449661254883,
      -27.2007999420166,
      -27.949966430664062,
      -28.414710998535156,
      -28.51003646850586,
      -29.683013916015625
    ],
    [
      -34.545841217041016,
      -31.891311645507812,
      -30.657602310180664,
      -29.18129539489746,
      -28.438600540161133,
      -28.96363639831543,
      -29.63600730895996,
      -30.00769805908203,
      -31.111148834228516,
      -32.968971252441406,
      -33.28044128417969
    ],
    [
      -31.325115203857422,
      -30.795682907104492,
      -29.743606567382812,
      -28.984527587890625,
      -28.44336700439453,
      -28.238422393798828,
      -28.36334991455078,
      -28.724925994873047,
      -29.360445022583008,
      -29.942916870117188,
      -30.955711364746094
    ],
    [
      -34.413204193115234,
      -34.03591537475586,
      -32.996639251708984,
      -31.560882568359375,
      -30.004844665527344,
      -29.578811645507812,
      -31.147926330566406,
      -32.1583366394043,
      -32.930763244628906,
      -33.66779327392578,
      -33.925819396972656
    ],
    [
      -30.26250648498535,
      -31.067581176757812,
      -30.81292724609375,
      -30.820384979248047,
      -30.48663330078125,
      -31.03855323791504,
      -31.090871810913086,
      -31.193218231201172,
      -31.256139755249023,
      -31.26341438293457,
      -30.599639892578125
    ],
    [
      -32.99990463256836,
      -33.761043548583984,
      -33.60395431518555,
      -32.977745056152344,
      -32.29528045654297,
      -32.07768630981445,
      -33.0765266418457,
      -32.97678756713867,
      -33.6031494140625,
      -34.19288635253906,
      -34.08137130737305
    ],
    [
      -33.763145446777344,
      -35.016563415527344,
      -34.08915328979492,
      -31.890867233276367,
      -29.559831619262695,
      -27.928125381469727,
      -30.291894912719727,
      -32.279903411865234,
      -33.50357437133789,
      -35.10717010498047,
      -36.081626892089844
    ],
    [
      -32.88857650756836,
      -34.66574478149414,
      -32.85374450683594,
      -31.607227325439453,
      -29.64963722229004,
      -28.682113647460938,
      -30.2679386138916,
      -31.554140090942383,
      -32.774105072021484,
      -33.77476119995117,
      -33.96900939941406
    ],
    [
      -35.538089752197266,
      -35.21930694580078,
      -34.41413879394531,
      -33.16749954223633,
      -32.4509391784668,
      -31.383655548095703,
      -32.856876373291016,
      -33.85780715942383,
      -34.12712860107422,
      -35.028385162353516,
      -35.787506103515625
    ],
    [
      -35.53388977050781,
      -34.859100341796875,
      -33.94603729248047,
      -32.649845123291016,
      -32.171512603759766,
      -30.041147232055664,
      -32.871578216552734,
      -33.68767547607422,
      -34.568992614746094,
      -35.003334045410156,
      -35.621856689453125
    ],
    [
      -34.17039108276367,
      -33.922996520996094,
      -34.78618621826172,
      -35.126625061035156,
      -33.26152420043945,
      -31.089157104492188,
      -34.27969741821289,
      -35.00398635864258,
      -35.224159240722656,
      -35.09962844848633,
      -35.032249450683594
    ],
    [
      -33.63212203979492,
      -34.22030258178711,
      -35.9195442199707,
      -35.848209381103516,
      -33.021480560302734,
      -30.601551055908203,
      -33.811038970947266,
      -34.77565383911133,
      -35.23305892944336,
      -33.22053146362305,
      -29.581621170043945
    ],
    [
      -31.639179229736328,
      -32.40080642700195,
      -35.692447662353516,
      -35.423431396484375,
      -33.594390869140625,
      -29.556873321533203,
      -34.553253173828125,
      -36.49163818359375,
      -35.0013427734375,
      -30.561891555786133,
      -30.36979103088379
    ],
    [
      -35.47815704345703,
      -35.04885482788086,
      -36.17106246948242,
      -36.29826354980469,
      -35.179481506347656,
      -31.35331916809082,
      -35.44459915161133,
      -36.212425231933594,
      -36.21943283081055,
      -33.119327545166016,
      -33.170738220214844
    ],
    [
      -35.763916015625,
      -36.60165786743164,
      -35.652286529541016,
      -37.25053024291992,
      -35.404151916503906,
      -32.76087951660156,
      -36.7679557800293,
      -38.243953704833984,
      -36.8355827331543,
      -38.2442626953125,
      -37.523651123046875
    ],
    [
      -40.35129928588867,
      -37.966522216796875,
      -37.261077880859375,
      -38.760799407958984,
      -36.82898712158203,
      -33.480743408203125,
      -36.94961929321289,
      -37.89633560180664,
      -35.96005630493164,
      -37.99803924560547,
      -38.879390716552734
    ],
    [
      -37.43628692626953,
      -37.777801513671875,
      -37.6666374206543,
      -37.33753204345703,
      -37.72552490234375,
      -35.147647857666016,
      -37.4827880859375,
      -37.46548843383789,
      -37.65214920043945,
      -37.80796813964844,
      -40.40959548950195
    ],
    [
      -38.82765197753906,
      -39.46730422973633,
      -37.90015411376953,
      -37.6601676940918,
      -38.401302337646484,
      -34.5088005065918,
      -37.989105224609375,
      -37.47777557373047,
      -39.30103302001953,
      -39.53646469116211,
      -41.314727783203125
    ],
    [
      -37.25975799560547,
      -37.85966873168945,
      -38.919273376464844,
      -38.93137741088867,
      -36.69777297973633,
      -32.93907165527344,
      -36.83411407470703,
      -38.59710693359375,
      -38.52956008911133,
      -38.618431091308594,
      -39.566104888916016
    ],
    [
      -41.24972915649414,
      -38.93947219848633,
      -40.82254409790039,
      -40.01518630981445,
      -38.482872009277344,
      -33.94752502441406,
      -38.732337951660156,
      -40.8209228515625,
      -39.7255973815918,
      -40.20530319213867,
      -45.459877014160156
    ],
    [
      -45.07437515258789,
      -40.38823318481445,
      -39.73813247680664,
      -39.435020446777344,
      -39.15081024169922,
      -37.40699005126953,
      -38.92237854003906,
      -39.70792007446289,
      -40.1115837097168,
      -40.271034240722656,
      -40.65427780151367
    ],
    [
      -41.410099029541016,
      -39.63664245605469,
      -39.25703048706055,
      -39.26935958862305,
      -39.32253646850586,
      -38.86787414550781,
      -39.320682525634766,
      -39.47005844116211,
      -39.787899017333984,
      -40.38568115234375,
      -42.830135345458984
    ],
    [
      -36.387508392333984,
      -38.3440055847168,
      -38.1176872253418,
      -38.661983489990234,
      -39.11240768432617,
      -39.15614318847656,
      -38.79722595214844,
      -38.39918518066406,
      -38.41188430786133,
      -37.39418029785156,
      -40.587890625
    ],
    [
      -35.78913116455078,
      -37.59004211425781,
      -39.173465728759766,
      -39.27649688720703,
      -39.43464660644531,
      -40.59381866455078,
      -40.25752639770508,
      -39.87294387817383,
      -41.1749153137207,
      -42.381011962890625,
      -47.46733474731445
    ],
    [
      -39.1074104309082,
      -38.40555953979492,
      -39.54948806762695,
      -40.3774528503418,
      -39.52781295776367,
      -41.2535514831543,
      -41.42350769042969,
      -40.926292419433594,
      -41.746437072753906,
      -44.09853744506836,
      -52.7071647644043
    ],
    [
      -59.052913665771484,
      -38.14301681518555,
      -40.75896072387695,
      -40.509220123291016,
      -39.891883850097656,
      -40.67259216308594,
      -42.25224304199219,
      -42.32742691040039,
      -42.38409423828125,
      -45.35190200805664,
      -51.332305908203125
    ],
    [
      -46.4438362121582,
      -39.947532653808594,
      -42.231021881103516,
      -42.44485092163086,
      -41.802574157714844,
      -40.472835540771484,
      -42.689170837402344,
      -44.12642288208008,
      -43.734439849853516,
      -45.85577392578125,
      -139.2026824951172
    ],
    [
      -46.67647933959961,
      -48.65150451660156,
      -43.57317352294922,
      -43.80447769165039,
      -43.64442443847656,
      -43.34540557861328,
      -44.06911849975586,
      -45.31965637207031,
      -44.70420455932617,
      -42.51511001586914,
      -136.8277587890625
    ],
    [
      -45.382686614990234,
      -42.722835540771484,
      -43.932987213134766,
      -43.18181610107422,
      -43.68557357788086,
      -43.54595947265625,
      -44.3631477355957,
      -46.01003646850586,
      -47.162078857421875,
      -53.68929672241211,
      -65.9774398803711
    ],
    [
      -370,
      -48.23564910888672,
      -46.938175201416016,
      -44.51239776611328,
      -42.618797302246094,
      -43.347267150878906,
      -43.87474060058594,
      -46.05708312988281,
      -48.10612106323242,
      -41.98920822143555,
      -136.36375427246094
    ],
    [
      -48.424625396728516,
      -48.045597076416016,
      -47.106658935546875,
      -44.14731979370117,
      -43.62447738647461,
      -44.315528869628906,
      -44.01314926147461,
      -45.25896072387695,
      -44.8448371887207,
      -44.199954986572266,
      -64.27424621582031
    ],
    [
      -370,
      -45.585914611816406,
      -45.435142517089844,
      -44.23307800292969,
      -45.38018798828125,
      -44.54566192626953,
      -44.51599884033203,
      -45.55876922607422,
      -47.59264373779297,
      -47.58189010620117,
      -58.22461700439453
    ],
    [
      -43.072811126708984,
      -45.82379913330078,
      -44.53672409057617,
      -45.88631820678711,
      -45.76280212402344,
      -44.62970733642578,
      -45.77098083496094,
      -47.14878845214844,
      -49.182010650634766,
      -47.653316497802734,
      -58.22946548461914
    ],
    [
      -43.11786651611328,
      -44.79622268676758,
      -45.79530715942383,
      -46.98244094848633,
      -47.12105941772461,
      -46.69882583618164,
      -47.15876388549805,
      -47.143341064453125,
      -51.146446228027344,
      -43.61676025390625,
      -134.3046112060547
    ],
    [
      -44.93266677856445,
      -44.598514556884766,
      -46.14204025268555,
      -48.1803092956543,
      -48.44462966918945,
      -48.88056182861328,
      -48.02695083618164,
      -46.98675537109375,
      -52.92068099975586,
      -44.43381881713867,
      -133.72706604003906
    ],
    [
      -45.721710205078125,
      -47.16171646118164,
      -49.38605880737305,
      -50.0355339050293,
      -50.44282913208008,
      -51.21466064453125,
      -50.02752685546875,
      -50.20347213745117,
      -53.43641662597656,
      -45.66648483276367,
      -73.75887298583984
    ],
    [
      -52.32470703125,
      -49.1504020690918,
      -51.091033935546875,
      -52.48078155517578,
      -51.70375442504883,
      -54.09477615356445,
      -52.31753158569336,
      -52.54208755493164,
      -59.40947341918945,
      -52.82505416870117,
      -133.16700744628906
    ],
    [
      -370,
      -51.71180725097656,
      -52.20841598510742,
      -53.2105827331543,
      -53.49985885620117,
      -55.71257400512695,
      -52.715824127197266,
      -52.631046295166016,
      -56.378231048583984,
      -53.90131759643555,
      -71.72196197509766
    ]
  ],
  "histogram": [
    {
      "db": -70,
      "frequency": 0
    },
    {
      "db": -69,
      "frequency": 0
    },
    {
      "db": -68,
      "frequency": 1
    },
    {
      "db": -67,
      "frequency": 0
    },
    {
      "db": -66,
      "frequency": 0
    },
    {
      "db": -65,
      "frequency": 0
    },
    {
      "db": -64,
      "frequency": 0
    },
    {
      "db": -63,
      "frequency": 1
    },
    {
      "db": -62,
      "frequency": 0
    },
    {
      "db": -61,
      "frequency": 0
    },
    {
      "db": -60,
      "frequency": 1
    },
    {
      "db": -59,
      "frequency": 0
    },
    {
      "db": -58,
      "frequency": 1
    },
    {
      "db": -57,
      "frequency": 0
    },
    {
      "db": -56,
      "frequency": 1
    },
    {
      "db": -55,
      "frequency": 1
    },
    {
      "db": -54,
      "frequency": 1
    },
    {
      "db": -53,
      "frequency": 1
    },
    {
      "db": -52,
      "frequency": 2
    },
    {
      "db": -51,
      "frequency": 1
    },
    {
      "db": -50,
      "frequency": 2
    },
    {
      "db": -49,
      "frequency": 2
    },
    {
      "db": -48,
      "frequency": 2
    },
    {
      "db": -47,
      "frequency": 2
    },
    {
      "db": -46,
      "frequency": 2
    },
    {
      "db": -45,
      "frequency": 3
    },
    {
      "db": -44,
      "frequency": 2
    },
    {
      "db": -43,
      "frequency": 3
    },
    {
      "db": -42,
      "frequency": 4
    },
    {
      "db": -41,
      "frequency": 2
    },
    {
      "db": -40,
      "frequency": 3
    },
    {
      "db": -39,
      "frequency": 2
    },
    {
      "db": -38,
      "frequency": 3
    },
    {
      "db": -37,
      "frequency": 2
    },
    {
      "db": -36,
      "frequency": 6
    },
    {
      "db": -35,
      "frequency": 6
    },
    {
      "db": -34,
      "frequency": 10
    },
    {
      "db": -33,
      "frequency": 34
    },
    {
      "db": -32,
      "frequency": 53
    },
    {
      "db": -31,
      "frequency": 49
    },
    {
      "db": -30,
      "frequency": 55
    },
    {
      "db": -29,
      "frequency": 83
    },
    {
      "db": -28,
      "frequency": 100
    },
    {
      "db": -27,
      "frequency": 93
    },
    {
      "db": -26,
      "frequency": 134
    },
    {
      "db": -25,
      "frequency": 194
    },
    {
      "db": -24,
      "frequency": 258
    },
    {
      "db": -23,
      "frequency": 384
    },
    {
      "db": -22,
      "frequency": 339
    },
    {
      "db": -21,
      "frequency": 195
    },
    {
      "db": -20,
      "frequency": 53
    },
    {
      "db": -19,
      "frequency": 17
    },
    {
      "db": -18,
      "frequency": 0
    },
    {
      "db": -17,
      "frequency": 0
    },
    {
      "db": -16,
      "frequency": 0
    },
    {
      "db": -15,
      "frequency": 0
    },
    {
      "db": -14,
      "frequency": 0
    },
    {
      "db": -13,
      "frequency": 0
    },
    {
      "db": -12,
      "frequency": 0
    },
    {
      "db": -11,
      "frequency": 0
    },
    {
      "db": -10,
      "frequency": 0
    },
    {
      "db": -9,
      "frequency": 0
    },
    {
      "db": -8,
      "frequency": 0
    },
    {
      "db": -7,
      "frequency": 0
    },
    {
      "db": -6,
      "frequency": 0
    },
    {
      "db": -5,
      "frequency": 0
    },
    {
      "db": -4,
      "frequency": 0
    },
    {
      "db": -3,
      "frequency": 0
    },
    {
      "db": -2,
      "frequency": 0
    },
    {
      "db": -1,
      "frequency": 0
    },
    {
      "db": 0,
      "frequency": 0
    },
    {
      "db": 1,
      "frequency": 0
    },
    {
      "db": 2,
      "frequency": 0
    },
    {
      "db": 3,
      "frequency": 0
    },
    {
      "db": 4,
      "frequency": 0
    },
    {
      "db": 5,
      "frequency": 0
