{
  "acoustic_entropy": 180.66830444335938,
  "bands": [
    {
      "high_freq": 148.1999969482422,
      "loudness": -33.07699966430664,
      "loudness_range": 13.966682434082031,
      "mid_mean": -29.45680809020996,
      "mid_to_side_loudness": -23.125497817993164,
      "mid_to_side_loudness_range": 27.22266387939453,
      "side_mean": -52.053680419921875
    },
    {
      "high_freq": 392.3793640136719,
      "loudness": -32.8126220703125,
      "loudness_range": 12.245477676391602,
      "low_freq": 148.1999969482422,
      "mid_mean": -29.41853141784668,
      "mid_to_side_loudness": -12.238570213317871,
      "mid_to_side_loudness_range": 10.515416145324707,
      "side_mean": -41.975563049316406
    },
    {
      "high_freq": 794.6976318359375,
      "loudness": -36.10536193847656,
      "loudness_range": 14.13182258605957,
      "low_freq": 392.3793640136719,
      "mid_mean": -33.067386627197266,
      "mid_to_side_loudness": -9.20308780670166,
      "mid_to_side_loudness_range": 13.306668281555176,
      "side_mean": -42.53779220581055
    },
    {
      "high_freq": 1457.5709228515625,
      "loudness": -40.883487701416016,
      "loudness_range": 20.839689254760742,
      "low_freq": 794.6976318359375,
      "mid_mean": -37.86993408203125,
      "mid_to_side_loudness": -9.238506317138672,
      "mid_to_side_loudness_range": 13.031756401062012,
      "side_mean": -47.27288818359375
    },
    {
      "high_freq": 2549.74365234375,
      "loudness": -42.80925369262695,
      "loudness_range": 18.527000427246094,
      "low_freq": 1457.5709228515625,
      "mid_mean": -39.878780364990234,
      "mid_to_side_loudness": -8.594321250915527,
      "mid_to_side_loudness_range": 13.436138153076172,
      "side_mean": -48.63592529296875
    },
    {
      "high_freq": 4349.24462890625,
      "loudness": -42.1757698059082,
      "loudness_range": 16.392520904541016,
      "low_freq": 2549.74365234375,
      "mid_mean": -39.13136291503906,
      "mid_to_side_loudness": -9.73479175567627,
      "mid_to_side_loudness_range": 14.363001823425293,
      "side_mean": -48.94718933105469
    },
    {
      "high_freq": 7314.1640625,
      "loudness": -46.70917510986328,
      "loudness_range": 17.43619155883789,
      "low_freq": 4349.24462890625,
      "mid_mean": -43.88973617553711,
      "mid_to_side_loudness": -8.523351669311523,
      "mid_to_side_loudness_range": 15.377501487731934,
      "side_mean": -52.654380798339844
    },
    {
      "high_freq": 12199.2666015625,
      "loudness": -51.820953369140625,
      "loudness_range": 18.57107162475586,
      "low_freq": 7314.1640625,
      "mid_mean": -50.646827697753906,
      "mid_to_side_loudness": -6.642385005950928,
      "mid_to_side_loudness_range": 17.63434410095215,
      "side_mean": -56.28557205200195
    },
    {
      "loudness": -59.55242156982422,
      "loudness_range": 20.13424301147461,
      "low_freq": 12199.2666015625,
      "mid_mean": -57.87730407714844,
      "mid_to_side_loudness": -5.238962173461914,
      "mid_to_side_loudness_range": 14.724557876586914,
      "side_mean": -61.410728454589844
    }
  ],
  "bands_short": [
    {
      "high_freq": 148.1999969482422,
      "loudness": -35.15607833862305,
      "loudness_range": 15.942647933959961,
      "mid_mean": -31.555124282836914,
      "mid_to_side_loudness": -23.81123161315918,
      "mid_to_side_loudness_range": 30.171630859375,
      "side_mean": -54.98081588745117
    },
    {
      "high_freq": 392.3793640136719,
      "loudness": -32.747161865234375,
      "loudness_range": 14.812335968017578,
      "low_freq": 148.1999969482422,
      "mid_mean": -29.385038375854492,
      "mid_to_side_loudness": -12.825979232788086,
      "mid_to_side_loudness_range": 14.28014087677002,
      "side_mean": -42.52035140991211
    },
    {
      "high_freq": 794.6976318359375,
      "loudness": -37.073970794677734,
      "loudness_range": 17.104419708251953,
      "low_freq": 392.3793640136719,
      "mid_mean": -34.14836883544922,
      "mid_to_side_loudness": -9.161612510681152,
      "mid_to_side_loudness_range": 15.662846565246582,
      "side_mean": -43.56685256958008
    },
    {
      "high_freq": 1457.5709228515625,
      "loudness": -41.14094924926758,
      "loudness_range": 22.381160736083984,
      "low_freq": 794.6976318359375,
      "mid_mean": -38.24977493286133,
      "mid_to_side_loudness": -8.936725616455078,
      "mid_to_side_loudness_range": 15.236833572387695,
      "side_mean": -47.41387176513672
    },
    {
      "high_freq": 2549.74365234375,
      "loudness": -44.09785842895508,
      "loudness_range": 21.04016876220703,
      "low_freq": 1457.5709228515625,
      "mid_mean": -41.3421745300293,
      "mid_to_side_loudness": -8.029556274414062,
      "mid_to_side_loudness_range": 15.200905799865723,
      "side_mean": -50.03934097290039
    },
    {
      "high_freq": 4349.24462890625,
      "loudness": -43.06699752807617,
      "loudness_range": 19.296546936035156,
      "low_freq": 2549.74365234375,
      "mid_mean": -40.095401763916016,
      "mid_to_side_loudness": -9.604279518127441,
      "mid_to_side_loudness_range": 15.606911659240723,
      "side_mean": -50.31540298461914
    },
    {
      "high_freq": 7314.1640625,
      "loudness": -47.864749908447266,
      "loudness_range": 20.72924041748047,
      "low_freq": 4349.24462890625,
      "mid_mean": -45.10740280151367,
      "mid_to_side_loudness": -8.626386642456055,
      "mid_to_side_loudness_range": 17.11372184753418,
      "side_mean": -53.88834762573242
    },
    {
      "high_freq": 12199.2666015625,
      "loudness": -53.97932434082031,
      "loudness_range": 23.71694564819336,
      "low_freq": 7314.1640625,
      "mid_mean": -52.73637008666992,
      "mid_to_side_loudness": -7.326650619506836,
      "mid_to_side_loudness_range": 20.85558319091797,
      "side_mean": -58.498775482177734
    },
    {
      "loudness": -62.625553131103516,
      "loudness_range": 25.758590698242188,
      "low_freq": 12199.2666015625,
      "mid_mean": -60.29621505737305,
      "mid_to_side_loudness": -7.215615749359131,
      "mid_to_side_loudness_range": 21.152957916259766,
      "side_mean": -63.89134979248047
    }
  ],
  "bandwidth": 399.95098876953125,
  "channels": 2,
  "covariance": [
    [
      26.765655517578125,
      39.55952072143555,
      17.375701904296875,
      18.795217514038086,
      11.277984619140625,
      20.219253540039062,
      15.328794479370117,
      23.751991271972656,
      12.483931541442871,
      21.8530330657959,
      14.11541748046875,
      25.724063873291016,
      13.486889839172363,
      29.043893814086914,
      17.4476261138916,
      28.98904800415039,
      14.5120267868042,
      20.28458595275879
    ],
    [
      39.55952072143555,
      106.1316909790039,
      33.900306701660156,
      40.7308464050293,
      22.120162963867188,
      43.55531311035156,
      31.250858306884766,
      50.18966293334961,
      22.88576316833496,
      43.02044677734375,
      29.230274200439453,
      53.65122604370117,
      29.30790901184082,
      60.64834976196289,
      35.460670471191406,
      58.1555290222168,
      30.990739822387695,
      41.832359313964844
    ],
    [
      17.375701904296875,
      33.900306701660156,
      22.623689651489258,
      19.728755950927734,
      15.17529582977295,
      20.341176986694336,
      17.138370513916016,
      24.14373779296875,
      16.70167350769043,
      22.756031036376953,
      18.578594207763672,
      26.806991577148438,
      15.4988431930542,
      27.44504737854004,
      19.91768455505371,
      28.15606689453125,
      16.156482696533203,
      20.658329010009766
    ],
    [
      18.795217514038086,
      40.7308464050293,
      19.728755950927734,
      30.561662673950195,
      13.913775444030762,
      26.03713035583496,
      16.53841209411621,
      26.44827651977539,
      14.84506607055664,
      23.979951858520508,
      17.170564651489258,
      29.321163177490234,
      14.652885437011719,
      31.87786102294922,
      20.869150161743164,
      31.12371253967285,
      17.96123504638672,
      23.292461395263672
    ],
    [
      11.277984619140625,
      22.120162963867188,
      15.17529582977295,
      13.913775444030762,
      28.95793342590332,
      24.64981460571289,
      28.585628509521484,
      24.967443466186523,
      20.991289138793945,
      19.85964584350586,
      20.561805725097656,
      20.115188598632812,
      15.335142135620117,
      19.38262367248535,
      17.236207962036133,
      20.41800880432129,
      13.829194068908691,
      15.76271915435791
    ],
    [
      20.219253540039062,
      43.55531311035156,
      20.341176986694336,
      26.03713035583496,
      24.64981460571289,
      39.57460021972656,
      25.231584548950195,
      34.73543930053711,
      19.70345687866211,
      30.180885314941406,
      21.830488204956055,
      35.292755126953125,
      19.047588348388672,
      37.3885612487793,
      21.204864501953125,
      35.48252868652344,
      18.685367584228516,
      26.727954864501953
    ],
    [
      15.328794479370117,
      31.250858306884766,
      17.138370513916016,
      16.53841209411621,
      28.585628509521484,
      25.231584548950195,
      48.782630920410156,
      37.80614471435547,
      23.203685760498047,
      23.84281349182129,
      23.18255615234375,
      23.446866989135742,
      17.799497604370117,
      22.451231002807617,
      18.91864776611328,
      24.245450973510742,
      16.884746551513672,
      19.44615364074707
    ],
    [
      23.751991271972656,
      50.18966293334961,
      24.14373779296875,
      26.44827651977539,
      24.967443466186523,
      34.73543930053711,
      37.80614471435547,
      46.80084228515625,
      23.878398895263672,
      34.870849609375,
      26.057153701782227,
      39.727630615234375,
      22.75434112548828,
      40.19124221801758,
      25.271089553833008,
      40.02741622924805,
      23.32274055480957,
      31.010313034057617
    ],
    [
      12.483931541442871,
      22.88576316833496,
      16.70167350769043,
      14.84506607055664,
      20.991289138793945,
      19.70345687866211,
      23.203685760498047,
      23.878398895263672,
      40.49790954589844,
      28.069955825805664,
      30.49522590637207,
      25.471094131469727,
      22.57724380493164,
      23.611040115356445,
      26.36421775817871,
      26.293203353881836,
      19.896751403808594,
      21.02872657775879
    ],
    [
      21.8530330657959,
      43.02044677734375,
      22.756031036376953,
      23.979951858520508,
      19.85964584350586,
      30.180885314941406,
      23.84281349182129,
      34.870849609375,
      28.069955825805664,
      37.87889862060547,
      26.447330474853516,
      41.04046630859375,
      24.1474552154541,
      42.18620681762695,
      28.16644287109375,
      42.089778900146484,
      24.435691833496094,
      32.33298110961914
    ],
    [
      14.11541748046875,
      29.230274200439453,
      18.578594207763672,
      17.170564651489258,
      20.561805725097656,
      21.830488204956055,
      23.18255615234375,
      26.057153701782227,
      30.49522590637207,
      26.447330474853516,
      33.26934051513672,
      30.834672927856445,
      24.78174591064453,
      29.430683135986328,
      28.24040985107422,
      29.568384170532227,
      20.516189575195312,
      21.966800689697266
    ],
    [
      25.724063873291016,
      53.65122604370117,
      26.806991577148438,
      29.321163177490234,
      20.115188598632812,
      35.292755126953125,
      23.446866989135742,
      39.727630615234375,
      25.471094131469727,
      41.04046630859375,
      30.834672927856445,
      52.53817367553711,
      28.13947868347168,
      53.3945198059082,
      31.49503517150879,
      51.20902633666992,
      27.067720413208008,
      38.21929931640625
    ],
    [
      13.486889839172363,
      29.30790901184082,
      15.4988431930542,
      14.652885437011719,
      15.335142135620117,
      19.047588348388672,
      17.799497604370117,
      22.75434112548828,
      22.57724380493164,
      24.1474552154541,
      24.78174591064453,
      28.13947868347168,
      34.98344802856445,
      35.213111877441406,
      37.31287384033203,
      34.134117126464844,
      30.299497604370117,
      24.96847152709961
    ],
    [
      29.043893814086914,
      60.64834976196289,
      27.44504737854004,
      31.87786102294922,
      19.38262367248535,
      37.3885612487793,
      22.451231002807617,
      40.19124221801758,
      23.611040115356445,
      42.18620681762695,
      29.430683135986328,
      53.3945198059082,
      35.213111877441406,
      70.64439392089844,
      46.7192497253418,
      66.34586334228516,
      39.10032272338867,
      48.39399337768555
    ],
    [
      17.4476261138916,
      35.460670471191406,
      19.91768455505371,
      20.869150161743164,
      17.236207962036133,
      21.204864501953125,
      18.91864776611328,
      25.271089553833008,
      26.36421775817871,
      28.16644287109375,
      28.24040985107422,
      31.49503517150879,
      37.31287384033203,
      46.7192497253418,
      60.50809097290039,
      47.812618255615234,
      48.0482177734375,
      35.89897918701172
    ],
    [
      28.98904800415039,
      58.1555290222168,
      28.15606689453125,
      31.12371253967285,
      20.41800880432129,
      35.48252868652344,
      24.245450973510742,
      40.02741622924805,
      26.293203353881836,
      42.089778900146484,
      29.568384170532227,
      51.20902633666992,
      34.134117126464844,
      66.34586334228516,
      47.812618255615234,
      69.4171371459961,
      42.61214065551758,
      53.209903717041016
    ],
    [
      14.5120267868042,
      30.990739822387695,
      16.156482696533203,
      17.96123504638672,
      13.829194068908691,
      18.685367584228516,
      16.884746551513672,
      23.32274055480957,
      19.896751403808594,
      24.435691833496094,
      20.516189575195312,
      27.067720413208008,
      30.299497604370117,
      39.10032272338867,
      48.0482177734375,
      42.61214065551758,
      44.784461975097656,
      35.47212219238281
    ],
    [
      20.28458595275879,
      41.832359313964844,
      20.658329010009766,
      23.292461395263672,
      15.76271915435791,
      26.727954864501953,
      19.44615364074707,
      31.010313034057617,
      21.02872657775879,
      32.33298110961914,
      21.966800689697266,
      38.21929931640625,
      24.96847152709961,
      48.39399337768555,
      35.89897918701172,
      53.209903717041016,
      35.47212219238281,
      45.04232406616211
    ]
  ],
  "covariance_short": [
    [
      29.348960876464844,
      27.58831787109375,
      17.12478256225586,
      14.474902153015137,
      9.037016868591309,
      14.660714149475098,
      11.868599891662598,
      18.57008934020996,
      10.886513710021973,
      19.941993713378906,
      11.494129180908203,
      22.87005043029785,
      11.646392822265625,
      23.09684944152832,
      14.283056259155273,
      21.16924285888672,
      10.509271621704102,
      13.50143814086914
    ],
    [
      27.58831787109375,
      91.76563262939453,
      34.04439926147461,
      40.17639923095703,
      24.075477600097656,
      41.1405029296875,
      30.553434371948242,
      46.32197570800781,
      24.942276000976562,
      43.68491744995117,
      30.38880157470703,
      52.5695686340332,
      32.035823822021484,
      55.90525817871094,
      35.57899856567383,
      51.192440032958984,
      26.69610023498535,
      32.735164642333984
    ],
    [
      17.12478256225586,
      34.04439926147461,
      29.987098693847656,
      22.754695892333984,
      18.64263916015625,
      22.808006286621094,
      19.94742774963379,
      27.12984275817871,
      19.416921615600586,
      25.03407096862793,
      21.121618270874023,
      29.596012115478516,
      18.292957305908203,
      30.021608352661133,
      22.75432777404785,
      29.22212791442871,
      16.887704849243164,
      20.01055908203125
    ],
    [
      14.474902153015137,
      40.17639923095703,
      22.754695892333984,
      41.41837692260742,
      17.49765396118164,
      30.090822219848633,
      19.93753433227539,
      30.263427734375,
      16.908248901367188,
      27.944355010986328,
      19.370529174804688,
      33.54557418823242,
      17.615467071533203,
      33.73715591430664,
      23.61154556274414,
      31.448013305664062,
      19.01656723022461,
      22.342411041259766
    ],
    [
      9.037016868591309,
      24.075477600097656,
      18.64263916015625,
      17.49765396118164,
      40.997196197509766,
      30.40001678466797,
      34.96735763549805,
      29.480770111083984,
      27.65611457824707,
      23.054697036743164,
      26.692005157470703,
      24.02480125427246,
      21.18114471435547,
      22.766935348510742,
      23.265377044677734,
      22.451908111572266,
      17.07785415649414,
      16.80423355102539
    ],
    [
      14.660714149475098,
      41.1405029296875,
      22.808006286621094,
      30.090822219848633,
      30.40001678466797,
      48.50253677368164,
      29.39061164855957,
      38.80651092529297,
      23.6593074798584,
      33.51922607421875,
      25.203142166137695,
      39.10717010498047,
      24.37392807006836,
      40.410682678222656,
      25.818387985229492,
      36.1293830871582,
      20.754758834838867,
      25.446212768554688
    ],
    [
      11.868599891662598,
      30.553434371948242,
      19.94742774963379,
      19.93753433227539,
      34.96735763549805,
      29.39061164855957,
      59.42108917236328,
      42.6120719909668,
      29.475194931030273,
      26.342607498168945,
      29.186004638671875,
      25.99686050415039,
      23.578920364379883,
      24.68552017211914,
      22.337045669555664,
      24.750022888183594,
      18.998733520507812,
      19.008371353149414
    ],
    [
      18.57008934020996,
      46.32197570800781,
      27.12984275817871,
      30.263427734375,
      29.480770111083984,
      38.80651092529297,
      42.6120719909668,
      54.601036071777344,
      27.171098709106445,
      37.37466049194336,
      29.03913116455078,
      42.21116638183594,
      27.585573196411133,
      43.12508773803711,
      28.67193603515625,
      39.898460388183594,
      24.323469161987305,
      28.661705017089844
    ],
    [
      10.886513710021973,
      24.942276000976562,
      19.416921615600586,
      16.908248901367188,
      27.65611457824707,
      23.6593074798584,
      29.475194931030273,
      27.171098709106445,
      54.22285461425781,
      33.277339935302734,
      39.966007232666016,
      30.67548370361328,
      30.552669525146484,
      27.792407989501953,
      34.14772033691406,
      28.57916831970215,
      23.928394317626953,
      21.472309112548828
    ],
    [
      19.941993713378906,
      43.68491744995117,
      25.03407096862793,
      27.944355010986328,
      23.054697036743164,
      33.51922607421875,
      26.342607498168945,
      37.37466049194336,
      33.277339935302734,
      51.87849807739258,
      30.449478149414062,
      53.655521392822266,
      29.56976318359375,
      52.734161376953125,
      41.55048370361328,
      47.894710540771484,
      30.65970802307129,
      32.74940490722656
    ],
    [
      11.494129180908203,
      30.38880157470703,
      21.121618270874023,
      19.370529174804688,
      26.692005157470703,
      25.203142166137695,
      29.186004638671875,
      29.03913116455078,
      39.966007232666016,
      30.449478149414062,
      45.30882263183594,
      36.24555206298828,
      34.22526931762695,
      34.55965042114258,
      37.5772705078125,
      32.83232498168945,
      24.69194221496582,
      22.146665573120117
    ],
    [
      22.87005043029785,
      52.5695686340332,
      29.596012115478516,
      33.54557418823242,
      24.02480125427246,
      39.10717010498047,
      25.99686050415039,
      42.21116638183594,
      30.67548370361328,
      53.655521392822266,
      36.24555206298828,
      66.82987976074219,
      35.04912185668945,
      66.11715698242188,
      46.68953323364258,
      59.193477630615234,
      33.50070571899414,
      39.150367736816406
    ],
    [
      11.646392822265625,
      32.035823822021484,
      18.292957305908203,
      17.615467071533203,
      21.18114471435547,
      24.37392807006836,
      23.578920364379883,
      27.585573196411133,
      30.552669525146484,
      29.56976318359375,
      34.22526931762695,
      35.04912185668945,
      47.110958099365234,
      43.167686462402344,
      48.00984573364258,
      40.636478424072266,
      36.257720947265625,
      27.607498168945312
    ],
    [
      23.09684944152832,
      55.90525817871094,
      30.021608352661133,
      33.73715591430664,
      22.766935348510742,
      40.410682678222656,
      24.68552017211914,
      43.12508773803711,
      27.792407989501953,
      52.734161376953125,
      34.55965042114258,
      66.11715698242188,
      43.167686462402344,
      79.17909240722656,
      53.023590087890625,
      71.9434585571289,
      40.447628021240234,
      47.94576644897461
    ],
    [
      14.283056259155273,
      35.57899856567383,
      22.75432777404785,
      23.61154556274414,
      23.265377044677734,
      25.818387985229492,
      22.337045669555664,
      28.67193603515625,
      34.14772033691406,
      41.55048370361328,
      37.5772705078125,
      46.68953323364258,
      48.00984573364258,
      53.023590087890625,
      74.06891632080078,
      55.33264923095703,
      55.585086822509766,
      39.69797897338867
    ],
    [
      21.16924285888672,
      51.192440032958984,
      29.22212791442871,
      31.448013305664062,
      22.451908111572266,
      36.1293830871582,
      24.750022888183594,
      39.898460388183594,
      28.57916831970215,
      47.894710540771484,
      32.83232498168945,
      59.193477630615234,
      40.636478424072266,
      71.9434585571289,
      55.33264923095703,
      76.7813949584961,
      46.28416442871094,
      55.685550689697266
    ],
    [
      10.509271621704102,
      26.69610023498535,
      16.887704849243164,
      19.01656723022461,
      17.07785415649414,
      20.754758834838867,
      18.998733520507812,
      24.323469161987305,
      23.928394317626953,
      30.65970802307129,
      24.69194221496582,
      33.50070571899414,
      36.257720947265625,
      40.447628021240234,
      55.585086822509766,
      46.28416442871094,
      51.837074279785156,
      38.946250915527344
    ],
    [
      13.50143814086914,
      32.735164642333984,
      20.01055908203125,
      22.342411041259766,
      16.80423355102539,
      25.446212768554688,
      19.008371353149414,
      28.661705017089844,
      21.472309112548828,
      32.74940490722656,
      22.146665573120117,
      39.150367736816406,
      27.607498168945312,
      47.94576644897461,
      39.69797897338867,
      55.685550689697266,
      38.946250915527344,
      47.799888610839844
    ]
  ],
  "damage": -17.77904510498047,
  "diff_bandwidth": 432.4206237792969,
  "dissonance": 7.664900485194649,
  "drr": 12.60473918914795,
  "dynamics": 3.681147575378418,
  "format": 1245190,
  "frames": 9373611,
  "freq_pan_to_db": [
    [
      -26.051273345947266,
      -27.452468872070312,
      -26.172075271606445,
      -23.00724220275879,
      -22.525676727294922,
      -24.071500778198242,
      -23.864748001098633,
      -24.671796798706055,
      -25.97229766845703,
      -27.353036880493164,
      -28.03776741027832
    ],
    [
      -27.845590591430664,
      -27.536283493041992,
      -25.342195510864258,
      -23.446687698364258,
      -20.62649917602539,
      -21.776817321777344,
      -19.951129913330078,
      -22.215164184570312,
      -24.374563217163086,
      -26.63155174255371,
      -28.01369285583496
    ],
    [
      -26.55532455444336,
      -25.629764556884766,
      -24.512842178344727,
      -23.876632690429688,
      -21.926406860351562,
      -22.886127471923828,
      -22.8698673248291,
      -23.674423217773438,
      -24.927194595336914,
      -26.515701293945312,
      -27.765731811523438
    ],
    [
      -28.287824630737305,
      -26.9698543548584,
      -24.762617111206055,
      -23.147476196289062,
      -23.020566940307617,
      -23.687000274658203,
      -23.719507217407227,
      -25.06170082092285,
      -26.67454719543457,
      -28.010854721069336,
      -29.77316665649414
    ],
    [
      -26.937288284301758,
      -26.125295639038086,
      -24.1704044342041,
      -23.93239974975586,
      -23.50042724609375,
      -24.823577880859375,
      -24.45339584350586,
      -25.216073989868164,
      -25.528982162475586,
      -26.57686996459961,
      -27.503538131713867
    ],
    [
      -34.5166130065918,
      -30.953754425048828,
      -28.849828720092773,
      -27.105337142944336,
      -25.818944931030273,
      -26.20661735534668,
      -26.913881301879883,
      -27.78536605834961,
      -28.982025146484375,
      -31.253889083862305,
      -33.51610565185547
    ],
    [
      -29.665739059448242,
      -29.39475440979004,
      -28.003368377685547,
      -27.115371704101562,
      -26.088199615478516,
      -25.995559692382812,
      -26.248741149902344,
      -26.58112335205078,
      -27.540607452392578,
      -28.315649032592773,
      -29.412067413330078
    ],
    [
      -33.37333679199219,
      -33.54735565185547,
      -31.606557846069336,
      -30.192733764648438,
      -28.30327606201172,
      -27.660768508911133,
      -29.420656204223633,
      -30.64573860168457,
      -31.313547134399414,
      -32.20389938354492,
      -33.43238830566406
    ],
    [
      -28.96543312072754,
      -29.2611083984375,
      -29.419158935546875,
      -28.871774673461914,
      -28.614452362060547,
      -29.053022384643555,
      -29.400758743286133,
      -29.437808990478516,
      -29.421058654785156,
      -29.505855560302734,
      -28.88910484313965
    ],
    [
      -31.912057876586914,
      -32.83213806152344,
      -32.23112487792969,
      -31.99868392944336,
      -31.038129806518555,
      -30.733875274658203,
      -31.590539932250977,
      -32.17379379272461,
      -32.62476348876953,
      -33.17668914794922,
      -33.352386474609375
    ],
    [
      -34.279144287109375,
      -34.53218078613281,
      -34.822265625,
      -32.24462890625,
      -29.290544509887695,
      -27.131977081298828,
      -30.333316802978516,
      -32.07242202758789,
      -33.7267951965332,
      -35.361148834228516,
      -36.57354736328125
    ],
    [
      -33.41302490234375,
      -34.99580383300781,
      -33.582096099853516,
      -31.58005714416504,
      -29.51274871826172,
      -28.03114891052246,
      -30.15919303894043,
      -32.01542282104492,
      -33.536163330078125,
      -34.08033752441406,
      -34.5051383972168
    ],
    [
      -35.935543060302734,
      -36.63779830932617,
      -34.86104965209961,
      -33.997100830078125,
      -32.70149230957031,
      -31.436843872070312,
      -33.200157165527344,
      -34.74555969238281,
      -34.385353088378906,
      -35.38418197631836,
      -36.513336181640625
    ],
    [
      -35.823760986328125,
      -35.43744659423828,
      -35.577728271484375,
      -33.85701370239258,
      -32.84714889526367,
      -30.53180503845215,
      -33.953609466552734,
      -35.11682891845703,
      -35.00100326538086,
      -36.20577621459961,
      -37.51182556152344
    ],
    [
      -34.25933837890625,
      -35.423763275146484,
      -36.48102951049805,
      -36.34160614013672,
      -35.217323303222656,
      -32.042388916015625,
      -35.86294174194336,
      -36.24007034301758,
      -37.15153121948242,
      -36.81880187988281,
      -35.65414810180664
    ],
    [
      -34.54385757446289,
      -36.792964935302734,
      -37.49850845336914,
      -37.962833404541016,
      -35.526241302490234,
      -32.33427810668945,
      -35.900733947753906,
      -37.41575241088867,
      -36.66985321044922,
      -35.31785583496094,
      -31.94625473022461
    ],
    [
      -34.95942306518555,
      -35.02246856689453,
      -38.56656265258789,
      -38.665035247802734,
      -36.83842468261719,
      -31.904693603515625,
      -37.68879318237305,
      -39.50644302368164,
      -37.15640640258789,
      -32.67060089111328,
      -33.710121154785156
    ],
    [
      -38.9499626159668,
      -38.80038833618164,
      -39.763999938964844,
      -39.564327239990234,
      -38.99348831176758,
      -34.609397888183594,
      -39.22935104370117,
      -40.122802734375,
      -39.155391693115234,
      -36.765167236328125,
      -36.8648796081543
    ],
    [
      -41.17046356201172,
      -41.01456069946289,
      -40.045188903808594,
      -41.5894775390625,
      -40.072628021240234,
      -36.854087829589844,
      -41.362220764160156,
      -42.46638488769531,
      -41.20464324951172,
      -42.428436279296875,
      -41.26593017578125
    ],
    [
      -44.86901092529297,
      -43.16926574707031,
      -42.2150993347168,
      -43.7366828918457,
      -41.77303695678711,
      -38.449642181396484,
      -42.37211990356445,
      -42.983585357666016,
      -40.90010070800781,
      -43.35515213012695,
      -44.02745819091797
    ],
    [
      -43.29865264892578,
      -43.125526428222656,
      -43.139442443847656,
      -42.910606384277344,
      -43.21437072753906,
      -40.38526153564453,
      -43.01432418823242,
      -42.57871627807617,
      -43.013694763183594,
      -43.56496810913086,
      -43.58637237548828
    ],
    [
      -43.212371826171875,
      -44.69792556762695,
      -43.92611312866211,
      -43.11427307128906,
      -44.013607025146484,
      -39.47966384887695,
      -43.581687927246094,
      -43.0141716003418,
      -44.528987884521484,
      -45.31782531738281,
      -44.589847564697266
    ],
    [
      -43.01962661743164,
      -42.958248138427734,
      -44.220767974853516,
      -44.6300163269043,
      -41.95315170288086,
      -37.60368347167969,
      -42.20792770385742,
      -43.545928955078125,
      -43.78670883178711,
      -44.46218490600586,
      -46.606746673583984
    ],
    [
      -45.93632888793945,
      -43.957855224609375,
      -45.91716766357422,
      -44.84257888793945,
      -43.72062683105469,
      -38.28424835205078,
      -43.680633544921875,
      -44.795997619628906,
      -43.969696044921875,
      -45.1092414855957,
      -48.237815856933594
    ],
    [
      -48.17656326293945,
      -44.048805236816406,
      -43.93429183959961,
      -43.666324615478516,
      -43.61883544921875,
      -41.55935287475586,
      -43.03352355957031,
      -43.31253433227539,
      -44.17085647583008,
      -44.68433380126953,
      -42.16097640991211
    ],
    [
      -44.20998001098633,
      -43.28956604003906,
      -43.30113983154297,
      -43.392391204833984,
      -43.306888580322266,
      -42.94953155517578,
      -43.39267349243164,
      -43.283729553222656,
      -43.45953369140625,
      -44.09036636352539,
      -43.76948547363281
    ],
    [
      -40.03973388671875,
      -42.138282775878906,
      -42.25886154174805,
      -42.88743209838867,
      -42.88978958129883,
      -43.414215087890625,
      -42.52090835571289,
      -42.172794342041016,
      -42.04105758666992,
      -41.51649856567383,
      -39.417877197265625
    ],
    [
      -40.286319732666016,
      -41.678123474121094,
      -43.40882873535156,
      -43.42005157470703,
      -43.787452697753906,
      -45.150997161865234,
      -44.344024658203125,
      -44.044830322265625,
      -45.156768798828125,
      -46.109710693359375,
      -44.51856231689453
    ],
    [
      -44.747928619384766,
      -42.853729248046875,
      -43.7216682434082,
      -44.997501373291016,
      -44.55466842651367,
      -46.793582916259766,
      -45.0791130065918,
      -44.67952346801758,
      -46.497406005859375,
      -47.821807861328125,
      -57.0717887878418
    ],
    [
      -42.95248794555664,
      -43.79007339477539,
      -44.70048904418945,
      -45.12844467163086,
      -45.275814056396484,
      -45.97827911376953,
      -46.8520622253418,
      -46.12120819091797,
      -46.67308044433594,
      -50.31403350830078,
      -50.39059066772461
    ],
    [
      -370,
      -45.373722076416016,
      -46.1152229309082,
      -46.657981872558594,
      -46.83869171142578,
      -45.59130096435547,
      -47.59511184692383,
      -47.40985107421875,
      -47.9993896484375,
      -50.96813201904297,
      -74.18202209472656
    ],
    [
      -69.744873046875,
      -44.93490219116211,
      -48.29792404174805,
      -47.99626541137695,
      -48.58456802368164,
      -48.4174690246582,
      -49.12733840942383,
      -48.96802520751953,
      -49.423683166503906,
      -49.296382904052734,
      -370
    ],
    [
      -54.49930191040039,
      -43.31291580200195,
      -49.90248107910156,
      -48.85404586791992,
      -49.554683685302734,
      -49.41436004638672,
      -50.246456146240234,
      -50.10496139526367,
      -51.06487274169922,
      -49.22060775756836,
      -63.35871505737305
    ],
    [
      -370,
      -53.76545715332031,
      -51.32373046875,
      -49.81635284423828,
      -49.68434143066406,
      -50.524810791015625,
      -50.57291793823242,
      -51.56161117553711,
      -53.83232116699219,
      -51.72997283935547,
      -44.67375564575195
    ],
    [
      -370,
      -50.6827392578125,
      -50.1979866027832,
      -50.1829833984375,
      -50.55925750732422,
      -51.74148178100586,
      -51.21750259399414,
      -51.032535552978516,
      -53.072792053222656,
      -49.96942138671875,
      -370
    ],
    [
      -370,
      -52.55165481567383,
      -48.66571044921875,
      -51.44881057739258,
      -52.13285446166992,
      -51.8399772644043,
      -51.71188735961914,
      -52.12666320800781,
      -53.998661041259766,
      -53.878440856933594,
      -57.68354797363281
    ],
    [
      -51.63897705078125,
      -52.13576126098633,
      -52.09580993652344,
      -52.00171661376953,
      -52.56007385253906,
      -51.77465057373047,
      -53.04338073730469,
      -53.46480178833008,
      -55.641990661621094,
      -55.04123306274414,
      -70.95304107666016
    ],
    [
      -51.458251953125,
      -53.555450439453125,
      -52.865901947021484,
      -53.779109954833984,
      -54.48316192626953,
      -54.186920166015625,
      -55.18023681640625,
      -54.12671661376953,
      -56.848140716552734,
      -53.88865280151367,
      -49.06236267089844
    ],
    [
      -53.34636306762695,
      -53.798744201660156,
      -53.11701965332031,
      -55.94912338256836,
      -56.265316009521484,
      -56.80084228515625,
      -56.19452667236328,
      -54.75867462158203,
      -58.369327545166016,
      -55.60318374633789,
      -65.65570831298828
    ],
    [
      -54.77489471435547,
      -56.58161544799805,
      -55.154850006103516,
      -56.81964111328125,
      -58.22997283935547,
      -59.46018600463867,
      -57.812950134277344,
      -57.608795166015625,
      -60.0120964050293,
      -55.09442138671875,
      -130.83071899414062
    ],
    [
      -57.865360260009766,
      -58.04105758666992,
      -59.32857894897461,
      -58.80253219604492,
      -59.379295349121094,
      -62.25202941894531,
      -60.39118194580078,
      -59.48065185546875,
      -64.01811981201172,
      -61.47222900390625,
      -56.3759765625
    ],
    [
      -57.201419830322266,
      -60.48357391357422,
      -58.74589920043945,
      -59.23365783691406,
      -60.83742141723633,
      -63.906768798828125,
      -60.835845947265625,
      -59.17334747314453,
      -60.597496032714844,
      -60.34317398071289,
      -62.28919982910156
    ]
  ],
  "histogram": [
    {
      "db": -70,
      "frequency": 0
    },
    {
      "db": -69,
      "frequency": 0
    },
    {
      "db": -68,
      "frequency": 1
    },
    {
      "db": -67,
      "frequency": 0
    },
    {
      "db": -66,
      "frequency": 1
    },
    {
      "db": -65,
      "frequency": 1
    },
    {
      "db": -64,
      "frequency": 0
    },
    {
      "db": -63,
      "frequency": 1
    },
    {
      "db": -62,
      "frequency": 1
    },
    {
      "db": -61,
      "frequency": 0
    },
    {
      "db": -60,
      "frequency": 1
    },
    {
      "db": -59,
      "frequency": 1
    },
    {
      "db": -58,
      "frequency": 1
    },
    {
      "db": -57,
      "frequency": 1
    },
    {
      "db": -56,
      "frequency": 1
    },
    {
      "db": -55,
      "frequency": 2
    },
    {
      "db": -54,
      "frequency": 1
    },
    {
      "db": -53,
      "frequency": 1
    },
    {
      "db": -52,
      "frequency": 1
    },
    {
      "db": -51,
      "frequency": 2
    },
    {
      "db": -50,
      "frequency": 1
    },
    {
      "db": -49,
      "frequency": 2
    },
    {
      "db": -48,
      "frequency": 1
    },
    {
      "db": -47,
      "frequency": 2
    },
    {
      "db": -46,
      "frequency": 3
    },
    {
      "db": -45,
      "frequency": 2
    },
    {
      "db": -44,
      "frequency": 2
    },
    {
      "db": -43,
      "frequency": 2
    },
    {
      "db": -42,
      "frequency": 1
    },
    {
      "db": -41,
      "frequency": 2
    },
    {
      "db": -40,
      "frequency": 2
    },
    {
      "db": -39,
      "frequency": 3
    },
    {
      "db": -38,
      "frequency": 3
    },
    {
      "db": -37,
      "frequency": 7
    },
    {
      "db": -36,
      "frequency": 12
    },
    {
      "db": -35,
      "frequency": 13
    },
    {
      "db": -34,
      "frequency": 29
    },
    {
      "db": -33,
      "frequency": 46
    },
    {
      "db": -32,
      "frequency": 41
    },
    {
      "db": -31,
      "frequency": 67
    },
    {
      "db": -30,
      "frequency": 80
    },
    {
      "db": -29,
      "frequency": 83
    },
    {
      "db": -28,
      "frequency": 83
    },
    {
      "db": -27,
      "frequency": 81
    },
    {
      "db": -26,
      "frequency": 64
    },
    {
      "db": -25,
      "frequency": 97
    },
    {
      "db": -24,
      "frequency": 212
    },
    {
      "db": -23,
      "frequency": 420
    },
    {
      "db": -22,
      "frequency": 439
    },
    {
      "db": -21,
      "frequency": 254
    },
    {
      "db": -20,
      "frequency": 34
    },
    {
      "db": -19,
      "frequency": 0
    },
    {
      "db": -18,
      "frequency": 0
    },
    {
      "db": -17,
      "frequency": 0
    },
    {
      "db": -16,
      "frequency": 0
    },
    {
      "db": -15,
      "frequency": 0
    },
    {
      "db": -14,
      "frequency": 0
    },
    {
      "db": -13,
      "frequency": 0
    },
    {
      "db": -12,
      "frequency": 0
    },
    {
      "db": -11,
      "frequency": 0
    },
    {
      "db": -10,
      "frequency": 0
    },
    {
      "db": -9,
      "frequency": 0
    },
    {
      "db": -8,
      "frequency": 0
    },
    {
      "db": -7,
      "frequency": 0
    },
    {
      "db": -6,
      "frequency": 0
    },
    {
      "db": -5,
      "frequency": 0
    },
    {
      "db": -4,
      "frequency": 0
    },
    {
      "db": -3,
      "frequency": 0
    },
    {
      "db": -2,
      "frequency": 0
    },
    {
      "db": -1,
      "frequency": 0
    },
    {
      "db": 0,
      "frequency": 0
    },
    {
      "db": 1,
      "frequency": 0
    },
    {
      "db": 2,
      "frequency": 0
    },
    {
      "db": 3,
      "frequency": 0
    },
    {
      "db": 4,
      "frequency": 0
    },
    {
      "db": 5,
      "frequency": 0
    },
    {
      "db": 6,
      "frequency": 0
    },
    {
