{
  "acoustic_entropy": 199.6492462158203,
  "bands": [
    {
      "high_freq": 148.1999969482422,
      "loudness": -21.174875259399414,
      "loudness_range": 9.932680130004883,
      "mid_mean": -17.86593246459961,
      "mid_to_side_loudness": -13.923728942871094,
      "mid_to_side_loudness_range": 11.305950164794922,
      "side_mean": -31.716978073120117
    },
    {
      "high_freq": 392.3793640136719,
      "loudness": -20.662830352783203,
      "loudness_range": 8.237741470336914,
      "low_freq": 148.1999969482422,
      "mid_mean": -17.668485641479492,
      "mid_to_side_loudness": -8.70860767364502,
      "mid_to_side_loudness_range": 7.210381507873535,
      "side_mean": -26.210834503173828
    },
    {
      "high_freq": 794.6976318359375,
      "loudness": -21.082656860351562,
      "loudness_range": 10.518905639648438,
      "low_freq": 392.3793640136719,
      "mid_mean": -18.126861572265625,
      "mid_to_side_loudness": -8.070199012756348,
      "mid_to_side_loudness_range": 7.1181488037109375,
      "side_mean": -26.245346069335938
    },
    {
      "high_freq": 1457.5709228515625,
      "loudness": -23.527942657470703,
      "loudness_range": 12.308441162109375,
      "low_freq": 794.6976318359375,
      "mid_mean": -20.5601806640625,
      "mid_to_side_loudness": -8.835925102233887,
      "mid_to_side_loudness_range": 8.277377128601074,
      "side_mean": -29.18975257873535
    },
    {
      "high_freq": 2549.74365234375,
      "loudness": -23.289173126220703,
      "loudness_range": 9.970254898071289,
      "low_freq": 1457.5709228515625,
      "mid_mean": -20.391830444335938,
      "mid_to_side_loudness": -8.538270950317383,
      "mid_to_side_loudness_range": 9.575081825256348,
      "side_mean": -28.65167808532715
    },
    {
      "high_freq": 4349.24462890625,
      "loudness": -25.225135803222656,
      "loudness_range": 10.563772201538086,
      "low_freq": 2549.74365234375,
      "mid_mean": -22.260147094726562,
      "mid_to_side_loudness": -8.485490798950195,
      "mid_to_side_loudness_range": 8.585942268371582,
      "side_mean": -30.695148468017578
    },
    {
      "high_freq": 7314.1640625,
      "loudness": -30.60630226135254,
      "loudness_range": 17.99736213684082,
      "low_freq": 4349.24462890625,
      "mid_mean": -27.731460571289062,
      "mid_to_side_loudness": -7.995917320251465,
      "mid_to_side_loudness_range": 8.844012260437012,
      "side_mean": -35.63127136230469
    },
    {
      "high_freq": 12199.2666015625,
      "loudness": -35.054012298583984,
      "loudness_range": 21.9996280670166,
      "low_freq": 7314.1640625,
      "mid_mean": -32.267173767089844,
      "mid_to_side_loudness": -8.588150024414062,
      "mid_to_side_loudness_range": 10.997579574584961,
      "side_mean": -41.20701599121094
    },
    {
      "loudness": -42.74285888671875,
      "loudness_range": 19.37969970703125,
      "low_freq": 12199.2666015625,
      "mid_mean": -40.083045959472656,
      "mid_to_side_loudness": -7.280510425567627,
      "mid_to_side_loudness_range": 9.168586730957031,
      "side_mean": -49.508811950683594
    }
  ],
  "bands_short": [
    {
      "high_freq": 148.1999969482422,
      "loudness": -25.86292839050293,
      "loudness_range": 20.667158126831055,
      "mid_mean": -22.677505493164062,
      "mid_to_side_loudness": -14.06160831451416,
      "mid_to_side_loudness_range": 19.909709930419922,
      "side_mean": -36.85136795043945
    },
    {
      "high_freq": 392.3793640136719,
      "loudness": -20.392690658569336,
      "loudness_range": 10.903809547424316,
      "low_freq": 148.1999969482422,
      "mid_mean": -17.384052276611328,
      "mid_to_side_loudness": -9.480979919433594,
      "mid_to_side_loudness_range": 11.619863510131836,
      "side_mean": -26.509136199951172
    },
    {
      "high_freq": 794.6976318359375,
      "loudness": -21.99262237548828,
      "loudness_range": 13.014143943786621,
      "low_freq": 392.3793640136719,
      "mid_mean": -19.139142990112305,
      "mid_to_side_loudness": -8.353358268737793,
      "mid_to_side_loudness_range": 11.377033233642578,
      "side_mean": -27.231412887573242
    },
    {
      "high_freq": 1457.5709228515625,
      "loudness": -23.715608596801758,
      "loudness_range": 14.79037094116211,
      "low_freq": 794.6976318359375,
      "mid_mean": -20.78424072265625,
      "mid_to_side_loudness": -9.437474250793457,
      "mid_to_side_loudness_range": 12.445623397827148,
      "side_mean": -29.866634368896484
    },
    {
      "high_freq": 2549.74365234375,
      "loudness": -23.993513107299805,
      "loudness_range": 13.450593948364258,
      "low_freq": 1457.5709228515625,
      "mid_mean": -21.098787307739258,
      "mid_to_side_loudness": -9.268769264221191,
      "mid_to_side_loudness_range": 12.386069297790527,
      "side_mean": -29.8802433013916
    },
    {
      "high_freq": 4349.24462890625,
      "loudness": -25.95570182800293,
      "loudness_range": 14.394756317138672,
      "low_freq": 2549.74365234375,
      "mid_mean": -23.00444221496582,
      "mid_to_side_loudness": -9.062406539916992,
      "mid_to_side_loudness_range": 11.454026222229004,
      "side_mean": -31.967683792114258
    },
    {
      "high_freq": 7314.1640625,
      "loudness": -32.315093994140625,
      "loudness_range": 22.838014602661133,
      "low_freq": 4349.24462890625,
      "mid_mean": -29.4927978515625,
      "mid_to_side_loudness": -8.405976295471191,
      "mid_to_side_loudness_range": 11.156011581420898,
      "side_mean": -37.79685592651367
    },
    {
      "high_freq": 12199.2666015625,
      "loudness": -37.11644744873047,
      "loudness_range": 27.587196350097656,
      "low_freq": 7314.1640625,
      "mid_mean": -34.61783218383789,
      "mid_to_side_loudness": -8.749099731445312,
      "mid_to_side_loudness_range": 12.508687973022461,
      "side_mean": -44.15519714355469
    },
    {
      "loudness": -45.72813415527344,
      "loudness_range": 27.498126983642578,
      "low_freq": 12199.2666015625,
      "mid_mean": -45.316627502441406,
      "mid_to_side_loudness": -7.855683326721191,
      "mid_to_side_loudness_range": 11.687064170837402,
      "side_mean": -53.79365921020508
    }
  ],
  "bandwidth": 642.0972900390625,
  "channels": 2,
  "covariance": [
    [
      23.81806755065918,
      14.249457359313965,
      12.493391990661621,
      13.011974334716797,
      9.916057586669922,
      13.370634078979492,
      9.683188438415527,
      11.371077537536621,
      8.342676162719727,
      11.14271068572998,
      8.496870040893555,
      12.017794609069824,
      12.192765235900879,
      13.941905975341797,
      10.38712215423584,
      12.781359672546387,
      12.38912582397461,
      20.331165313720703
    ],
    [
      14.249457359313965,
      22.411378860473633,
      9.866181373596191,
      12.631009101867676,
      9.059751510620117,
      13.623147010803223,
      8.31653881072998,
      11.565574645996094,
      7.1682305335998535,
      11.216804504394531,
      7.560203552246094,
      12.211019515991211,
      11.784712791442871,
      13.162840843200684,
      12.858818054199219,
      13.522845268249512,
      12.184059143066406,
      13.415433883666992
    ],
    [
      12.493391990661621,
      9.866181373596191,
      17.03800392150879,
      13.836350440979004,
      10.310454368591309,
      12.976567268371582,
      10.945893287658691,
      13.43571662902832,
      7.176618576049805,
      12.027444839477539,
      9.155241012573242,
      13.29664134979248,
      14.625898361206055,
      15.745560646057129,
      13.468658447265625,
      15.048201560974121,
      13.02496337890625,
      17.96064567565918
    ],
    [
      13.011974334716797,
      12.631009101867676,
      13.836350440979004,
      20.289873123168945,
      12.704950332641602,
      16.35405921936035,
      13.363248825073242,
      18.137479782104492,
      9.734997749328613,
      15.423501014709473,
      10.169303894042969,
      16.582326889038086,
      16.653396606445312,
      18.94278907775879,
      16.925819396972656,
      18.70255470275879,
      15.96191692352295,
      16.564786911010742
    ],
    [
      9.916057586669922,
      9.059751510620117,
      10.310454368591309,
      12.704950332641602,
      19.286048889160156,
      16.67042350769043,
      14.184154510498047,
      15.898221015930176,
      10.101792335510254,
      12.846922874450684,
      12.456562995910645,
      14.469026565551758,
      16.615951538085938,
      16.92188835144043,
      16.883718490600586,
      16.82335662841797,
      14.396424293518066,
      13.929952621459961
    ],
    [
      13.370634078979492,
      13.623147010803223,
      12.976567268371582,
      16.35405921936035,
      16.67042350769043,
      23.068117141723633,
      14.703106880187988,
      19.260242462158203,
      10.903459548950195,
      16.812936782836914,
      13.071621894836426,
      18.72435760498047,
      19.61599349975586,
      20.993486404418945,
      20.657527923583984,
      21.584537506103516,
      19.4804744720459,
      18.73663902282715
    ],
    [
      9.683188438415527,
      8.31653881072998,
      10.945893287658691,
      13.363248825073242,
      14.184154510498047,
      14.703106880187988,
      24.85614013671875,
      20.227697372436523,
      13.481473922729492,
      13.533172607421875,
      13.480494499206543,
      14.540275573730469,
      16.706592559814453,
      17.78159523010254,
      14.645342826843262,
      17.687328338623047,
      13.899128913879395,
      16.673141479492188
    ],
    [
      11.371077537536621,
      11.565574645996094,
      13.43571662902832,
      18.137479782104492,
      15.898221015930176,
      19.260242462158203,
      20.227697372436523,
      27.052003860473633,
      13.950041770935059,
      19.69957733154297,
      14.429935455322266,
      21.03609848022461,
      20.754735946655273,
      24.122846603393555,
      19.876379013061523,
      23.802406311035156,
      19.961660385131836,
      20.534751892089844
    ],
    [
      8.342676162719727,
      7.1682305335998535,
      7.176618576049805,
      9.734997749328613,
      10.101792335510254,
      10.903459548950195,
      13.481473922729492,
      13.950041770935059,
      20.209007263183594,
      13.641345024108887,
      13.588699340820312,
      12.380147933959961,
      13.044675827026367,
      13.887001991271973,
      10.22325611114502,
      13.763955116271973,
      11.731002807617188,
      16.203126907348633
    ],
    [
      11.14271068572998,
      11.216804504394531,
      12.027444839477539,
      15.423501014709473,
      12.846922874450684,
      16.812936782836914,
      13.533172607421875,
      19.69957733154297,
      13.641345024108887,
      20.840591430664062,
      13.674137115478516,
      20.16290283203125,
      18.59363555908203,
      21.220144271850586,
      16.6788330078125,
      21.19325065612793,
      18.401426315307617,
      19.969833374023438
    ],
    [
      8.496870040893555,
      7.560203552246094,
      9.155241012573242,
      10.169303894042969,
      12.456562995910645,
      13.071621894836426,
      13.480494499206543,
      14.429935455322266,
      13.588699340820312,
      13.674137115478516,
      21.133590698242188,
      16.84491729736328,
      19.63361167907715,
      18.28046226501465,
      17.03245735168457,
      18.392152786254883,
      16.803030014038086,
      16.952878952026367
    ],
    [
      12.017794609069824,
      12.211019515991211,
      13.29664134979248,
      16.582326889038086,
      14.469026565551758,
      18.72435760498047,
      14.540275573730469,
      21.03609848022461,
      12.380147933959961,
      20.16290283203125,
      16.84491729736328,
      25.61014747619629,
      24.656049728393555,
      28.23405647277832,
      23.241640090942383,
      27.51321792602539,
      23.147315979003906,
      23.814449310302734
    ],
    [
      12.192765235900879,
      11.784712791442871,
      14.625898361206055,
      16.653396606445312,
      16.615951538085938,
      19.61599349975586,
      16.706592559814453,
      20.754735946655273,
      13.044675827026367,
      18.59363555908203,
      19.63361167907715,
      24.656049728393555,
      45.489227294921875,
      39.427276611328125,
      46.48139572143555,
      39.186180114746094,
      38.112552642822266,
      33.079891204833984
    ],
    [
      13.941905975341797,
      13.162840843200684,
      15.745560646057129,
      18.94278907775879,
      16.92188835144043,
      20.993486404418945,
      17.78159523010254,
      24.122846603393555,
      13.887001991271973,
      21.220144271850586,
      18.28046226501465,
      28.23405647277832,
      39.427276611328125,
      46.672767639160156,
      39.25043869018555,
      43.206748962402344,
      35.882877349853516,
      39.80043411254883
    ],
    [
      10.38712215423584,
      12.858818054199219,
      13.468658447265625,
      16.925819396972656,
      16.883718490600586,
      20.657527923583984,
      14.645342826843262,
      19.876379013061523,
      10.22325611114502,
      16.6788330078125,
      17.03245735168457,
      23.241640090942383,
      46.48139572143555,
      39.25043869018555,
      66.19126892089844,
      44.01765060424805,
      49.66208267211914,
      31.67437744140625
    ],
    [
      12.781359672546387,
      13.522845268249512,
      15.048201560974121,
      18.70255470275879,
      16.82335662841797,
      21.584537506103516,
      17.687328338623047,
      23.802406311035156,
      13.763955116271973,
      21.19325065612793,
      18.392152786254883,
      27.51321792602539,
      39.186180114746094,
      43.206748962402344,
      44.01765060424805,
      47.06306838989258,
      41.45724105834961,
      38.82323455810547
    ],
    [
      12.38912582397461,
      12.184059143066406,
      13.02496337890625,
      15.96191692352295,
      14.396424293518066,
      19.4804744720459,
      13.899128913879395,
      19.961660385131836,
      11.731002807617188,
      18.401426315307617,
      16.803030014038086,
      23.147315979003906,
      38.112552642822266,
      35.882877349853516,
      49.66208267211914,
      41.45724105834961,
      54.02156066894531,
      40.61601638793945
    ],
    [
      20.331165313720703,
      13.415433883666992,
      17.96064567565918,
      16.564786911010742,
      13.929952621459961,
      18.73663902282715,
      16.673141479492188,
      20.534751892089844,
      16.203126907348633,
      19.969833374023438,
      16.952878952026367,
      23.814449310302734,
      33.079891204833984,
      39.80043411254883,
      31.67437744140625,
      38.82323455810547,
      40.61601638793945,
      78.96937561035156
    ]
  ],
  "covariance_short": [
    [
      53.679378509521484,
      22.070539474487305,
      15.372426986694336,
      18.069799423217773,
      13.004570007324219,
      17.0601749420166,
      11.831230163574219,
      16.43238067626953,
      10.385505676269531,
      16.262041091918945,
      11.618324279785156,
      19.18927764892578,
      18.777450561523438,
      22.556838989257812,
      20.373571395874023,
      21.64293098449707,
      30.779813766479492,
      25.843215942382812
    ],
    [
      22.070539474487305,
      39.45370101928711,
      11.93008804321289,
      17.03011703491211,
      12.369894981384277,
      15.972945213317871,
      10.533615112304688,
      14.727197647094727,
      9.239431381225586,
      14.561336517333984,
      10.138915061950684,
      17.5687198638916,
      16.73573875427246,
      20.153799057006836,
      18.017749786376953,
      19.193639755249023,
      23.4654598236084,
      18.663103103637695
    ],
    [
      15.372426986694336,
      11.93008804321289,
      22.547283172607422,
      16.332599639892578,
      13.07254695892334,
      15.113503456115723,
      11.382628440856934,
      16.191425323486328,
      8.627691268920898,
      15.081363677978516,
      10.554895401000977,
      16.183570861816406,
      15.664273262023926,
      18.69988441467285,
      16.86202049255371,
      19.705522537231445,
      25.56840705871582,
      22.768381118774414
    ],
    [
      18.069799423217773,
      17.03011703491211,
      16.332599639892578,
      30.07285499572754,
      16.769535064697266,
      22.81355094909668,
      14.610125541687012,
      25.111637115478516,
      10.607865333557129,
      20.576147079467773,
      11.70780086517334,
      22.175792694091797,
      18.58867835998535,
      22.609424591064453,
      20.60039710998535,
      23.087648391723633,
      28.899911880493164,
      24.79301643371582
    ],
    [
      13.004570007324219,
      12.369894981384277,
      13.07254695892334,
      16.769535064697266,
      28.754934310913086,
      22.79942512512207,
      16.65488052368164,
      21.70359230041504,
      12.71046257019043,
      18.350130081176758,
      15.848360061645508,
      20.427461624145508,
      20.28692054748535,
      22.67366600036621,
      22.71694564819336,
      23.715621948242188,
      28.628803253173828,
      23.584125518798828
    ],
    [
      17.0601749420166,
      15.972945213317871,
      15.113503456115723,
      22.81355094909668,
      22.79942512512207,
      36.70341491699219,
      17.366865158081055,
      29.923994064331055,
      12.48746109008789,
      25.38833236694336,
      16.143787384033203,
      26.641511917114258,
      24.593931198120117,
      27.190410614013672,
      27.73094940185547,
      27.52918243408203,
      34.916229248046875,
      28.826251983642578
    ],
    [
      11.831230163574219,
      10.533615112304688,
      11.382628440856934,
      14.610125541687012,
      16.65488052368164,
      17.366865158081055,
      33.50022888183594,
      25.732810974121094,
      17.31653594970703,
      17.099365234375,
      18.194095611572266,
      19.62491226196289,
      20.992053985595703,
      24.199277877807617,
      20.93840789794922,
      24.891746520996094,
      27.55976104736328,
      25.201478958129883
    ],
    [
      16.43238067626953,
      14.727197647094727,
      16.191425323486328,
      25.111637115478516,
      21.70359230041504,
      29.923994064331055,
      25.732810974121094,
      44.31101608276367,
      17.797222137451172,
      30.966835021972656,
      19.253568649291992,
      31.060911178588867,
      27.368494033813477,
      32.571922302246094,
      28.103076934814453,
      32.09164047241211,
      37.17595672607422,
      34.97243881225586
    ],
    [
      10.385505676269531,
      9.239431381225586,
      8.627691268920898,
      10.607865333557129,
      12.71046257019043,
      12.48746109008789,
      17.31653594970703,
      17.797222137451172,
      28.692947387695312,
      19.754650115966797,
      19.27838706970215,
      18.11886215209961,
      18.26038360595703,
      20.05787467956543,
      15.384993553161621,
      20.62881088256836,
      24.014204025268555,
      24.16465187072754
    ],
    [
      16.262041091918945,
      14.561336517333984,
      15.081363677978516,
      20.576147079467773,
      18.350130081176758,
      25.38833236694336,
      17.099365234375,
      30.966835021972656,
      19.754650115966797,
      36.74760055541992,
      19.693653106689453,
      32.040565490722656,
      27.265230178833008,
      31.77143096923828,
      25.301145553588867,
      31.135122299194336,
      35.52339172363281,
      34.538597106933594
    ],
    [
      11.618324279785156,
      10.138915061950684,
      10.554895401000977,
      11.70780086517334,
      15.848360061645508,
      16.143787384033203,
      18.194095611572266,
      19.253568649291992,
      19.27838706970215,
      19.693653106689453,
      32.153404235839844,
      25.144079208374023,
      27.422719955444336,
      26.552757263183594,
      25.034292221069336,
      26.878366470336914,
      32.50472640991211,
      28.120832443237305
    ],
    [
      19.18927764892578,
      17.5687198638916,
      16.183570861816406,
      22.175792694091797,
      20.427461624145508,
      26.641511917114258,
      19.62491226196289,
      31.060911178588867,
      18.11886215209961,
      32.040565490722656,
      25.144079208374023,
      42.67029571533203,
      35.63996505737305,
      43.77533721923828,
      35.176212310791016,
      42.40386962890625,
      45.17947006225586,
      43.406883239746094
    ],
    [
      18.777450561523438,
      16.73573875427246,
      15.664273262023926,
      18.58867835998535,
      20.28692054748535,
      24.593931198120117,
      20.992053985595703,
      27.368494033813477,
      18.26038360595703,
      27.265230178833008,
      27.422719955444336,
      35.63996505737305,
      65.91658020019531,
      59.38813400268555,
      67.62613677978516,
      63.26810836791992,
      75.69466400146484,
      61.49203109741211
    ],
    [
      22.556838989257812,
      20.153799057006836,
      18.69988441467285,
      22.609424591064453,
      22.67366600036621,
      27.190410614013672,
      24.199277877807617,
      32.571922302246094,
      20.05787467956543,
      31.77143096923828,
      26.552757263183594,
      43.77533721923828,
      59.38813400268555,
      76.99690246582031,
      62.60202407836914,
      76.68588256835938,
      75.95816802978516,
      76.4315414428711
    ],
    [
      20.373571395874023,
      18.017749786376953,
      16.86202049255371,
      20.60039710998535,
      22.71694564819336,
      27.73094940185547,
      20.93840789794922,
      28.103076934814453,
      15.384993553161621,
      25.301145553588867,
      25.034292221069336,
      35.176212310791016,
      67.62613677978516,
      62.60202407836914,
      103.27249145507812,
      78.4688491821289,
      98.03729248046875,
      70.57025146484375
    ],
    [
      21.64293098449707,
      19.193639755249023,
      19.705522537231445,
      23.087648391723633,
      23.715621948242188,
      27.52918243408203,
      24.891746520996094,
      32.09164047241211,
      20.62881088256836,
      31.135122299194336,
      26.878366470336914,
      42.40386962890625,
      63.26810836791992,
      76.68588256835938,
      78.4688491821289,
      93.70925903320312,
      91.61907196044922,
      87.57515716552734
    ],
    [
      30.779813766479492,
      23.4654598236084,
      25.56840705871582,
      28.899911880493164,
      28.628803253173828,
      34.916229248046875,
      27.55976104736328,
      37.17595672607422,
      24.014204025268555,
      35.52339172363281,
      32.50472640991211,
      45.17947006225586,
      75.69466400146484,
      75.95816802978516,
      98.03729248046875,
      91.61907196044922,
      130.50978088378906,
      102.8523178100586
    ],
    [
      25.843215942382812,
      18.663103103637695,
      22.768381118774414,
      24.79301643371582,
      23.584125518798828,
      28.826251983642578,
      25.201478958129883,
      34.97243881225586,
      24.16465187072754,
      34.538597106933594,
      28.120832443237305,
      43.406883239746094,
      61.49203109741211,
      76.4315414428711,
      70.57025146484375,
      87.57515716552734,
      102.8523178100586,
      112.32012939453125
    ]
  ],
  "damage": -6.2736639976501465,
  "diff_bandwidth": 664.7415771484375,
  "dissonance": 9.420645665496165,
  "drr": 13.415946960449219,
  "dynamics": 2.7345075607299805,
  "format": 65538,
  "frames": 13413456,
  "freq_pan_to_db": [
    [
      -23.977455139160156,
      -22.630704879760742,
      -19.645952224731445,
      -16.861446380615234,
      -14.894789695739746,
      -16.325313568115234,
      -18.402212142944336,
      -19.5362606048584,
      -20.85144805908203,
      -22.86920166015625,
      -23.71611213684082
    ],
    [
      -16.745363235473633,
      -15.28089427947998,
      -13.31697940826416,
      -11.585078239440918,
      -8.141693115234375,
      -8.239407539367676,
      -11.813785552978516,
      -13.049832344055176,
      -14.264378547668457,
      -16.021703720092773,
      -16.9495906829834
    ],
    [
      -14.829015731811523,
      -13.601970672607422,
      -11.958666801452637,
      -9.95241928100586,
      -9.106964111328125,
      -9.623634338378906,
      -10.759485244750977,
      -11.886455535888672,
      -12.461773872375488,
      -13.964325904846191,
      -14.66951847076416
    ],
    [
      -16.28049087524414,
      -15.471878051757812,
      -14.58212661743164,
      -13.363621711730957,
      -12.47060775756836,
      -12.40433120727539,
      -12.191829681396484,
      -13.241238594055176,
      -14.113655090332031,
      -15.652466773986816,
      -16.499814987182617
    ],
    [
      -17.586576461791992,
      -16.832679748535156,
      -16.535404205322266,
      -15.801226615905762,
      -15.209761619567871,
      -15.122143745422363,
      -13.869553565979004,
      -14.188828468322754,
      -15.271646499633789,
      -16.518455505371094,
      -16.857431411743164
    ],
    [
      -17.376176834106445,
      -16.2352352142334,
      -15.382246971130371,
      -14.169282913208008,
      -13.357325553894043,
      -13.93078327178955,
      -14.76846981048584,
      -16.050613403320312,
      -17.058061599731445,
      -18.215574264526367,
      -18.770627975463867
    ],
    [
      -17.78522491455078,
      -17.486310958862305,
      -16.214113235473633,
      -14.935202598571777,
      -13.969441413879395,
      -14.487656593322754,
      -14.726191520690918,
      -15.711853981018066,
      -17.381580352783203,
      -18.754009246826172,
      -19.245235443115234
    ],
    [
      -17.654680252075195,
      -17.4854736328125,
      -16.71166229248047,
      -15.95185661315918,
      -14.965551376342773,
      -14.260499000549316,
      -12.26527214050293,
      -13.84945011138916,
      -15.695717811584473,
      -16.352659225463867,
      -16.14028549194336
    ],
    [
      -17.277082443237305,
      -17.485124588012695,
      -16.199071884155273,
      -15.064589500427246,
      -14.182978630065918,
      -13.905741691589355,
      -12.64249038696289,
      -13.363748550415039,
      -15.692426681518555,
      -16.93278694152832,
      -16.889995574951172
    ],
    [
      -16.524181365966797,
      -17.562850952148438,
      -15.629019737243652,
      -13.399539947509766,
      -13.4382905960083,
      -14.484668731689453,
      -15.343430519104004,
      -16.47771644592285,
      -17.40187644958496,
      -18.551698684692383,
      -19.48271942138672
    ],
    [
      -19.060983657836914,
      -19.596576690673828,
      -19.242338180541992,
      -17.70528793334961,
      -16.015949249267578,
      -14.499180793762207,
      -16.165929794311523,
      -17.34442901611328,
      -18.881404876708984,
      -19.379175186157227,
      -18.83555793762207
    ],
    [
      -20.959239959716797,
      -20.711177825927734,
      -20.752885818481445,
      -20.45217514038086,
      -18.283676147460938,
      -17.206981658935547,
      -16.961626052856445,
      -17.736547470092773,
      -19.726430892944336,
      -21.489858627319336,
      -19.637863159179688
    ],
    [
      -21.338788986206055,
      -21.853002548217773,
      -21.88405990600586,
      -20.72652244567871,
      -17.218379974365234,
      -16.030517578125,
      -17.50227928161621,
      -18.830469131469727,
      -20.362125396728516,
      -20.700923919677734,
      -19.658893585205078
    ],
    [
      -16.967147827148438,
      -20.57926368713379,
      -20.840072631835938,
      -18.06888198852539,
      -15.1108980178833,
      -15.009044647216797,
      -17.38014030456543,
      -19.727453231811523,
      -19.88482093811035,
      -20.804811477661133,
      -20.683364868164062
    ],
    [
      -17.582212448120117,
      -19.116676330566406,
      -19.64931297302246,
      -18.041343688964844,
      -16.29753875732422,
      -17.79869270324707,
      -19.541866302490234,
      -20.460315704345703,
      -19.55815315246582,
      -21.46695899963379,
      -21.013208389282227
    ],
    [
      -18.1438045501709,
      -19.08181381225586,
      -19.616981506347656,
      -18.127042770385742,
      -18.90481185913086,
      -18.742938995361328,
      -20.275957107543945,
      -20.026905059814453,
      -19.224164962768555,
      -20.06203842163086,
      -21.519624710083008
    ],
    [
      -17.63629150390625,
      -19.3876895904541,
      -21.69605827331543,
      -19.784345626831055,
      -20.363908767700195,
      -20.124195098876953,
      -21.644060134887695,
      -20.049604415893555,
      -19.95175552368164,
      -19.94801902770996,
      -21.65291976928711
    ],
    [
      -16.832542419433594,
      -18.561813354492188,
      -20.524765014648438,
      -20.39885711669922,
      -18.166597366333008,
      -19.386465072631836,
      -20.647645950317383,
      -19.6523494720459,
      -19.119335174560547,
      -19.132232666015625,
      -20.839197158813477
    ],
    [
      -18.84806251525879,
      -18.994333267211914,
      -20.428255081176758,
      -20.389455795288086,
      -18.09299659729004,
      -19.624601364135742,
      -21.45560646057129,
      -19.763765335083008,
      -19.779041290283203,
      -21.181686401367188,
      -23.183847427368164
    ],
    [
      -22.138713836669922,
      -22.11104965209961,
      -22.778791427612305,
      -23.15704345703125,
      -20.723106384277344,
      -22.025625228881836,
      -23.664485931396484,
      -23.386653900146484,
      -22.85907554626465,
      -23.358043670654297,
      -21.645675659179688
    ],
    [
      -21.776363372802734,
      -21.72943115234375,
      -23.626541137695312,
      -23.824560165405273,
      -22.742034912109375,
      -23.11844253540039,
      -25.034160614013672,
      -24.01888084411621,
      -25.13747215270996,
      -25.713850021362305,
      -26.127269744873047
    ],
    [
      -23.060157775878906,
      -24.591909408569336,
      -22.761310577392578,
      -24.35902976989746,
      -22.930078506469727,
      -22.988786697387695,
      -26.05752944946289,
      -23.41704750061035,
      -25.543886184692383,
      -26.082918167114258,
      -28.175668716430664
    ],
    [
      -25.945499420166016,
      -23.987655639648438,
      -24.957555770874023,
      -25.921749114990234,
      -24.315332412719727,
      -23.2915096282959,
      -25.11905860900879,
      -25.679603576660156,
      -25.879446029663086,
      -25.213895797729492,
      -25.504770278930664
    ],
    [
      -27.13797378540039,
      -24.671464920043945,
      -24.82451820373535,
      -25.002836227416992,
      -24.59571647644043,
      -22.804603576660156,
      -24.823137283325195,
      -25.644075393676758,
      -25.6790771484375,
      -25.427106857299805,
      -26.577655792236328
    ],
    [
      -370,
      -27.234542846679688,
      -27.074932098388672,
      -26.39829444885254,
      -26.303199768066406,
      -25.480478286743164,
      -26.885650634765625,
      -26.87845230102539,
      -27.20068359375,
      -27.91775894165039,
      -27.650848388671875
    ],
    [
      -28.5859432220459,
      -27.76943016052246,
      -28.030237197875977,
      -27.149049758911133,
      -26.9158935546875,
      -27.269773483276367,
      -27.929153442382812,
      -28.019948959350586,
      -27.90745735168457,
      -29.023515701293945,
      -26.762409210205078
    ],
    [
      -35.12760925292969,
      -28.892547607421875,
      -29.040590286254883,
      -29.328725814819336,
      -28.667434692382812,
      -28.219890594482422,
      -30.86998176574707,
      -30.488290786743164,
      -29.253355026245117,
      -30.246910095214844,
      -30.55007553100586
    ],
    [
      -35.67894744873047,
      -28.132184982299805,
      -28.64952278137207,
      -29.00446128845215,
      -29.493196487426758,
      -29.916746139526367,
      -32.11195755004883,
      -30.737472534179688,
      -30.327165603637695,
      -30.160354614257812,
      -29.184513092041016
    ],
    [
      -33.376609802246094,
      -28.581403732299805,
      -28.894468307495117,
      -29.74121856689453,
      -30.107112884521484,
      -29.974098205566406,
      -32.272708892822266,
      -30.453460693359375,
      -29.70293617248535,
      -28.925628662109375,
      -370
    ],
    [
      -26.1353816986084,
      -31.551851272583008,
      -30.065631866455078,
      -30.70545768737793,
      -31.157743453979492,
      -29.543581008911133,
      -30.236751556396484,
      -31.519453048706055,
      -30.51209259033203,
      -30.434646606445312,
      -29.667448043823242
    ],
    [
      -370,
      -32.715423583984375,
      -30.641761779785156,
      -31.569841384887695,
      -31.44283676147461,
      -29.095800399780273,
      -28.917255401611328,
      -32.90655517578125,
      -31.970951080322266,
      -32.268978118896484,
      -29.705232620239258
    ],
    [
      -35.48069763183594,
      -33.378475189208984,
      -32.299224853515625,
      -32.26117706298828,
      -32.42019271850586,
      -28.957902908325195,
      -31.87821388244629,
      -34.7200927734375,
      -33.14177703857422,
      -31.88742446899414,
      -370
    ],
    [
      -370,
      -32.628849029541016,
      -32.108001708984375,
      -33.239891052246094,
      -33.07294464111328,
      -29.395397186279297,
      -33.928306579589844,
      -36.76706314086914,
      -34.603858947753906,
      -29.551523208618164,
      -370
    ],
    [
      -370,
      -41.0445671081543,
      -38.4693603515625,
      -36.034427642822266,
      -34.84165573120117,
      -29.689233779907227,
      -35.025360107421875,
      -40.11131286621094,
      -40.5135612487793,
      -39.548885345458984,
      -370
    ],
    [
      -56.032196044921875,
      -53.682334899902344,
      -40.375518798828125,
      -38.2496223449707,
      -36.2696418762207,
      -30.320199966430664,
      -33.729766845703125,
      -31.596050262451172,
      -35.757572174072266,
      -36.90506362915039,
      -370
    ],
    [
      -370,
      -51.506874084472656,
      -42.73982620239258,
      -41.00212478637695,
      -39.01201248168945,
      -32.674461364746094,
      -34.51150131225586,
      -29.98334503173828,
      -37.344608306884766,
      -32.125972747802734,
      -370
    ],
    [
      -370,
      -43.12709426879883,
      -43.554443359375,
      -41.73914337158203,
      -40.13460159301758,
      -34.25798034667969,
      -37.670204162597656,
      -35.44600296020508,
      -36.91708755493164,
      -33.68577194213867,
      -370
    ],
    [
      -370,
      -43.92508316040039,
      -45.52718734741211,
      -44.05398178100586,
      -41.34261703491211,
      -36.75328826904297,
      -41.0083122253418,
      -39.44126510620117,
      -37.31174087524414,
      -33.08960723876953,
      -36.24367904663086
    ],
    [
      -370,
      -48.01735305786133,
      -46.252315521240234,
      -44.63692855834961,
      -42.95987319946289,
      -39.6031379699707,
      -42.19023132324219,
      -40.3536491394043,
      -37.614925384521484,
      -35.35366439819336,
      -370
    ],
    [
      -370,
      -45.65376663208008,
      -45.02204132080078,
      -45.98643493652344,
      -45.98983383178711,
      -41.35924530029297,
      -40.286094665527344,
      -36.49825668334961,
      -40.714805603027344,
      -36.82423782348633,
      -370
    ],
    [
      -51.16143798828125,
      -46.93199920654297,
      -45.43999481201172,
      -45.89141845703125,
      -45.53384780883789,
      -44.00695037841797,
      -44.56324768066406,
      -42.213077545166016,
      -43.9813117980957,
      -40.55963134765625,
      -43.62321853637695
    ],
    [
      -44.87496566772461,
      -48.071407318115234,
      -46.25777053833008,
      -46.22182083129883,
      -46.40708541870117,
      -46.6865119934082,
      -48.29646682739258,
      -46.09332275390625,
      -43.70785140991211,
      -40.681182861328125,
      -41.81263732910156
    ]
  ],
  "histogram": [
    {
      "db": -70,
      "frequency": 1
    },
    {
      "db": -69,
      "frequency": 1
    },
    {
      "db": -68,
      "frequency": 6
    },
    {
      "db": -67,
      "frequency": 35
    },
    {
      "db": -66,
      "frequency": 13
    },
    {
      "db": -65,
      "frequency": 2
    },
    {
      "db": -64,
      "frequency": 1
    },
    {
      "db": -63,
      "frequency": 1
    },
    {
      "db": -62,
      "frequency": 1
    },
    {
      "db": -61,
      "frequency": 1
    },
    {
      "db": -60,
      "frequency": 1
    },
    {
      "db": -59,
      "frequency": 12
    },
    {
      "db": -58,
      "frequency": 3
    },
    {
      "db": -57,
      "frequency": 3
    },
    {
      "db": -56,
      "frequency": 2
    },
    {
      "db": -55,
      "frequency": 4
    },
    {
      "db": -54,
      "frequency": 1
    },
    {
      "db": -53,
      "frequency": 5
    },
    {
      "db": -52,
      "frequency": 5
    },
    {
      "db": -51,
      "frequency": 1
    },
    {
      "db": -50,
      "frequency": 4
    },
    {
      "db": -49,
      "frequency": 5
    },
    {
      "db": -48,
      "frequency": 5
    },
    {
      "db": -47,
      "frequency": 5
    },
    {
      "db": -46,
      "frequency": 4
    },
    {
      "db": -45,
      "frequency": 1
    },
    {
      "db": -44,
      "frequency": 5
    },
    {
      "db": -43,
      "frequency": 5
    },
    {
      "db": -42,
      "frequency": 5
    },
    {
      "db": -41,
      "frequency": 5
    },
    {
      "db": -40,
      "frequency": 5
    },
    {
      "db": -39,
      "frequency": 5
    },
    {
      "db": -38,
      "frequency": 8
    },
    {
      "db": -37,
      "frequency": 5
    },
    {
      "db": -36,
      "frequency": 12
    },
    {
      "db": -35,
      "frequency": 5
    },
    {
      "db": -34,
      "frequency": 0
    },
    {
      "db": -33,
      "frequency": 3
    },
    {
      "db": -32,
      "frequency": 1
    },
    {
      "db": -31,
      "frequency": 2
    },
    {
      "db": -30,
      "frequency": 4
    },
    {
      "db": -29,
      "frequency": 22
    },
    {
      "db": -28,
      "frequency": 12
    },
    {
      "db": -27,
      "frequency": 13
    },
    {
      "db": -26,
      "frequency": 10
    },
    {
      "db": -25,
      "frequency": 2
    },
    {
      "db": -24,
      "frequency": 6
    },
    {
      "db": -23,
      "frequency": 7
    },
    {
      "db": -22,
      "frequency": 6
    },
    {
      "db": -21,
      "frequency": 1
    },
    {
      "db": -20,
      "frequency": 5
    },
    {
      "db": -19,
      "frequency": 13
    },
    {
      "db": -18,
      "frequency": 15
    },
    {
      "db": -17,
      "frequency": 15
    },
    {
      "db": -16,
      "frequency": 22
    },
    {
      "db": -15,
      "frequency": 81
    },
    {
      "db": -14,
      "frequency": 67
    },
    {
      "db": -13,
      "frequency": 157
    },
    {
      "db": -12,
      "frequency": 458
    },
    {
      "db": -11,
      "frequency": 663
    },
    {
      "db": -10,
      "frequency": 410
    },
    {
      "db": -9,
      "frequency": 324
    },
    {
      "db": -8,
      "frequency": 232
    },
    {
      "db": -7,
      "frequency": 227
    },
    {
      "db": -6,
      "frequency": 61
    },
    {
      "db": -5,
      "frequency": 20
    },
    {
      "db": -4,
      "frequency": 0
    },
    {
      "db": -3,
      "frequency": 0
    },
    {
      "db": -2,
      "frequency": 0
    },
    {
      "db": -1,
      "frequency": 0
    },
    {
      "db": 0,
      "frequency": 0
    },
    {
      "db": 1,
      "frequency": 0
    },
    {
      "db": 2,
      "frequency": 0
    },
    {
      "db": 3,
      "frequency": 0
    },
    {
      "db": 4,
      "frequency": 0
    },
    {
      "db": 5,
      "frequency": 0
    },
