{
  "acoustic_entropy": 199.76002502441406,
  "bands": [
    {
      "high_freq": 148.1999969482422,
      "loudness": -19.36989402770996,
      "loudness_range": 9.774886131286621,
      "mid_mean": -16.086994171142578,
      "mid_to_side_loudness": -13.84536075592041,
      "mid_to_side_loudness_range": 11.29475212097168,
      "side_mean": -29.824472427368164
    },
    {
      "high_freq": 392.3793640136719,
      "loudness": -18.836591720581055,
      "loudness_range": 8.105291366577148,
      "low_freq": 148.1999969482422,
      "mid_mean": -15.83713150024414,
      "mid_to_side_loudness": -8.691067695617676,
      "mid_to_side_loudness_range": 7.205165386199951,
      "side_mean": -24.3697509765625
    },
    {
      "high_freq": 794.6976318359375,
      "loudness": -19.20525360107422,
      "loudness_range": 10.210518836975098,
      "low_freq": 392.3793640136719,
      "mid_mean": -16.273752212524414,
      "mid_to_side_loudness": -8.070672988891602,
      "mid_to_side_loudness_range": 7.173550128936768,
      "side_mean": -24.38485336303711
    },
    {
      "high_freq": 1457.5709228515625,
      "loudness": -21.64483642578125,
      "loudness_range": 12.019702911376953,
      "low_freq": 794.6976318359375,
      "mid_mean": -18.678211212158203,
      "mid_to_side_loudness": -8.82152271270752,
      "mid_to_side_loudness_range": 8.31879997253418,
      "side_mean": -27.300857543945312
    },
    {
      "high_freq": 2549.74365234375,
      "loudness": -21.392898559570312,
      "loudness_range": 9.764897346496582,
      "low_freq": 1457.5709228515625,
      "mid_mean": -18.494997024536133,
      "mid_to_side_loudness": -8.52957820892334,
      "mid_to_side_loudness_range": 9.507583618164062,
      "side_mean": -26.746368408203125
    },
    {
      "high_freq": 4349.24462890625,
      "loudness": -23.318187713623047,
      "loudness_range": 10.38862419128418,
      "low_freq": 2549.74365234375,
      "mid_mean": -20.358051300048828,
      "mid_to_side_loudness": -8.443328857421875,
      "mid_to_side_loudness_range": 8.576597213745117,
      "side_mean": -28.748205184936523
    },
    {
      "high_freq": 7314.1640625,
      "loudness": -28.69017219543457,
      "loudness_range": 17.88631248474121,
      "low_freq": 4349.24462890625,
      "mid_mean": -25.826814651489258,
      "mid_to_side_loudness": -7.92340087890625,
      "mid_to_side_loudness_range": 8.793601989746094,
      "side_mean": -33.6507568359375
    },
    {
      "high_freq": 12199.2666015625,
      "loudness": -33.14992904663086,
      "loudness_range": 21.979066848754883,
      "low_freq": 7314.1640625,
      "mid_mean": -30.355093002319336,
      "mid_to_side_loudness": -8.465356826782227,
      "mid_to_side_loudness_range": 10.85467529296875,
      "side_mean": -39.11827087402344
    },
    {
      "loudness": -40.86199951171875,
      "loudness_range": 19.603862762451172,
      "low_freq": 12199.2666015625,
      "mid_mean": -38.15439224243164,
      "mid_to_side_loudness": -7.141746997833252,
      "mid_to_side_loudness_range": 8.864587783813477,
      "side_mean": -45.803672790527344
    }
  ],
  "bands_short": [
    {
      "high_freq": 148.1999969482422,
      "loudness": -23.956453323364258,
      "loudness_range": 20.323829650878906,
      "mid_mean": -20.774688720703125,
      "mid_to_side_loudness": -14.051440238952637,
      "mid_to_side_loudness_range": 19.873760223388672,
      "side_mean": -34.94033432006836
    },
    {
      "high_freq": 392.3793640136719,
      "loudness": -18.491657257080078,
      "loudness_range": 10.528593063354492,
      "low_freq": 148.1999969482422,
      "mid_mean": -15.481221199035645,
      "mid_to_side_loudness": -9.484050750732422,
      "mid_to_side_loudness_range": 11.623167991638184,
      "side_mean": -24.61842155456543
    },
    {
      "high_freq": 794.6976318359375,
      "loudness": -20.095664978027344,
      "loudness_range": 12.737735748291016,
      "low_freq": 392.3793640136719,
      "mid_mean": -17.233917236328125,
      "mid_to_side_loudness": -8.348106384277344,
      "mid_to_side_loudness_range": 11.38918685913086,
      "side_mean": -25.330528259277344
    },
    {
      "high_freq": 1457.5709228515625,
      "loudness": -21.810102462768555,
      "loudness_range": 14.508928298950195,
      "low_freq": 794.6976318359375,
      "mid_mean": -18.882078170776367,
      "mid_to_side_loudness": -9.418119430541992,
      "mid_to_side_loudness_range": 12.444079399108887,
      "side_mean": -27.9436092376709
    },
    {
      "high_freq": 2549.74365234375,
      "loudness": -22.080318450927734,
      "loudness_range": 13.245946884155273,
      "low_freq": 1457.5709228515625,
      "mid_mean": -19.185352325439453,
      "mid_to_side_loudness": -9.242513656616211,
      "mid_to_side_loudness_range": 12.404407501220703,
      "side_mean": -27.939790725708008
    },
    {
      "high_freq": 4349.24462890625,
      "loudness": -24.042734146118164,
      "loudness_range": 14.231607437133789,
      "low_freq": 2549.74365234375,
      "mid_mean": -21.087902069091797,
      "mid_to_side_loudness": -9.017024040222168,
      "mid_to_side_loudness_range": 11.400131225585938,
      "side_mean": -30.001384735107422
    },
    {
      "high_freq": 7314.1640625,
      "loudness": -30.38603401184082,
      "loudness_range": 22.713287353515625,
      "low_freq": 4349.24462890625,
      "mid_mean": -27.56199836730957,
      "mid_to_side_loudness": -8.338788986206055,
      "mid_to_side_loudness_range": 11.05943489074707,
      "side_mean": -35.80729675292969
    },
    {
      "high_freq": 12199.2666015625,
      "loudness": -35.2493782043457,
      "loudness_range": 27.680686950683594,
      "low_freq": 7314.1640625,
      "mid_mean": -32.68741989135742,
      "mid_to_side_loudness": -8.63740062713623,
      "mid_to_side_loudness_range": 12.2588472366333,
      "side_mean": -41.929786682128906
    },
    {
      "loudness": -44.34806442260742,
      "loudness_range": 29.17873764038086,
      "low_freq": 12199.2666015625,
      "mid_mean": -42.872962951660156,
      "mid_to_side_loudness": -7.717061519622803,
      "mid_to_side_loudness_range": 11.42577075958252,
      "side_mean": -51.994850158691406
    }
  ],
  "bandwidth": 646.0355224609375,
  "channels": 2,
  "covariance": [
    [
      23.774585723876953,
      14.1338472366333,
      12.44589900970459,
      12.775446891784668,
      10.039196968078613,
      13.20449161529541,
      9.524497985839844,
      11.407709121704102,
      8.267243385314941,
      11.2772798538208,
      8.468987464904785,
      11.943892478942871,
      12.08163070678711,
      13.620168685913086,
      10.062576293945312,
      12.23804759979248,
      12.430914878845215,
      15.32388687133789
    ],
    [
      14.1338472366333,
      22.27632713317871,
      9.5101900100708,
      12.6095609664917,
      9.348481178283691,
      13.597654342651367,
      8.074636459350586,
      11.563071250915527,
      7.011214256286621,
      11.211312294006348,
      7.328100681304932,
      12.069419860839844,
      11.482422828674316,
      12.96725845336914,
      12.469009399414062,
      13.176434516906738,
      12.057515144348145,
      12.55514907836914
    ],
    [
      12.44589900970459,
      9.5101900100708,
      16.49176788330078,
      13.475886344909668,
      10.190896987915039,
      12.750005722045898,
      10.40754508972168,
      12.8675537109375,
      6.8793792724609375,
      11.608267784118652,
      8.725831985473633,
      12.80526065826416,
      14.024825096130371,
      15.194184303283691,
      13.12428092956543,
      14.242776870727539,
      12.546574592590332,
      14.664326667785645
    ],
    [
      12.775446891784668,
      12.6095609664917,
      13.475886344909668,
      20.02975845336914,
      12.544946670532227,
      16.185161590576172,
      12.846441268920898,
      17.638427734375,
      9.463069915771484,
      15.314501762390137,
      9.76378345489502,
      16.35161018371582,
      16.143035888671875,
      18.469051361083984,
      16.465042114257812,
      17.97978973388672,
      15.545442581176758,
      15.984997749328613
    ],
    [
      10.039196968078613,
      9.348481178283691,
      10.190896987915039,
      12.544946670532227,
      19.23843002319336,
      16.394235610961914,
      13.875157356262207,
      15.409360885620117,
      9.880130767822266,
      12.638432502746582,
      12.120322227478027,
      14.195852279663086,
      16.137470245361328,
      16.38706398010254,
      16.449386596679688,
      16.26239776611328,
      13.922500610351562,
      12.895158767700195
    ],
    [
      13.20449161529541,
      13.597654342651367,
      12.750005722045898,
      16.185161590576172,
      16.394235610961914,
      22.788747787475586,
      14.218489646911621,
      18.770313262939453,
      10.627906799316406,
      16.478343963623047,
      12.71146297454834,
      18.425363540649414,
      19.110979080200195,
      20.46986198425293,
      20.221946716308594,
      20.827726364135742,
      19.01654052734375,
      19.06348991394043
    ],
    [
      9.524497985839844,
      8.074636459350586,
      10.40754508972168,
      12.846441268920898,
      13.875157356262207,
      14.218489646911621,
      24.169939041137695,
      19.546199798583984,
      13.150101661682129,
      13.203288078308105,
      12.960296630859375,
      14.129964828491211,
      16.065845489501953,
      17.24855613708496,
      14.184879302978516,
      16.958446502685547,
      13.434455871582031,
      14.849162101745605
    ],
    [
      11.407709121704102,
      11.563071250915527,
      12.8675537109375,
      17.638427734375,
      15.409360885620117,
      18.770313262939453,
      19.546199798583984,
      26.487430572509766,
      13.689493179321289,
      19.360713958740234,
      14.101656913757324,
      20.625505447387695,
      20.30312728881836,
      23.649612426757812,
      19.527149200439453,
      23.17818260192871,
      19.726844787597656,
      20.669391632080078
    ],
    [
      8.267243385314941,
      7.011214256286621,
      6.8793792724609375,
      9.463069915771484,
      9.880130767822266,
      10.627906799316406,
      13.150101661682129,
      13.689493179321289,
      19.94257354736328,
      13.577503204345703,
      13.186904907226562,
      12.221896171569824,
      12.577259063720703,
      13.625109672546387,
      9.888099670410156,
      13.20195484161377,
      11.371607780456543,
      14.32120418548584
    ],
    [
      11.2772798538208,
      11.211312294006348,
      11.608267784118652,
      15.314501762390137,
      12.638432502746582,
      16.478343963623047,
      13.203288078308105,
      19.360713958740234,
      13.577503204345703,
      20.584922790527344,
      13.459214210510254,
      19.97399139404297,
      18.132396697998047,
      21.00312614440918,
      16.45591163635254,
      20.64371109008789,
      18.229511260986328,
      20.155227661132812
    ],
    [
      8.468987464904785,
      7.328100681304932,
      8.725831985473633,
      9.76378345489502,
      12.120322227478027,
      12.71146297454834,
      12.960296630859375,
      14.101656913757324,
      13.186904907226562,
      13.459214210510254,
      20.697431564331055,
      16.514142990112305,
      19.157833099365234,
      17.89865493774414,
      16.73955535888672,
      17.774280548095703,
      16.454912185668945,
      15.499356269836426
    ],
    [
      11.943892478942871,
      12.069419860839844,
      12.80526065826416,
      16.35161018371582,
      14.195852279663086,
      18.425363540649414,
      14.129964828491211,
      20.625505447387695,
      12.221896171569824,
      19.97399139404297,
      16.514142990112305,
      25.277034759521484,
      24.254270553588867,
      27.968555450439453,
      23.078372955322266,
      26.992504119873047,
      22.9328556060791,
      23.341228485107422
    ],
    [
      12.08163070678711,
      11.482422828674316,
      14.024825096130371,
      16.143035888671875,
      16.137470245361328,
      19.110979080200195,
      16.065845489501953,
      20.30312728881836,
      12.577259063720703,
      18.132396697998047,
      19.157833099365234,
      24.254270553588867,
      44.89659118652344,
      39.05843734741211,
      46.118743896484375,
      38.61228942871094,
      37.751224517822266,
      28.511688232421875
    ],
    [
      13.620168685913086,
      12.96725845336914,
      15.194184303283691,
      18.469051361083984,
      16.38706398010254,
      20.46986198425293,
      17.24855613708496,
      23.649612426757812,
      13.625109672546387,
      21.00312614440918,
      17.89865493774414,
      27.968555450439453,
      39.05843734741211,
      46.442378997802734,
      39.16368865966797,
      43.12265396118164,
      35.740394592285156,
      34.925048828125
    ],
    [
      10.062576293945312,
      12.469009399414062,
      13.12428092956543,
      16.465042114257812,
      16.449386596679688,
      20.221946716308594,
      14.184879302978516,
      19.527149200439453,
      9.888099670410156,
      16.45591163635254,
      16.73955535888672,
      23.078372955322266,
      46.118743896484375,
      39.16368865966797,
      65.84700012207031,
      44.116119384765625,
      49.52031326293945,
      31.068889617919922
    ],
    [
      12.23804759979248,
      13.176434516906738,
      14.242776870727539,
      17.97978973388672,
      16.26239776611328,
      20.827726364135742,
      16.958446502685547,
      23.17818260192871,
      13.20195484161377,
      20.64371109008789,
      17.774280548095703,
      26.992504119873047,
      38.61228942871094,
      43.12265396118164,
      44.116119384765625,
      46.46220016479492,
      41.279850006103516,
      38.38789749145508
    ],
    [
      12.430914878845215,
      12.057515144348145,
      12.546574592590332,
      15.545442581176758,
      13.922500610351562,
      19.01654052734375,
      13.434455871582031,
      19.726844787597656,
      11.371607780456543,
      18.229511260986328,
      16.454912185668945,
      22.9328556060791,
      37.751224517822266,
      35.740394592285156,
      49.52031326293945,
      41.279850006103516,
      53.93986129760742,
      41.19042205810547
    ],
    [
      15.32388687133789,
      12.55514907836914,
      14.664326667785645,
      15.984997749328613,
      12.895158767700195,
      19.06348991394043,
      14.849162101745605,
      20.669391632080078,
      14.32120418548584,
      20.155227661132812,
      15.499356269836426,
      23.341228485107422,
      28.511688232421875,
      34.925048828125,
      31.068889617919922,
      38.38789749145508,
      41.19042205810547,
      51.66633605957031
    ]
  ],
  "covariance_short": [
    [
      52.849761962890625,
      21.61236000061035,
      14.642066955566406,
      17.35519790649414,
      12.317497253417969,
      16.487916946411133,
      11.150046348571777,
      15.795174598693848,
      9.774887084960938,
      15.785429954528809,
      10.996535301208496,
      18.884668350219727,
      18.169736862182617,
      22.21507453918457,
      19.882184982299805,
      20.6033878326416,
      26.693693161010742,
      27.00320053100586
    ],
    [
      21.61236000061035,
      39.17258834838867,
      11.488011360168457,
      16.701168060302734,
      11.913857460021973,
      15.634566307067871,
      10.086657524108887,
      14.306675910949707,
      8.89094352722168,
      14.195510864257812,
      9.740592002868652,
      17.32555389404297,
      16.27345848083496,
      19.78046226501465,
      17.560354232788086,
      18.469703674316406,
      21.301563262939453,
      19.25333023071289
    ],
    [
      14.642066955566406,
      11.488011360168457,
      21.88697624206543,
      15.811009407043457,
      12.42288589477539,
      14.543083190917969,
      10.702675819396973,
      15.592864036560059,
      8.126378059387207,
      14.52221965789795,
      10.048381805419922,
      15.691244125366211,
      15.001065254211426,
      18.095800399780273,
      16.20737648010254,
      18.542272567749023,
      21.878026962280273,
      23.364669799804688
    ],
    [
      17.35519790649414,
      16.701168060302734,
      15.811009407043457,
      29.63276481628418,
      16.24886703491211,
      22.393817901611328,
      13.953231811523438,
      24.556249618530273,
      10.171542167663574,
      20.171159744262695,
      11.210915565490723,
      21.834131240844727,
      17.987058639526367,
      22.14704132080078,
      20.03132438659668,
      22.099666595458984,
      26.81942367553711,
      25.46596336364746
    ],
    [
      12.317497253417969,
      11.913857460021973,
      12.42288589477539,
      16.24886703491211,
      28.03558921813965,
      22.173067092895508,
      15.94295597076416,
      21.011150360107422,
      12.175224304199219,
      17.860919952392578,
      15.337740898132324,
      19.976961135864258,
      19.54468536376953,
      22.047325134277344,
      22.000202178955078,
      22.661174774169922,
      26.21371078491211,
      24.10593605041504
    ],
    [
      16.487916946411133,
      15.634566307067871,
      14.543083190917969,
      22.393817901611328,
      22.173067092895508,
      36.080467224121094,
      16.645105361938477,
      29.243907928466797,
      11.977065086364746,
      24.95416831970215,
      15.706690788269043,
      26.3008975982666,
      23.842586517333984,
      26.757911682128906,
      26.990779876708984,
      26.626750946044922,
      32.84479522705078,
      29.635177612304688
    ],
    [
      11.150046348571777,
      10.086657524108887,
      10.702675819396973,
      13.953231811523438,
      15.94295597076416,
      16.645105361938477,
      32.77639389038086,
      24.931922912597656,
      16.797725677490234,
      16.588787078857422,
      17.61964988708496,
      19.222122192382812,
      20.270532608032227,
      23.56141471862793,
      20.227352142333984,
      23.817153930664062,
      24.711387634277344,
      25.83912467956543
    ],
    [
      15.795174598693848,
      14.306675910949707,
      15.592864036560059,
      24.556249618530273,
      21.011150360107422,
      29.243907928466797,
      24.931922912597656,
      43.44040298461914,
      17.166181564331055,
      30.424365997314453,
      18.693349838256836,
      30.704870223999023,
      26.62137794494629,
      32.153648376464844,
      27.41642951965332,
      31.310922622680664,
      35.40397644042969,
      35.83525085449219
    ],
    [
      9.774887084960938,
      8.89094352722168,
      8.126378059387207,
      10.171542167663574,
      12.175224304199219,
      11.977065086364746,
      16.797725677490234,
      17.166181564331055,
      28.206985473632812,
      19.281288146972656,
      18.822647094726562,
      17.747888565063477,
      17.682443618774414,
      19.40704917907715,
      14.781842231750488,
      19.346540451049805,
      20.851125717163086,
      24.664194107055664
    ],
    [
      15.785429954528809,
      14.195510864257812,
      14.52221965789795,
      20.171159744262695,
      17.860919952392578,
      24.95416831970215,
      16.588787078857422,
      30.424365997314453,
      19.281288146972656,
      36.28361892700195,
      19.368520736694336,
      31.67241859436035,
      26.703365325927734,
      31.45880699157715,
      24.822050094604492,
      30.216703414916992,
      34.263240814208984,
      35.41942596435547
    ],
    [
      10.996535301208496,
      9.740592002868652,
      10.048381805419922,
      11.210915565490723,
      15.337740898132324,
      15.706690788269043,
      17.61964988708496,
      18.693349838256836,
      18.822647094726562,
      19.368520736694336,
      31.669649124145508,
      24.83084487915039,
      26.834165573120117,
      26.04793357849121,
      24.467172622680664,
      25.850656509399414,
      29.854555130004883,
      28.910348892211914
    ],
    [
      18.884668350219727,
      17.32555389404297,
      15.691244125366211,
      21.834131240844727,
      19.976961135864258,
      26.3008975982666,
      19.222122192382812,
      30.704870223999023,
      17.747888565063477,
      31.67241859436035,
      24.83084487915039,
      42.410884857177734,
      35.329795837402344,
      43.57122039794922,
      34.83401107788086,
      41.674896240234375,
      44.081607818603516,
      44.73554229736328
    ],
    [
      18.169736862182617,
      16.27345848083496,
      15.001065254211426,
      17.987058639526367,
      19.54468536376953,
      23.842586517333984,
      20.270532608032227,
      26.62137794494629,
      17.682443618774414,
      26.703365325927734,
      26.834165573120117,
      35.329795837402344,
      65.213623046875,
      59.12884521484375,
      67.02545928955078,
      62.01280975341797,
      72.69622039794922,
      63.58233642578125
    ],
    [
      22.21507453918457,
      19.78046226501465,
      18.095800399780273,
      22.14704132080078,
      22.047325134277344,
      26.757911682128906,
      23.56141471862793,
      32.153648376464844,
      19.40704917907715,
      31.45880699157715,
      26.04793357849121,
      43.57122039794922,
      59.12884521484375,
      76.72978973388672,
      62.40006637573242,
      75.38301849365234,
      73.8808364868164,
      78.58393096923828
    ],
    [
      19.882184982299805,
      17.560354232788086,
      16.20737648010254,
      20.03132438659668,
      22.000202178955078,
      26.990779876708984,
      20.227352142333984,
      27.41642951965332,
      14.781842231750488,
      24.822050094604492,
      24.467172622680664,
      34.83401107788086,
      67.02545928955078,
      62.40006637573242,
      102.85166931152344,
      78.59886169433594,
      97.08708190917969,
      73.377685546875
    ],
    [
      20.6033878326416,
      18.469703674316406,
      18.542272567749023,
      22.099666595458984,
      22.661174774169922,
      26.626750946044922,
      23.817153930664062,
      31.310922622680664,
      19.346540451049805,
      30.216703414916992,
      25.850656509399414,
      41.674896240234375,
      62.01280975341797,
      75.38301849365234,
      78.59886169433594,
      91.21712493896484,
      88.54389190673828,
      88.0560073852539
    ],
    [
      26.693693161010742,
      21.301563262939453,
      21.878026962280273,
      26.81942367553711,
      26.21371078491211,
      32.84479522705078,
      24.711387634277344,
      35.40397644042969,
      20.851125717163086,
      34.263240814208984,
      29.854555130004883,
      44.081607818603516,
      72.69622039794922,
      73.8808364868164,
      97.08708190917969,
      88.54389190673828,
      124.01876068115234,
      100.90998077392578
    ],
    [
      27.00320053100586,
      19.25333023071289,
      23.364669799804688,
      25.46596336364746,
      24.10593605041504,
      29.635177612304688,
      25.83912467956543,
      35.83525085449219,
      24.664194107055664,
      35.41942596435547,
      28.910348892211914,
      44.73554229736328,
      63.58233642578125,
      78.58393096923828,
      73.377685546875,
      88.0560073852539,
      100.90998077392578,
      120.83879089355469
    ]
  ],
  "damage": -4.529634475708008,
  "diff_bandwidth": 671.1305541992188,
  "dissonance": 9.433368704078028,
  "drr": 12.439292907714844,
  "dynamics": 2.6511154174804688,
  "format": 65538,
  "frames": 13413456,
  "freq_pan_to_db": [
    [
      -21.947908401489258,
      -20.373594284057617,
      -17.67653465270996,
      -15.084630012512207,
      -13.341598510742188,
      -14.520506858825684,
      -16.477548599243164,
      -17.672910690307617,
      -18.804222106933594,
      -20.852590560913086,
      -21.81346321105957
    ],
    [
      -14.82448673248291,
      -13.34197998046875,
      -11.412391662597656,
      -9.815692901611328,
      -6.503073215484619,
      -6.631579875946045,
      -9.926939964294434,
      -11.125082969665527,
      -12.460880279541016,
      -14.107748031616211,
      -15.005586624145508
    ],
    [
      -12.904328346252441,
      -11.655252456665039,
      -10.221904754638672,
      -8.106071472167969,
      -7.445801258087158,
      -7.9673261642456055,
      -9.09555721282959,
      -9.993012428283691,
      -10.580087661743164,
      -11.981481552124023,
      -12.780348777770996
    ],
    [
      -14.473029136657715,
      -13.581978797912598,
      -12.75883960723877,
      -11.602867126464844,
      -10.744671821594238,
      -10.638335227966309,
      -10.441964149475098,
      -11.417192459106445,
      -12.244668960571289,
      -13.736034393310547,
      -14.604681015014648
    ],
    [
      -15.804587364196777,
      -14.917654991149902,
      -14.717765808105469,
      -14.005459785461426,
      -13.35180950164795,
      -13.280618667602539,
      -12.132407188415527,
      -12.39286994934082,
      -13.552534103393555,
      -14.644770622253418,
      -15.131397247314453
    ],
    [
      -15.502352714538574,
      -14.362125396728516,
      -13.481475830078125,
      -12.406904220581055,
      -11.53600788116455,
      -12.12022876739502,
      -12.878532409667969,
      -14.204343795776367,
      -15.131331443786621,
      -16.253379821777344,
      -16.840852737426758
    ],
    [
      -15.961400032043457,
      -15.613848686218262,
      -14.332857131958008,
      -13.134647369384766,
      -12.167404174804688,
      -12.672680854797363,
      -12.870952606201172,
      -13.884756088256836,
      -15.494998931884766,
      -16.798952102661133,
      -17.330570220947266
    ],
    [
      -15.764530181884766,
      -15.613058090209961,
      -14.825674057006836,
      -14.082132339477539,
      -13.124393463134766,
      -12.43513011932373,
      -10.660332679748535,
      -12.068618774414062,
      -13.913540840148926,
      -14.566893577575684,
      -14.2382230758667
    ],
    [
      -15.350370407104492,
      -15.597522735595703,
      -14.348750114440918,
      -13.24138355255127,
      -12.280251502990723,
      -12.084239959716797,
      -10.968965530395508,
      -11.673008918762207,
      -13.900162696838379,
      -14.911874771118164,
      -14.997452735900879
    ],
    [
      -15.018123626708984,
      -15.481657981872559,
      -13.713546752929688,
      -11.773554801940918,
      -11.677729606628418,
      -12.620681762695312,
      -13.559846878051758,
      -14.72903060913086,
      -15.54366397857666,
      -16.722984313964844,
      -17.524160385131836
    ],
    [
      -17.006372451782227,
      -17.86126136779785,
      -17.28352928161621,
      -15.838414192199707,
      -14.187705993652344,
      -12.635357856750488,
      -14.322746276855469,
      -15.47437572479248,
      -16.888912200927734,
      -17.735734939575195,
      -17.04080581665039
    ],
    [
      -19.387662887573242,
      -18.761560440063477,
      -18.858226776123047,
      -18.63882064819336,
      -16.489274978637695,
      -15.3749361038208,
      -15.12842845916748,
      -15.949049949645996,
      -17.916046142578125,
      -19.354232788085938,
      -18.220365524291992
    ],
    [
      -19.241222381591797,
      -19.849498748779297,
      -19.745317459106445,
      -18.934083938598633,
      -15.510449409484863,
      -14.252689361572266,
      -15.695531845092773,
      -16.9550838470459,
      -18.43619728088379,
      -18.59343910217285,
      -18.229869842529297
    ],
    [
      -16.058738708496094,
      -18.48740005493164,
      -19.532493591308594,
      -16.396888732910156,
      -13.58232307434082,
      -13.24152660369873,
      -15.646202087402344,
      -17.76184844970703,
      -18.089630126953125,
      -18.94157600402832,
      -18.613666534423828
    ],
    [
      -15.609784126281738,
      -17.446075439453125,
      -17.728042602539062,
      -16.346906661987305,
      -14.754789352416992,
      -15.997771263122559,
      -17.620729446411133,
      -18.86166000366211,
      -17.85257339477539,
      -19.62660026550293,
      -18.03508758544922
    ],
    [
      -16.389802932739258,
      -17.323930740356445,
      -17.82434844970703,
      -16.2696533203125,
      -17.142601013183594,
      -16.906347274780273,
      -18.4592227935791,
      -18.264312744140625,
      -17.90260124206543,
      -18.163522720336914,
      -19.433073043823242
    ],
    [
      -15.851921081542969,
      -17.623212814331055,
      -19.708171844482422,
      -18.12590980529785,
      -18.571611404418945,
      -18.26403045654297,
      -19.940391540527344,
      -18.30836296081543,
      -18.104198455810547,
      -18.198909759521484,
      -19.76643180847168
    ],
    [
      -15.27763843536377,
      -16.75498390197754,
      -18.758007049560547,
      -18.67414665222168,
      -16.489662170410156,
      -17.567279815673828,
      -18.775888442993164,
      -17.654949188232422,
      -17.24378776550293,
      -17.29874610900879,
      -18.79050064086914
    ],
    [
      -17.437305450439453,
      -17.287046432495117,
      -18.603879928588867,
      -18.647750854492188,
      -16.413375854492188,
      -17.742883682250977,
      -19.54438591003418,
      -17.991130828857422,
      -18.057409286499023,
      -19.36284828186035,
      -20.881120681762695
    ],
    [
      -20.184627532958984,
      -20.35787010192871,
      -20.879487991333008,
      -21.350324630737305,
      -18.88851547241211,
      -20.154346466064453,
      -21.802223205566406,
      -21.526927947998047,
      -21.026403427124023,
      -21.56551170349121,
      -19.593128204345703
    ],
    [
      -19.756052017211914,
      -20.9836368560791,
      -21.626996994018555,
      -21.953004837036133,
      -21.043243408203125,
      -21.235416412353516,
      -23.16787338256836,
      -21.980304718017578,
      -23.17157745361328,
      -23.483379364013672,
      -23.938230514526367
    ],
    [
      -21.158430099487305,
      -22.65324592590332,
      -21.059677124023438,
      -22.47311019897461,
      -20.98628807067871,
      -21.138870239257812,
      -24.163692474365234,
      -21.561342239379883,
      -23.573787689208984,
      -24.37957000732422,
      -26.515695571899414
    ],
    [
      -23.98845863342285,
      -22.113773345947266,
      -23.13984489440918,
      -23.932762145996094,
      -22.704378128051758,
      -21.412473678588867,
      -23.173246383666992,
      -23.867023468017578,
      -23.879915237426758,
      -23.336576461791992,
      -23.71942138671875
    ],
    [
      -24.835710525512695,
      -22.786991119384766,
      -22.867406845092773,
      -23.170854568481445,
      -22.742029190063477,
      -20.978450775146484,
      -22.91323471069336,
      -23.8599853515625,
      -23.67679214477539,
      -23.635549545288086,
      -24.258848190307617
    ],
    [
      -44.18239212036133,
      -25.16330337524414,
      -25.11986541748047,
      -24.458208084106445,
      -24.499610900878906,
      -23.646726608276367,
      -24.98041534423828,
      -25.00663185119629,
      -25.260662078857422,
      -25.837900161743164,
      -26.125905990600586
    ],
    [
      -26.754343032836914,
      -25.923139572143555,
      -26.354026794433594,
      -25.104825973510742,
      -25.084228515625,
      -25.43799591064453,
      -26.004911422729492,
      -26.0965518951416,
      -26.02483558654785,
      -26.91927146911621,
      -25.19879913330078
    ],
    [
      -33.48784637451172,
      -26.994823455810547,
      -27.292373657226562,
      -27.281728744506836,
      -26.844526290893555,
      -26.36863899230957,
      -28.916053771972656,
      -28.50786590576172,
      -27.283531188964844,
      -28.307443618774414,
      -28.079586029052734
    ],
    [
      -35.09722900390625,
      -26.000289916992188,
      -26.878896713256836,
      -26.98746681213379,
      -27.76154327392578,
      -28.013530731201172,
      -30.274232864379883,
      -28.796171188354492,
      -28.373443603515625,
      -28.195642471313477,
      -27.6746768951416
    ],
    [
      -30.808942794799805,
      -26.546630859375,
      -26.978473663330078,
      -27.805957794189453,
      -28.212139129638672,
      -28.139705657958984,
      -30.37307357788086,
      -28.542123794555664,
      -27.765220642089844,
      -27.139022827148438,
      -31.819759368896484
    ],
    [
      -36.14219665527344,
      -29.194520950317383,
      -28.34270477294922,
      -28.84352684020996,
      -29.29525375366211,
      -27.65390968322754,
      -28.422100067138672,
      -29.632837295532227,
      -28.494186401367188,
      -28.17560386657715,
      -370
    ],
    [
      -34.52466583251953,
      -30.51757049560547,
      -28.911890029907227,
      -29.580520629882812,
      -29.521194458007812,
      -27.222692489624023,
      -27.136730194091797,
      -30.594602584838867,
      -30.192026138305664,
      -30.353744506835938,
      -26.91766929626465
    ],
    [
      -370,
      -30.713518142700195,
      -30.329736709594727,
      -30.30565071105957,
      -30.64072036743164,
      -27.10947036743164,
      -29.8759822845459,
      -32.76813888549805,
      -31.05732536315918,
      -30.504228591918945,
      -370
    ],
    [
      -32.163970947265625,
      -30.825538635253906,
      -30.235431671142578,
      -31.370393753051758,
      -31.180095672607422,
      -27.547792434692383,
      -31.820518493652344,
      -34.84385681152344,
      -32.530052185058594,
      -31.013776779174805,
      -370
    ],
    [
      -370,
      -38.93128967285156,
      -36.10043716430664,
      -34.188838958740234,
      -32.967071533203125,
      -27.814083099365234,
      -32.9269905090332,
      -38.265907287597656,
      -39.38926315307617,
      -35.45047378540039,
      -370
    ],
    [
      -56.318397521972656,
      -52.308631896972656,
      -38.07419204711914,
      -36.56817626953125,
      -34.453983306884766,
      -28.461881637573242,
      -31.593914031982422,
      -30.108823776245117,
      -33.877620697021484,
      -34.91239929199219,
      -370
    ],
    [
      -370,
      -44.54067611694336,
      -40.72843551635742,
      -39.08203887939453,
      -37.081504821777344,
      -30.799623489379883,
      -32.438175201416016,
      -28.48244857788086,
      -35.13441848754883,
      -30.556713104248047,
      -370
    ],
    [
      -370,
      -40.8866081237793,
      -41.742919921875,
      -39.901451110839844,
      -38.18948745727539,
      -32.33942794799805,
      -35.7042121887207,
      -33.73260498046875,
      -34.972999572753906,
      -31.91758918762207,
      -47.814884185791016
    ],
    [
      -370,
      -41.34922409057617,
      -44.22675704956055,
      -42.00471115112305,
      -39.47135925292969,
      -34.837833404541016,
      -38.96824264526367,
      -37.415870666503906,
      -35.66295623779297,
      -31.337331771850586,
      -32.98896026611328
    ],
    [
      -370,
      -46.1496467590332,
      -44.62786865234375,
      -42.70355224609375,
      -41.05862808227539,
      -37.67488479614258,
      -40.13762664794922,
      -38.57072067260742,
      -35.52488327026367,
      -34.084251403808594,
      -370
    ],
    [
      -370,
      -45.75469970703125,
      -43.244136810302734,
      -44.07862091064453,
      -43.94237518310547,
      -39.41836166381836,
      -38.27370071411133,
      -34.75822830200195,
      -38.28948211669922,
      -34.94624710083008,
      -370
    ],
    [
      -49.16056823730469,
      -44.91059112548828,
      -43.645912170410156,
      -44.01829147338867,
      -43.63270950317383,
      -42.03824996948242,
      -42.61793518066406,
      -40.35658645629883,
      -41.9911994934082,
      -38.83686828613281,
      -41.64159393310547
    ],
    [
      -370,
      -46.11106872558594,
      -44.45554733276367,
      -44.182411193847656,
      -44.47528839111328,
      -44.744110107421875,
      -46.23273849487305,
      -44.32966613769531,
      -42.11224365234375,
      -38.860748291015625,
      -39.81499099731445
    ]
  ],
  "histogram": [
    {
      "db": -70,
      "frequency": 0
    },
    {
      "db": -69,
      "frequency": 0
    },
    {
      "db": -68,
      "frequency": 1
    },
    {
      "db": -67,
      "frequency": 1
    },
    {
      "db": -66,
      "frequency": 6
    },
    {
      "db": -65,
      "frequency": 35
    },
    {
      "db": -64,
      "frequency": 13
    },
    {
      "db": -63,
      "frequency": 2
    },
    {
      "db": -62,
      "frequency": 1
    },
    {
      "db": -61,
      "frequency": 1
    },
    {
      "db": -60,
      "frequency": 1
    },
    {
      "db": -59,
      "frequency": 1
    },
    {
      "db": -58,
      "frequency": 1
    },
    {
      "db": -57,
      "frequency": 12
    },
    {
      "db": -56,
      "frequency": 3
    },
    {
      "db": -55,
      "frequency": 3
    },
    {
      "db": -54,
      "frequency": 2
    },
    {
      "db": -53,
      "frequency": 4
    },
    {
      "db": -52,
      "frequency": 1
    },
    {
      "db": -51,
      "frequency": 5
    },
    {
      "db": -50,
      "frequency": 5
    },
    {
      "db": -49,
      "frequency": 1
    },
    {
      "db": -48,
      "frequency": 4
    },
    {
      "db": -47,
      "frequency": 5
    },
    {
      "db": -46,
      "frequency": 5
    },
    {
      "db": -45,
      "frequency": 5
    },
    {
      "db": -44,
      "frequency": 4
    },
    {
      "db": -43,
      "frequency": 1
    },
    {
      "db": -42,
      "frequency": 5
    },
    {
      "db": -41,
      "frequency": 5
    },
    {
      "db": -40,
      "frequency": 5
    },
    {
      "db": -39,
      "frequency": 5
    },
    {
      "db": -38,
      "frequency": 5
    },
    {
      "db": -37,
      "frequency": 5
    },
    {
      "db": -36,
      "frequency": 8
    },
    {
      "db": -35,
      "frequency": 5
    },
    {
      "db": -34,
      "frequency": 12
    },
    {
      "db": -33,
      "frequency": 5
    },
    {
      "db": -32,
      "frequency": 0
    },
    {
      "db": -31,
      "frequency": 3
    },
    {
      "db": -30,
      "frequency": 1
    },
    {
      "db": -29,
      "frequency": 2
    },
    {
      "db": -28,
      "frequency": 4
    },
    {
      "db": -27,
      "frequency": 22
    },
    {
      "db": -26,
      "frequency": 12
    },
    {
      "db": -25,
      "frequency": 13
    },
    {
      "db": -24,
      "frequency": 10
    },
    {
      "db": -23,
      "frequency": 2
    },
    {
      "db": -22,
      "frequency": 6
    },
    {
      "db": -21,
      "frequency": 7
    },
    {
      "db": -20,
      "frequency": 6
    },
    {
      "db": -19,
      "frequency": 1
    },
    {
      "db": -18,
      "frequency": 5
    },
    {
      "db": -17,
      "frequency": 13
    },
    {
      "db": -16,
      "frequency": 15
    },
    {
      "db": -15,
      "frequency": 15
    },
    {
      "db": -14,
      "frequency": 22
    },
    {
      "db": -13,
      "frequency": 81
    },
    {
      "db": -12,
      "frequency": 69
    },
    {
      "db": -11,
      "frequency": 184
    },
    {
      "db": -10,
      "frequency": 519
    },
    {
      "db": -9,
      "frequency": 666
    },
    {
      "db": -8,
      "frequency": 358
    },
    {
      "db": -7,
      "frequency": 345
    },
    {
      "db": -6,
      "frequency": 248
    },
    {
      "db": -5,
      "frequency": 185
    },
    {
      "db": -4,
      "frequency": 45
    },
    {
      "db": -3,
      "frequency": 0
    },
    {
      "db": -2,
      "frequency": 0
    },
    {
      "db": -1,
      "frequency": 0
    },
    {
      "db": 0,
      "frequency": 0
    },
    {
      "db": 1,
      "frequency": 0
    },
    {
      "db": 2,
      "frequency": 0
    },
    {
      "db": 3,
      "frequency": 0
    },
    {
      "db": 4,
      "frequency": 0
    },
    {
      "db": 5,
