{
  "acoustic_entropy": 189.4078369140625,
  "bands": [
    {
      "high_freq": 148.1999969482422,
      "loudness": -20.55141830444336,
      "loudness_range": 9.954580307006836,
      "mid_mean": -17.17879867553711,
      "mid_to_side_loudness": -15.153776168823242,
      "mid_to_side_loudness_range": 11.403717994689941,
      "side_mean": -32.26044845581055
    },
    {
      "high_freq": 392.3793640136719,
      "loudness": -20.272014617919922,
      "loudness_range": 8.267901420593262,
      "low_freq": 148.1999969482422,
      "mid_mean": -17.100460052490234,
      "mid_to_side_loudness": -10.209477424621582,
      "mid_to_side_loudness_range": 7.234224319458008,
      "side_mean": -27.151411056518555
    },
    {
      "high_freq": 794.6976318359375,
      "loudness": -21.337987899780273,
      "loudness_range": 10.618003845214844,
      "low_freq": 392.3793640136719,
      "mid_mean": -18.20220184326172,
      "mid_to_side_loudness": -9.520003318786621,
      "mid_to_side_loudness_range": 7.185144901275635,
      "side_mean": -27.760419845581055
    },
    {
      "high_freq": 1457.5709228515625,
      "loudness": -24.64912986755371,
      "loudness_range": 12.387157440185547,
      "low_freq": 794.6976318359375,
      "mid_mean": -21.607112884521484,
      "mid_to_side_loudness": -9.298184394836426,
      "mid_to_side_loudness_range": 8.417482376098633,
      "side_mean": -30.697040557861328
    },
    {
      "high_freq": 2549.74365234375,
      "loudness": -22.64506721496582,
      "loudness_range": 9.965503692626953,
      "low_freq": 1457.5709228515625,
      "mid_mean": -19.629491806030273,
      "mid_to_side_loudness": -9.348799705505371,
      "mid_to_side_loudness_range": 9.592594146728516,
      "side_mean": -28.70009994506836
    },
    {
      "high_freq": 4349.24462890625,
      "loudness": -25.514863967895508,
      "loudness_range": 10.56981086730957,
      "low_freq": 2549.74365234375,
      "mid_mean": -22.54412841796875,
      "mid_to_side_loudness": -8.545190811157227,
      "mid_to_side_loudness_range": 8.742198944091797,
      "side_mean": -31.043773651123047
    },
    {
      "high_freq": 7314.1640625,
      "loudness": -34.47332000732422,
      "loudness_range": 17.703630447387695,
      "low_freq": 4349.24462890625,
      "mid_mean": -31.961231231689453,
      "mid_to_side_loudness": -6.136966705322266,
      "mid_to_side_loudness_range": 8.789823532104492,
      "side_mean": -38.00223159790039
    },
    {
      "high_freq": 12199.2666015625,
      "loudness": -38.12588119506836,
      "loudness_range": 21.883041381835938,
      "low_freq": 7314.1640625,
      "mid_mean": -36.00614929199219,
      "mid_to_side_loudness": -5.43871545791626,
      "mid_to_side_loudness_range": 11.0479736328125,
      "side_mean": -41.80652618408203
    },
    {
      "loudness": -45.15201950073242,
      "loudness_range": 19.285533905029297,
      "low_freq": 12199.2666015625,
      "mid_mean": -43.419673919677734,
      "mid_to_side_loudness": -3.8822684288024902,
      "mid_to_side_loudness_range": 9.305346488952637,
      "side_mean": -49.413360595703125
    }
  ],
  "bands_short": [
    {
      "high_freq": 148.1999969482422,
      "loudness": -25.245655059814453,
      "loudness_range": 20.9623966217041,
      "mid_mean": -21.973485946655273,
      "mid_to_side_loudness": -15.271339416503906,
      "mid_to_side_loudness_range": 19.900440216064453,
      "side_mean": -37.36434555053711
    },
    {
      "high_freq": 392.3793640136719,
      "loudness": -19.95915412902832,
      "loudness_range": 11.00634765625,
      "low_freq": 148.1999969482422,
      "mid_mean": -16.77637481689453,
      "mid_to_side_loudness": -10.93901252746582,
      "mid_to_side_loudness_range": 11.655267715454102,
      "side_mean": -27.351545333862305
    },
    {
      "high_freq": 794.6976318359375,
      "loudness": -22.175640106201172,
      "loudness_range": 13.19746208190918,
      "low_freq": 392.3793640136719,
      "mid_mean": -19.115814208984375,
      "mid_to_side_loudness": -9.858304977416992,
      "mid_to_side_loudness_range": 11.458703994750977,
      "side_mean": -28.706533432006836
    },
    {
      "high_freq": 1457.5709228515625,
      "loudness": -24.831207275390625,
      "loudness_range": 14.88566780090332,
      "low_freq": 794.6976318359375,
      "mid_mean": -21.840978622436523,
      "mid_to_side_loudness": -9.948907852172852,
      "mid_to_side_loudness_range": 12.487506866455078,
      "side_mean": -31.42667579650879
    },
    {
      "high_freq": 2549.74365234375,
      "loudness": -23.361061096191406,
      "loudness_range": 13.385894775390625,
      "low_freq": 1457.5709228515625,
      "mid_mean": -20.34825897216797,
      "mid_to_side_loudness": -10.082075119018555,
      "mid_to_side_loudness_range": 12.424908638000488,
      "side_mean": -29.94527244567871
    },
    {
      "high_freq": 4349.24462890625,
      "loudness": -26.205053329467773,
      "loudness_range": 14.400793075561523,
      "low_freq": 2549.74365234375,
      "mid_mean": -23.240745544433594,
      "mid_to_side_loudness": -9.136590957641602,
      "mid_to_side_loudness_range": 11.59417724609375,
      "side_mean": -32.29309844970703
    },
    {
      "high_freq": 7314.1640625,
      "loudness": -36.117855072021484,
      "loudness_range": 22.5518741607666,
      "low_freq": 4349.24462890625,
      "mid_mean": -33.652706146240234,
      "mid_to_side_loudness": -6.564790725708008,
      "mid_to_side_loudness_range": 11.113197326660156,
      "side_mean": -40.13654327392578
    },
    {
      "high_freq": 12199.2666015625,
      "loudness": -40.035316467285156,
      "loudness_range": 27.136369705200195,
      "low_freq": 7314.1640625,
      "mid_mean": -38.33378219604492,
      "mid_to_side_loudness": -5.5886311531066895,
      "mid_to_side_loudness_range": 12.52209186553955,
      "side_mean": -44.775177001953125
    },
    {
      "loudness": -47.76061248779297,
      "loudness_range": 26.364959716796875,
      "low_freq": 12199.2666015625,
      "mid_mean": -49.54128646850586,
      "mid_to_side_loudness": -4.436066150665283,
      "mid_to_side_loudness_range": 11.753561973571777,
      "side_mean": -53.680599212646484
    }
  ],
  "bandwidth": 577.0045166015625,
  "channels": 2,
  "covariance": [
    [
      23.75294303894043,
      14.265690803527832,
      12.31756591796875,
      13.085229873657227,
      10.085220336914062,
      13.454448699951172,
      9.740179061889648,
      11.368515968322754,
      8.233987808227539,
      11.229619979858398,
      8.463447570800781,
      12.071386337280273,
      12.013664245605469,
      13.819435119628906,
      10.565665245056152,
      13.108924865722656,
      13.588607788085938,
      20.511625289916992
    ],
    [
      14.265690803527832,
      22.662607192993164,
      9.980226516723633,
      12.982958793640137,
      9.402375221252441,
      13.923079490661621,
      8.426218032836914,
      11.791648864746094,
      7.252810001373291,
      11.375792503356934,
      7.557684421539307,
      12.358562469482422,
      11.767596244812012,
      13.220405578613281,
      13.127631187438965,
      13.817605018615723,
      13.600125312805176,
      13.67786693572998
    ],
    [
      12.31756591796875,
      9.980226516723633,
      16.890644073486328,
      13.95544719696045,
      10.520477294921875,
      13.069631576538086,
      10.87221908569336,
      13.60783576965332,
      7.146450519561768,
      12.03724193572998,
      9.093684196472168,
      13.317991256713867,
      14.411306381225586,
      15.6039400100708,
      13.697864532470703,
      15.337076187133789,
      14.360506057739258,
      18.06622886657715
    ],
    [
      13.085229873657227,
      12.982958793640137,
      13.95544719696045,
      20.64031410217285,
      12.811151504516602,
      16.608552932739258,
      13.49526596069336,
      18.26763343811035,
      9.700066566467285,
      15.437952995300293,
      10.12294864654541,
      16.66901397705078,
      16.450950622558594,
      18.865510940551758,
      17.14614486694336,
      19.12430191040039,
      17.062469482421875,
      16.90098762512207
    ],
    [
      10.085220336914062,
      9.402375221252441,
      10.520477294921875,
      12.811151504516602,
      19.350826263427734,
      16.934831619262695,
      13.960529327392578,
      15.671904563903809,
      9.805405616760254,
      12.83292293548584,
      12.38544750213623,
      14.470574378967285,
      16.48054313659668,
      16.855213165283203,
      17.324861526489258,
      17.257871627807617,
      15.77182674407959,
      14.535900115966797
    ],
    [
      13.454448699951172,
      13.923079490661621,
      13.069631576538086,
      16.608552932739258,
      16.934831619262695,
      23.393707275390625,
      14.729366302490234,
      19.3696346282959,
      10.774282455444336,
      16.89432716369629,
      13.037276268005371,
      18.750051498413086,
      19.495452880859375,
      20.940027236938477,
      21.078563690185547,
      22.052698135375977,
      21.063825607299805,
      19.193811416625977
    ],
    [
      9.740179061889648,
      8.426218032836914,
      10.87221908569336,
      13.49526596069336,
      13.960529327392578,
      14.729366302490234,
      24.76420783996582,
      20.198890686035156,
      13.179364204406738,
      13.380043029785156,
      13.366677284240723,
      14.529755592346191,
      16.432167053222656,
      17.746498107910156,
      14.81721019744873,
      17.934898376464844,
      14.828326225280762,
      16.892841339111328
    ],
    [
      11.368515968322754,
      11.791648864746094,
      13.60783576965332,
      18.26763343811035,
      15.671904563903809,
      19.3696346282959,
      20.198890686035156,
      27.120349884033203,
      13.926069259643555,
      19.668088912963867,
      14.292391777038574,
      20.920652389526367,
      20.407201766967773,
      23.813398361206055,
      19.943849563598633,
      23.812414169311523,
      20.78717613220215,
      20.714618682861328
    ],
    [
      8.233987808227539,
      7.252810001373291,
      7.146450519561768,
      9.700066566467285,
      9.805405616760254,
      10.774282455444336,
      13.179364204406738,
      13.926069259643555,
      19.932605743408203,
      13.441287994384766,
      13.692004203796387,
      12.42794132232666,
      12.911503791809082,
      13.78671932220459,
      10.112565994262695,
      13.591900825500488,
      12.138944625854492,
      16.249160766601562
    ],
    [
      11.229619979858398,
      11.375792503356934,
      12.03724193572998,
      15.437952995300293,
      12.83292293548584,
      16.89432716369629,
      13.380043029785156,
      19.668088912963867,
      13.441287994384766,
      20.713895797729492,
      13.605081558227539,
      20.17411231994629,
      18.32599449157715,
      20.96902847290039,
      16.605140686035156,
      21.091760635375977,
      19.365802764892578,
      19.97962188720703
    ],
    [
      8.463447570800781,
      7.557684421539307,
      9.093684196472168,
      10.12294864654541,
      12.38544750213623,
      13.037276268005371,
      13.366677284240723,
      14.292391777038574,
      13.692004203796387,
      13.605081558227539,
      21.258316040039062,
      16.672996520996094,
      19.192167282104492,
      17.919511795043945,
      16.92022132873535,
      18.144227981567383,
      17.52345085144043,
      17.0937557220459
    ],
    [
      12.071386337280273,
      12.358562469482422,
      13.317991256713867,
      16.66901397705078,
      14.470574378967285,
      18.750051498413086,
      14.529755592346191,
      20.920652389526367,
      12.42794132232666,
      20.17411231994629,
      16.672996520996094,
      25.396499633789062,
      24.086769104003906,
      27.65821647644043,
      23.040666580200195,
      27.356359481811523,
      23.936548233032227,
      23.895397186279297
    ],
    [
      12.013664245605469,
      11.767596244812012,
      14.411306381225586,
      16.450950622558594,
      16.48054313659668,
      19.495452880859375,
      16.432167053222656,
      20.407201766967773,
      12.911503791809082,
      18.32599449157715,
      19.192167282104492,
      24.086769104003906,
      44.62144470214844,
      38.4702262878418,
      46.95452880859375,
      39.22825622558594,
      39.37571334838867,
      33.25822448730469
    ],
    [
      13.819435119628906,
      13.220405578613281,
      15.6039400100708,
      18.865510940551758,
      16.855213165283203,
      20.940027236938477,
      17.746498107910156,
      23.813398361206055,
      13.78671932220459,
      20.96902847290039,
      17.919511795043945,
      27.65821647644043,
      38.4702262878418,
      45.350765228271484,
      39.242366790771484,
      42.81707763671875,
      36.488529205322266,
      39.3468017578125
    ],
    [
      10.565665245056152,
      13.127631187438965,
      13.697864532470703,
      17.14614486694336,
      17.324861526489258,
      21.078563690185547,
      14.81721019744873,
      19.943849563598633,
      10.112565994262695,
      16.605140686035156,
      16.92022132873535,
      23.040666580200195,
      46.95452880859375,
      39.242366790771484,
      69.45174407958984,
      45.813716888427734,
      52.539886474609375,
      33.210113525390625
    ],
    [
      13.108924865722656,
      13.817605018615723,
      15.337076187133789,
      19.12430191040039,
      17.257871627807617,
      22.052698135375977,
      17.934898376464844,
      23.812414169311523,
      13.591900825500488,
      21.091760635375977,
      18.144227981567383,
      27.356359481811523,
      39.22825622558594,
      42.81707763671875,
      45.813716888427734,
      47.580257415771484,
      43.26531219482422,
      39.22593688964844
    ],
    [
      13.588607788085938,
      13.600125312805176,
      14.360506057739258,
      17.062469482421875,
      15.77182674407959,
      21.063825607299805,
      14.828326225280762,
      20.78717613220215,
      12.138944625854492,
      19.365802764892578,
      17.52345085144043,
      23.936548233032227,
      39.37571334838867,
      36.488529205322266,
      52.539886474609375,
      43.26531219482422,
      57.257850646972656,
      42.5306396484375
    ],
    [
      20.511625289916992,
      13.67786693572998,
      18.06622886657715,
      16.90098762512207,
      14.535900115966797,
      19.193811416625977,
      16.892841339111328,
      20.714618682861328,
      16.249160766601562,
      19.97962188720703,
      17.0937557220459,
      23.895397186279297,
      33.25822448730469,
      39.3468017578125,
      33.210113525390625,
      39.22593688964844,
      42.5306396484375,
      78.92084503173828
    ]
  ],
  "covariance_short": [
    [
      53.589111328125,
      22.0911808013916,
      15.33224868774414,
      17.983137130737305,
      13.020923614501953,
      17.11800765991211,
      11.792586326599121,
      16.491727828979492,
      10.342276573181152,
      16.387662887573242,
      11.47167682647705,
      19.179821014404297,
      18.59014320373535,
      22.68993377685547,
      20.77804183959961,
      22.248414993286133,
      31.24088478088379,
      26.226408004760742
    ],
    [
      22.0911808013916,
      39.66843795776367,
      11.9913911819458,
      17.27104377746582,
      12.46878719329834,
      16.25750160217285,
      10.679176330566406,
      14.915874481201172,
      9.271564483642578,
      14.83478832244873,
      10.052818298339844,
      17.731985092163086,
      16.61937141418457,
      20.381383895874023,
      18.28219985961914,
      19.816410064697266,
      23.364503860473633,
      19.17540740966797
    ],
    [
      15.33224868774414,
      11.9913911819458,
      22.52681541442871,
      16.252513885498047,
      13.097969055175781,
      15.251875877380371,
      11.49859619140625,
      16.40202522277832,
      8.570490837097168,
      15.143288612365723,
      10.412580490112305,
      16.21449089050293,
      15.512681007385254,
      18.782026290893555,
      16.934036254882812,
      20.14516830444336,
      25.943941116333008,
      22.992080688476562
    ],
    [
      17.983137130737305,
      17.27104377746582,
      16.252513885498047,
      30.148096084594727,
      16.875307083129883,
      23.074649810791016,
      14.696656227111816,
      25.274866104125977,
      10.479842185974121,
      20.596521377563477,
      11.518439292907715,
      22.222497940063477,
      18.313011169433594,
      22.713361740112305,
      20.665699005126953,
      23.43744468688965,
      28.56247329711914,
      24.985149383544922
    ],
    [
      13.020923614501953,
      12.46878719329834,
      13.097969055175781,
      16.875307083129883,
      28.960947036743164,
      22.997329711914062,
      16.611431121826172,
      21.81407356262207,
      12.561875343322754,
      18.405399322509766,
      15.738323211669922,
      20.463531494140625,
      20.13852882385254,
      22.80933952331543,
      23.010311126708984,
      24.15019416809082,
      28.662118911743164,
      24.06847381591797
    ],
    [
      17.11800765991211,
      16.25750160217285,
      15.251875877380371,
      23.074649810791016,
      22.997329711914062,
      37.10028076171875,
      17.488758087158203,
      30.093505859375,
      12.419427871704102,
      25.483051300048828,
      16.088685989379883,
      26.878198623657227,
      24.491193771362305,
      27.376497268676758,
      28.095401763916016,
      28.109302520751953,
      34.63722229003906,
      29.291431427001953
    ],
    [
      11.792586326599121,
      10.679176330566406,
      11.49859619140625,
      14.696656227111816,
      16.611431121826172,
      17.488758087158203,
      33.85845947265625,
      25.927095413208008,
      17.17815589904785,
      17.08424186706543,
      18.190542221069336,
      19.71457862854004,
      20.750247955322266,
      24.33261489868164,
      20.975418090820312,
      25.199655532836914,
      27.941911697387695,
      25.63355827331543
    ],
    [
      16.491727828979492,
      14.915874481201172,
      16.40202522277832,
      25.274866104125977,
      21.81407356262207,
      30.093505859375,
      25.927095413208008,
      44.49200439453125,
      17.642410278320312,
      30.941194534301758,
      19.162078857421875,
      31.13541603088379,
      27.196460723876953,
      32.65570068359375,
      28.099685668945312,
      32.29566955566406,
      36.662635803222656,
      35.278995513916016
    ],
    [
      10.342276573181152,
      9.271564483642578,
      8.570490837097168,
      10.479842185974121,
      12.561875343322754,
      12.419427871704102,
      17.17815589904785,
      17.642410278320312,
      28.407297134399414,
      19.53800392150879,
      19.330595016479492,
      18.06840705871582,
      17.998952865600586,
      19.939533233642578,
      15.0591402053833,
      20.554973602294922,
      24.86937141418457,
      24.01647186279297
    ],
    [
      16.387662887573242,
      14.83478832244873,
      15.143288612365723,
      20.596521377563477,
      18.405399322509766,
      25.483051300048828,
      17.08424186706543,
      30.941194534301758,
      19.53800392150879,
      36.54911422729492,
      19.481719970703125,
      32.07134246826172,
      26.990983963012695,
      31.69830322265625,
      25.11241912841797,
      31.112619400024414,
      34.41223907470703,
      34.45307159423828
    ],
    [
      11.47167682647705,
      10.052818298339844,
      10.412580490112305,
      11.518439292907715,
      15.738323211669922,
      16.088685989379883,
      18.190542221069336,
      19.162078857421875,
      19.330595016479492,
      19.481719970703125,
      32.18797302246094,
      24.845657348632812,
      26.574459075927734,
      26.036544799804688,
      24.475948333740234,
      26.506345748901367,
      32.04580307006836,
      27.877893447875977
    ],
    [
      19.179821014404297,
      17.731985092163086,
      16.21449089050293,
      22.222497940063477,
      20.463531494140625,
      26.878198623657227,
      19.71457862854004,
      31.13541603088379,
      18.06840705871582,
      32.07134246826172,
      24.845657348632812,
      42.45124435424805,
      34.99713134765625,
      43.249732971191406,
      34.76613998413086,
      42.04737854003906,
      43.95416259765625,
      43.3331413269043
    ],
    [
      18.59014320373535,
      16.61937141418457,
      15.512681007385254,
      18.313011169433594,
      20.13852882385254,
      24.491193771362305,
      20.750247955322266,
      27.196460723876953,
      17.998952865600586,
      26.990983963012695,
      26.574459075927734,
      34.99713134765625,
      64.39266204833984,
      58.0561408996582,
      67.1223373413086,
      62.78494644165039,
      74.3372573852539,
      61.149436950683594
    ],
    [
      22.68993377685547,
      20.381383895874023,
      18.782026290893555,
      22.713361740112305,
      22.80933952331543,
      27.376497268676758,
      24.33261489868164,
      32.65570068359375,
      19.939533233642578,
      31.69830322265625,
      26.036544799804688,
      43.249732971191406,
      58.0561408996582,
      75.5917739868164,
      61.988563537597656,
      76.21739196777344,
      74.55693054199219,
      76.02764892578125
    ],
    [
      20.77804183959961,
      18.28219985961914,
      16.934036254882812,
      20.665699005126953,
      23.010311126708984,
      28.095401763916016,
      20.975418090820312,
      28.099685668945312,
      15.0591402053833,
      25.11241912841797,
      24.475948333740234,
      34.76613998413086,
      67.1223373413086,
      61.988563537597656,
      105.79889678955078,
      79.7967529296875,
      98.95585632324219,
      71.8282699584961
    ],
    [
      22.248414993286133,
      19.816410064697266,
      20.14516830444336,
      23.43744468688965,
      24.15019416809082,
      28.109302520751953,
      25.199655532836914,
      32.29566955566406,
      20.554973602294922,
      31.112619400024414,
      26.506345748901367,
      42.04737854003906,
      62.78494644165039,
      76.21739196777344,
      79.7967529296875,
      94.69222259521484,
      91.8692626953125,
      88.53802490234375
    ],
    [
      31.24088478088379,
      23.364503860473633,
      25.943941116333008,
      28.56247329711914,
      28.662118911743164,
      34.63722229003906,
      27.941911697387695,
      36.662635803222656,
      24.86937141418457,
      34.41223907470703,
      32.04580307006836,
      43.95416259765625,
      74.3372573852539,
      74.55693054199219,
      98.95585632324219,
      91.8692626953125,
      140.38780212402344,
      113.40445709228516
    ],
    [
      26.226408004760742,
      19.17540740966797,
      22.992080688476562,
      24.985149383544922,
      24.06847381591797,
      29.291431427001953,
      25.63355827331543,
      35.278995513916016,
      24.01647186279297,
      34.45307159423828,
      27.877893447875977,
      43.3331413269043,
      61.149436950683594,
      76.02764892578125,
      71.8282699584961,
      88.53802490234375,
      113.40445709228516,
      112.89463806152344
    ]
  ],
  "damage": -5.637898921966553,
  "diff_bandwidth": 593.3128051757812,
  "dissonance": 8.938434479788235,
  "drr": 13.252969741821289,
  "dynamics": 2.665069341659546,
  "format": 65538,
  "frames": 13413456,
  "freq_pan_to_db": [
    [
      -24.1146240234375,
      -22.35257339477539,
      -19.751787185668945,
      -17.048723220825195,
      -14.348374366760254,
      -15.510476112365723,
      -17.911802291870117,
      -19.36583137512207,
      -20.313434600830078,
      -22.40306854248047,
      -23.80095672607422
    ],
    [
      -16.85068702697754,
      -15.27154541015625,
      -13.175643920898438,
      -11.39797306060791,
      -7.968570232391357,
      -7.603776454925537,
      -11.238259315490723,
      -12.656204223632812,
      -14.332852363586426,
      -15.675939559936523,
      -16.883655548095703
    ],
    [
      -14.896598815917969,
      -13.46471118927002,
      -11.931673049926758,
      -9.805810928344727,
      -8.520672798156738,
      -8.927330017089844,
      -10.355714797973633,
      -11.38045883178711,
      -12.198521614074707,
      -13.749788284301758,
      -14.706613540649414
    ],
    [
      -16.339527130126953,
      -15.271905899047852,
      -14.274402618408203,
      -13.217460632324219,
      -11.90185260772705,
      -11.761425018310547,
      -11.731844902038574,
      -12.855229377746582,
      -14.238093376159668,
      -15.510135650634766,
      -16.445972442626953
    ],
    [
      -17.300270080566406,
      -17.264896392822266,
      -16.099740982055664,
      -15.37914752960205,
      -14.799346923828125,
      -14.533365249633789,
      -13.213146209716797,
      -14.121469497680664,
      -15.192120552062988,
      -16.509794235229492,
      -16.892770767211914
    ],
    [
      -17.860910415649414,
      -16.907224655151367,
      -15.37585735321045,
      -14.125648498535156,
      -12.989213943481445,
      -13.426604270935059,
      -14.539528846740723,
      -16.03639030456543,
      -17.321090698242188,
      -18.368194580078125,
      -19.074411392211914
    ],
    [
      -18.749744415283203,
      -17.88144302368164,
      -16.588808059692383,
      -15.119551658630371,
      -13.597762107849121,
      -14.03663158416748,
      -14.52237606048584,
      -16.123451232910156,
      -17.83803939819336,
      -18.904842376708984,
      -19.9422550201416
    ],
    [
      -17.776588439941406,
      -18.08315658569336,
      -17.3761043548584,
      -16.23434829711914,
      -14.854769706726074,
      -13.828484535217285,
      -12.132453918457031,
      -14.347770690917969,
      -16.321435928344727,
      -16.47515106201172,
      -16.98388671875
    ],
    [
      -18.487150192260742,
      -17.709304809570312,
      -17.240768432617188,
      -15.604737281799316,
      -14.221070289611816,
      -13.65502643585205,
      -12.423832893371582,
      -14.394580841064453,
      -16.754806518554688,
      -17.493925094604492,
      -17.963848114013672
    ],
    [
      -17.624042510986328,
      -19.00461769104004,
      -16.926145553588867,
      -14.314886093139648,
      -13.245869636535645,
      -14.48791790008545,
      -15.662129402160645,
      -16.996477127075195,
      -18.139324188232422,
      -20.047082901000977,
      -21.532148361206055
    ],
    [
      -20.08804702758789,
      -20.925174713134766,
      -20.166095733642578,
      -18.730838775634766,
      -16.438888549804688,
      -14.817776679992676,
      -16.67293930053711,
      -18.209762573242188,
      -19.937265396118164,
      -20.516803741455078,
      -20.197776794433594
    ],
    [
      -22.082353591918945,
      -22.238460540771484,
      -21.649446487426758,
      -21.007272720336914,
      -19.13064193725586,
      -17.644908905029297,
      -17.449350357055664,
      -18.87085723876953,
      -21.360055923461914,
      -21.86812973022461,
      -24.131858825683594
    ],
    [
      -21.265968322753906,
      -23.55167579650879,
      -23.857463836669922,
      -21.51810073852539,
      -18.3192138671875,
      -16.876493453979492,
      -18.40054702758789,
      -20.05254554748535,
      -21.236431121826172,
      -21.834871292114258,
      -21.43865966796875
    ],
    [
      -19.415260314941406,
      -22.527925491333008,
      -21.52562141418457,
      -19.505386352539062,
      -16.356430053710938,
      -15.982148170471191,
      -18.63983726501465,
      -21.16777992248535,
      -21.781063079833984,
      -22.302467346191406,
      -22.489900588989258
    ],
    [
      -18.438594818115234,
      -20.178298950195312,
      -21.284379959106445,
      -19.334545135498047,
      -17.644590377807617,
      -19.009260177612305,
      -20.888341903686523,
      -22.399700164794922,
      -20.72804069519043,
      -22.91534423828125,
      -23.548553466796875
    ],
    [
      -19.06094741821289,
      -20.303224563598633,
      -21.248754501342773,
      -19.06709861755371,
      -20.293899536132812,
      -20.1326961517334,
      -21.7110538482666,
      -21.561954498291016,
      -21.160633087158203,
      -21.22069549560547,
      -23.289817810058594
    ],
    [
      -19.154626846313477,
      -20.5983829498291,
      -22.6925106048584,
      -21.139354705810547,
      -21.4940242767334,
      -21.3836727142334,
      -22.951374053955078,
      -20.91596794128418,
      -21.163158416748047,
      -21.271020889282227,
      -22.896808624267578
    ],
    [
      -17.642568588256836,
      -19.387104034423828,
      -21.028841018676758,
      -21.685039520263672,
      -18.929443359375,
      -20.18990135192871,
      -21.45978355407715,
      -19.856597900390625,
      -19.772932052612305,
      -20.210163116455078,
      -21.46647071838379
    ],
    [
      -20.199108123779297,
      -19.09479331970215,
      -20.51161003112793,
      -20.76778221130371,
      -18.412702560424805,
      -19.71463966369629,
      -21.709402084350586,
      -19.951719284057617,
      -20.05701446533203,
      -21.3244571685791,
      -23.27802085876465
    ],
    [
      -22.47160530090332,
      -21.805828094482422,
      -22.455724716186523,
      -22.656574249267578,
      -20.30924415588379,
      -21.503923416137695,
      -23.351762771606445,
      -22.78300666809082,
      -22.559282302856445,
      -22.802501678466797,
      -21.172893524169922
    ],
    [
      -24.499656677246094,
      -21.096160888671875,
      -22.54221534729004,
      -22.91099739074707,
      -21.894287109375,
      -22.113510131835938,
      -24.191436767578125,
      -22.931623458862305,
      -24.076505661010742,
      -24.916322708129883,
      -23.933364868164062
    ],
    [
      -24.518451690673828,
      -23.356365203857422,
      -21.480745315551758,
      -23.42977523803711,
      -22.223615646362305,
      -21.919984817504883,
      -25.156030654907227,
      -22.152149200439453,
      -24.506074905395508,
      -25.320316314697266,
      -27.042423248291016
    ],
    [
      -24.2434139251709,
      -23.4848575592041,
      -24.663957595825195,
      -25.25998878479004,
      -23.730798721313477,
      -22.643003463745117,
      -24.53461456298828,
      -25.07267189025879,
      -25.20067024230957,
      -24.510540008544922,
      -24.86814308166504
    ],
    [
      -29.137773513793945,
      -24.362897872924805,
      -24.61031723022461,
      -25.082090377807617,
      -24.407651901245117,
      -22.777101516723633,
      -24.789506912231445,
      -25.392276763916016,
      -25.548309326171875,
      -25.215700149536133,
      -26.07650375366211
    ],
    [
      -31.7823429107666,
      -27.03884506225586,
      -27.439250946044922,
      -26.480314254760742,
      -26.68532371520996,
      -25.743526458740234,
      -27.244300842285156,
      -27.04412078857422,
      -27.491153717041016,
      -28.624624252319336,
      -29.974266052246094
    ],
    [
      -27.3991641998291,
      -27.865943908691406,
      -28.56667709350586,
      -27.485931396484375,
      -27.332258224487305,
      -27.679311752319336,
      -28.35027503967285,
      -28.540929794311523,
      -28.393800735473633,
      -28.905662536621094,
      -28.871355056762695
    ],
    [
      -37.04549789428711,
      -29.63335609436035,
      -29.41673469543457,
      -29.982227325439453,
      -29.215538024902344,
      -28.79175567626953,
      -31.338850021362305,
      -31.05824089050293,
      -30.033628463745117,
      -30.780397415161133,
      -29.172046661376953
    ],
    [
      -31.79845428466797,
      -29.756301879882812,
      -30.107202529907227,
      -30.52988624572754,
      -31.301965713500977,
      -31.644437789916992,
      -33.663246154785156,
      -32.35640335083008,
      -31.8875789642334,
      -32.07648849487305,
      -32.9698371887207
    ],
    [
      -33.85324478149414,
      -31.766252517700195,
      -32.4244384765625,
      -33.024349212646484,
      -33.64998245239258,
      -33.41838073730469,
      -35.239749908447266,
      -34.54306411743164,
      -33.41149139404297,
      -33.44594192504883,
      -26.98948860168457
    ],
    [
      -40.34282302856445,
      -34.891910552978516,
      -34.255802154541016,
      -34.59805679321289,
      -35.4504280090332,
      -33.409217834472656,
      -34.27610778808594,
      -34.79265594482422,
      -34.88425827026367,
      -34.517024993896484,
      -34.62764358520508
    ],
    [
      -43.25813674926758,
      -35.75750732421875,
      -35.01696014404297,
      -35.45135498046875,
      -35.824180603027344,
      -32.988670349121094,
      -33.42921447753906,
      -33.82963180541992,
      -36.72254943847656,
      -37.54950714111328,
      -35.73519515991211
    ],
    [
      -51.58723068237305,
      -36.27738952636719,
      -36.37478256225586,
      -36.559425354003906,
      -36.543827056884766,
      -32.79292297363281,
      -35.559940338134766,
      -37.598575592041016,
      -38.45941925048828,
      -36.00080871582031,
      -52.87520980834961
    ],
    [
      -50.168460845947266,
      -38.366722106933594,
      -36.74149703979492,
      -37.01628494262695,
      -36.63013458251953,
      -32.92707824707031,
      -36.99165725708008,
      -39.660709381103516,
      -40.84260177612305,
      -37.78644561767578,
      -370
    ],
    [
      -370,
      -41.88835906982422,
      -39.73505401611328,
      -38.3755989074707,
      -37.66692352294922,
      -32.553138732910156,
      -36.87244415283203,
      -41.34944534301758,
      -44.912349700927734,
      -43.219058990478516,
      -36.10986328125
    ],
    [
      -45.06732940673828,
      -45.95094680786133,
      -42.14011001586914,
      -39.98305892944336,
      -38.831844329833984,
      -33.06059265136719,
      -37.04658889770508,
      -34.58506393432617,
      -37.02079772949219,
      -38.81349182128906,
      -38.124629974365234
    ],
    [
      -370,
      -45.914249420166016,
      -44.39120101928711,
      -42.82891845703125,
      -41.777801513671875,
      -35.47672653198242,
      -38.59904861450195,
      -34.04317092895508,
      -33.78244400024414,
      -38.0067253112793,
      -33.75410461425781
    ],
    [
      -370,
      -46.03120803833008,
      -44.31797409057617,
      -44.0064697265625,
      -42.97351837158203,
      -36.99155044555664,
      -40.93959426879883,
      -38.5679931640625,
      -39.96620178222656,
      -38.091941833496094,
      -38.55320739746094
    ],
    [
      -370,
      -48.526695251464844,
      -47.452735900878906,
      -45.412105560302734,
      -43.531681060791016,
      -39.26494216918945,
      -43.383182525634766,
      -42.626407623291016,
      -40.995849609375,
      -38.12206268310547,
      -33.322505950927734
    ],
    [
      -41.77533721923828,
      -48.717628479003906,
      -47.87309646606445,
      -46.10405349731445,
      -45.146461486816406,
      -41.76505661010742,
      -44.55466079711914,
      -43.704833984375,
      -41.60341262817383,
      -39.503089904785156,
      -33.892757415771484
    ],
    [
      -51.21270751953125,
      -46.41756820678711,
      -47.41783905029297,
      -48.4578971862793,
      -47.9345817565918,
      -43.507869720458984,
      -44.160587310791016,
      -39.780738830566406,
      -40.13880157470703,
      -39.387943267822266,
      -42.755523681640625
    ],
    [
      -49.05402374267578,
      -46.812049865722656,
      -47.98204803466797,
      -47.9058723449707,
      -47.969825744628906,
      -46.2693977355957,
      -47.45944595336914,
      -45.203372955322266,
      -45.238380432128906,
      -43.680912017822266,
      -44.597930908203125
    ],
    [
      -50.34010696411133,
      -48.55232238769531,
      -47.617305755615234,
      -48.07784652709961,
      -48.85392761230469,
      -49.18571853637695,
      -50.2296257019043,
      -49.16397476196289,
      -45.22010040283203,
      -42.652339935302734,
      -44.621795654296875
    ]
  ],
  "histogram": [
    {
      "db": -70,
      "frequency": 31
    },
    {
      "db": -69,
      "frequency": 9
    },
    {
      "db": -68,
      "frequency": 9
    },
    {
      "db": -67,
      "frequency": 4
    },
    {
      "db": -66,
      "frequency": 1
    },
    {
      "db": -65,
      "frequency": 0
    },
    {
      "db": -64,
      "frequency": 1
    },
    {
      "db": -63,
      "frequency": 2
    },
    {
      "db": -62,
      "frequency": 1
    },
    {
      "db": -61,
      "frequency": 0
    },
    {
      "db": -60,
      "frequency": 5
    },
    {
      "db": -59,
      "frequency": 8
    },
    {
      "db": -58,
      "frequency": 3
    },
    {
      "db": -57,
      "frequency": 2
    },
    {
      "db": -56,
      "frequency": 3
    },
    {
      "db": -55,
      "frequency": 5
    },
    {
      "db": -54,
      "frequency": 0
    },
    {
      "db": -53,
      "frequency": 5
    },
    {
      "db": -52,
      "frequency": 5
    },
    {
      "db": -51,
      "frequency": 1
    },
    {
      "db": -50,
      "frequency": 4
    },
    {
      "db": -49,
      "frequency": 5
    },
    {
      "db": -48,
      "frequency": 5
    },
    {
      "db": -47,
      "frequency": 5
    },
    {
      "db": -46,
      "frequency": 2
    },
    {
      "db": -45,
      "frequency": 3
    },
    {
      "db": -44,
      "frequency": 5
    },
    {
      "db": -43,
      "frequency": 5
    },
    {
      "db": -42,
      "frequency": 5
    },
    {
      "db": -41,
      "frequency": 5
    },
    {
      "db": -40,
      "frequency": 5
    },
    {
      "db": -39,
      "frequency": 5
    },
    {
      "db": -38,
      "frequency": 5
    },
    {
      "db": -37,
      "frequency": 8
    },
    {
      "db": -36,
      "frequency": 11
    },
    {
      "db": -35,
      "frequency": 3
    },
    {
      "db": -34,
      "frequency": 3
    },
    {
      "db": -33,
      "frequency": 2
    },
    {
      "db": -32,
      "frequency": 2
    },
    {
      "db": -31,
      "frequency": 1
    },
    {
      "db": -30,
      "frequency": 5
    },
    {
      "db": -29,
      "frequency": 18
    },
    {
      "db": -28,
      "frequency": 14
    },
    {
      "db": -27,
      "frequency": 11
    },
    {
      "db": -26,
      "frequency": 9
    },
    {
      "db": -25,
      "frequency": 6
    },
    {
      "db": -24,
      "frequency": 5
    },
    {
      "db": -23,
      "frequency": 8
    },
    {
      "db": -22,
      "frequency": 6
    },
    {
      "db": -21,
      "frequency": 1
    },
    {
      "db": -20,
      "frequency": 7
    },
    {
      "db": -19,
      "frequency": 14
    },
    {
      "db": -18,
      "frequency": 13
    },
    {
      "db": -17,
      "frequency": 14
    },
    {
      "db": -16,
      "frequency": 18
    },
    {
      "db": -15,
      "frequency": 80
    },
    {
      "db": -14,
      "frequency": 72
    },
    {
      "db": -13,
      "frequency": 123
    },
    {
      "db": -12,
      "frequency": 416
    },
    {
      "db": -11,
      "frequency": 734
    },
    {
      "db": -10,
      "frequency": 456
    },
    {
      "db": -9,
      "frequency": 326
    },
    {
      "db": -8,
      "frequency": 229
    },
    {
      "db": -7,
      "frequency": 217
    },
    {
      "db": -6,
      "frequency": 49
    },
    {
      "db": -5,
      "frequency": 3
    },
    {
      "db": -4,
      "frequency": 0
    },
    {
      "db": -3,
      "frequency": 0
    },
    {
      "db": -2,
      "frequency": 0
    },
    {
      "db": -1,
      "frequency": 0
    },
    {
      "db": 0,
      "frequency": 0
    },
    {
      "db": 1,
      "frequency": 0
    },
    {
      "db": 2,
      "frequency": 0
    },
    {
      "db": 3,
