{
  "acoustic_entropy": 189.77960205078125,
  "bands": [
    {
      "high_freq": 148.1999969482422,
      "loudness": -18.766159057617188,
      "loudness_range": 9.822566032409668,
      "mid_mean": -15.419259071350098,
      "mid_to_side_loudness": -15.064547538757324,
      "mid_to_side_loudness_range": 11.29213809967041,
      "side_mean": -30.368019104003906
    },
    {
      "high_freq": 392.3793640136719,
      "loudness": -18.468801498413086,
      "loudness_range": 8.120698928833008,
      "low_freq": 148.1999969482422,
      "mid_mean": -15.292628288269043,
      "mid_to_side_loudness": -10.184102058410645,
      "mid_to_side_loudness_range": 7.255201816558838,
      "side_mean": -25.318017959594727
    },
    {
      "high_freq": 794.6976318359375,
      "loudness": -19.46112632751465,
      "loudness_range": 10.388272285461426,
      "low_freq": 392.3793640136719,
      "mid_mean": -16.342756271362305,
      "mid_to_side_loudness": -9.511321067810059,
      "mid_to_side_loudness_range": 7.194113254547119,
      "side_mean": -25.891183853149414
    },
    {
      "high_freq": 1457.5709228515625,
      "loudness": -22.756906509399414,
      "loudness_range": 12.125971794128418,
      "low_freq": 794.6976318359375,
      "mid_mean": -19.716577529907227,
      "mid_to_side_loudness": -9.279484748840332,
      "mid_to_side_loudness_range": 8.349790573120117,
      "side_mean": -28.803001403808594
    },
    {
      "high_freq": 2549.74365234375,
      "loudness": -20.747297286987305,
      "loudness_range": 9.832303047180176,
      "low_freq": 1457.5709228515625,
      "mid_mean": -17.754901885986328,
      "mid_to_side_loudness": -9.337675094604492,
      "mid_to_side_loudness_range": 9.507810592651367,
      "side_mean": -26.798864364624023
    },
    {
      "high_freq": 4349.24462890625,
      "loudness": -23.613489151000977,
      "loudness_range": 10.514352798461914,
      "low_freq": 2549.74365234375,
      "mid_mean": -20.64727210998535,
      "mid_to_side_loudness": -8.506260871887207,
      "mid_to_side_loudness_range": 8.668834686279297,
      "side_mean": -29.113548278808594
    },
    {
      "high_freq": 7314.1640625,
      "loudness": -32.541255950927734,
      "loudness_range": 17.621532440185547,
      "low_freq": 4349.24462890625,
      "mid_mean": -30.031909942626953,
      "mid_to_side_loudness": -6.092147350311279,
      "mid_to_side_loudness_range": 8.716285705566406,
      "side_mean": -36.028053283691406
    },
    {
      "high_freq": 12199.2666015625,
      "loudness": -36.1927490234375,
      "loudness_range": 21.865402221679688,
      "low_freq": 7314.1640625,
      "mid_mean": -34.080718994140625,
      "mid_to_side_loudness": -5.382696628570557,
      "mid_to_side_loudness_range": 11.02721881866455,
      "side_mean": -39.78535079956055
    },
    {
      "loudness": -43.22433853149414,
      "loudness_range": 19.389244079589844,
      "low_freq": 12199.2666015625,
      "mid_mean": -41.41346740722656,
      "mid_to_side_loudness": -3.8303463459014893,
      "mid_to_side_loudness_range": 9.127567291259766,
      "side_mean": -45.77982711791992
    }
  ],
  "bands_short": [
    {
      "high_freq": 148.1999969482422,
      "loudness": -23.34446144104004,
      "loudness_range": 20.544658660888672,
      "mid_mean": -20.07750129699707,
      "mid_to_side_loudness": -15.266341209411621,
      "mid_to_side_loudness_range": 19.834312438964844,
      "side_mean": -35.45524597167969
    },
    {
      "high_freq": 392.3793640136719,
      "loudness": -18.06388282775879,
      "loudness_range": 10.601944923400879,
      "low_freq": 148.1999969482422,
      "mid_mean": -14.88027572631836,
      "mid_to_side_loudness": -10.941120147705078,
      "mid_to_side_loudness_range": 11.62882137298584,
      "side_mean": -25.46084213256836
    },
    {
      "high_freq": 794.6976318359375,
      "loudness": -20.27669906616211,
      "loudness_range": 12.929146766662598,
      "low_freq": 392.3793640136719,
      "mid_mean": -17.216936111450195,
      "mid_to_side_loudness": -9.846674919128418,
      "mid_to_side_loudness_range": 11.464385986328125,
      "side_mean": -26.798341751098633
    },
    {
      "high_freq": 1457.5709228515625,
      "loudness": -22.927515029907227,
      "loudness_range": 14.625068664550781,
      "low_freq": 794.6976318359375,
      "mid_mean": -19.932741165161133,
      "mid_to_side_loudness": -9.927117347717285,
      "mid_to_side_loudness_range": 12.493310928344727,
      "side_mean": -29.497154235839844
    },
    {
      "high_freq": 2549.74365234375,
      "loudness": -21.45241355895996,
      "loudness_range": 13.23047924041748,
      "low_freq": 1457.5709228515625,
      "mid_mean": -18.445119857788086,
      "mid_to_side_loudness": -10.054177284240723,
      "mid_to_side_loudness_range": 12.440208435058594,
      "side_mean": -28.01255989074707
    },
    {
      "high_freq": 4349.24462890625,
      "loudness": -24.28776741027832,
      "loudness_range": 14.224187850952148,
      "low_freq": 2549.74365234375,
      "mid_mean": -21.32986831665039,
      "mid_to_side_loudness": -9.089664459228516,
      "mid_to_side_loudness_range": 11.539188385009766,
      "side_mean": -30.336353302001953
    },
    {
      "high_freq": 7314.1640625,
      "loudness": -34.17665100097656,
      "loudness_range": 22.46908950805664,
      "low_freq": 4349.24462890625,
      "mid_mean": -31.70867347717285,
      "mid_to_side_loudness": -6.515232086181641,
      "mid_to_side_loudness_range": 11.014525413513184,
      "side_mean": -38.145172119140625
    },
    {
      "high_freq": 12199.2666015625,
      "loudness": -38.180973052978516,
      "loudness_range": 27.328638076782227,
      "low_freq": 7314.1640625,
      "mid_mean": -36.361881256103516,
      "mid_to_side_loudness": -5.536584377288818,
      "mid_to_side_loudness_range": 12.402565002441406,
      "side_mean": -42.57426452636719
    },
    {
      "loudness": -46.06507873535156,
      "loudness_range": 27.050201416015625,
      "low_freq": 12199.2666015625,
      "mid_mean": -47.06541061401367,
      "mid_to_side_loudness": -4.392242431640625,
      "mid_to_side_loudness_range": 11.602290153503418,
      "side_mean": -51.95608901977539
    }
  ],
  "bandwidth": 582.1372680664062,
  "channels": 2,
  "covariance": [
    [
      23.6126651763916,
      13.965656280517578,
      12.387531280517578,
      12.808633804321289,
      10.056221008300781,
      13.297972679138184,
      9.610182762145996,
      11.574385643005371,
      8.304201126098633,
      11.283769607543945,
      8.422236442565918,
      12.14513874053955,
      11.95513916015625,
      13.5167875289917,
      10.187173843383789,
      12.527339935302734,
      12.798091888427734,
      15.567139625549316
    ],
    [
      13.965656280517578,
      22.352783203125,
      9.598554611206055,
      12.773642539978027,
      9.364896774291992,
      13.913253784179688,
      8.062458992004395,
      11.640094757080078,
      7.024611949920654,
      11.10836124420166,
      7.226646900177002,
      12.217960357666016,
      11.386835098266602,
      12.882585525512695,
      12.824966430664062,
      13.424403190612793,
      12.486295700073242,
      12.86658000946045
    ],
    [
      12.387531280517578,
      9.598554611206055,
      16.514019012451172,
      13.597305297851562,
      10.263158798217773,
      12.868611335754395,
      10.378477096557617,
      13.085835456848145,
      6.954352378845215,
      11.654026985168457,
      8.67145824432373,
      13.001694679260254,
      13.886736869812012,
      15.089041709899902,
      13.261784553527832,
      14.515196800231934,
      12.936660766601562,
      14.85584545135498
    ],
    [
      12.808633804321289,
      12.773642539978027,
      13.597305297851562,
      20.387401580810547,
      12.675384521484375,
      16.472822189331055,
      13.023906707763672,
      17.989835739135742,
      9.581999778747559,
      15.383074760437012,
      9.726694107055664,
      16.624183654785156,
      16.032926559448242,
      18.44135284423828,
      16.78299903869629,
      18.390413284301758,
      16.175739288330078,
      16.50113868713379
    ],
    [
      10.056221008300781,
      9.364896774291992,
      10.263158798217773,
      12.675384521484375,
      19.1948184967041,
      16.561620712280273,
      13.733582496643066,
      15.424139976501465,
      9.725447654724121,
      12.556445121765137,
      12.093767166137695,
      14.319099426269531,
      16.100311279296875,
      16.350688934326172,
      16.825016021728516,
      16.607303619384766,
      14.72912311553955,
      13.422442436218262
    ],
    [
      13.297972679138184,
      13.913253784179688,
      12.868611335754395,
      16.472822189331055,
      16.561620712280273,
      23.186702728271484,
      14.335604667663574,
      18.97835922241211,
      10.681758880615234,
      16.608354568481445,
      12.723273277282715,
      18.645627975463867,
      19.114912033081055,
      20.47673797607422,
      20.59276008605957,
      21.24045181274414,
      19.833839416503906,
      19.59046745300293
    ],
    [
      9.610182762145996,
      8.062458992004395,
      10.378477096557617,
      13.023906707763672,
      13.733582496643066,
      14.335604667663574,
      24.17244529724121,
      19.7520809173584,
      13.211474418640137,
      12.98521900177002,
      12.903528213500977,
      14.266611099243164,
      15.921939849853516,
      17.295543670654297,
      14.360074996948242,
      17.16193962097168,
      14.019186019897461,
      15.02468490600586
    ],
    [
      11.574385643005371,
      11.640094757080078,
      13.085835456848145,
      17.989835739135742,
      15.424139976501465,
      18.97835922241211,
      19.7520809173584,
      26.82931900024414,
      13.767315864562988,
      19.52667808532715,
      14.11530876159668,
      20.860795974731445,
      20.24544334411621,
      23.59923553466797,
      19.5792179107666,
      23.31696891784668,
      20.261720657348633,
      20.97374725341797
    ],
    [
      8.304201126098633,
      7.024611949920654,
      6.954352378845215,
      9.581999778747559,
      9.725447654724121,
      10.681758880615234,
      13.211474418640137,
      13.767315864562988,
      20.023923873901367,
      13.424312591552734,
      13.30788516998291,
      12.378448486328125,
      12.499302864074707,
      13.555804252624512,
      9.730382919311523,
      13.23066520690918,
      11.45343017578125,
      14.61720085144043
    ],
    [
      11.283769607543945,
      11.10836124420166,
      11.654026985168457,
      15.383074760437012,
      12.556445121765137,
      16.608354568481445,
      12.98521900177002,
      19.52667808532715,
      13.424312591552734,
      20.483108520507812,
      13.287941932678223,
      20.001094818115234,
      17.965192794799805,
      20.64882469177246,
      16.319780349731445,
      20.486392974853516,
      18.426666259765625,
      20.216867446899414
    ],
    [
      8.422236442565918,
      7.226646900177002,
      8.67145824432373,
      9.726694107055664,
      12.093767166137695,
      12.723273277282715,
      12.903528213500977,
      14.11530876159668,
      13.30788516998291,
      13.287941932678223,
      20.853254318237305,
      16.496746063232422,
      18.79781723022461,
      17.57050895690918,
      16.558591842651367,
      17.62946128845215,
      16.613065719604492,
      15.626675605773926
    ],
    [
      12.14513874053955,
      12.217960357666016,
      13.001694679260254,
      16.624183654785156,
      14.319099426269531,
      18.645627975463867,
      14.266611099243164,
      20.860795974731445,
      12.378448486328125,
      20.001094818115234,
      16.496746063232422,
      25.229656219482422,
      23.775197982788086,
      27.419824600219727,
      22.799421310424805,
      26.766550064086914,
      23.062009811401367,
      23.58796501159668
    ],
    [
      11.95513916015625,
      11.386835098266602,
      13.886736869812012,
      16.032926559448242,
      16.100311279296875,
      19.114912033081055,
      15.921939849853516,
      20.24544334411621,
      12.499302864074707,
      17.965192794799805,
      18.79781723022461,
      23.775197982788086,
      44.23523712158203,
      38.22344207763672,
      46.67652893066406,
      38.76927947998047,
      38.627960205078125,
      28.89850425720215
    ],
    [
      13.5167875289917,
      12.882585525512695,
      15.089041709899902,
      18.44135284423828,
      16.350688934326172,
      20.47673797607422,
      17.295543670654297,
      23.59923553466797,
      13.555804252624512,
      20.64882469177246,
      17.57050895690918,
      27.419824600219727,
      38.22344207763672,
      45.18452072143555,
      39.14352798461914,
      42.6969108581543,
      35.84284973144531,
      34.61464309692383
    ],
    [
      10.187173843383789,
      12.824966430664062,
      13.261784553527832,
      16.78299903869629,
      16.825016021728516,
      20.59276008605957,
      14.360074996948242,
      19.5792179107666,
      9.730382919311523,
      16.319780349731445,
      16.558591842651367,
      22.799421310424805,
      46.67652893066406,
      39.14352798461914,
      69.29242706298828,
      45.64804458618164,
      52.028385162353516,
      32.09965896606445
    ],
    [
      12.527339935302734,
      13.424403190612793,
      14.515196800231934,
      18.390413284301758,
      16.607303619384766,
      21.24045181274414,
      17.16193962097168,
      23.31696891784668,
      13.23066520690918,
      20.486392974853516,
      17.62946128845215,
      26.766550064086914,
      38.76927947998047,
      42.6969108581543,
      45.64804458618164,
      47.05463790893555,
      42.64451217651367,
      38.593849182128906
    ],
    [
      12.798091888427734,
      12.486295700073242,
      12.936660766601562,
      16.175739288330078,
      14.72912311553955,
      19.833839416503906,
      14.019186019897461,
      20.261720657348633,
      11.45343017578125,
      18.426666259765625,
      16.613065719604492,
      23.062009811401367,
      38.627960205078125,
      35.84284973144531,
      52.028385162353516,
      42.64451217651367,
      56.11872482299805,
      41.82736587524414
    ],
    [
      15.567139625549316,
      12.86658000946045,
      14.85584545135498,
      16.50113868713379,
      13.422442436218262,
      19.59046745300293,
      15.02468490600586,
      20.97374725341797,
      14.61720085144043,
      20.216867446899414,
      15.626675605773926,
      23.58796501159668,
      28.89850425720215,
      34.61464309692383,
      32.09965896606445,
      38.593849182128906,
      41.82736587524414,
      51.27091598510742
    ]
  ],
  "covariance_short": [
    [
      52.68193817138672,
      21.400096893310547,
      14.518507957458496,
      17.194185256958008,
      12.3133544921875,
      16.490543365478516,
      11.142550468444824,
      15.920636177062988,
      9.677236557006836,
      15.937302589416504,
      10.80186939239502,
      18.783824920654297,
      18.053516387939453,
      22.20622444152832,
      20.078144073486328,
      20.78152847290039,
      31.479740142822266,
      27.162025451660156
    ],
    [
      21.400096893310547,
      39.250728607177734,
      11.460393905639648,
      16.850784301757812,
      12.064131736755371,
      15.819489479064941,
      10.216679573059082,
      14.498069763183594,
      8.899346351623535,
      14.435389518737793,
      9.61113452911377,
      17.362552642822266,
      16.10434341430664,
      19.902076721191406,
      17.675884246826172,
      18.863300323486328,
      23.37175750732422,
      19.532089233398438
    ],
    [
      14.518507957458496,
      11.460393905639648,
      21.831209182739258,
      15.608370780944824,
      12.494196891784668,
      14.652682304382324,
      10.857942581176758,
      15.785791397094727,
      8.056628227233887,
      14.55850601196289,
      9.913424491882324,
      15.722966194152832,
      14.908685684204102,
      18.111299514770508,
      16.226465225219727,
      18.660770416259766,
      25.917203903198242,
      23.4682559967041
    ],
    [
      17.194185256958008,
      16.850784301757812,
      15.608370780944824,
      29.58954620361328,
      16.375356674194336,
      22.620729446411133,
      14.105947494506836,
      24.825572967529297,
      10.003716468811035,
      20.235380172729492,
      11.040531158447266,
      21.92401123046875,
      17.77977752685547,
      22.165569305419922,
      20.095237731933594,
      22.323596954345703,
      28.63275718688965,
      25.457704544067383
    ],
    [
      12.3133544921875,
      12.064131736755371,
      12.494196891784668,
      16.375356674194336,
      28.38108253479004,
      22.39766502380371,
      15.989569664001465,
      21.26133155822754,
      12.054744720458984,
      18.013046264648438,
      15.26574420928955,
      20.123579025268555,
      19.501537322998047,
      22.154008865356445,
      22.291654586791992,
      22.99264907836914,
      28.65855598449707,
      24.487964630126953
    ],
    [
      16.490543365478516,
      15.819489479064941,
      14.652682304382324,
      22.620729446411133,
      22.39766502380371,
      36.49277114868164,
      16.840286254882812,
      29.584863662719727,
      11.906511306762695,
      25.149585723876953,
      15.597234725952148,
      26.564638137817383,
      23.864364624023438,
      26.84127426147461,
      27.438617706298828,
      27.031204223632812,
      34.80606460571289,
      29.916492462158203
    ],
    [
      11.142550468444824,
      10.216679573059082,
      10.857942581176758,
      14.105947494506836,
      15.989569664001465,
      16.840286254882812,
      33.202117919921875,
      25.204853057861328,
      16.778221130371094,
      16.649744033813477,
      17.69978904724121,
      19.352201461791992,
      20.17546272277832,
      23.69466781616211,
      20.245086669921875,
      23.905698776245117,
      27.998868942260742,
      26.09939193725586
    ],
    [
      15.920636177062988,
      14.498069763183594,
      15.785791397094727,
      24.825572967529297,
      21.26133155822754,
      29.584863662719727,
      25.204853057861328,
      43.78847122192383,
      17.06600570678711,
      30.561765670776367,
      18.658960342407227,
      30.870338439941406,
      26.660446166992188,
      32.20354080200195,
      27.492359161376953,
      31.388885498046875,
      37.10763931274414,
      36.07033157348633
    ],
    [
      9.677236557006836,
      8.899346351623535,
      8.056628227233887,
      10.003716468811035,
      12.054744720458984,
      11.906511306762695,
      16.778221130371094,
      17.06600570678711,
      28.034168243408203,
      19.117332458496094,
      18.88509750366211,
      17.65932846069336,
      17.478984832763672,
      19.33085060119629,
      14.374979019165039,
      19.092548370361328,
      24.883241653442383,
      24.456682205200195
    ],
    [
      15.937302589416504,
      14.435389518737793,
      14.55850601196289,
      20.235380172729492,
      18.013046264648438,
      25.149585723876953,
      16.649744033813477,
      30.561765670776367,
      19.117332458496094,
      36.19371032714844,
      19.17373275756836,
      31.843564987182617,
      26.630399703979492,
      31.304447174072266,
      24.58483123779297,
      29.950599670410156,
      34.986244201660156,
      35.283512115478516
    ],
    [
      10.80186939239502,
      9.61113452911377,
      9.913424491882324,
      11.040531158447266,
      15.26574420928955,
      15.597234725952148,
      17.69978904724121,
      18.658960342407227,
      18.88509750366211,
      19.17373275756836,
      31.735713958740234,
      24.571571350097656,
      26.096595764160156,
      25.527599334716797,
      23.791345596313477,
      25.280208587646484,
      32.07176971435547,
      28.483993530273438
    ],
    [
      18.783824920654297,
      17.362552642822266,
      15.722966194152832,
      21.92401123046875,
      20.123579025268555,
      26.564638137817383,
      19.352201461791992,
      30.870338439941406,
      17.65932846069336,
      31.843564987182617,
      24.571571350097656,
      42.2235107421875,
      34.7934455871582,
      42.96128845214844,
      34.23994064331055,
      41.23286056518555,
      44.771732330322266,
      44.553001403808594
    ],
    [
      18.053516387939453,
      16.10434341430664,
      14.908685684204102,
      17.77977752685547,
      19.501537322998047,
      23.864364624023438,
      20.17546272277832,
      26.660446166992188,
      17.478984832763672,
      26.630399703979492,
      26.096595764160156,
      34.7934455871582,
      63.962425231933594,
      57.8715705871582,
      66.4349136352539,
      61.309757232666016,
      75.18110656738281,
      63.027347564697266
    ],
    [
      22.20622444152832,
      19.902076721191406,
      18.111299514770508,
      22.165569305419922,
      22.154008865356445,
      26.84127426147461,
      23.69466781616211,
      32.20354080200195,
      19.33085060119629,
      31.304447174072266,
      25.527599334716797,
      42.96128845214844,
      57.8715705871582,
      75.26875305175781,
      61.47651672363281,
      74.59200286865234,
      75.70165252685547,
      77.98004913330078
    ],
    [
      20.078144073486328,
      17.675884246826172,
      16.226465225219727,
      20.095237731933594,
      22.291654586791992,
      27.438617706298828,
      20.245086669921875,
      27.492359161376953,
      14.374979019165039,
      24.58483123779297,
      23.791345596313477,
      34.23994064331055,
      66.4349136352539,
      61.47651672363281,
      105.11796569824219,
      79.32522583007812,
      99.7127685546875,
      73.86725616455078
    ],
    [
      20.78152847290039,
      18.863300323486328,
      18.660770416259766,
      22.323596954345703,
      22.99264907836914,
      27.031204223632812,
      23.905698776245117,
      31.388885498046875,
      19.092548370361328,
      29.950599670410156,
      25.280208587646484,
      41.23286056518555,
      61.309757232666016,
      74.59200286865234,
      79.32522583007812,
      91.62859344482422,
      90.61023712158203,
      88.5079345703125
    ],
    [
      31.479740142822266,
      23.37175750732422,
      25.917203903198242,
      28.63275718688965,
      28.65855598449707,
      34.80606460571289,
      27.998868942260742,
      37.10763931274414,
      24.883241653442383,
      34.986244201660156,
      32.07176971435547,
      44.771732330322266,
      75.18110656738281,
      75.70165252685547,
      99.7127685546875,
      90.61023712158203,
      137.70059204101562,
      113.2742691040039
    ],
    [
      27.162025451660156,
      19.532089233398438,
      23.4682559967041,
      25.457704544067383,
      24.487964630126953,
      29.916492462158203,
      26.09939193725586,
      36.07033157348633,
      24.456682205200195,
      35.283512115478516,
      28.483993530273438,
      44.553001403808594,
      63.027347564697266,
      77.98004913330078,
      73.86725616455078,
      88.5079345703125,
      113.2742691040039,
      121.1802978515625
    ]
  ],
  "damage": -3.923089027404785,
  "diff_bandwidth": 601.0839233398438,
  "dissonance": 8.942863540858276,
  "drr": 14.89916706085205,
  "dynamics": 2.5805752277374268,
  "format": 65538,
  "frames": 13413456,
  "freq_pan_to_db": [
    [
      -22.028043746948242,
      -20.602432250976562,
      -17.361658096313477,
      -15.231115341186523,
      -12.832113265991211,
      -13.80120849609375,
      -16.00574493408203,
      -17.246423721313477,
      -18.37375831604004,
      -20.492420196533203,
      -21.82616424560547
    ],
    [
      -14.91517162322998,
      -13.349496841430664,
      -11.275135040283203,
      -9.551647186279297,
      -6.371662616729736,
      -6.017869472503662,
      -9.424216270446777,
      -10.790975570678711,
      -12.342931747436523,
      -13.78442668914795,
      -14.928258895874023
    ],
    [
      -12.993585586547852,
      -11.49891185760498,
      -9.983119010925293,
      -8.08803653717041,
      -6.921257495880127,
      -7.272834777832031,
      -8.671124458312988,
      -9.468125343322754,
      -10.2676420211792,
      -11.822100639343262,
      -12.760525703430176
    ],
    [
      -14.476911544799805,
      -13.403770446777344,
      -12.443867683410645,
      -11.508349418640137,
      -10.188947677612305,
      -10.008004188537598,
      -10.017485618591309,
      -11.050495147705078,
      -12.216469764709473,
      -13.660710334777832,
      -14.534866333007812
    ],
    [
      -15.5645112991333,
      -15.387819290161133,
      -14.4553804397583,
      -13.611299514770508,
      -12.90210247039795,
      -12.719344139099121,
      -11.49741268157959,
      -12.356525421142578,
      -13.55008602142334,
      -14.60251235961914,
      -15.068167686462402
    ],
    [
      -15.930499076843262,
      -15.113675117492676,
      -13.5149564743042,
      -12.345756530761719,
      -11.193833351135254,
      -11.632172584533691,
      -12.691025733947754,
      -14.147183418273926,
      -15.393899917602539,
      -16.457738876342773,
      -17.097585678100586
    ],
    [
      -16.92053985595703,
      -16.132774353027344,
      -14.72509765625,
      -13.299543380737305,
      -11.814593315124512,
      -12.238574028015137,
      -12.66958236694336,
      -14.270703315734863,
      -15.895100593566895,
      -17.065629959106445,
      -17.951332092285156
    ],
    [
      -15.831718444824219,
      -16.12994384765625,
      -15.512821197509766,
      -14.229393005371094,
      -13.056385040283203,
      -12.042619705200195,
      -10.50717544555664,
      -12.571887016296387,
      -14.486275672912598,
      -14.604745864868164,
      -15.267427444458008
    ],
    [
      -16.433889389038086,
      -15.847423553466797,
      -15.3745698928833,
      -13.76105785369873,
      -12.345504760742188,
      -11.824641227722168,
      -10.798812866210938,
      -12.520299911499023,
      -14.790990829467773,
      -15.56857681274414,
      -16.098079681396484
    ],
    [
      -16.212133407592773,
      -17.037546157836914,
      -15.14277458190918,
      -12.493067741394043,
      -11.525924682617188,
      -12.632953643798828,
      -13.879920959472656,
      -15.160431861877441,
      -16.398042678833008,
      -18.0662841796875,
      -19.66841697692871
    ],
    [
      -18.296018600463867,
      -18.9330997467041,
      -18.180835723876953,
      -16.82476234436035,
      -14.63613224029541,
      -12.946017265319824,
      -14.798726081848145,
      -16.44513511657715,
      -18.0273494720459,
      -18.57758903503418,
      -18.211923599243164
    ],
    [
      -20.714845657348633,
      -20.6084041595459,
      -19.648069381713867,
      -19.112619400024414,
      -17.361175537109375,
      -15.781158447265625,
      -15.63620662689209,
      -17.110492706298828,
      -19.480754852294922,
      -19.804611206054688,
      -21.76906394958496
    ],
    [
      -19.269866943359375,
      -21.705888748168945,
      -22.081331253051758,
      -19.590290069580078,
      -16.647432327270508,
      -15.062422752380371,
      -16.568031311035156,
      -18.146265029907227,
      -19.141284942626953,
      -20.01329231262207,
      -19.78060531616211
    ],
    [
      -17.251277923583984,
      -20.516521453857422,
      -19.956247329711914,
      -18.01934051513672,
      -14.80505657196045,
      -14.187049865722656,
      -16.837121963500977,
      -19.315841674804688,
      -19.60647201538086,
      -20.696287155151367,
      -20.148277282714844
    ],
    [
      -16.842788696289062,
      -18.338497161865234,
      -19.25397491455078,
      -17.563539505004883,
      -15.998886108398438,
      -17.197635650634766,
      -18.975950241088867,
      -20.293590545654297,
      -19.013765335083008,
      -21.056562423706055,
      -20.203384399414062
    ],
    [
      -17.71165657043457,
      -18.66048240661621,
      -19.409990310668945,
      -17.347352981567383,
      -18.490684509277344,
      -18.27564239501953,
      -19.846628189086914,
      -19.711790084838867,
      -19.299949645996094,
      -19.17983055114746,
      -21.40622901916504
    ],
    [
      -17.22210121154785,
      -18.833566665649414,
      -20.982484817504883,
      -19.340837478637695,
      -19.820539474487305,
      -19.49920082092285,
      -21.154457092285156,
      -19.303964614868164,
      -19.2676944732666,
      -19.46929359436035,
      -21.080114364624023
    ],
    [
      -15.840024948120117,
      -17.585294723510742,
      -19.404422760009766,
      -19.747922897338867,
      -17.158395767211914,
      -18.351545333862305,
      -19.569570541381836,
      -18.25184440612793,
      -18.19635009765625,
      -18.24174690246582,
      -19.438196182250977
    ],
    [
      -18.917375564575195,
      -17.35223960876465,
      -18.671449661254883,
      -18.875661849975586,
      -16.689895629882812,
      -17.880285263061523,
      -19.842695236206055,
      -18.076318740844727,
      -18.106008529663086,
      -19.462055206298828,
      -21.517377853393555
    ],
    [
      -20.705501556396484,
      -19.994178771972656,
      -20.626224517822266,
      -20.8791561126709,
      -18.635812759399414,
      -19.61858558654785,
      -21.428781509399414,
      -20.93305778503418,
      -20.671031951904297,
      -21.034196853637695,
      -22.10648536682129
    ],
    [
      -18.67484474182129,
      -19.701086044311523,
      -20.72130584716797,
      -21.176671981811523,
      -20.112192153930664,
      -20.23528289794922,
      -22.34746551513672,
      -21.07273292541504,
      -22.101097106933594,
      -22.675825119018555,
      -21.96405601501465
    ],
    [
      -23.854921340942383,
      -21.62464714050293,
      -19.799091339111328,
      -21.47455406188965,
      -20.369688034057617,
      -20.053617477416992,
      -23.249292373657227,
      -20.4268798828125,
      -22.616304397583008,
      -23.573131561279297,
      -25.195539474487305
    ],
    [
      -23.91094970703125,
      -21.599897384643555,
      -22.667068481445312,
      -23.425752639770508,
      -22.0727596282959,
      -20.77356719970703,
      -22.614620208740234,
      -23.19361114501953,
      -23.363719940185547,
      -22.69938087463379,
      -23.089616775512695
    ],
    [
      -27.288253784179688,
      -22.57744026184082,
      -22.725854873657227,
      -23.255950927734375,
      -22.554424285888672,
      -20.934885025024414,
      -22.940471649169922,
      -23.399295806884766,
      -23.716712951660156,
      -23.38529396057129,
      -24.08735466003418
    ],
    [
      -29.86610221862793,
      -25.15682029724121,
      -25.58892822265625,
      -24.605981826782227,
      -24.723237991333008,
      -23.917375564575195,
      -25.342573165893555,
      -25.2293758392334,
      -25.741649627685547,
      -26.197769165039062,
      -27.8259220123291
    ],
    [
      -25.370561599731445,
      -26.166759490966797,
      -26.708099365234375,
      -25.5893497467041,
      -25.545658111572266,
      -25.805259704589844,
      -26.471229553222656,
      -26.577219009399414,
      -26.535560607910156,
      -26.91693687438965,
      -29.902862548828125
    ],
    [
      -35.342777252197266,
      -27.348522186279297,
      -27.60711669921875,
      -27.81716537475586,
      -27.409812927246094,
      -26.933622360229492,
      -29.494972229003906,
      -28.964635848999023,
      -28.15144157409668,
      -28.943199157714844,
      -27.431665420532227
    ],
    [
      -31.245956420898438,
      -27.724266052246094,
      -28.238861083984375,
      -28.70885467529297,
      -29.426830291748047,
      -29.739097595214844,
      -31.795684814453125,
      -30.475589752197266,
      -29.982280731201172,
      -29.804941177368164,
      -30.38323974609375
    ],
    [
      -32.20372772216797,
      -30.16506576538086,
      -30.499210357666016,
      -31.066743850708008,
      -31.866832733154297,
      -31.489538192749023,
      -33.322227478027344,
      -32.637081146240234,
      -31.36176300048828,
      -31.636857986450195,
      -25.62208366394043
    ],
    [
      -35.25135803222656,
      -32.993682861328125,
      -32.395442962646484,
      -32.79598617553711,
      -33.4546012878418,
      -31.499767303466797,
      -32.34695053100586,
      -32.96898651123047,
      -32.95973587036133,
      -32.51496505737305,
      -33.339046478271484
    ],
    [
      -45.35390853881836,
      -33.54907989501953,
      -32.957298278808594,
      -33.44819259643555,
      -33.85055160522461,
      -31.06806182861328,
      -31.573383331298828,
      -31.935482025146484,
      -34.87150955200195,
      -35.51048278808594,
      -40.677608489990234
    ],
    [
      -43.41203689575195,
      -35.310218811035156,
      -34.361202239990234,
      -34.53892517089844,
      -34.619102478027344,
      -30.92936134338379,
      -33.577674865722656,
      -35.63874053955078,
      -36.290489196777344,
      -34.469398498535156,
      -370
    ],
    [
      -88.94500732421875,
      -36.79132843017578,
      -34.70965576171875,
      -35.13166046142578,
      -34.80112838745117,
      -31.056564331054688,
      -34.816532135009766,
      -37.703033447265625,
      -39.26283645629883,
      -34.75724792480469,
      -370
    ],
    [
      -370,
      -41.536163330078125,
      -37.86622619628906,
      -36.486026763916016,
      -35.64420700073242,
      -30.665739059448242,
      -34.92324447631836,
      -38.756378173828125,
      -42.6202507019043,
      -39.930809020996094,
      -51.12561798095703
    ],
    [
      -55.938106536865234,
      -46.36785888671875,
      -40.23963928222656,
      -38.063575744628906,
      -36.9335823059082,
      -31.176517486572266,
      -35.02383804321289,
      -32.84022903442383,
      -34.34175109863281,
      -37.33518600463867,
      -36.110286712646484
    ],
    [
      -38.96039962768555,
      -44.25531005859375,
      -42.62867736816406,
      -40.851173400878906,
      -39.84907150268555,
      -33.52071762084961,
      -36.626094818115234,
      -32.196449279785156,
      -32.75199508666992,
      -36.9046516418457,
      -31.12429428100586
    ],
    [
      -54.1003532409668,
      -43.56398010253906,
      -42.44907760620117,
      -42.17283630371094,
      -40.998470306396484,
      -35.0785026550293,
      -38.925655364990234,
      -36.7847785949707,
      -37.45817184448242,
      -36.451873779296875,
      -36.24653244018555
    ],
    [
      -41.55316925048828,
      -45.865638732910156,
      -45.61402893066406,
      -43.483699798583984,
      -41.63523483276367,
      -37.33869934082031,
      -41.37408447265625,
      -40.566650390625,
      -39.0057258605957,
      -36.38008499145508,
      -31.171184539794922
    ],
    [
      -39.770751953125,
      -47.898677825927734,
      -45.901123046875,
      -44.12672424316406,
      -43.24711227416992,
      -39.81145477294922,
      -42.60745620727539,
      -41.7232780456543,
      -39.99766159057617,
      -36.910789489746094,
      -55.554542541503906
    ],
    [
      -48.8484001159668,
      -44.42148208618164,
      -45.51005172729492,
      -46.539886474609375,
      -45.93187713623047,
      -41.552734375,
      -42.19826889038086,
      -37.9408073425293,
      -37.88789367675781,
      -37.70157241821289,
      -41.2429313659668
    ],
    [
      -46.33242416381836,
      -45.3194580078125,
      -45.99532699584961,
      -45.914466857910156,
      -45.9565544128418,
      -44.32746505737305,
      -45.516868591308594,
      -43.285804748535156,
      -43.181884765625,
      -41.6992073059082,
      -42.44326400756836
    ],
    [
      -48.8408317565918,
      -46.369712829589844,
      -45.76606369018555,
      -46.040794372558594,
      -46.90390396118164,
      -47.223731994628906,
      -48.21213150024414,
      -47.344364166259766,
      -43.1774787902832,
      -41.053672790527344,
      -41.6024169921875
    ]
  ],
  "histogram": [
    {
      "db": -70,
      "frequency": 1
    },
    {
      "db": -69,
      "frequency": 3
    },
    {
      "db": -68,
      "frequency": 31
    },
    {
      "db": -67,
      "frequency": 9
    },
    {
      "db": -66,
      "frequency": 9
    },
    {
      "db": -65,
      "frequency": 4
    },
    {
      "db": -64,
      "frequency": 1
    },
    {
      "db": -63,
      "frequency": 0
    },
    {
      "db": -62,
      "frequency": 1
    },
    {
      "db": -61,
      "frequency": 2
    },
    {
      "db": -60,
      "frequency": 1
    },
    {
      "db": -59,
      "frequency": 0
    },
    {
      "db": -58,
      "frequency": 5
    },
    {
      "db": -57,
      "frequency": 8
    },
    {
      "db": -56,
      "frequency": 3
    },
    {
      "db": -55,
      "frequency": 2
    },
    {
      "db": -54,
      "frequency": 3
    },
    {
      "db": -53,
      "frequency": 5
    },
    {
      "db": -52,
      "frequency": 0
    },
    {
      "db": -51,
      "frequency": 5
    },
    {
      "db": -50,
      "frequency": 5
    },
    {
      "db": -49,
      "frequency": 1
    },
    {
      "db": -48,
      "frequency": 4
    },
    {
      "db": -47,
      "frequency": 5
    },
    {
      "db": -46,
      "frequency": 5
    },
    {
      "db": -45,
      "frequency": 5
    },
    {
      "db": -44,
      "frequency": 2
    },
    {
      "db": -43,
      "frequency": 3
    },
    {
      "db": -42,
      "frequency": 5
    },
    {
      "db": -41,
      "frequency": 5
    },
    {
      "db": -40,
      "frequency": 5
    },
    {
      "db": -39,
      "frequency": 5
    },
    {
      "db": -38,
      "frequency": 5
    },
    {
      "db": -37,
      "frequency": 5
    },
    {
      "db": -36,
      "frequency": 5
    },
    {
      "db": -35,
      "frequency": 8
    },
    {
      "db": -34,
      "frequency": 11
    },
    {
      "db": -33,
      "frequency": 3
    },
    {
      "db": -32,
      "frequency": 3
    },
    {
      "db": -31,
      "frequency": 2
    },
    {
      "db": -30,
      "frequency": 2
    },
    {
      "db": -29,
      "frequency": 1
    },
    {
      "db": -28,
      "frequency": 5
    },
    {
      "db": -27,
      "frequency": 18
    },
    {
      "db": -26,
      "frequency": 14
    },
    {
      "db": -25,
      "frequency": 11
    },
    {
      "db": -24,
      "frequency": 9
    },
    {
      "db": -23,
      "frequency": 6
    },
    {
      "db": -22,
      "frequency": 5
    },
    {
      "db": -21,
      "frequency": 8
    },
    {
      "db": -20,
      "frequency": 6
    },
    {
      "db": -19,
      "frequency": 1
    },
    {
      "db": -18,
      "frequency": 7
    },
    {
      "db": -17,
      "frequency": 14
    },
    {
      "db": -16,
      "frequency": 13
    },
    {
      "db": -15,
      "frequency": 14
    },
    {
      "db": -14,
      "frequency": 18
    },
    {
      "db": -13,
      "frequency": 80
    },
    {
      "db": -12,
      "frequency": 75
    },
    {
      "db": -11,
      "frequency": 150
    },
    {
      "db": -10,
      "frequency": 485
    },
    {
      "db": -9,
      "frequency": 751
    },
    {
      "db": -8,
      "frequency": 381
    },
    {
      "db": -7,
      "frequency": 345
    },
    {
      "db": -6,
      "frequency": 241
    },
    {
      "db": -5,
      "frequency": 171
    },
    {
      "db": -4,
      "frequency": 26
    },
    {
      "db": -3,
      "frequency": 0
    },
    {
      "db": -2,
      "frequency": 0
    },
    {
      "db": -1,
      "frequency": 0
    },
    {
      "db": 0,
      "frequency": 0
    },
    {
      "db": 1,
      "frequency": 0
    },
    {
