{
  "acoustic_entropy": 199.60043334960938,
  "bands": [
    {
      "high_freq": 148.1999969482422,
      "loudness": -23.103647232055664,
      "loudness_range": 10.02047348022461,
      "mid_mean": -19.809255599975586,
      "mid_to_side_loudness": -13.947305679321289,
      "mid_to_side_loudness_range": 11.36914348602295,
      "side_mean": -33.684146881103516
    },
    {
      "high_freq": 392.3793640136719,
      "loudness": -22.60357666015625,
      "loudness_range": 8.285404205322266,
      "low_freq": 148.1999969482422,
      "mid_mean": -19.608421325683594,
      "mid_to_side_loudness": -8.711624145507812,
      "mid_to_side_loudness_range": 7.200413703918457,
      "side_mean": -28.16050910949707
    },
    {
      "high_freq": 794.6976318359375,
      "loudness": -23.044742584228516,
      "loudness_range": 10.606563568115234,
      "low_freq": 392.3793640136719,
      "mid_mean": -20.08896255493164,
      "mid_to_side_loudness": -8.068662643432617,
      "mid_to_side_loudness_range": 7.10035514831543,
      "side_mean": -28.205684661865234
    },
    {
      "high_freq": 1457.5709228515625,
      "loudness": -25.49231719970703,
      "loudness_range": 12.403261184692383,
      "low_freq": 794.6976318359375,
      "mid_mean": -22.500728607177734,
      "mid_to_side_loudness": -8.839548110961914,
      "mid_to_side_loudness_range": 8.335061073303223,
      "side_mean": -31.149572372436523
    },
    {
      "high_freq": 2549.74365234375,
      "loudness": -25.260778427124023,
      "loudness_range": 10.042884826660156,
      "low_freq": 1457.5709228515625,
      "mid_mean": -22.348018646240234,
      "mid_to_side_loudness": -8.539995193481445,
      "mid_to_side_loudness_range": 9.611466407775879,
      "side_mean": -30.609577178955078
    },
    {
      "high_freq": 4349.24462890625,
      "loudness": -27.19818115234375,
      "loudness_range": 10.686410903930664,
      "low_freq": 2549.74365234375,
      "mid_mean": -24.23174285888672,
      "mid_to_side_loudness": -8.497084617614746,
      "mid_to_side_loudness_range": 8.615753173828125,
      "side_mean": -32.67842102050781
    },
    {
      "high_freq": 7314.1640625,
      "loudness": -32.56767654418945,
      "loudness_range": 18.04401206970215,
      "low_freq": 4349.24462890625,
      "mid_mean": -29.703426361083984,
      "mid_to_side_loudness": -8.02150821685791,
      "mid_to_side_loudness_range": 8.860847473144531,
      "side_mean": -37.627437591552734
    },
    {
      "high_freq": 12199.2666015625,
      "loudness": -37.00373458862305,
      "loudness_range": 21.903858184814453,
      "low_freq": 7314.1640625,
      "mid_mean": -34.24125289916992,
      "mid_to_side_loudness": -8.631607055664062,
      "mid_to_side_loudness_range": 11.053190231323242,
      "side_mean": -43.255958557128906
    },
    {
      "loudness": -44.70929718017578,
      "loudness_range": 19.385421752929688,
      "low_freq": 12199.2666015625,
      "mid_mean": -42.09044647216797,
      "mid_to_side_loudness": -7.337127208709717,
      "mid_to_side_loudness_range": 9.359739303588867,
      "side_mean": -51.36100387573242
    }
  ],
  "bands_short": [
    {
      "high_freq": 148.1999969482422,
      "loudness": -27.832000732421875,
      "loudness_range": 20.80022430419922,
      "mid_mean": -24.646766662597656,
      "mid_to_side_loudness": -14.063798904418945,
      "mid_to_side_loudness_range": 19.91819953918457,
      "side_mean": -38.83235168457031
    },
    {
      "high_freq": 392.3793640136719,
      "loudness": -22.356412887573242,
      "loudness_range": 11.012897491455078,
      "low_freq": 148.1999969482422,
      "mid_mean": -19.35370635986328,
      "mid_to_side_loudness": -9.477901458740234,
      "mid_to_side_loudness_range": 11.613030433654785,
      "side_mean": -28.473093032836914
    },
    {
      "high_freq": 794.6976318359375,
      "loudness": -23.958538055419922,
      "loudness_range": 13.10035514831543,
      "low_freq": 392.3793640136719,
      "mid_mean": -21.10934829711914,
      "mid_to_side_loudness": -8.353795051574707,
      "mid_to_side_loudness_range": 11.380531311035156,
      "side_mean": -29.19426727294922
    },
    {
      "high_freq": 1457.5709228515625,
      "loudness": -25.68329429626465,
      "loudness_range": 14.892684936523438,
      "low_freq": 794.6976318359375,
      "mid_mean": -22.75656509399414,
      "mid_to_side_loudness": -9.441474914550781,
      "mid_to_side_loudness_range": 12.451038360595703,
      "side_mean": -31.840923309326172
    },
    {
      "high_freq": 2549.74365234375,
      "loudness": -25.967605590820312,
      "loudness_range": 13.502439498901367,
      "low_freq": 1457.5709228515625,
      "mid_mean": -23.07008934020996,
      "mid_to_side_loudness": -9.272872924804688,
      "mid_to_side_loudness_range": 12.35629653930664,
      "side_mean": -31.860050201416016
    },
    {
      "high_freq": 4349.24462890625,
      "loudness": -27.92836570739746,
      "loudness_range": 14.458850860595703,
      "low_freq": 2549.74365234375,
      "mid_mean": -24.981279373168945,
      "mid_to_side_loudness": -9.074492454528809,
      "mid_to_side_loudness_range": 11.451828956604004,
      "side_mean": -33.95616149902344
    },
    {
      "high_freq": 7314.1640625,
      "loudness": -34.28514862060547,
      "loudness_range": 22.90735626220703,
      "low_freq": 4349.24462890625,
      "mid_mean": -31.470258712768555,
      "mid_to_side_loudness": -8.426985740661621,
      "mid_to_side_loudness_range": 11.192645072937012,
      "side_mean": -39.80453109741211
    },
    {
      "high_freq": 12199.2666015625,
      "loudness": -39.023712158203125,
      "loudness_range": 27.424182891845703,
      "low_freq": 7314.1640625,
      "mid_mean": -36.6057243347168,
      "mid_to_side_loudness": -8.781153678894043,
      "mid_to_side_loudness_range": 12.553322792053223,
      "side_mean": -46.48798751831055
    },
    {
      "loudness": -47.394447326660156,
      "loudness_range": 26.626602172851562,
      "low_freq": 12199.2666015625,
      "mid_mean": -48.36391830444336,
      "mid_to_side_loudness": -7.896943092346191,
      "mid_to_side_loudness_range": 11.78304672241211,
      "side_mean": -55.458980560302734
    }
  ],
  "bandwidth": 640.7811889648438,
  "channels": 2,
  "covariance": [
    [
      24.127103805541992,
      14.393303871154785,
      12.535642623901367,
      13.226103782653809,
      10.131545066833496,
      13.575431823730469,
      9.758996963500977,
      11.426850318908691,
      8.368603706359863,
      11.29312515258789,
      8.689786911010742,
      12.168449401855469,
      12.437931060791016,
      14.12044906616211,
      10.612177848815918,
      13.445165634155273,
      13.118912696838379,
      19.542938232421875
    ],
    [
      14.393303871154785,
      22.50493049621582,
      9.988789558410645,
      12.748833656311035,
      9.200909614562988,
      13.737970352172852,
      8.465591430664062,
      11.694719314575195,
      7.288815498352051,
      11.174758911132812,
      7.682948112487793,
      12.30478286743164,
      11.933419227600098,
      13.265693664550781,
      12.988260269165039,
      13.720343589782715,
      12.664445877075195,
      12.998773574829102
    ],
    [
      12.535642623901367,
      9.988789558410645,
      17.081478118896484,
      14.021007537841797,
      10.519383430480957,
      13.180665016174316,
      10.847736358642578,
      13.644034385681152,
      7.226542949676514,
      12.017745018005371,
      9.322428703308105,
      13.467777252197266,
      14.852958679199219,
      15.926891326904297,
      13.658187866210938,
      15.399993896484375,
      13.736074447631836,
      17.220762252807617
    ],
    [
      13.226103782653809,
      12.748833656311035,
      14.021007537841797,
      20.44019317626953,
      12.883341789245605,
      16.526569366455078,
      13.423389434814453,
      18.148252487182617,
      9.733004570007324,
      15.262351989746094,
      10.31777286529541,
      16.717615127563477,
      16.856454849243164,
      19.10284423828125,
      17.10512351989746,
      18.8635311126709,
      16.292037963867188,
      16.1542911529541
    ],
    [
      10.131545066833496,
      9.200909614562988,
      10.519383430480957,
      12.883341789245605,
      19.49504280090332,
      16.894718170166016,
      14.23091983795166,
      15.953411102294922,
      10.159811019897461,
      13.003914833068848,
      12.638001441955566,
      14.617262840270996,
      16.8424015045166,
      17.085140228271484,
      17.088991165161133,
      17.04977035522461,
      14.724970817565918,
      13.500009536743164
    ],
    [
      13.575431823730469,
      13.737970352172852,
      13.180665016174316,
      16.526569366455078,
      16.894718170166016,
      23.294187545776367,
      14.77245807647705,
      19.4762020111084,
      10.915152549743652,
      16.84002685546875,
      13.258289337158203,
      18.877851486206055,
      19.850942611694336,
      21.151948928833008,
      20.86442756652832,
      21.842538833618164,
      19.995845794677734,
      18.27452850341797
    ],
    [
      9.758996963500977,
      8.465591430664062,
      10.847736358642578,
      13.423389434814453,
      14.23091983795166,
      14.77245807647705,
      24.602054595947266,
      20.325439453125,
      13.34334659576416,
      13.240988731384277,
      13.370694160461426,
      14.509557723999023,
      16.640457153320312,
      17.932621002197266,
      14.837188720703125,
      17.695011138916016,
      14.228381156921387,
      15.767157554626465
    ],
    [
      11.426850318908691,
      11.694719314575195,
      13.644034385681152,
      18.148252487182617,
      15.953411102294922,
      19.4762020111084,
      20.325439453125,
      27.132646560668945,
      14.05022144317627,
      19.55479621887207,
      14.507315635681152,
      21.003704071044922,
      20.834850311279297,
      24.08454132080078,
      20.039522171020508,
      23.679088592529297,
      20.17154312133789,
      20.000732421875
    ],
    [
      8.368603706359863,
      7.288815498352051,
      7.226542949676514,
      9.733004570007324,
      10.159811019897461,
      10.915152549743652,
      13.34334659576416,
      14.05022144317627,
      20.024837493896484,
      13.429437637329102,
      13.733372688293457,
      12.485133171081543,
      13.20511531829834,
      13.997939109802246,
      10.363471984863281,
      13.78654956817627,
      11.83895492553711,
      15.473709106445312
    ],
    [
      11.29312515258789,
      11.174758911132812,
      12.017745018005371,
      15.262351989746094,
      13.003914833068848,
      16.84002685546875,
      13.240988731384277,
      19.55479621887207,
      13.429437637329102,
      20.641963958740234,
      13.792031288146973,
      20.097551345825195,
      18.74051856994629,
      21.299663543701172,
      16.788387298583984,
      21.3642578125,
      18.715274810791016,
      19.25855827331543
    ],
    [
      8.689786911010742,
      7.682948112487793,
      9.322428703308105,
      10.31777286529541,
      12.638001441955566,
      13.258289337158203,
      13.370694160461426,
      14.507315635681152,
      13.733372688293457,
      13.792031288146973,
      21.29113006591797,
      16.950504302978516,
      19.795522689819336,
      18.378950119018555,
      17.1755428314209,
      18.350868225097656,
      17.049015045166016,
      16.482969284057617
    ],
    [
      12.168449401855469,
      12.30478286743164,
      13.467777252197266,
      16.717615127563477,
      14.617262840270996,
      18.877851486206055,
      14.509557723999023,
      21.003704071044922,
      12.485133171081543,
      20.097551345825195,
      16.950504302978516,
      25.68833351135254,
      24.77434730529785,
      28.25455093383789,
      23.322471618652344,
      27.650922775268555,
      23.257137298583984,
      23.217344284057617
    ],
    [
      12.437931060791016,
      11.933419227600098,
      14.852958679199219,
      16.856454849243164,
      16.8424015045166,
      19.850942611694336,
      16.640457153320312,
      20.834850311279297,
      13.20511531829834,
      18.74051856994629,
      19.795522689819336,
      24.77434730529785,
      45.68857955932617,
      39.498443603515625,
      46.636837005615234,
      39.18634796142578,
      38.40850067138672,
      32.073551177978516
    ],
    [
      14.12044906616211,
      13.265693664550781,
      15.926891326904297,
      19.10284423828125,
      17.085140228271484,
      21.151948928833008,
      17.932621002197266,
      24.08454132080078,
      13.997939109802246,
      21.299663543701172,
      18.378950119018555,
      28.25455093383789,
      39.498443603515625,
      46.63459014892578,
      39.266693115234375,
      43.1699104309082,
      35.94049835205078,
      38.7035026550293
    ],
    [
      10.612177848815918,
      12.988260269165039,
      13.658187866210938,
      17.10512351989746,
      17.088991165161133,
      20.86442756652832,
      14.837188720703125,
      20.039522171020508,
      10.363471984863281,
      16.788387298583984,
      17.1755428314209,
      23.322471618652344,
      46.636837005615234,
      39.266693115234375,
      66.3087387084961,
      44.27626037597656,
      49.61153793334961,
      30.926776885986328
    ],
    [
      13.445165634155273,
      13.720343589782715,
      15.399993896484375,
      18.8635311126709,
      17.04977035522461,
      21.842538833618164,
      17.695011138916016,
      23.679088592529297,
      13.78654956817627,
      21.3642578125,
      18.350868225097656,
      27.650922775268555,
      39.18634796142578,
      43.1699104309082,
      44.27626037597656,
      47.345664978027344,
      41.53544235229492,
      38.59553909301758
    ],
    [
      13.118912696838379,
      12.664445877075195,
      13.736074447631836,
      16.292037963867188,
      14.724970817565918,
      19.995845794677734,
      14.228381156921387,
      20.17154312133789,
      11.83895492553711,
      18.715274810791016,
      17.049015045166016,
      23.257137298583984,
      38.40850067138672,
      35.94049835205078,
      49.61153793334961,
      41.53544235229492,
      54.50952911376953,
      40.45903396606445
    ],
    [
      19.542938232421875,
      12.998773574829102,
      17.220762252807617,
      16.1542911529541,
      13.500009536743164,
      18.27452850341797,
      15.767157554626465,
      20.000732421875,
      15.473709106445312,
      19.25855827331543,
      16.482969284057617,
      23.217344284057617,
      32.073551177978516,
      38.7035026550293,
      30.926776885986328,
      38.59553909301758,
      40.45903396606445,
      72.52581787109375
    ]
  ],
  "covariance_short": [
    [
      53.873985290527344,
      22.286828994750977,
      15.536911010742188,
      18.19936752319336,
      13.20276165008545,
      17.199369430541992,
      12.0471830368042,
      16.56269645690918,
      10.548280715942383,
      16.35845947265625,
      11.801241874694824,
      19.240121841430664,
      18.965301513671875,
      22.830856323242188,
      20.582651138305664,
      23.66297721862793,
      31.566110610961914,
      24.314205169677734
    ],
    [
      22.286828994750977,
      39.639930725097656,
      12.099556922912598,
      17.21509552001953,
      12.522974967956543,
      16.135528564453125,
      10.742505073547363,
      14.892057418823242,
      9.4528226852417,
      14.743760108947754,
      10.321918487548828,
      17.766891479492188,
      16.932476043701172,
      20.439315795898438,
      18.23890495300293,
      20.367685317993164,
      23.573806762695312,
      17.773494720458984
    ],
    [
      15.536911010742188,
      12.099556922912598,
      22.70244598388672,
      16.438167572021484,
      13.263671875,
      15.298246383666992,
      11.592971801757812,
      16.336782455444336,
      8.735918998718262,
      15.21865463256836,
      10.686829566955566,
      16.30037498474121,
      15.84965991973877,
      18.95974349975586,
      17.113983154296875,
      21.34416389465332,
      26.383787155151367,
      21.616857528686523
    ],
    [
      18.19936752319336,
      17.21509552001953,
      16.438167572021484,
      30.152246475219727,
      16.924535751342773,
      22.863876342773438,
      14.808588027954102,
      25.218156814575195,
      10.733545303344727,
      20.662900924682617,
      11.854080200195312,
      22.237918853759766,
      18.768325805664062,
      22.89052391052246,
      20.815448760986328,
      24.33332633972168,
      29.064748764038086,
      23.572559356689453
    ],
    [
      13.20276165008545,
      12.522974967956543,
      13.263671875,
      16.924535751342773,
      28.942523956298828,
      22.92213249206543,
      16.872718811035156,
      21.905305862426758,
      12.834738731384277,
      18.482336044311523,
      16.027040481567383,
      20.540485382080078,
      20.48275375366211,
      23.024330139160156,
      22.996124267578125,
      25.019439697265625,
      28.79192543029785,
      22.499706268310547
    ],
    [
      17.199369430541992,
      16.135528564453125,
      15.298246383666992,
      22.863876342773438,
      22.92213249206543,
      36.75946807861328,
      17.568927764892578,
      30.033390045166016,
      12.579425811767578,
      25.460269927978516,
      16.277421951293945,
      26.70311164855957,
      24.780784606933594,
      27.416536331176758,
      27.933374404907227,
      29.08012580871582,
      34.740264892578125,
      27.492008209228516
    ],
    [
      12.0471830368042,
      10.742505073547363,
      11.592971801757812,
      14.808588027954102,
      16.872718811035156,
      17.568927764892578,
      33.753501892089844,
      25.970779418945312,
      17.470943450927734,
      17.25408363342285,
      18.39248275756836,
      19.761276245117188,
      21.16950035095215,
      24.505657196044922,
      21.171005249023438,
      26.247648239135742,
      28.117090225219727,
      24.147920608520508
    ],
    [
      16.56269645690918,
      14.892057418823242,
      16.336782455444336,
      25.218156814575195,
      21.905305862426758,
      30.033390045166016,
      25.970779418945312,
      44.53336715698242,
      17.95111083984375,
      31.060171127319336,
      19.445945739746094,
      31.106416702270508,
      27.579330444335938,
      32.81452560424805,
      28.261930465698242,
      33.10350036621094,
      36.991127014160156,
      33.60148239135742
    ],
    [
      10.548280715942383,
      9.4528226852417,
      8.735918998718262,
      10.733545303344727,
      12.834738731384277,
      12.579425811767578,
      17.470943450927734,
      17.95111083984375,
      28.777111053466797,
      19.834070205688477,
      19.40631103515625,
      18.169092178344727,
      18.4222412109375,
      20.313629150390625,
      15.581839561462402,
      21.97086524963379,
      25.669923782348633,
      23.121068954467773
    ],
    [
      16.35845947265625,
      14.743760108947754,
      15.21865463256836,
      20.662900924682617,
      18.482336044311523,
      25.460269927978516,
      17.25408363342285,
      31.060171127319336,
      19.834070205688477,
      36.82494354248047,
      19.792129516601562,
      32.14780044555664,
      27.364437103271484,
      31.9233341217041,
      25.457239151000977,
      32.015193939208984,
      35.05032730102539,
      33.17915725708008
    ],
    [
      11.801241874694824,
      10.321918487548828,
      10.686829566955566,
      11.854080200195312,
      16.027040481567383,
      16.277421951293945,
      18.39248275756836,
      19.445945739746094,
      19.40631103515625,
      19.792129516601562,
      32.32616424560547,
      25.257946014404297,
      27.578502655029297,
      26.754989624023438,
      25.242660522460938,
      28.13999366760254,
      32.97313690185547,
      26.95428466796875
    ],
    [
      19.240121841430664,
      17.766891479492188,
      16.30037498474121,
      22.237918853759766,
      20.540485382080078,
      26.70311164855957,
      19.761276245117188,
      31.106416702270508,
      18.169092178344727,
      32.14780044555664,
      25.257946014404297,
      42.70882034301758,
      35.67190933227539,
      43.88958740234375,
      35.3167724609375,
      43.05986022949219,
      44.58160400390625,
      41.68495559692383
    ],
    [
      18.965301513671875,
      16.932476043701172,
      15.84965991973877,
      18.768325805664062,
      20.48275375366211,
      24.780784606933594,
      21.16950035095215,
      27.579330444335938,
      18.4222412109375,
      27.364437103271484,
      27.578502655029297,
      35.67190933227539,
      66.0728759765625,
      59.44744873046875,
      67.84312438964844,
      64.79147338867188,
      75.60585021972656,
      58.84099578857422
    ],
    [
      22.830856323242188,
      20.439315795898438,
      18.95974349975586,
      22.89052391052246,
      23.024330139160156,
      27.416536331176758,
      24.505657196044922,
      32.81452560424805,
      20.313629150390625,
      31.9233341217041,
      26.754989624023438,
      43.88958740234375,
      59.44744873046875,
      77.09874725341797,
      62.655670166015625,
      78.32583618164062,
      75.75704193115234,
      73.64335632324219
    ],
    [
      20.582651138305664,
      18.23890495300293,
      17.113983154296875,
      20.815448760986328,
      22.996124267578125,
      27.933374404907227,
      21.171005249023438,
      28.261930465698242,
      15.581839561462402,
      25.457239151000977,
      25.242660522460938,
      35.3167724609375,
      67.84312438964844,
      62.655670166015625,
      103.39909362792969,
      78.10143280029297,
      97.69403839111328,
      67.55533599853516
    ],
    [
      23.66297721862793,
      20.367685317993164,
      21.34416389465332,
      24.33332633972168,
      25.019439697265625,
      29.08012580871582,
      26.247648239135742,
      33.10350036621094,
      21.97086524963379,
      32.015193939208984,
      28.13999366760254,
      43.05986022949219,
      64.79147338867188,
      78.32583618164062,
      78.10143280029297,
      97.94480895996094,
      95.66734313964844,
      87.42794799804688
    ],
    [
      31.566110610961914,
      23.573806762695312,
      26.383787155151367,
      29.064748764038086,
      28.79192543029785,
      34.740264892578125,
      28.117090225219727,
      36.991127014160156,
      25.669923782348633,
      35.05032730102539,
      32.97313690185547,
      44.58160400390625,
      75.60585021972656,
      75.75704193115234,
      97.69403839111328,
      95.66734313964844,
      142.35597229003906,
      107.62451171875
    ],
    [
      24.314205169677734,
      17.773494720458984,
      21.616857528686523,
      23.572559356689453,
      22.499706268310547,
      27.492008209228516,
      24.147920608520508,
      33.60148239135742,
      23.121068954467773,
      33.17915725708008,
      26.95428466796875,
      41.68495559692383,
      58.84099578857422,
      73.64335632324219,
      67.55533599853516,
      87.42794799804688,
      107.62451171875,
      102.85237121582031
    ]
  ],
  "damage": -8.188162803649902,
  "diff_bandwidth": 662.4177856445312,
  "dissonance": 9.417030654598236,
  "drr": 14.110953330993652,
  "dynamics": 2.7672836780548096,
  "format": 65538,
  "frames": 13413456,
  "freq_pan_to_db": [
    [
      -26.01685905456543,
      -24.47481346130371,
      -21.86922836303711,
      -18.66021728515625,
      -16.738807678222656,
      -18.338520050048828,
      -20.4097843170166,
      -21.466594696044922,
      -22.82712745666504,
      -24.788862228393555,
      -25.740440368652344
    ],
    [
      -18.71758460998535,
      -17.238080978393555,
      -15.305509567260742,
      -13.587535858154297,
      -9.993127822875977,
      -10.16125774383545,
      -13.677669525146484,
      -15.051338195800781,
      -16.194814682006836,
      -18.006370544433594,
      -18.932331085205078
    ],
    [
      -16.81758689880371,
      -15.633406639099121,
      -13.923101425170898,
      -11.922503471374512,
      -10.938871383666992,
      -11.527640342712402,
      -12.693245887756348,
      -13.753843307495117,
      -14.450350761413574,
      -15.971951484680176,
      -16.646379470825195
    ],
    [
      -18.234216690063477,
      -17.392608642578125,
      -16.483367919921875,
      -15.252080917358398,
      -14.383732795715332,
      -14.301685333251953,
      -14.160569190979004,
      -15.154568672180176,
      -16.098302841186523,
      -17.558073043823242,
      -18.488550186157227
    ],
    [
      -19.40809440612793,
      -18.943279266357422,
      -18.2910213470459,
      -17.740291595458984,
      -17.210079193115234,
      -17.0768985748291,
      -15.803250312805176,
      -16.007774353027344,
      -17.234935760498047,
      -18.552486419677734,
      -18.79863739013672
    ],
    [
      -19.316471099853516,
      -18.23199462890625,
      -17.365144729614258,
      -16.075881958007812,
      -15.27219009399414,
      -15.894668579101562,
      -16.714122772216797,
      -18.063865661621094,
      -19.032686233520508,
      -20.157201766967773,
      -20.709274291992188
    ],
    [
      -19.752897262573242,
      -19.411930084228516,
      -18.184513092041016,
      -16.87335777282715,
      -15.890847206115723,
      -16.43170166015625,
      -16.690364837646484,
      -17.618886947631836,
      -19.3475341796875,
      -20.65228843688965,
      -21.332754135131836
    ],
    [
      -19.58660316467285,
      -19.490922927856445,
      -18.707490921020508,
      -17.93545150756836,
      -16.886377334594727,
      -16.235231399536133,
      -14.119949340820312,
      -15.692814826965332,
      -17.728065490722656,
      -18.35272979736328,
      -18.0118465423584
    ],
    [
      -19.517822265625,
      -19.474998474121094,
      -18.13222885131836,
      -17.021957397460938,
      -16.172578811645508,
      -15.843815803527832,
      -14.498577117919922,
      -15.276680946350098,
      -17.709613800048828,
      -18.857088088989258,
      -18.826074600219727
    ],
    [
      -18.42434310913086,
      -19.52281951904297,
      -17.49847412109375,
      -15.341012001037598,
      -15.303528785705566,
      -16.441129684448242,
      -17.298372268676758,
      -18.37242889404297,
      -19.264968872070312,
      -20.574832916259766,
      -21.435379028320312
    ],
    [
      -20.77305030822754,
      -21.434741973876953,
      -21.202062606811523,
      -19.673463821411133,
      -17.95290184020996,
      -16.45920753479004,
      -18.118276596069336,
      -19.25839614868164,
      -20.890127182006836,
      -21.435264587402344,
      -20.91547203063965
    ],
    [
      -22.698556900024414,
      -22.579200744628906,
      -22.853044509887695,
      -22.40189552307129,
      -20.23736572265625,
      -19.155719757080078,
      -18.902212142944336,
      -19.68858528137207,
      -21.565998077392578,
      -23.2440185546875,
      -22.221303939819336
    ],
    [
      -23.483409881591797,
      -23.630279541015625,
      -23.83563232421875,
      -22.844938278198242,
      -19.094993591308594,
      -17.951242446899414,
      -19.472326278686523,
      -20.734296798706055,
      -22.297513961791992,
      -22.524532318115234,
      -21.81810188293457
    ],
    [
      -18.58734130859375,
      -22.327884674072266,
      -22.81752586364746,
      -19.74815559387207,
      -16.923477172851562,
      -16.950929641723633,
      -19.217641830444336,
      -21.706029891967773,
      -21.985963821411133,
      -22.595537185668945,
      -22.66393280029297
    ],
    [
      -18.876991271972656,
      -21.09971046447754,
      -21.423038482666016,
      -19.74828338623047,
      -18.160303115844727,
      -19.74403190612793,
      -21.473617553710938,
      -22.53313446044922,
      -21.761966705322266,
      -23.785234451293945,
      -22.83038902282715
    ],
    [
      -20.0528621673584,
      -21.055683135986328,
      -21.645463943481445,
      -20.077354431152344,
      -20.868144989013672,
      -20.682270050048828,
      -22.197805404663086,
      -21.999441146850586,
      -21.13282012939453,
      -22.019302368164062,
      -23.490982055664062
    ],
    [
      -19.760358810424805,
      -21.233421325683594,
      -23.503061294555664,
      -21.823749542236328,
      -22.263582229614258,
      -22.06126594543457,
      -23.606416702270508,
      -21.996719360351562,
      -21.922548294067383,
      -21.924043655395508,
      -23.846954345703125
    ],
    [
      -18.74510383605957,
      -20.504594802856445,
      -22.516862869262695,
      -22.30944061279297,
      -20.093414306640625,
      -21.325117111206055,
      -22.583223342895508,
      -21.4809627532959,
      -20.883264541625977,
      -21.16808319091797,
      -22.581586837768555
    ],
    [
      -20.878984451293945,
      -20.97780990600586,
      -22.3044490814209,
      -22.151504516601562,
      -20.088592529296875,
      -21.561595916748047,
      -23.471799850463867,
      -21.708818435668945,
      -21.705720901489258,
      -23.0836181640625,
      -25.192834854125977
    ],
    [
      -24.18644142150879,
      -24.146780014038086,
      -24.69488525390625,
      -25.071269989013672,
      -22.60422706604004,
      -23.98381996154785,
      -25.63397979736328,
      -25.34636688232422,
      -24.895444869995117,
      -25.31816291809082,
      -24.085418701171875
    ],
    [
      -24.263553619384766,
      -23.406766891479492,
      -25.446590423583984,
      -25.87520408630371,
      -24.66143798828125,
      -25.083267211914062,
      -27.015323638916016,
      -25.94788932800293,
      -27.02938461303711,
      -27.669189453125,
      -27.862445831298828
    ],
    [
      -25.45554542541504,
      -26.624658584594727,
      -24.689563751220703,
      -26.286840438842773,
      -24.890104293823242,
      -24.953937530517578,
      -28.055538177490234,
      -25.3812313079834,
      -27.47626304626465,
      -28.165870666503906,
      -30.006738662719727
    ],
    [
      -27.54375457763672,
      -26.03668975830078,
      -27.08888053894043,
      -27.804363250732422,
      -26.173974990844727,
      -25.25759506225586,
      -27.080875396728516,
      -27.73199462890625,
      -27.746105194091797,
      -27.19392967224121,
      -27.544267654418945
    ],
    [
      -25.65964126586914,
      -26.602985382080078,
      -26.853979110717773,
      -27.037282943725586,
      -26.45236587524414,
      -24.746488571166992,
      -26.79891014099121,
      -27.527639389038086,
      -27.65317726135254,
      -27.435779571533203,
      -28.572294235229492
    ],
    [
      -370,
      -29.1844425201416,
      -29.017759323120117,
      -28.304819107055664,
      -28.355379104614258,
      -27.4144344329834,
      -28.844497680664062,
      -28.809377670288086,
      -29.14401626586914,
      -29.879709243774414,
      -30.653379440307617
    ],
    [
      -30.5403995513916,
      -29.54391860961914,
      -30.18938636779785,
      -29.10100555419922,
      -28.81375503540039,
      -29.223478317260742,
      -29.892385482788086,
      -30.072546005249023,
      -29.829113006591797,
      -31.219158172607422,
      -29.466384887695312
    ],
    [
      -37.50056838989258,
      -31.12759017944336,
      -30.999296188354492,
      -31.271595001220703,
      -30.57792854309082,
      -30.20034408569336,
      -32.82240295410156,
      -32.321285247802734,
      -31.36825942993164,
      -32.254032135009766,
      -34.42866897583008
    ],
    [
      -35.64350509643555,
      -29.966026306152344,
      -30.6284236907959,
      -31.04777717590332,
      -31.432676315307617,
      -31.881423950195312,
      -34.13467025756836,
      -32.56916427612305,
      -32.29197692871094,
      -31.873170852661133,
      -31.396068572998047
    ],
    [
      -32.943302154541016,
      -30.565378189086914,
      -30.89325523376465,
      -31.62252426147461,
      -32.047264099121094,
      -31.937744140625,
      -34.21549987792969,
      -32.52937698364258,
      -31.714963912963867,
      -31.05190086364746,
      -29.028018951416016
    ],
    [
      -370,
      -33.43743133544922,
      -32.05720901489258,
      -32.654502868652344,
      -33.07196044921875,
      -31.506906509399414,
      -32.1756706237793,
      -33.554195404052734,
      -32.515235900878906,
      -32.84823989868164,
      -31.666500091552734
    ],
    [
      -28.70138931274414,
      -34.75797653198242,
      -32.63058090209961,
      -33.505611419677734,
      -33.445098876953125,
      -31.0484561920166,
      -30.878992080688477,
      -34.83576583862305,
      -33.99195098876953,
      -33.98652267456055,
      -28.421586990356445
    ],
    [
      -370,
      -34.58316421508789,
      -34.33158874511719,
      -34.27992248535156,
      -34.361209869384766,
      -30.893327713012695,
      -33.90282440185547,
      -36.73374938964844,
      -35.169551849365234,
      -33.694705963134766,
      -370
    ],
    [
      -34.09531021118164,
      -34.50044631958008,
      -34.30229949951172,
      -35.14932632446289,
      -35.028472900390625,
      -31.335926055908203,
      -36.055511474609375,
      -38.742576599121094,
      -36.629119873046875,
      -32.71139144897461,
      -370
    ],
    [
      -370,
      -43.31516647338867,
      -40.422035217285156,
      -38.08310317993164,
      -36.774932861328125,
      -31.628393173217773,
      -37.16825485229492,
      -42.26278305053711,
      -42.527244567871094,
      -39.4586181640625,
      -370
    ],
    [
      -54.70927810668945,
      -56.00777053833008,
      -42.12409210205078,
      -40.25153732299805,
      -38.27288818359375,
      -32.257076263427734,
      -35.88613510131836,
      -33.116573333740234,
      -38.01288604736328,
      -39.689697265625,
      -370
    ],
    [
      -370,
      -49.1519889831543,
      -44.77012252807617,
      -42.992103576660156,
      -40.99803924560547,
      -34.631282806396484,
      -36.672935485839844,
      -31.67052459716797,
      -39.179054260253906,
      -34.34331130981445,
      -370
    ],
    [
      -370,
      -45.14078140258789,
      -45.488101959228516,
      -43.68147277832031,
      -42.15701675415039,
      -36.22569274902344,
      -39.669036865234375,
      -37.34562301635742,
      -38.947975158691406,
      -35.30723190307617,
      -48.67107009887695
    ],
    [
      -370,
      -45.92326736450195,
      -47.56794357299805,
      -45.955810546875,
      -43.374351501464844,
      -38.71724319458008,
      -43.07782745361328,
      -41.41413497924805,
      -38.96940612792969,
      -34.92299270629883,
      -36.952754974365234
    ],
    [
      -370,
      -48.51146697998047,
      -48.34478759765625,
      -46.66806411743164,
      -44.939571380615234,
      -41.57323455810547,
      -44.19114303588867,
      -42.324153900146484,
      -39.660648345947266,
      -36.98072814941406,
      -370
    ],
    [
      -55.4992561340332,
      -47.678157806396484,
      -46.57687759399414,
      -48.12024688720703,
      -48.03932571411133,
      -43.350929260253906,
      -42.30216979980469,
      -38.35212326049805,
      -42.656593322753906,
      -38.87336730957031,
      -370
    ],
    [
      -53.15924835205078,
      -48.681480407714844,
      -47.2816276550293,
      -47.87956237792969,
      -47.549659729003906,
      -45.99015426635742,
      -46.56772994995117,
      -44.117462158203125,
      -46.080101013183594,
      -42.48758316040039,
      -45.63010025024414
    ],
    [
      -46.872337341308594,
      -50.062904357910156,
      -48.38361358642578,
      -48.199073791503906,
      -48.42669677734375,
      -48.6609001159668,
      -50.278873443603516,
      -48.184547424316406,
      -45.14293670654297,
      -42.99291229248047,
      -43.81287384033203
    ]
  ],
  "histogram": [
    {
      "db": -70,
      "frequency": 6
    },
    {
      "db": -69,
      "frequency": 35
    },
    {
      "db": -68,
      "frequency": 13
    },
    {
      "db": -67,
      "frequency": 2
    },
    {
      "db": -66,
      "frequency": 1
    },
    {
      "db": -65,
      "frequency": 1
    },
    {
      "db": -64,
      "frequency": 1
    },
    {
      "db": -63,
      "frequency": 1
    },
    {
      "db": -62,
      "frequency": 1
    },
    {
      "db": -61,
      "frequency": 12
    },
    {
      "db": -60,
      "frequency": 3
    },
    {
      "db": -59,
      "frequency": 3
    },
    {
      "db": -58,
      "frequency": 2
    },
    {
      "db": -57,
      "frequency": 4
    },
    {
      "db": -56,
      "frequency": 1
    },
    {
      "db": -55,
      "frequency": 5
    },
    {
      "db": -54,
      "frequency": 5
    },
    {
      "db": -53,
      "frequency": 1
    },
    {
      "db": -52,
      "frequency": 4
    },
    {
      "db": -51,
      "frequency": 5
    },
    {
      "db": -50,
      "frequency": 5
    },
    {
      "db": -49,
      "frequency": 5
    },
    {
      "db": -48,
      "frequency": 4
    },
    {
      "db": -47,
      "frequency": 1
    },
    {
      "db": -46,
      "frequency": 5
    },
    {
      "db": -45,
      "frequency": 5
    },
    {
      "db": -44,
      "frequency": 5
    },
    {
      "db": -43,
      "frequency": 5
    },
    {
      "db": -42,
      "frequency": 5
    },
    {
      "db": -41,
      "frequency": 5
    },
    {
      "db": -40,
      "frequency": 8
    },
    {
      "db": -39,
      "frequency": 5
    },
    {
      "db": -38,
      "frequency": 12
    },
    {
      "db": -37,
      "frequency": 5
    },
    {
      "db": -36,
      "frequency": 0
    },
    {
      "db": -35,
      "frequency": 3
    },
    {
      "db": -34,
      "frequency": 1
    },
    {
      "db": -33,
      "frequency": 2
    },
    {
      "db": -32,
      "frequency": 4
    },
    {
      "db": -31,
      "frequency": 22
    },
    {
      "db": -30,
      "frequency": 12
    },
    {
      "db": -29,
      "frequency": 13
    },
    {
      "db": -28,
      "frequency": 10
    },
    {
      "db": -27,
      "frequency": 2
    },
    {
      "db": -26,
      "frequency": 6
    },
    {
      "db": -25,
      "frequency": 7
    },
    {
      "db": -24,
      "frequency": 6
    },
    {
      "db": -23,
      "frequency": 1
    },
    {
      "db": -22,
      "frequency": 5
    },
    {
      "db": -21,
      "frequency": 13
    },
    {
      "db": -20,
      "frequency": 15
    },
    {
      "db": -19,
      "frequency": 15
    },
    {
      "db": -18,
      "frequency": 22
    },
    {
      "db": -17,
      "frequency": 81
    },
    {
      "db": -16,
      "frequency": 67
    },
    {
      "db": -15,
      "frequency": 154
    },
    {
      "db": -14,
      "frequency": 433
    },
    {
      "db": -13,
      "frequency": 670
    },
    {
      "db": -12,
      "frequency": 419
    },
    {
      "db": -11,
      "frequency": 321
    },
    {
      "db": -10,
      "frequency": 226
    },
    {
      "db": -9,
      "frequency": 225
    },
    {
      "db": -8,
      "frequency": 82
    },
    {
      "db": -7,
      "frequency": 22
    },
    {
      "db": -6,
      "frequency": 0
    },
    {
      "db": -5,
      "frequency": 0
    },
    {
      "db": -4,
      "frequency": 0
    },
    {
      "db": -3,
      "frequency": 0
    },
    {
      "db": -2,
      "frequency": 0
    },
    {
      "db": -1,
      "frequency": 0
    },
    {
      "db": 0,
      "frequency": 0
    },
    {
      "db": 1,
      "frequency": 0
    },
    {
      "db": 2,
      "frequency": 0
    },
    {
      "db": 3,
      "frequency": 0
    },
    {
      "db": 4,
      "frequency": 0
    },
    {
      "db": 5,
      "frequency": 0
    },
