{
  "acoustic_entropy": 194.68508911132812,
  "bands": [
    {
      "high_freq": 148.1999969482422,
      "loudness": -20.823760986328125,
      "loudness_range": 9.977933883666992,
      "mid_mean": -17.47308349609375,
      "mid_to_side_loudness": -14.642912864685059,
      "mid_to_side_loudness_range": 11.388527870178223,
      "side_mean": -32.04383087158203
    },
    {
      "high_freq": 392.3793640136719,
      "loudness": -20.437767028808594,
      "loudness_range": 8.25239086151123,
      "low_freq": 148.1999969482422,
      "mid_mean": -17.336429595947266,
      "mid_to_side_loudness": -9.534232139587402,
      "mid_to_side_loudness_range": 7.230076313018799,
      "side_mean": -26.712318420410156
    },
    {
      "high_freq": 794.6976318359375,
      "loudness": -21.19384002685547,
      "loudness_range": 10.541990280151367,
      "low_freq": 392.3793640136719,
      "mid_mean": -18.135953903198242,
      "mid_to_side_loudness": -8.805771827697754,
      "mid_to_side_loudness_range": 7.153141021728516,
      "side_mean": -26.989547729492188
    },
    {
      "high_freq": 1457.5709228515625,
      "loudness": -24.08354949951172,
      "loudness_range": 12.333053588867188,
      "low_freq": 794.6976318359375,
      "mid_mean": -21.072160720825195,
      "mid_to_side_loudness": -9.053023338317871,
      "mid_to_side_loudness_range": 8.326351165771484,
      "side_mean": -29.917999267578125
    },
    {
      "high_freq": 2549.74365234375,
      "loudness": -22.959285736083984,
      "loudness_range": 9.965539932250977,
      "low_freq": 1457.5709228515625,
      "mid_mean": -20.00653076171875,
      "mid_to_side_loudness": -8.928791999816895,
      "mid_to_side_loudness_range": 9.594846725463867,
      "side_mean": -28.657381057739258
    },
    {
      "high_freq": 4349.24462890625,
      "loudness": -25.3528995513916,
      "loudness_range": 10.574663162231445,
      "low_freq": 2549.74365234375,
      "mid_mean": -22.386709213256836,
      "mid_to_side_loudness": -8.504216194152832,
      "mid_to_side_loudness_range": 8.67990779876709,
      "side_mean": -30.8432559967041
    },
    {
      "high_freq": 7314.1640625,
      "loudness": -32.52475357055664,
      "loudness_range": 17.861177444458008,
      "low_freq": 4349.24462890625,
      "mid_mean": -29.819660186767578,
      "mid_to_side_loudness": -7.056329250335693,
      "mid_to_side_loudness_range": 8.812134742736816,
      "side_mean": -36.780174255371094
    },
    {
      "high_freq": 12199.2666015625,
      "loudness": -36.56291198730469,
      "loudness_range": 21.93709373474121,
      "low_freq": 7314.1640625,
      "mid_mean": -34.067588806152344,
      "mid_to_side_loudness": -7.01889705657959,
      "mid_to_side_loudness_range": 11.001200675964355,
      "side_mean": -41.44282150268555
    },
    {
      "loudness": -43.912689208984375,
      "loudness_range": 19.348251342773438,
      "low_freq": 12199.2666015625,
      "mid_mean": -41.646541595458984,
      "mid_to_side_loudness": -5.5840935707092285,
      "mid_to_side_loudness_range": 9.2999267578125,
      "side_mean": -49.38016891479492
    }
  ],
  "bands_short": [
    {
      "high_freq": 148.1999969482422,
      "loudness": -25.51607894897461,
      "loudness_range": 20.79529571533203,
      "mid_mean": -22.27793312072754,
      "mid_to_side_loudness": -14.774142265319824,
      "mid_to_side_loudness_range": 19.92087745666504,
      "side_mean": -37.160858154296875
    },
    {
      "high_freq": 392.3793640136719,
      "loudness": -20.142234802246094,
      "loudness_range": 10.982306480407715,
      "low_freq": 148.1999969482422,
      "mid_mean": -17.03496551513672,
      "mid_to_side_loudness": -10.294212341308594,
      "mid_to_side_loudness_range": 11.668266296386719,
      "side_mean": -26.966196060180664
    },
    {
      "high_freq": 794.6976318359375,
      "loudness": -22.064605712890625,
      "loudness_range": 13.12771987915039,
      "low_freq": 392.3793640136719,
      "mid_mean": -19.10174560546875,
      "mid_to_side_loudness": -9.123636245727539,
      "mid_to_side_loudness_range": 11.428934097290039,
      "side_mean": -27.954572677612305
    },
    {
      "high_freq": 1457.5709228515625,
      "loudness": -24.260934829711914,
      "loudness_range": 14.828697204589844,
      "low_freq": 794.6976318359375,
      "mid_mean": -21.301090240478516,
      "mid_to_side_loudness": -9.677657127380371,
      "mid_to_side_loudness_range": 12.468611717224121,
      "side_mean": -30.620763778686523
    },
    {
      "high_freq": 2549.74365234375,
      "loudness": -23.67015266418457,
      "loudness_range": 13.420808792114258,
      "low_freq": 1457.5709228515625,
      "mid_mean": -20.7136173248291,
      "mid_to_side_loudness": -9.657805442810059,
      "mid_to_side_loudness_range": 12.37649917602539,
      "side_mean": -29.894075393676758
    },
    {
      "high_freq": 4349.24462890625,
      "loudness": -26.06010627746582,
      "loudness_range": 14.39706039428711,
      "low_freq": 2549.74365234375,
      "mid_mean": -23.10657501220703,
      "mid_to_side_loudness": -9.08915901184082,
      "mid_to_side_loudness_range": 11.494196891784668,
      "side_mean": -32.10408401489258
    },
    {
      "high_freq": 7314.1640625,
      "loudness": -34.20266342163086,
      "loudness_range": 22.73418617248535,
      "low_freq": 4349.24462890625,
      "mid_mean": -31.55069351196289,
      "mid_to_side_loudness": -7.473909854888916,
      "mid_to_side_loudness_range": 11.147880554199219,
      "side_mean": -38.93071365356445
    },
    {
      "high_freq": 12199.2666015625,
      "loudness": -38.568328857421875,
      "loudness_range": 27.438474655151367,
      "low_freq": 7314.1640625,
      "mid_mean": -36.40770721435547,
      "mid_to_side_loudness": -7.1734771728515625,
      "mid_to_side_loudness_range": 12.520002365112305,
      "side_mean": -44.39542770385742
    },
    {
      "loudness": -46.70806121826172,
      "loudness_range": 26.895427703857422,
      "low_freq": 12199.2666015625,
      "mid_mean": -47.5600471496582,
      "mid_to_side_loudness": -6.150343418121338,
      "mid_to_side_loudness_range": 11.734801292419434,
      "side_mean": -53.66986083984375
    }
  ],
  "bandwidth": 604.6435546875,
  "channels": 2,
  "covariance": [
    [
      23.792953491210938,
      14.259336471557617,
      12.32578182220459,
      13.050992012023926,
      9.92685317993164,
      13.42518424987793,
      9.72338581085205,
      11.312607765197754,
      8.374021530151367,
      11.202009201049805,
      8.486425399780273,
      12.062512397766113,
      12.13053035736084,
      13.909350395202637,
      10.508033752441406,
      12.916214942932129,
      12.826494216918945,
      20.458772659301758
    ],
    [
      14.259336471557617,
      22.598590850830078,
      9.939702033996582,
      12.85975170135498,
      9.16337776184082,
      13.815886497497559,
      8.392854690551758,
      11.712162017822266,
      7.2226080894470215,
      11.322884559631348,
      7.565830707550049,
      12.313858032226562,
      11.805885314941406,
      13.219918251037598,
      13.083163261413574,
      13.76161003112793,
      12.552605628967285,
      13.538543701171875
    ],
    [
      12.32578182220459,
      9.939702033996582,
      16.88932228088379,
      13.914224624633789,
      10.344321250915527,
      13.042308807373047,
      10.835153579711914,
      13.531529426574707,
      7.220403671264648,
      12.092700958251953,
      9.127241134643555,
      13.320363998413086,
      14.544337272644043,
      15.698073387145996,
      13.605003356933594,
      15.186497688293457,
      13.412192344665527,
      17.954946517944336
    ],
    [
      13.050992012023926,
      12.85975170135498,
      13.914224624633789,
      20.516826629638672,
      12.775823593139648,
      16.523332595825195,
      13.448664665222168,
      18.144336700439453,
      9.805360794067383,
      15.53519344329834,
      10.153336524963379,
      16.652009963989258,
      16.5910701751709,
      18.9400634765625,
      17.128175735473633,
      18.934080123901367,
      16.337604522705078,
      16.729965209960938
    ],
    [
      9.92685317993164,
      9.16337776184082,
      10.344321250915527,
      12.775823593139648,
      19.23177146911621,
      16.736698150634766,
      14.077531814575195,
      15.705482482910156,
      10.001317024230957,
      12.843050956726074,
      12.424280166625977,
      14.474763870239258,
      16.57320213317871,
      16.9016170501709,
      17.113386154174805,
      17.009803771972656,
      14.828761100769043,
      14.145395278930664
    ],
    [
      13.42518424987793,
      13.815886497497559,
      13.042308807373047,
      16.523332595825195,
      16.736698150634766,
      23.25527572631836,
      14.739527702331543,
      19.33814239501953,
      10.925496101379395,
      16.870193481445312,
      13.061408996582031,
      18.753360748291016,
      19.586078643798828,
      20.991989135742188,
      20.911649703979492,
      21.814542770385742,
      19.907318115234375,
      18.950298309326172
    ],
    [
      9.72338581085205,
      8.392854690551758,
      10.835153579711914,
      13.448664665222168,
      14.077531814575195,
      14.739527702331543,
      24.73432159423828,
      20.150001525878906,
      13.37035083770752,
      13.383151054382324,
      13.35549545288086,
      14.538986206054688,
      16.52183723449707,
      17.77704620361328,
      14.756608009338379,
      17.7995548248291,
      14.220732688903809,
      16.713573455810547
    ],
    [
      11.312607765197754,
      11.712162017822266,
      13.531529426574707,
      18.144336700439453,
      15.705482482910156,
      19.33814239501953,
      20.150001525878906,
      27.002674102783203,
      13.900720596313477,
      19.611221313476562,
      14.311095237731934,
      20.900474548339844,
      20.537416458129883,
      23.901214599609375,
      19.976116180419922,
      23.72266387939453,
      20.086313247680664,
      20.56623077392578
    ],
    [
      8.374021530151367,
      7.2226080894470215,
      7.220403671264648,
      9.805360794067383,
      10.001317024230957,
      10.925496101379395,
      13.37035083770752,
      13.900720596313477,
      20.149219512939453,
      13.626731872558594,
      13.647614479064941,
      12.405360221862793,
      12.987997055053711,
      13.841166496276855,
      10.204302787780762,
      13.782989501953125,
      11.754195213317871,
      16.285633087158203
    ],
    [
      11.202009201049805,
      11.322884559631348,
      12.092700958251953,
      15.53519344329834,
      12.843050956726074,
      16.870193481445312,
      13.383151054382324,
      19.611221313476562,
      13.626731872558594,
      20.861806869506836,
      13.642271041870117,
      20.173185348510742,
      18.479454040527344,
      21.112272262573242,
      16.720109939575195,
      21.21718406677246,
      18.612215042114258,
      20.04588508605957
    ],
    [
      8.486425399780273,
      7.565830707550049,
      9.127241134643555,
      10.153336524963379,
      12.424280166625977,
      13.061408996582031,
      13.35549545288086,
      14.311095237731934,
      13.647614479064941,
      13.642271041870117,
      21.20244598388672,
      16.75975227355957,
      19.416831970214844,
      18.09722328186035,
      16.962491989135742,
      18.32286262512207,
      16.833036422729492,
      17.00091552734375
    ],
    [
      12.062512397766113,
      12.313858032226562,
      13.320363998413086,
      16.652009963989258,
      14.474763870239258,
      18.753360748291016,
      14.538986206054688,
      20.900474548339844,
      12.405360221862793,
      20.173185348510742,
      16.75975227355957,
      25.510103225708008,
      24.396709442138672,
      27.965856552124023,
      23.21507453918457,
      27.434505462646484,
      23.18105697631836,
      23.86227035522461
    ],
    [
      12.13053035736084,
      11.805885314941406,
      14.544337272644043,
      16.5910701751709,
      16.57320213317871,
      19.586078643798828,
      16.52183723449707,
      20.537416458129883,
      12.987997055053711,
      18.479454040527344,
      19.416831970214844,
      24.396709442138672,
      45.141178131103516,
      39.008522033691406,
      46.774810791015625,
      39.255126953125,
      38.465396881103516,
      33.1739387512207
    ],
    [
      13.909350395202637,
      13.219918251037598,
      15.698073387145996,
      18.9400634765625,
      16.9016170501709,
      20.991989135742188,
      17.77704620361328,
      23.901214599609375,
      13.841166496276855,
      21.112272262573242,
      18.09722328186035,
      27.965856552124023,
      39.008522033691406,
      46.07933044433594,
      39.31993103027344,
      43.01486587524414,
      35.91700744628906,
      39.631629943847656
    ],
    [
      10.508033752441406,
      13.083163261413574,
      13.605003356933594,
      17.128175735473633,
      17.113386154174805,
      20.911649703979492,
      14.756608009338379,
      19.976116180419922,
      10.204302787780762,
      16.720109939575195,
      16.962491989135742,
      23.21507453918457,
      46.774810791015625,
      39.31993103027344,
      67.6919937133789,
      44.808921813964844,
      50.87398910522461,
      32.33795928955078
    ],
    [
      12.916214942932129,
      13.76161003112793,
      15.186497688293457,
      18.934080123901367,
      17.009803771972656,
      21.814542770385742,
      17.7995548248291,
      23.72266387939453,
      13.782989501953125,
      21.21718406677246,
      18.32286262512207,
      27.434505462646484,
      39.255126953125,
      43.01486587524414,
      44.808921813964844,
      47.291114807128906,
      42.15705871582031,
      39.005638122558594
    ],
    [
      12.826494216918945,
      12.552605628967285,
      13.412192344665527,
      16.337604522705078,
      14.828761100769043,
      19.907318115234375,
      14.220732688903809,
      20.086313247680664,
      11.754195213317871,
      18.612215042114258,
      16.833036422729492,
      23.18105697631836,
      38.465396881103516,
      35.91700744628906,
      50.87398910522461,
      42.15705871582031,
      55.16766357421875,
      41.16242218017578
    ],
    [
      20.458772659301758,
      13.538543701171875,
      17.954946517944336,
      16.729965209960938,
      14.145395278930664,
      18.950298309326172,
      16.713573455810547,
      20.56623077392578,
      16.285633087158203,
      20.04588508605957,
      17.00091552734375,
      23.86227035522461,
      33.1739387512207,
      39.631629943847656,
      32.33795928955078,
      39.005638122558594,
      41.16242218017578,
      79.11085510253906
    ]
  ],
  "covariance_short": [
    [
      53.674346923828125,
      22.078929901123047,
      15.383552551269531,
      18.07579803466797,
      13.030077934265137,
      17.100793838500977,
      11.867079734802246,
      16.499170303344727,
      10.376794815063477,
      16.367733001708984,
      11.562744140625,
      19.271177291870117,
      18.759092330932617,
      22.669404983520508,
      20.56731414794922,
      21.881242752075195,
      31.794538497924805,
      26.114116668701172
    ],
    [
      22.078929901123047,
      39.53285217285156,
      11.971081733703613,
      17.197797775268555,
      12.422350883483887,
      16.1014461517334,
      10.581300735473633,
      14.849385261535645,
      9.233296394348145,
      14.706117630004883,
      10.096619606018066,
      17.631471633911133,
      16.72323226928711,
      20.260740280151367,
      18.19922637939453,
      19.4068546295166,
      23.653200149536133,
      18.940332412719727
    ],
    [
      15.383552551269531,
      11.971081733703613,
      22.55647087097168,
      16.302148818969727,
      13.117118835449219,
      15.165914535522461,
      11.420197486877441,
      16.281208038330078,
      8.589941024780273,
      15.139521598815918,
      10.474774360656738,
      16.2471866607666,
      15.609139442443848,
      18.793489456176758,
      16.9248046875,
      19.915983200073242,
      26.428443908691406,
      22.931713104248047
    ],
    [
      18.07579803466797,
      17.197797775268555,
      16.302148818969727,
      30.154399871826172,
      16.84351348876953,
      22.93440818786621,
      14.679243087768555,
      25.204336166381836,
      10.539603233337402,
      20.615541458129883,
      11.67253303527832,
      22.2733154296875,
      18.54987907409668,
      22.739295959472656,
      20.702533721923828,
      23.301729202270508,
      29.133935928344727,
      24.933813095092773
    ],
    [
      13.030077934265137,
      12.422350883483887,
      13.117118835449219,
      16.84351348876953,
      28.89373207092285,
      22.88689422607422,
      16.621713638305664,
      21.781112670898438,
      12.651620864868164,
      18.414804458618164,
      15.849289894104004,
      20.50621223449707,
      20.278316497802734,
      22.77665901184082,
      22.894468307495117,
      23.92902374267578,
      29.012849807739258,
      23.855886459350586
    ],
    [
      17.100793838500977,
      16.1014461517334,
      15.165914535522461,
      22.93440818786621,
      22.88689422607422,
      36.83086013793945,
      17.3719482421875,
      29.976072311401367,
      12.426384925842285,
      25.489835739135742,
      16.080781936645508,
      26.672483444213867,
      24.555072784423828,
      27.247722625732422,
      27.9437255859375,
      27.744441986083984,
      34.99552917480469,
      29.022220611572266
    ],
    [
      11.867079734802246,
      10.581300735473633,
      11.420197486877441,
      14.679243087768555,
      16.621713638305664,
      17.3719482421875,
      33.63541793823242,
      25.76727867126465,
      17.14076805114746,
      17.062633514404297,
      18.155855178833008,
      19.631807327270508,
      20.89806365966797,
      24.23085594177246,
      20.935808181762695,
      24.980487823486328,
      28.251625061035156,
      25.40406608581543
    ],
    [
      16.499170303344727,
      14.849385261535645,
      16.281208038330078,
      25.204336166381836,
      21.781112670898438,
      29.976072311401367,
      25.76727867126465,
      44.35670852661133,
      17.73659324645996,
      30.975852966308594,
      19.199058532714844,
      31.05813217163086,
      27.276281356811523,
      32.621849060058594,
      28.10537338256836,
      32.149024963378906,
      37.187843322753906,
      35.12504959106445
    ],
    [
      10.376794815063477,
      9.233296394348145,
      8.589941024780273,
      10.539603233337402,
      12.651620864868164,
      12.426384925842285,
      17.14076805114746,
      17.73659324645996,
      28.48937225341797,
      19.686481475830078,
      19.296648025512695,
      18.077926635742188,
      18.144990921020508,
      20.00307273864746,
      15.23976993560791,
      20.529539108276367,
      25.459917068481445,
      24.08441734313965
    ],
    [
      16.367733001708984,
      14.706117630004883,
      15.139521598815918,
      20.615541458129883,
      18.414804458618164,
      25.489835739135742,
      17.062633514404297,
      30.975852966308594,
      19.686481475830078,
      36.71287536621094,
      19.61981201171875,
      32.059593200683594,
      27.140058517456055,
      31.730703353881836,
      25.245737075805664,
      31.121017456054688,
      35.18805694580078,
      34.58338165283203
    ],
    [
      11.562744140625,
      10.096619606018066,
      10.474774360656738,
      11.67253303527832,
      15.849289894104004,
      16.080781936645508,
      18.155855178833008,
      19.199058532714844,
      19.296648025512695,
      19.61981201171875,
      32.17576599121094,
      25.00157928466797,
      27.01190757751465,
      26.27577781677246,
      24.730243682861328,
      26.616535186767578,
      32.69899368286133,
      27.997549057006836
    ],
    [
      19.271177291870117,
      17.631471633911133,
      16.2471866607666,
      22.2733154296875,
      20.50621223449707,
      26.672483444213867,
      19.631807327270508,
      31.05813217163086,
      18.077926635742188,
      32.059593200683594,
      25.00157928466797,
      42.57328796386719,
      35.34169006347656,
      43.54653549194336,
      34.98832702636719,
      42.19679641723633,
      44.734832763671875,
      43.420005798339844
    ],
    [
      18.759092330932617,
      16.72323226928711,
      15.609139442443848,
      18.54987907409668,
      20.278316497802734,
      24.555072784423828,
      20.89806365966797,
      27.276281356811523,
      18.144990921020508,
      27.140058517456055,
      27.01190757751465,
      35.34169006347656,
      65.25967407226562,
      58.80595016479492,
      67.42867279052734,
      63.00034713745117,
      75.5790786743164,
      61.39939498901367
    ],
    [
      22.669404983520508,
      20.260740280151367,
      18.793489456176758,
      22.739295959472656,
      22.77665901184082,
      27.247722625732422,
      24.23085594177246,
      32.621849060058594,
      20.00307273864746,
      31.730703353881836,
      26.27577781677246,
      43.54653549194336,
      58.80595016479492,
      76.34070587158203,
      62.332332611083984,
      76.44615173339844,
      75.79811096191406,
      76.34495544433594
    ],
    [
      20.56731414794922,
      18.19922637939453,
      16.9248046875,
      20.702533721923828,
      22.894468307495117,
      27.9437255859375,
      20.935808181762695,
      28.10537338256836,
      15.23976993560791,
      25.245737075805664,
      24.730243682861328,
      34.98832702636719,
      67.42867279052734,
      62.332332611083984,
      104.41545104980469,
      79.02019500732422,
      98.88109588623047,
      71.19266510009766
    ],
    [
      21.881242752075195,
      19.4068546295166,
      19.915983200073242,
      23.301729202270508,
      23.92902374267578,
      27.744441986083984,
      24.980487823486328,
      32.149024963378906,
      20.529539108276367,
      31.121017456054688,
      26.616535186767578,
      42.19679641723633,
      63.00034713745117,
      76.44615173339844,
      79.02019500732422,
      94.05851745605469,
      92.12720489501953,
      88.06279754638672
    ],
    [
      31.794538497924805,
      23.653200149536133,
      26.428443908691406,
      29.133935928344727,
      29.012849807739258,
      34.99552917480469,
      28.251625061035156,
      37.187843322753906,
      25.459917068481445,
      35.18805694580078,
      32.69899368286133,
      44.734832763671875,
      75.5790786743164,
      75.79811096191406,
      98.88109588623047,
      92.12720489501953,
      139.48696899414062,
      110.8494644165039
    ],
    [
      26.114116668701172,
      18.940332412719727,
      22.931713104248047,
      24.933813095092773,
      23.855886459350586,
      29.022220611572266,
      25.40406608581543,
      35.12504959106445,
      24.08441734313965,
      34.58338165283203,
      27.997549057006836,
      43.420005798339844,
      61.39939498901367,
      76.34495544433594,
      71.19266510009766,
      88.06279754638672,
      110.8494644165039,
      112.94513702392578
    ]
  ],
  "damage": -5.912173271179199,
  "diff_bandwidth": 623.3568725585938,
  "dissonance": 9.144008674543606,
  "drr": 14.357966423034668,
  "dynamics": 2.696253776550293,
  "format": 65538,
  "frames": 13413456,
  "freq_pan_to_db": [
    [
      -24.080554962158203,
      -22.317346572875977,
      -19.710630416870117,
      -16.88648223876953,
      -14.649014472961426,
      -15.839529037475586,
      -18.128541946411133,
      -19.35541534423828,
      -20.59485626220703,
      -22.546375274658203,
      -23.856101989746094
    ],
    [
      -16.849594116210938,
      -15.137564659118652,
      -13.283098220825195,
      -11.506180763244629,
      -8.022547721862793,
      -7.874139308929443,
      -11.525994300842285,
      -12.803486824035645,
      -14.201423645019531,
      -16.041210174560547,
      -16.885297775268555
    ],
    [
      -14.811457633972168,
      -13.698626518249512,
      -11.901688575744629,
      -9.793155670166016,
      -8.827741622924805,
      -9.197059631347656,
      -10.491629600524902,
      -11.622426986694336,
      -12.400565147399902,
      -13.74322509765625,
      -14.736369132995605
    ],
    [
      -16.40620231628418,
      -15.298303604125977,
      -14.349424362182617,
      -13.303092956542969,
      -12.155369758605957,
      -11.962143898010254,
      -11.999645233154297,
      -13.000900268554688,
      -14.230019569396973,
      -15.580235481262207,
      -16.428895950317383
    ],
    [
      -17.36018943786621,
      -17.12023162841797,
      -16.36399269104004,
      -15.566614151000977,
      -14.929877281188965,
      -14.753671646118164,
      -13.53857707977295,
      -14.070793151855469,
      -15.34360122680664,
      -16.431108474731445,
      -17.023069381713867
    ],
    [
      -17.663177490234375,
      -16.54301643371582,
      -15.30511474609375,
      -14.164605140686035,
      -13.1005220413208,
      -13.661567687988281,
      -14.610350608825684,
      -16.063810348510742,
      -17.218278884887695,
      -18.225284576416016,
      -18.976591110229492
    ],
    [
      -18.25758934020996,
      -17.702062606811523,
      -16.272302627563477,
      -14.962339401245117,
      -13.805023193359375,
      -14.212491035461426,
      -14.583077430725098,
      -15.948063850402832,
      -17.554407119750977,
      -19.051259994506836,
      -19.52073097229004
    ],
    [
      -17.80640411376953,
      -17.82125473022461,
      -17.11725616455078,
      -16.033533096313477,
      -14.853525161743164,
      -14.035395622253418,
      -12.142043113708496,
      -14.06326961517334,
      -16.238590240478516,
      -16.266111373901367,
      -16.653980255126953
    ],
    [
      -17.41631507873535,
      -17.953243255615234,
      -16.60649871826172,
      -15.287503242492676,
      -14.163949966430664,
      -13.734829902648926,
      -12.509233474731445,
      -13.834733963012695,
      -16.187217712402344,
      -17.237869262695312,
      -17.491411209106445
    ],
    [
      -17.62652587890625,
      -17.767995834350586,
      -16.595979690551758,
      -13.583205223083496,
      -13.339057922363281,
      -14.463726997375488,
      -15.50027847290039,
      -16.609214782714844,
      -17.856914520263672,
      -19.266826629638672,
      -19.616186141967773
    ],
    [
      -19.88321876525879,
      -20.32514190673828,
      -19.658191680908203,
      -18.11297035217285,
      -16.260799407958984,
      -14.62671184539795,
      -16.376806259155273,
      -17.777042388916016,
      -19.25058937072754,
      -20.012928009033203,
      -19.387819290161133
    ],
    [
      -21.22085189819336,
      -21.105152130126953,
      -21.041128158569336,
      -20.837554931640625,
      -18.623432159423828,
      -17.40932273864746,
      -17.196212768554688,
      -18.35670280456543,
      -20.341228485107422,
      -21.65931510925293,
      -20.855239868164062
    ],
    [
      -20.73232650756836,
      -22.33116340637207,
      -22.615278244018555,
      -21.57243537902832,
      -17.742267608642578,
      -16.43505859375,
      -17.93732261657715,
      -19.346153259277344,
      -20.837892532348633,
      -20.442333221435547,
      -20.048381805419922
    ],
    [
      -18.962444305419922,
      -21.174142837524414,
      -21.745193481445312,
      -18.712356567382812,
      -15.590981483459473,
      -15.49275016784668,
      -17.99905776977539,
      -20.571609497070312,
      -20.421855926513672,
      -21.54791831970215,
      -21.134428024291992
    ],
    [
      -18.554859161376953,
      -19.65764617919922,
      -20.106775283813477,
      -18.695070266723633,
      -16.929515838623047,
      -18.38637351989746,
      -20.16002655029297,
      -21.69928550720215,
      -20.66510009765625,
      -22.303133010864258,
      -22.408546447753906
    ],
    [
      -18.67034149169922,
      -19.6555118560791,
      -20.42276382446289,
      -18.721817016601562,
      -19.625598907470703,
      -19.411441802978516,
      -20.980287551879883,
      -20.842769622802734,
      -19.910127639770508,
      -20.591737747192383,
      -22.45564079284668
    ],
    [
      -18.24246597290039,
      -19.938133239746094,
      -22.159265518188477,
      -20.339977264404297,
      -20.989782333374023,
      -20.756868362426758,
      -22.301769256591797,
      -20.647127151489258,
      -20.48387336730957,
      -20.50237274169922,
      -22.32915687561035
    ],
    [
      -17.18824005126953,
      -18.980316162109375,
      -20.883827209472656,
      -20.894649505615234,
      -18.525732040405273,
      -19.77195167541504,
      -21.11110496520996,
      -19.87017250061035,
      -19.607603073120117,
      -19.565391540527344,
      -21.234268188476562
    ],
    [
      -19.77504539489746,
      -19.138187408447266,
      -20.470979690551758,
      -20.428922653198242,
      -18.134780883789062,
      -19.697359085083008,
      -21.601768493652344,
      -19.955474853515625,
      -19.90849494934082,
      -21.261049270629883,
      -23.14620590209961
    ],
    [
      -22.65052032470703,
      -21.930950164794922,
      -22.58518409729004,
      -22.966800689697266,
      -20.496192932128906,
      -21.762483596801758,
      -23.49723243713379,
      -23.125547409057617,
      -22.72025489807129,
      -23.112810134887695,
      -21.37943458557129
    ],
    [
      -23.41834259033203,
      -20.94950294494629,
      -23.177112579345703,
      -23.29694175720215,
      -22.342453002929688,
      -22.594499588012695,
      -24.591228485107422,
      -23.376644134521484,
      -24.626829147338867,
      -25.02016258239746,
      -25.005887985229492
    ],
    [
      -22.790456771850586,
      -24.50398826599121,
      -22.23756980895996,
      -23.831159591674805,
      -22.470165252685547,
      -22.416461944580078,
      -25.58977508544922,
      -22.785764694213867,
      -25.042787551879883,
      -25.787221908569336,
      -28.151321411132812
    ],
    [
      -22.984310150146484,
      -23.67563819885254,
      -24.841201782226562,
      -25.483142852783203,
      -24.039592742919922,
      -22.938919067382812,
      -24.832313537597656,
      -25.354293823242188,
      -25.5505313873291,
      -24.839740753173828,
      -25.270456314086914
    ],
    [
      -27.021896362304688,
      -24.478422164916992,
      -24.717992782592773,
      -24.901548385620117,
      -24.591272354125977,
      -22.755950927734375,
      -24.780256271362305,
      -25.57809066772461,
      -25.58641815185547,
      -25.374069213867188,
      -27.22539710998535
    ],
    [
      -370,
      -27.38138198852539,
      -27.11701774597168,
      -26.56985092163086,
      -26.39421272277832,
      -25.586896896362305,
      -27.036638259887695,
      -26.970449447631836,
      -27.316125869750977,
      -27.99679183959961,
      -28.231430053710938
    ],
    [
      -28.7790584564209,
      -28.09130096435547,
      -28.197179794311523,
      -27.289615631103516,
      -27.08880043029785,
      -27.451900482177734,
      -28.100589752197266,
      -28.24460220336914,
      -28.081523895263672,
      -29.210092544555664,
      -26.925779342651367
    ],
    [
      -35.71937561035156,
      -29.341033935546875,
      -29.236841201782227,
      -29.534154891967773,
      -28.976598739624023,
      -28.463420867919922,
      -31.145431518554688,
      -30.671207427978516,
      -29.603246688842773,
      -30.618541717529297,
      -31.14468002319336
    ],
    [
      -33.48469543457031,
      -29.067550659179688,
      -29.39281463623047,
      -29.878664016723633,
      -30.42894172668457,
      -30.743682861328125,
      -32.927005767822266,
      -31.678142547607422,
      -31.208345413208008,
      -31.197938919067383,
      -30.32766342163086
    ],
    [
      -30.45705223083496,
      -30.039918899536133,
      -30.57875633239746,
      -31.49094581604004,
      -31.885391235351562,
      -31.69695472717285,
      -33.79684066772461,
      -32.5084114074707,
      -31.59378433227539,
      -31.40349006652832,
      -28.16557502746582
    ],
    [
      -31.958370208740234,
      -32.73946762084961,
      -31.878761291503906,
      -32.71540069580078,
      -33.21040725708008,
      -31.478595733642578,
      -32.106422424316406,
      -33.569034576416016,
      -32.57255935668945,
      -32.833656311035156,
      -42.1425895690918
    ],
    [
      -37.779727935791016,
      -34.42527770996094,
      -33.205081939697266,
      -33.313995361328125,
      -33.629173278808594,
      -31.01094627380371,
      -31.04593849182129,
      -33.07258224487305,
      -34.55237579345703,
      -34.267555236816406,
      -31.218000411987305
    ],
    [
      -370,
      -32.86568832397461,
      -34.3873405456543,
      -34.348419189453125,
      -34.599205017089844,
      -30.833208084106445,
      -33.62258529663086,
      -36.19414138793945,
      -35.461830139160156,
      -35.1134033203125,
      -370
    ],
    [
      -90.17803192138672,
      -36.55274963378906,
      -34.368919372558594,
      -34.97665786743164,
      -34.94738006591797,
      -31.107696533203125,
      -35.30003356933594,
      -38.41128921508789,
      -37.61602020263672,
      -33.49428176879883,
      -44.103675842285156
    ],
    [
      -34.84455108642578,
      -41.71490478515625,
      -38.83280563354492,
      -37.11497497558594,
      -36.18201446533203,
      -31.04178810119629,
      -36.00739669799805,
      -40.26290512084961,
      -43.116539001464844,
      -42.05230712890625,
      -370
    ],
    [
      -370,
      -47.34241485595703,
      -41.221954345703125,
      -38.85453414916992,
      -37.40595245361328,
      -31.64120101928711,
      -35.530731201171875,
      -32.79830551147461,
      -38.21847152709961,
      -38.349937438964844,
      -35.610206604003906
    ],
    [
      -370,
      -45.12676239013672,
      -43.29050827026367,
      -41.7009391784668,
      -40.49956130981445,
      -34.01546096801758,
      -36.81478500366211,
      -31.832050323486328,
      -37.572940826416016,
      -35.795738220214844,
      -29.160356521606445
    ],
    [
      -370,
      -45.805633544921875,
      -43.58576202392578,
      -42.791927337646484,
      -41.49412536621094,
      -35.540382385253906,
      -39.45906066894531,
      -36.90916442871094,
      -39.10139465332031,
      -36.1951904296875,
      -36.82953643798828
    ],
    [
      -370,
      -47.60823059082031,
      -46.702476501464844,
      -44.461944580078125,
      -42.45569610595703,
      -37.95170974731445,
      -42.20769500732422,
      -41.03567886352539,
      -39.07433319091797,
      -35.71018600463867,
      -31.619447708129883
    ],
    [
      -370,
      -47.70117950439453,
      -46.99114990234375,
      -45.23660659790039,
      -44.007015228271484,
      -40.63225173950195,
      -43.3567008972168,
      -42.18989944458008,
      -40.170589447021484,
      -35.92656326293945,
      -46.365272521972656
    ],
    [
      -53.21015930175781,
      -46.99156951904297,
      -45.83374786376953,
      -47.11259460449219,
      -46.879798889160156,
      -42.39787292480469,
      -42.52375793457031,
      -38.010589599609375,
      -41.709163665771484,
      -38.23606491088867,
      -43.756202697753906
    ],
    [
      -48.94902038574219,
      -46.428672790527344,
      -46.75321578979492,
      -46.81378936767578,
      -46.73905563354492,
      -45.10036849975586,
      -46.095497131347656,
      -43.678951263427734,
      -45.70421600341797,
      -41.43718719482422,
      -42.80369186401367
    ],
    [
      -48.33307647705078,
      -48.639442443847656,
      -46.82151794433594,
      -46.95174026489258,
      -47.67802429199219,
      -47.93354797363281,
      -49.16796112060547,
      -47.50432586669922,
      -45.5095329284668,
      -41.709774017333984,
      -43.554344177246094
    ]
  ],
  "histogram": [
    {
      "db": -70,
      "frequency": 2
    },
    {
      "db": -69,
      "frequency": 26
    },
    {
      "db": -68,
      "frequency": 15
    },
    {
      "db": -67,
      "frequency": 12
    },
    {
      "db": -66,
      "frequency": 1
    },
    {
      "db": -65,
      "frequency": 1
    },
    {
      "db": -64,
      "frequency": 1
    },
    {
      "db": -63,
      "frequency": 1
    },
    {
      "db": -62,
      "frequency": 1
    },
    {
      "db": -61,
      "frequency": 1
    },
    {
      "db": -60,
      "frequency": 3
    },
    {
      "db": -59,
      "frequency": 10
    },
    {
      "db": -58,
      "frequency": 3
    },
    {
      "db": -57,
      "frequency": 2
    },
    {
      "db": -56,
      "frequency": 3
    },
    {
      "db": -55,
      "frequency": 5
    },
    {
      "db": -54,
      "frequency": 0
    },
    {
      "db": -53,
      "frequency": 5
    },
    {
      "db": -52,
      "frequency": 5
    },
    {
      "db": -51,
      "frequency": 1
    },
    {
      "db": -50,
      "frequency": 4
    },
    {
      "db": -49,
      "frequency": 5
    },
    {
      "db": -48,
      "frequency": 5
    },
    {
      "db": -47,
      "frequency": 5
    },
    {
      "db": -46,
      "frequency": 4
    },
    {
      "db": -45,
      "frequency": 1
    },
    {
      "db": -44,
      "frequency": 5
    },
    {
      "db": -43,
      "frequency": 5
    },
    {
      "db": -42,
      "frequency": 5
    },
    {
      "db": -41,
      "frequency": 5
    },
    {
      "db": -40,
      "frequency": 5
    },
    {
      "db": -39,
      "frequency": 5
    },
    {
      "db": -38,
      "frequency": 6
    },
    {
      "db": -37,
      "frequency": 7
    },
    {
      "db": -36,
      "frequency": 12
    },
    {
      "db": -35,
      "frequency": 4
    },
    {
      "db": -34,
      "frequency": 1
    },
    {
      "db": -33,
      "frequency": 3
    },
    {
      "db": -32,
      "frequency": 1
    },
    {
      "db": -31,
      "frequency": 1
    },
    {
      "db": -30,
      "frequency": 5
    },
    {
      "db": -29,
      "frequency": 21
    },
    {
      "db": -28,
      "frequency": 11
    },
    {
      "db": -27,
      "frequency": 15
    },
    {
      "db": -26,
      "frequency": 6
    },
    {
      "db": -25,
      "frequency": 6
    },
    {
      "db": -24,
      "frequency": 4
    },
    {
      "db": -23,
      "frequency": 8
    },
    {
      "db": -22,
      "frequency": 7
    },
    {
      "db": -21,
      "frequency": 1
    },
    {
      "db": -20,
      "frequency": 6
    },
    {
      "db": -19,
      "frequency": 12
    },
    {
      "db": -18,
      "frequency": 16
    },
    {
      "db": -17,
      "frequency": 13
    },
    {
      "db": -16,
      "frequency": 21
    },
    {
      "db": -15,
      "frequency": 77
    },
    {
      "db": -14,
      "frequency": 68
    },
    {
      "db": -13,
      "frequency": 139
    },
    {
      "db": -12,
      "frequency": 438
    },
    {
      "db": -11,
      "frequency": 699
    },
    {
      "db": -10,
      "frequency": 446
    },
    {
      "db": -9,
      "frequency": 324
    },
    {
      "db": -8,
      "frequency": 226
    },
    {
      "db": -7,
      "frequency": 219
    },
    {
      "db": -6,
      "frequency": 52
    },
    {
      "db": -5,
      "frequency": 14
    },
    {
      "db": -4,
      "frequency": 0
    },
    {
      "db": -3,
      "frequency": 0
    },
    {
      "db": -2,
      "frequency": 0
    },
    {
      "db": -1,
      "frequency": 0
    },
    {
      "db": 0,
      "frequency": 0
    },
    {
      "db": 1,
      "frequency": 0
    },
    {
      "db": 2,
      "frequency": 0
    },
    {
      "db": 3,
