{
  "acoustic_entropy": 189.2550506591797,
  "bands": [
    {
      "high_freq": 148.1999969482422,
      "loudness": -22.46141815185547,
      "loudness_range": 10.041437149047852,
      "mid_mean": -19.09515380859375,
      "mid_to_side_loudness": -15.184515953063965,
      "mid_to_side_loudness_range": 11.429743766784668,
      "side_mean": -34.22397994995117
    },
    {
      "high_freq": 392.3793640136719,
      "loudness": -22.20441246032715,
      "loudness_range": 8.312524795532227,
      "low_freq": 148.1999969482422,
      "mid_mean": -19.03968620300293,
      "mid_to_side_loudness": -10.214789390563965,
      "mid_to_side_loudness_range": 7.27115535736084,
      "side_mean": -29.08766746520996
    },
    {
      "high_freq": 794.6976318359375,
      "loudness": -23.290555953979492,
      "loudness_range": 10.71414566040039,
      "low_freq": 392.3793640136719,
      "mid_mean": -20.14582061767578,
      "mid_to_side_loudness": -9.523263931274414,
      "mid_to_side_loudness_range": 7.165586948394775,
      "side_mean": -29.715177536010742
    },
    {
      "high_freq": 1457.5709228515625,
      "loudness": -26.6159725189209,
      "loudness_range": 12.441757202148438,
      "low_freq": 794.6976318359375,
      "mid_mean": -23.565235137939453,
      "mid_to_side_loudness": -9.307315826416016,
      "mid_to_side_loudness_range": 8.42402172088623,
      "side_mean": -32.671913146972656
    },
    {
      "high_freq": 2549.74365234375,
      "loudness": -24.612483978271484,
      "loudness_range": 10.038583755493164,
      "low_freq": 1457.5709228515625,
      "mid_mean": -21.596654891967773,
      "mid_to_side_loudness": -9.352202415466309,
      "mid_to_side_loudness_range": 9.610157012939453,
      "side_mean": -30.670621871948242
    },
    {
      "high_freq": 4349.24462890625,
      "loudness": -27.485036849975586,
      "loudness_range": 10.622053146362305,
      "low_freq": 2549.74365234375,
      "mid_mean": -24.512596130371094,
      "mid_to_side_loudness": -8.557271003723145,
      "mid_to_side_loudness_range": 8.768791198730469,
      "side_mean": -33.024532318115234
    },
    {
      "high_freq": 7314.1640625,
      "loudness": -36.43561553955078,
      "loudness_range": 17.734718322753906,
      "low_freq": 4349.24462890625,
      "mid_mean": -33.9407844543457,
      "mid_to_side_loudness": -6.153397083282471,
      "mid_to_side_loudness_range": 8.793399810791016,
      "side_mean": -39.99458694458008
    },
    {
      "high_freq": 12199.2666015625,
      "loudness": -40.1038932800293,
      "loudness_range": 21.833816528320312,
      "low_freq": 7314.1640625,
      "mid_mean": -37.99821853637695,
      "mid_to_side_loudness": -5.458595275878906,
      "mid_to_side_loudness_range": 11.099761009216309,
      "side_mean": -43.85597229003906
    },
    {
      "loudness": -47.143306732177734,
      "loudness_range": 19.30123519897461,
      "low_freq": 12199.2666015625,
      "mid_mean": -45.522911071777344,
      "mid_to_side_loudness": -3.902606725692749,
      "mid_to_side_loudness_range": 9.37832260131836,
      "side_mean": -51.23625946044922
    }
  ],
  "bands_short": [
    {
      "high_freq": 148.1999969482422,
      "loudness": -27.214202880859375,
      "loudness_range": 21.08319091796875,
      "mid_mean": -23.940011978149414,
      "mid_to_side_loudness": -15.274866104125977,
      "mid_to_side_loudness_range": 19.88032341003418,
      "side_mean": -39.33700180053711
    },
    {
      "high_freq": 392.3793640136719,
      "loudness": -21.925077438354492,
      "loudness_range": 11.159109115600586,
      "low_freq": 148.1999969482422,
      "mid_mean": -18.746091842651367,
      "mid_to_side_loudness": -10.937015533447266,
      "mid_to_side_loudness_range": 11.658987045288086,
      "side_mean": -29.314311981201172
    },
    {
      "high_freq": 794.6976318359375,
      "loudness": -24.140995025634766,
      "loudness_range": 13.273401260375977,
      "low_freq": 392.3793640136719,
      "mid_mean": -21.086017608642578,
      "mid_to_side_loudness": -9.862034797668457,
      "mid_to_side_loudness_range": 11.458224296569824,
      "side_mean": -30.675642013549805
    },
    {
      "high_freq": 1457.5709228515625,
      "loudness": -26.79509925842285,
      "loudness_range": 14.952554702758789,
      "low_freq": 794.6976318359375,
      "mid_mean": -23.81205940246582,
      "mid_to_side_loudness": -9.958815574645996,
      "mid_to_side_loudness_range": 12.503847122192383,
      "side_mean": -33.402217864990234
    },
    {
      "high_freq": 2549.74365234375,
      "loudness": -25.331212997436523,
      "loudness_range": 13.448385238647461,
      "low_freq": 1457.5709228515625,
      "mid_mean": -22.317729949951172,
      "mid_to_side_loudness": -10.088424682617188,
      "mid_to_side_loudness_range": 12.407368659973145,
      "side_mean": -31.927383422851562
    },
    {
      "high_freq": 4349.24462890625,
      "loudness": -28.170894622802734,
      "loudness_range": 14.451471328735352,
      "low_freq": 2549.74365234375,
      "mid_mean": -25.21352195739746,
      "mid_to_side_loudness": -9.147831916809082,
      "mid_to_side_loudness_range": 11.585790634155273,
      "side_mean": -34.27716064453125
    },
    {
      "high_freq": 7314.1640625,
      "loudness": -38.093421936035156,
      "loudness_range": 22.566688537597656,
      "low_freq": 4349.24462890625,
      "mid_mean": -35.63654327392578,
      "mid_to_side_loudness": -6.582744598388672,
      "mid_to_side_loudness_range": 11.1443510055542,
      "side_mean": -42.15409469604492
    },
    {
      "high_freq": 12199.2666015625,
      "loudness": -41.878211975097656,
      "loudness_range": 26.8018741607666,
      "low_freq": 7314.1640625,
      "mid_mean": -40.350833892822266,
      "mid_to_side_loudness": -5.600628852844238,
      "mid_to_side_loudness_range": 12.549551010131836,
      "side_mean": -47.22166061401367
    },
    {
      "loudness": -49.51799011230469,
      "loudness_range": 25.794147491455078,
      "low_freq": 12199.2666015625,
      "mid_mean": -51.258544921875,
      "mid_to_side_loudness": -4.4490485191345215,
      "mid_to_side_loudness_range": 11.779040336608887,
      "side_mean": -55.32010269165039
    }
  ],
  "bandwidth": 574.963623046875,
  "channels": 2,
  "covariance": [
    [
      23.789411544799805,
      14.282501220703125,
      12.249237060546875,
      13.00861644744873,
      9.837986946105957,
      13.355854988098145,
      9.726408004760742,
      11.427183151245117,
      8.32947826385498,
      11.261496543884277,
      8.54423999786377,
      12.097813606262207,
      12.086604118347168,
      13.821098327636719,
      10.925378799438477,
      13.638664245605469,
      15.235501289367676,
      19.529176712036133
    ],
    [
      14.282501220703125,
      22.77322769165039,
      10.121598243713379,
      13.115523338317871,
      9.36456298828125,
      14.02889633178711,
      8.572067260742188,
      11.915355682373047,
      7.376247406005859,
      11.474026679992676,
      7.682336807250977,
      12.454277992248535,
      11.893800735473633,
      13.29695987701416,
      13.249544143676758,
      14.375582695007324,
      14.631519317626953,
      13.308791160583496
    ],
    [
      12.249237060546875,
      10.121598243713379,
      17.12043571472168,
      14.050454139709473,
      10.420567512512207,
      13.166925430297852,
      10.932390213012695,
      13.799346923828125,
      7.314086437225342,
      12.216909408569336,
      9.261778831481934,
      13.495091438293457,
      14.604021072387695,
      15.763915061950684,
      13.892391204833984,
      15.933613777160645,
      16.009302139282227,
      17.552749633789062
    ],
    [
      13.00861644744873,
      13.115523338317871,
      14.050454139709473,
      20.623674392700195,
      12.683609962463379,
      16.59445571899414,
      13.536619186401367,
      18.42015838623047,
      9.853272438049316,
      15.575325965881348,
      10.266066551208496,
      16.79946517944336,
      16.612110137939453,
      18.989484786987305,
      17.29379653930664,
      19.387136459350586,
      18.449087142944336,
      16.426916122436523
    ],
    [
      9.837986946105957,
      9.36456298828125,
      10.420567512512207,
      12.683609962463379,
      19.192272186279297,
      16.664260864257812,
      13.976359367370605,
      15.8562650680542,
      9.879839897155762,
      12.832143783569336,
      12.395681381225586,
      14.447892189025879,
      16.51597785949707,
      16.988080978393555,
      17.515777587890625,
      17.49113655090332,
      16.779909133911133,
      13.92378044128418
    ],
    [
      13.355854988098145,
      14.02889633178711,
      13.166925430297852,
      16.59445571899414,
      16.664260864257812,
      23.41655158996582,
      14.764349937438965,
      19.539165496826172,
      10.926534652709961,
      17.033550262451172,
      13.202500343322754,
      18.886117935180664,
      19.667739868164062,
      21.047922134399414,
      21.226261138916016,
      22.239673614501953,
      22.687013626098633,
      18.67287254333496
    ],
    [
      9.726408004760742,
      8.572067260742188,
      10.932390213012695,
      13.536619186401367,
      13.976359367370605,
      14.764349937438965,
      24.811708450317383,
      20.38619613647461,
      13.265567779541016,
      13.37308120727539,
      13.380430221557617,
      14.486488342285156,
      16.448829650878906,
      17.853477478027344,
      14.965574264526367,
      18.210128784179688,
      16.279342651367188,
      16.315887451171875
    ],
    [
      11.427183151245117,
      11.915355682373047,
      13.799346923828125,
      18.42015838623047,
      15.8562650680542,
      19.539165496826172,
      20.38619613647461,
      27.311246871948242,
      14.074545860290527,
      19.793846130371094,
      14.433731079101562,
      21.01483917236328,
      20.52999496459961,
      23.870229721069336,
      20.017732620239258,
      23.913345336914062,
      22.102500915527344,
      20.33465576171875
    ],
    [
      8.32947826385498,
      7.376247406005859,
      7.314086437225342,
      9.853272438049316,
      9.879839897155762,
      10.926534652709961,
      13.265567779541016,
      14.074545860290527,
      20.07461166381836,
      13.571081161499023,
      13.829707145690918,
      12.53862476348877,
      13.040824890136719,
      13.88144588470459,
      10.234346389770508,
      13.817092895507812,
      13.685002326965332,
      15.808138847351074
    ],
    [
      11.261496543884277,
      11.474026679992676,
      12.216909408569336,
      15.575325965881348,
      12.832143783569336,
      17.033550262451172,
      13.37308120727539,
      19.793846130371094,
      13.571081161499023,
      20.84613609313965,
      13.720848083496094,
      20.273681640625,
      18.431716918945312,
      21.020925521850586,
      16.649425506591797,
      21.47702407836914,
      20.658004760742188,
      19.589740753173828
    ],
    [
      8.54423999786377,
      7.682336807250977,
      9.261778831481934,
      10.266066551208496,
      12.395681381225586,
      13.202500343322754,
      13.380430221557617,
      14.433731079101562,
      13.829707145690918,
      13.720848083496094,
      21.399566650390625,
      16.77748680114746,
      19.30952262878418,
      17.991939544677734,
      17.030588150024414,
      18.555368423461914,
      18.79734992980957,
      16.694665908813477
    ],
    [
      12.097813606262207,
      12.454277992248535,
      13.495091438293457,
      16.79946517944336,
      14.447892189025879,
      18.886117935180664,
      14.486488342285156,
      21.01483917236328,
      12.53862476348877,
      20.273681640625,
      16.77748680114746,
      25.477920532226562,
      24.16269302368164,
      27.6513614654541,
      23.063552856445312,
      27.626527786254883,
      25.27057456970215,
      23.38725471496582
    ],
    [
      12.086604118347168,
      11.893800735473633,
      14.604021072387695,
      16.612110137939453,
      16.51597785949707,
      19.667739868164062,
      16.448829650878906,
      20.52999496459961,
      13.040824890136719,
      18.431716918945312,
      19.30952262878418,
      24.16269302368164,
      44.71308898925781,
      38.46465301513672,
      47.09624481201172,
      39.710147857666016,
      40.33652877807617,
      32.37657928466797
    ],
    [
      13.821098327636719,
      13.29695987701416,
      15.763915061950684,
      18.989484786987305,
      16.988080978393555,
      21.047922134399414,
      17.853477478027344,
      23.870229721069336,
      13.88144588470459,
      21.020925521850586,
      17.991939544677734,
      27.6513614654541,
      38.46465301513672,
      45.238380432128906,
      39.29304885864258,
      42.963565826416016,
      37.119903564453125,
      38.342247009277344
    ],
    [
      10.925378799438477,
      13.249544143676758,
      13.892391204833984,
      17.29379653930664,
      17.515777587890625,
      21.226261138916016,
      14.965574264526367,
      20.017732620239258,
      10.234346389770508,
      16.649425506591797,
      17.030588150024414,
      23.063552856445312,
      47.09624481201172,
      39.29304885864258,
      69.71197509765625,
      46.224571228027344,
      52.52885818481445,
      32.84005355834961
    ],
    [
      13.638664245605469,
      14.375582695007324,
      15.933613777160645,
      19.387136459350586,
      17.49113655090332,
      22.239673614501953,
      18.210128784179688,
      23.913345336914062,
      13.817092895507812,
      21.47702407836914,
      18.555368423461914,
      27.626527786254883,
      39.710147857666016,
      42.963565826416016,
      46.224571228027344,
      48.348567962646484,
      44.62783432006836,
      39.461517333984375
    ],
    [
      15.235501289367676,
      14.631519317626953,
      16.009302139282227,
      18.449087142944336,
      16.779909133911133,
      22.687013626098633,
      16.279342651367188,
      22.102500915527344,
      13.685002326965332,
      20.658004760742188,
      18.79734992980957,
      25.27057456970215,
      40.33652877807617,
      37.119903564453125,
      52.52885818481445,
      44.62783432006836,
      59.222259521484375,
      43.967464447021484
    ],
    [
      19.529176712036133,
      13.308791160583496,
      17.552749633789062,
      16.426916122436523,
      13.92378044128418,
      18.67287254333496,
      16.315887451171875,
      20.33465576171875,
      15.808138847351074,
      19.589740753173828,
      16.694665908813477,
      23.38725471496582,
      32.37657928466797,
      38.342247009277344,
      32.84005355834961,
      39.461517333984375,
      43.967464447021484,
      72.59937286376953
    ]
  ],
  "covariance_short": [
    [
      53.848819732666016,
      22.308460235595703,
      15.585721015930176,
      18.230960845947266,
      13.25355339050293,
      17.337556838989258,
      12.010405540466309,
      16.658523559570312,
      10.578008651733398,
      16.608659744262695,
      11.716694831848145,
      19.239818572998047,
      18.773799896240234,
      22.897069931030273,
      21.07200813293457,
      25.198917388916016,
      30.17275047302246,
      24.79878807067871
    ],
    [
      22.308460235595703,
      39.78254318237305,
      12.177109718322754,
      17.44793128967285,
      12.647485733032227,
      16.372716903686523,
      10.845917701721191,
      15.019455909729004,
      9.442835807800293,
      14.98805046081543,
      10.221182823181152,
      17.82901382446289,
      16.77729034423828,
      20.686662673950195,
      18.595354080200195,
      21.2669734954834,
      22.746105194091797,
      18.299522399902344
    ],
    [
      15.585721015930176,
      12.177109718322754,
      22.792020797729492,
      16.433732986450195,
      13.335663795471191,
      15.439435958862305,
      11.691904067993164,
      16.507753372192383,
      8.76608943939209,
      15.348888397216797,
      10.584792137145996,
      16.338899612426758,
      15.71619987487793,
      19.22251319885254,
      17.353004455566406,
      22.40970230102539,
      25.15974235534668,
      21.95049476623535
    ],
    [
      18.230960845947266,
      17.44793128967285,
      16.433732986450195,
      30.28260040283203,
      17.052101135253906,
      23.139596939086914,
      14.925707817077637,
      25.354869842529297,
      10.659133911132812,
      20.76213264465332,
      11.695123672485352,
      22.27513313293457,
      18.519515991210938,
      23.2103214263916,
      20.96759605407715,
      25.123573303222656,
      27.693571090698242,
      23.860755920410156
    ],
    [
      13.25355339050293,
      12.647485733032227,
      13.335663795471191,
      17.052101135253906,
      29.185977935791016,
      23.183008193969727,
      16.791133880615234,
      21.962081909179688,
      12.729931831359863,
      18.576623916625977,
      15.910944938659668,
      20.57045555114746,
      20.339046478271484,
      23.22170639038086,
      23.360107421875,
      25.889007568359375,
      27.928504943847656,
      23.080915451049805
    ],
    [
      17.337556838989258,
      16.372716903686523,
      15.439435958862305,
      23.139596939086914,
      23.183008193969727,
      37.2403564453125,
      17.647546768188477,
      30.203006744384766,
      12.550946235656738,
      25.649070739746094,
      16.191633224487305,
      26.896522521972656,
      24.651643753051758,
      27.743362426757812,
      28.32828140258789,
      30.15229034423828,
      33.72969055175781,
      28.089698791503906
    ],
    [
      12.010405540466309,
      10.845917701721191,
      11.691904067993164,
      14.925707817077637,
      16.791133880615234,
      17.647546768188477,
      34.041748046875,
      26.067249298095703,
      17.328126907348633,
      17.25033950805664,
      18.347591400146484,
      19.796051025390625,
      20.922897338867188,
      24.6715145111084,
      21.309680938720703,
      27.009803771972656,
      27.147672653198242,
      24.605337142944336
    ],
    [
      16.658523559570312,
      15.019455909729004,
      16.507753372192383,
      25.354869842529297,
      21.962081909179688,
      30.203006744384766,
      26.067249298095703,
      44.60854721069336,
      17.80200958251953,
      31.039146423339844,
      19.27601432800293,
      31.105709075927734,
      27.32735824584961,
      32.93397521972656,
      28.27907371520996,
      33.78913879394531,
      35.60708236694336,
      33.92367172241211
    ],
    [
      10.578008651733398,
      9.442835807800293,
      8.76608943939209,
      10.659133911132812,
      12.729931831359863,
      12.550946235656738,
      17.328126907348633,
      17.80200958251953,
      28.53046989440918,
      19.686065673828125,
      19.455814361572266,
      18.14846420288086,
      18.19353675842285,
      20.31765365600586,
      15.376065254211426,
      22.504213333129883,
      24.151824951171875,
      23.063304901123047
    ],
    [
      16.608659744262695,
      14.98805046081543,
      15.348888397216797,
      20.76213264465332,
      18.576623916625977,
      25.649070739746094,
      17.25033950805664,
      31.039146423339844,
      19.686065673828125,
      36.72682189941406,
      19.572778701782227,
      32.16232681274414,
      27.14644432067871,
      32.03218078613281,
      25.34613609313965,
      32.27227020263672,
      33.52825164794922,
      33.226200103759766
    ],
    [
      11.716694831848145,
      10.221182823181152,
      10.584792137145996,
      11.695123672485352,
      15.910944938659668,
      16.191633224487305,
      18.347591400146484,
      19.27601432800293,
      19.455814361572266,
      19.572778701782227,
      32.32438278198242,
      24.91804313659668,
      26.720989227294922,
      26.436513900756836,
      24.780324935913086,
      28.451494216918945,
      31.268062591552734,
      26.792133331298828
    ],
    [
      19.239818572998047,
      17.82901382446289,
      16.338899612426758,
      22.27513313293457,
      20.57045555114746,
      26.896522521972656,
      19.796051025390625,
      31.105709075927734,
      18.14846420288086,
      32.16232681274414,
      24.91804313659668,
      42.45490264892578,
      35.008113861083984,
      43.561180114746094,
      35.00780487060547,
      43.137149810791016,
      42.68357467651367,
      41.65764617919922
    ],
    [
      18.773799896240234,
      16.77729034423828,
      15.71619987487793,
      18.519515991210938,
      20.339046478271484,
      24.651643753051758,
      20.922897338867188,
      27.32735824584961,
      18.19353675842285,
      27.14644432067871,
      26.720989227294922,
      35.008113861083984,
      64.4793472290039,
      58.099246978759766,
      67.5146255493164,
      65.12815856933594,
      72.58631896972656,
      58.64685821533203
    ],
    [
      22.897069931030273,
      20.686662673950195,
      19.22251319885254,
      23.2103214263916,
      23.22170639038086,
      27.743362426757812,
      24.6715145111084,
      32.93397521972656,
      20.31765365600586,
      32.03218078613281,
      26.436513900756836,
      43.561180114746094,
      58.099246978759766,
      75.82301330566406,
      62.29631423950195,
      78.57244873046875,
      72.8127670288086,
      73.42863464355469
    ],
    [
      21.07200813293457,
      18.595354080200195,
      17.353004455566406,
      20.96759605407715,
      23.360107421875,
      28.32828140258789,
      21.309680938720703,
      28.27907371520996,
      15.376065254211426,
      25.34613609313965,
      24.780324935913086,
      35.00780487060547,
      67.5146255493164,
      62.29631423950195,
      106.0828857421875,
      79.9446792602539,
      97.23894500732422,
      69.24239349365234
    ],
    [
      25.198917388916016,
      21.2669734954834,
      22.40970230102539,
      25.123573303222656,
      25.889007568359375,
      30.15229034423828,
      27.009803771972656,
      33.78913879394531,
      22.504213333129883,
      32.27227020263672,
      28.451494216918945,
      43.137149810791016,
      65.12815856933594,
      78.57244873046875,
      79.9446792602539,
      100.90380096435547,
      95.40689086914062,
      89.8351821899414
    ],
    [
      30.17275047302246,
      22.746105194091797,
      25.15974235534668,
      27.693571090698242,
      27.928504943847656,
      33.72969055175781,
      27.147672653198242,
      35.60708236694336,
      24.151824951171875,
      33.52825164794922,
      31.268062591552734,
      42.68357467651367,
      72.58631896972656,
      72.8127670288086,
      97.23894500732422,
      95.40689086914062,
      131.51055908203125,
      104.2005844116211
    ],
    [
      24.79878807067871,
      18.299522399902344,
      21.95049476623535,
      23.860755920410156,
      23.080915451049805,
      28.089698791503906,
      24.605337142944336,
      33.92367172241211,
      23.063304901123047,
      33.226200103759766,
      26.792133331298828,
      41.65764617919922,
      58.64685821533203,
      73.42863464355469,
      69.24239349365234,
      89.8351821899414,
      104.2005844116211,
      103.47447967529297
    ]
  ],
  "damage": -7.534327030181885,
  "diff_bandwidth": 590.05810546875,
  "dissonance": 8.937167410171057,
  "drr": 14.358978271484375,
  "dynamics": 2.6448721885681152,
  "format": 65538,
  "frames": 13413456,
  "freq_pan_to_db": [
    [
      -26.08384895324707,
      -24.57365608215332,
      -21.73971176147461,
      -18.779516220092773,
      -16.14275550842285,
      -17.5642147064209,
      -19.866727828979492,
      -21.271617889404297,
      -22.331905364990234,
      -24.377174377441406,
      -25.781784057617188
    ],
    [
      -18.82537269592285,
      -17.15220069885254,
      -15.184839248657227,
      -13.48518180847168,
      -9.72442626953125,
      -9.523468971252441,
      -13.13379955291748,
      -14.668835639953613,
      -16.20846939086914,
      -17.65125846862793,
      -18.872461318969727
    ],
    [
      -16.86475372314453,
      -15.566227912902832,
      -13.840720176696777,
      -11.752306938171387,
      -10.386913299560547,
      -10.739551544189453,
      -12.299537658691406,
      -13.330414772033691,
      -14.179648399353027,
      -15.755752563476562,
      -16.693532943725586
    ],
    [
      -18.27294921875,
      -17.308305740356445,
      -16.174503326416016,
      -15.144529342651367,
      -13.754188537597656,
      -13.669804573059082,
      -13.65049934387207,
      -14.789339065551758,
      -16.189863204956055,
      -17.49574089050293,
      -18.415264129638672
    ],
    [
      -19.273883819580078,
      -19.147830963134766,
      -17.990856170654297,
      -17.32566261291504,
      -16.7546329498291,
      -16.48771095275879,
      -15.092206954956055,
      -16.033239364624023,
      -17.104671478271484,
      -18.38689422607422,
      -18.796951293945312
    ],
    [
      -19.725364685058594,
      -18.902793884277344,
      -17.293853759765625,
      -16.04041290283203,
      -14.940451622009277,
      -15.345312118530273,
      -16.477447509765625,
      -17.99568748474121,
      -19.279396057128906,
      -20.35762596130371,
      -21.081626892089844
    ],
    [
      -20.7218017578125,
      -19.7612361907959,
      -18.5692195892334,
      -17.05253791809082,
      -15.49717903137207,
      -16.000898361206055,
      -16.4298038482666,
      -18.056806564331055,
      -19.867937088012695,
      -20.88261604309082,
      -21.854890823364258
    ],
    [
      -19.788921356201172,
      -20.04308319091797,
      -19.44644546508789,
      -18.11960220336914,
      -16.82549476623535,
      -15.766012191772461,
      -13.974174499511719,
      -16.283916473388672,
      -18.18285369873047,
      -18.484710693359375,
      -18.9527587890625
    ],
    [
      -20.402881622314453,
      -19.684749603271484,
      -19.241836547851562,
      -17.533309936523438,
      -16.15166473388672,
      -15.596732139587402,
      -14.304444313049316,
      -16.304927825927734,
      -18.63553810119629,
      -19.532512664794922,
      -19.85661506652832
    ],
    [
      -19.920515060424805,
      -20.862707138061523,
      -18.831905364990234,
      -16.253252029418945,
      -15.117396354675293,
      -16.437864303588867,
      -17.61920166015625,
      -18.875717163085938,
      -19.92462158203125,
      -21.9251766204834,
      -23.464126586914062
    ],
    [
      -22.06245994567871,
      -22.77995491027832,
      -22.340383529663086,
      -20.68779182434082,
      -18.40825843811035,
      -16.77423095703125,
      -18.610530853271484,
      -20.147689819335938,
      -22.010286331176758,
      -22.253067016601562,
      -22.847497940063477
    ],
    [
      -24.4166202545166,
      -24.066505432128906,
      -23.380714416503906,
      -23.08355712890625,
      -21.08094024658203,
      -19.599533081054688,
      -19.376779556274414,
      -20.960250854492188,
      -23.182703018188477,
      -23.86865997314453,
      -25.37165641784668
    ],
    [
      -22.65384864807129,
      -24.96854019165039,
      -25.812915802001953,
      -23.520954132080078,
      -20.243270874023438,
      -18.811702728271484,
      -20.348600387573242,
      -21.961240768432617,
      -23.336606979370117,
      -23.89933204650879,
      -23.38465690612793
    ],
    [
      -21.28548812866211,
      -24.426639556884766,
      -22.910043716430664,
      -21.636695861816406,
      -18.184839248657227,
      -17.935142517089844,
      -20.456562042236328,
      -23.339420318603516,
      -23.44267463684082,
      -23.852054595947266,
      -24.72346305847168
    ],
    [
      -20.554594039916992,
      -22.1511173248291,
      -23.201330184936523,
      -21.477237701416016,
      -19.497966766357422,
      -20.96138572692871,
      -22.8345947265625,
      -24.318517684936523,
      -22.786476135253906,
      -25.002580642700195,
      -25.668479919433594
    ],
    [
      -20.974624633789062,
      -22.380128860473633,
      -23.1851806640625,
      -21.067556381225586,
      -22.233036041259766,
      -22.086185455322266,
      -23.62165069580078,
      -23.66639518737793,
      -23.07011604309082,
      -23.122051239013672,
      -25.43781852722168
    ],
    [
      -21.390668869018555,
      -22.563344955444336,
      -24.493446350097656,
      -22.968120574951172,
      -23.386749267578125,
      -23.333288192749023,
      -24.88898277282715,
      -22.998506546020508,
      -23.09431266784668,
      -23.212419509887695,
      -25.088956832885742
    ],
    [
      -19.43369483947754,
      -21.371261596679688,
      -22.9636287689209,
      -23.578962326049805,
      -20.804874420166016,
      -22.121307373046875,
      -23.42342185974121,
      -21.742172241210938,
      -21.812585830688477,
      -22.202760696411133,
      -23.427526473999023
    ],
    [
      -22.088510513305664,
      -21.053386688232422,
      -22.40888786315918,
      -22.542667388916016,
      -20.267850875854492,
      -21.674400329589844,
      -23.743515014648438,
      -21.94979476928711,
      -21.962013244628906,
      -23.31803321838379,
      -25.165250778198242
    ],
    [
      -24.76770782470703,
      -23.806785583496094,
      -24.436634063720703,
      -24.612058639526367,
      -22.22551727294922,
      -23.4564151763916,
      -25.32550048828125,
      -24.609865188598633,
      -24.513086318969727,
      -24.74485206604004,
      -22.781694412231445
    ],
    [
      -26.5161190032959,
      -21.598560333251953,
      -24.56037712097168,
      -24.822973251342773,
      -23.792634963989258,
      -24.07069969177246,
      -26.20745086669922,
      -24.86968421936035,
      -25.94305419921875,
      -27.27351951599121,
      -27.30817985534668
    ],
    [
      -26.37105369567871,
      -25.141626358032227,
      -23.432445526123047,
      -25.39972496032715,
      -24.08901596069336,
      -23.88085174560547,
      -27.148073196411133,
      -24.100309371948242,
      -26.469133377075195,
      -27.459875106811523,
      -28.963207244873047
    ],
    [
      -26.94026756286621,
      -25.22559928894043,
      -26.705751419067383,
      -27.093069076538086,
      -25.552682876586914,
      -24.606979370117188,
      -26.51767349243164,
      -27.02635955810547,
      -27.236194610595703,
      -26.56788444519043,
      -26.626956939697266
    ],
    [
      -31.055036544799805,
      -26.43817138671875,
      -26.582868576049805,
      -27.092405319213867,
      -26.357263565063477,
      -24.711708068847656,
      -26.759981155395508,
      -27.368465423583984,
      -27.388086318969727,
      -27.364065170288086,
      -27.983165740966797
    ],
    [
      -32.44858169555664,
      -28.968727111816406,
      -29.19455909729004,
      -28.623193740844727,
      -28.66736602783203,
      -27.682222366333008,
      -29.18937873840332,
      -29.050928115844727,
      -29.544309616088867,
      -30.30813217163086,
      -33.2005500793457
    ],
    [
      -29.813745498657227,
      -30.002521514892578,
      -30.419715881347656,
      -29.550397872924805,
      -29.258249282836914,
      -29.61898422241211,
      -30.34209442138672,
      -30.440505981445312,
      -30.401866912841797,
      -31.00278091430664,
      -30.841415405273438
    ],
    [
      -38.59010696411133,
      -31.415925979614258,
      -31.473182678222656,
      -31.913698196411133,
      -31.196401596069336,
      -30.741010665893555,
      -33.35895919799805,
      -32.950347900390625,
      -31.935993194580078,
      -32.854312896728516,
      -31.17656135559082
    ],
    [
      -35.00897216796875,
      -31.80575942993164,
      -32.12441635131836,
      -32.53402328491211,
      -33.236595153808594,
      -33.594871520996094,
      -35.64308547973633,
      -34.30830001831055,
      -33.954498291015625,
      -34.045013427734375,
      -33.68086242675781
    ],
    [
      -36.8426399230957,
      -33.989505767822266,
      -34.35747528076172,
      -34.97371292114258,
      -35.64225387573242,
      -35.393184661865234,
      -37.169464111328125,
      -36.58561706542969,
      -35.372535705566406,
      -35.49875259399414,
      -32.79684066772461
    ],
    [
      -39.77397918701172,
      -37.052120208740234,
      -36.266014099121094,
      -36.60734939575195,
      -37.480140686035156,
      -35.37045669555664,
      -36.2353401184082,
      -36.823448181152344,
      -36.74553680419922,
      -36.52553939819336,
      -370
    ],
    [
      -50.87755584716797,
      -37.90240478515625,
      -36.931976318359375,
      -37.3329963684082,
      -37.87242889404297,
      -34.9388542175293,
      -35.40418243408203,
      -35.826255798339844,
      -38.97526168823242,
      -39.328407287597656,
      -41.33509826660156
    ],
    [
      -46.04014205932617,
      -37.91606140136719,
      -38.41396713256836,
      -38.457237243652344,
      -38.45390319824219,
      -34.76639175415039,
      -37.50069046020508,
      -39.70743179321289,
      -40.44736862182617,
      -37.67660140991211,
      -40.992183685302734
    ],
    [
      -35.64435577392578,
      -39.97479248046875,
      -38.786903381347656,
      -38.88254928588867,
      -38.629676818847656,
      -34.900386810302734,
      -38.93614196777344,
      -41.67695236206055,
      -42.797306060791016,
      -39.924560546875,
      -370
    ],
    [
      -41.99386978149414,
      -44.56403732299805,
      -41.6222038269043,
      -40.43915939331055,
      -39.513702392578125,
      -34.51211929321289,
      -38.924827575683594,
      -43.263999938964844,
      -47.199100494384766,
      -44.649940490722656,
      -65.65362548828125
    ],
    [
      -59.93550109863281,
      -47.03988265991211,
      -44.10989761352539,
      -41.94041442871094,
      -40.81974792480469,
      -35.02582550048828,
      -39.00813293457031,
      -36.53519058227539,
      -38.242252349853516,
      -40.489341735839844,
      -40.12480926513672
    ],
    [
      -42.9556770324707,
      -47.95286178588867,
      -46.508182525634766,
      -44.760948181152344,
      -43.75770950317383,
      -37.43265914916992,
      -40.66365432739258,
      -35.88010787963867,
      -36.84021759033203,
      -39.598445892333984,
      -35.70738983154297
    ],
    [
      -76.38737487792969,
      -47.41983413696289,
      -46.30479431152344,
      -45.98823547363281,
      -44.93869400024414,
      -38.976322174072266,
      -42.91762161254883,
      -40.54277038574219,
      -41.85551452636719,
      -40.14881134033203,
      -40.462059020996094
    ],
    [
      -370,
      -50.38471221923828,
      -49.322818756103516,
      -47.49427795410156,
      -45.5278205871582,
      -41.25132369995117,
      -45.36407470703125,
      -44.63378143310547,
      -42.9919548034668,
      -40.227500915527344,
      -35.41447067260742
    ],
    [
      -43.77804183959961,
      -51.697059631347656,
      -49.8314094543457,
      -48.08396911621094,
      -47.136226654052734,
      -43.73223876953125,
      -46.60993576049805,
      -45.64735794067383,
      -44.000606536865234,
      -41.11279296875,
      -38.766605377197266
    ],
    [
      -53.61318588256836,
      -48.692440032958984,
      -49.08522033691406,
      -50.58431625366211,
      -49.98546600341797,
      -45.494998931884766,
      -46.175987243652344,
      -41.669307708740234,
      -43.06110382080078,
      -41.59661865234375,
      -44.096710205078125
    ],
    [
      -50.77131271362305,
      -48.572349548339844,
      -50.10374069213867,
      -49.90380859375,
      -49.902976989746094,
      -48.28144836425781,
      -49.38702392578125,
      -47.21439743041992,
      -47.159271240234375,
      -45.718135833740234,
      -46.10496139526367
    ],
    [
      -52.023170471191406,
      -50.56076431274414,
      -49.64425277709961,
      -50.104434967041016,
      -50.86266326904297,
      -51.16371154785156,
      -52.233604431152344,
      -51.06848907470703,
      -47.39195251464844,
      -44.69948959350586,
      -46.62428283691406
    ]
  ],
  "histogram": [
    {
      "db": -70,
      "frequency": 9
    },
    {
      "db": -69,
      "frequency": 4
    },
    {
      "db": -68,
      "frequency": 1
    },
    {
      "db": -67,
      "frequency": 0
    },
    {
      "db": -66,
      "frequency": 1
    },
    {
      "db": -65,
      "frequency": 2
    },
    {
      "db": -64,
      "frequency": 1
    },
    {
      "db": -63,
      "frequency": 0
    },
    {
      "db": -62,
      "frequency": 5
    },
    {
      "db": -61,
      "frequency": 8
    },
    {
      "db": -60,
      "frequency": 3
    },
    {
      "db": -59,
      "frequency": 2
    },
    {
      "db": -58,
      "frequency": 3
    },
    {
      "db": -57,
      "frequency": 5
    },
    {
      "db": -56,
      "frequency": 0
    },
    {
      "db": -55,
      "frequency": 5
    },
    {
      "db": -54,
      "frequency": 5
    },
    {
      "db": -53,
      "frequency": 1
    },
    {
      "db": -52,
      "frequency": 4
    },
    {
      "db": -51,
      "frequency": 5
    },
    {
      "db": -50,
      "frequency": 5
    },
    {
      "db": -49,
      "frequency": 5
    },
    {
      "db": -48,
      "frequency": 2
    },
    {
      "db": -47,
      "frequency": 3
    },
    {
      "db": -46,
      "frequency": 5
    },
    {
      "db": -45,
      "frequency": 5
    },
    {
      "db": -44,
      "frequency": 5
    },
    {
      "db": -43,
      "frequency": 5
    },
    {
      "db": -42,
      "frequency": 5
    },
    {
      "db": -41,
      "frequency": 5
    },
    {
      "db": -40,
      "frequency": 5
    },
    {
      "db": -39,
      "frequency": 8
    },
    {
      "db": -38,
      "frequency": 11
    },
    {
      "db": -37,
      "frequency": 3
    },
    {
      "db": -36,
      "frequency": 3
    },
    {
      "db": -35,
      "frequency": 2
    },
    {
      "db": -34,
      "frequency": 2
    },
    {
      "db": -33,
      "frequency": 1
    },
    {
      "db": -32,
      "frequency": 5
    },
    {
      "db": -31,
      "frequency": 18
    },
    {
      "db": -30,
      "frequency": 14
    },
    {
      "db": -29,
      "frequency": 11
    },
    {
      "db": -28,
      "frequency": 9
    },
    {
      "db": -27,
      "frequency": 6
    },
    {
      "db": -26,
      "frequency": 5
    },
    {
      "db": -25,
      "frequency": 8
    },
    {
      "db": -24,
      "frequency": 6
    },
    {
      "db": -23,
      "frequency": 1
    },
    {
      "db": -22,
      "frequency": 7
    },
    {
      "db": -21,
      "frequency": 14
    },
    {
      "db": -20,
      "frequency": 13
    },
    {
      "db": -19,
      "frequency": 14
    },
    {
      "db": -18,
      "frequency": 18
    },
    {
      "db": -17,
      "frequency": 80
    },
    {
      "db": -16,
      "frequency": 72
    },
    {
      "db": -15,
      "frequency": 122
    },
    {
      "db": -14,
      "frequency": 394
    },
    {
      "db": -13,
      "frequency": 722
    },
    {
      "db": -12,
      "frequency": 478
    },
    {
      "db": -11,
      "frequency": 315
    },
    {
      "db": -10,
      "frequency": 229
    },
    {
      "db": -9,
      "frequency": 222
    },
    {
      "db": -8,
      "frequency": 53
    },
    {
      "db": -7,
      "frequency": 18
    },
    {
      "db": -6,
      "frequency": 0
    },
    {
      "db": -5,
      "frequency": 0
    },
    {
      "db": -4,
      "frequency": 0
    },
    {
      "db": -3,
      "frequency": 0
    },
    {
      "db": -2,
      "frequency": 0
    },
    {
      "db": -1,
      "frequency": 0
    },
    {
      "db": 0,
      "frequency": 0
    },
    {
      "db": 1,
      "frequency": 0
    },
    {
      "db": 2,
