{
  "acoustic_entropy": 189.64599609375,
  "bands": [
    {
      "high_freq": 148.1999969482422,
      "loudness": -20.610925674438477,
      "loudness_range": 13.834385871887207,
      "mid_mean": -16.9945125579834,
      "mid_to_side_loudness": -23.20755386352539,
      "mid_to_side_loudness_range": 27.86919593811035,
      "side_mean": -37.25193786621094
    },
    {
      "high_freq": 392.3793640136719,
      "loudness": -20.499685287475586,
      "loudness_range": 11.514025688171387,
      "low_freq": 148.1999969482422,
      "mid_mean": -17.13047218322754,
      "mid_to_side_loudness": -11.981060981750488,
      "mid_to_side_loudness_range": 11.271607398986816,
      "side_mean": -29.538463592529297
    },
    {
      "high_freq": 794.6976318359375,
      "loudness": -23.507539749145508,
      "loudness_range": 13.239912033081055,
      "low_freq": 392.3793640136719,
      "mid_mean": -20.530197143554688,
      "mid_to_side_loudness": -8.856588363647461,
      "mid_to_side_loudness_range": 13.582539558410645,
      "side_mean": -29.689340591430664
    },
    {
      "high_freq": 1457.5709228515625,
      "loudness": -27.51638412475586,
      "loudness_range": 19.717634201049805,
      "low_freq": 794.6976318359375,
      "mid_mean": -24.517915725708008,
      "mid_to_side_loudness": -8.905463218688965,
      "mid_to_side_loudness_range": 13.261051177978516,
      "side_mean": -33.69728469848633
    },
    {
      "high_freq": 2549.74365234375,
      "loudness": -28.897062301635742,
      "loudness_range": 17.604990005493164,
      "low_freq": 1457.5709228515625,
      "mid_mean": -26.013418197631836,
      "mid_to_side_loudness": -8.30889892578125,
      "mid_to_side_loudness_range": 13.580429077148438,
      "side_mean": -34.57475280761719
    },
    {
      "high_freq": 4349.24462890625,
      "loudness": -27.84978675842285,
      "loudness_range": 15.288080215454102,
      "low_freq": 2549.74365234375,
      "mid_mean": -24.831619262695312,
      "mid_to_side_loudness": -9.464492797851562,
      "mid_to_side_loudness_range": 14.465633392333984,
      "side_mean": -34.51719284057617
    },
    {
      "high_freq": 7314.1640625,
      "loudness": -32.30112075805664,
      "loudness_range": 16.57010841369629,
      "low_freq": 4349.24462890625,
      "mid_mean": -29.562679290771484,
      "mid_to_side_loudness": -8.201687812805176,
      "mid_to_side_loudness_range": 15.403647422790527,
      "side_mean": -37.82972717285156
    },
    {
      "high_freq": 12199.2666015625,
      "loudness": -37.63715362548828,
      "loudness_range": 18.22130584716797,
      "low_freq": 7314.1640625,
      "mid_mean": -35.524322509765625,
      "mid_to_side_loudness": -6.268706321716309,
      "mid_to_side_loudness_range": 17.689485549926758,
      "side_mean": -41.69929504394531
    },
    {
      "loudness": -45.60769271850586,
      "loudness_range": 19.98159408569336,
      "low_freq": 12199.2666015625,
      "mid_mean": -43.83572006225586,
      "mid_to_side_loudness": -4.880587577819824,
      "mid_to_side_loudness_range": 14.859394073486328,
      "side_mean": -50.42713928222656
    }
  ],
  "bands_short": [
    {
      "high_freq": 148.1999969482422,
      "loudness": -22.953901290893555,
      "loudness_range": 15.572127342224121,
      "mid_mean": -19.361515045166016,
      "mid_to_side_loudness": -23.487812042236328,
      "mid_to_side_loudness_range": 30.821556091308594,
      "side_mean": -41.649513244628906
    },
    {
      "high_freq": 392.3793640136719,
      "loudness": -20.472888946533203,
      "loudness_range": 14.451098442077637,
      "low_freq": 148.1999969482422,
      "mid_mean": -17.12294578552246,
      "mid_to_side_loudness": -12.567578315734863,
      "mid_to_side_loudness_range": 14.920585632324219,
      "side_mean": -30.137142181396484
    },
    {
      "high_freq": 794.6976318359375,
      "loudness": -24.544565200805664,
      "loudness_range": 16.295127868652344,
      "low_freq": 392.3793640136719,
      "mid_mean": -21.661340713500977,
      "mid_to_side_loudness": -8.838689804077148,
      "mid_to_side_loudness_range": 15.81702709197998,
      "side_mean": -30.788991928100586
    },
    {
      "high_freq": 1457.5709228515625,
      "loudness": -27.786235809326172,
      "loudness_range": 21.281265258789062,
      "low_freq": 794.6976318359375,
      "mid_mean": -24.928014755249023,
      "mid_to_side_loudness": -8.592911720275879,
      "mid_to_side_loudness_range": 15.372243881225586,
      "side_mean": -33.860687255859375
    },
    {
      "high_freq": 2549.74365234375,
      "loudness": -30.15949249267578,
      "loudness_range": 20.011720657348633,
      "low_freq": 1457.5709228515625,
      "mid_mean": -27.46169090270996,
      "mid_to_side_loudness": -7.7475128173828125,
      "mid_to_side_loudness_range": 15.374101638793945,
      "side_mean": -35.46113967895508
    },
    {
      "high_freq": 4349.24462890625,
      "loudness": -28.728914260864258,
      "loudness_range": 18.193994522094727,
      "low_freq": 2549.74365234375,
      "mid_mean": -25.798593521118164,
      "mid_to_side_loudness": -9.317201614379883,
      "mid_to_side_loudness_range": 15.838276863098145,
      "side_mean": -35.349857330322266
    },
    {
      "high_freq": 7314.1640625,
      "loudness": -33.45022201538086,
      "loudness_range": 19.936723709106445,
      "low_freq": 4349.24462890625,
      "mid_mean": -30.76187515258789,
      "mid_to_side_loudness": -8.297789573669434,
      "mid_to_side_loudness_range": 17.30961036682129,
      "side_mean": -39.18501281738281
    },
    {
      "high_freq": 12199.2666015625,
      "loudness": -39.91010665893555,
      "loudness_range": 23.45997428894043,
      "low_freq": 7314.1640625,
      "mid_mean": -37.82989501953125,
      "mid_to_side_loudness": -6.968141078948975,
      "mid_to_side_loudness_range": 21.288867950439453,
      "side_mean": -44.80999755859375
    },
    {
      "loudness": -49.010196685791016,
      "loudness_range": 26.098594665527344,
      "low_freq": 12199.2666015625,
      "mid_mean": -47.694664001464844,
      "mid_to_side_loudness": -6.899818420410156,
      "mid_to_side_loudness_range": 22.024124145507812,
      "side_mean": -54.69047927856445
    }
  ],
  "bandwidth": 440.8946838378906,
  "channels": 2,
  "covariance": [
    [
      25.99742889404297,
      17.990020751953125,
      15.068070411682129,
      16.045452117919922,
      8.705435752868652,
      17.029922485351562,
      12.14376163482666,
      20.355798721313477,
      9.318273544311523,
      18.029449462890625,
      11.043530464172363,
      22.155452728271484,
      10.644773483276367,
      24.472105026245117,
      9.426081657409668,
      26.461454391479492,
      10.041918754577637,
      33.53996276855469
    ],
    [
      17.990020751953125,
      74.06227111816406,
      18.205406188964844,
      23.396194458007812,
      14.14513111114502,
      26.006338119506836,
      20.264434814453125,
      29.658695220947266,
      13.042470932006836,
      23.789255142211914,
      18.43418312072754,
      29.924291610717773,
      20.62339973449707,
      36.28602981567383,
      19.750743865966797,
      32.75260543823242,
      19.854310989379883,
      40.283172607421875
    ],
    [
      15.068070411682129,
      18.205406188964844,
      19.382204055786133,
      16.63372230529785,
      12.302170753479004,
      16.940603256225586,
      13.294844627380371,
      19.915584564208984,
      12.96760368347168,
      18.021257400512695,
      14.776663780212402,
      22.20789337158203,
      12.284655570983887,
      23.481779098510742,
      11.336840629577637,
      23.221982955932617,
      11.419889450073242,
      31.58136558532715
    ],
    [
      16.045452117919922,
      23.396194458007812,
      16.63372230529785,
      27.907926559448242,
      11.03417682647705,
      22.664766311645508,
      13.011144638061523,
      22.808713912963867,
      11.45723819732666,
      20.15248680114746,
      13.723624229431152,
      25.636924743652344,
      11.597066879272461,
      26.542970657348633,
      12.301802635192871,
      26.682857513427734,
      13.453300476074219,
      34.3942756652832
    ],
    [
      8.705435752868652,
      14.14513111114502,
      12.302170753479004,
      11.03417682647705,
      26.455841064453125,
      21.69550132751465,
      25.015485763549805,
      21.599491119384766,
      17.60645866394043,
      15.83601188659668,
      16.895891189575195,
      15.81847858428955,
      11.94001293182373,
      15.04361629486084,
      8.710205078125,
      14.32569694519043,
      9.199999809265137,
      22.80987548828125
    ],
    [
      17.029922485351562,
      26.006338119506836,
      16.940603256225586,
      22.664766311645508,
      21.69550132751465,
      35.92897033691406,
      21.54531478881836,
      30.972993850708008,
      16.008277893066406,
      25.792890548706055,
      17.93035125732422,
      31.214387893676758,
      15.510711669921875,
      32.48188018798828,
      12.21574592590332,
      31.457609176635742,
      13.857219696044922,
      38.91978454589844
    ],
    [
      12.14376163482666,
      20.264434814453125,
      13.294844627380371,
      13.011144638061523,
      25.015485763549805,
      21.54531478881836,
      44.52043151855469,
      33.8432731628418,
      19.048791885375977,
      19.58954620361328,
      18.93470001220703,
      19.16141700744629,
      13.909857749938965,
      18.683088302612305,
      9.602190017700195,
      18.454376220703125,
      12.07593059539795,
      27.119312286376953
    ],
    [
      20.355798721313477,
      29.658695220947266,
      19.915584564208984,
      22.808713912963867,
      21.599491119384766,
      30.972993850708008,
      33.8432731628418,
      42.697021484375,
      19.465904235839844,
      30.3593807220459,
      21.713817596435547,
      35.28881072998047,
      18.758403778076172,
      36.60793685913086,
      16.012041091918945,
      36.39974594116211,
      18.83319091796875,
      44.64469909667969
    ],
    [
      9.318273544311523,
      13.042470932006836,
      12.96760368347168,
      11.45723819732666,
      17.60645866394043,
      16.008277893066406,
      19.048791885375977,
      19.465904235839844,
      36.600257873535156,
      24.214488983154297,
      26.334949493408203,
      21.322345733642578,
      19.158334732055664,
      19.905975341796875,
      18.67992401123047,
      19.8477725982666,
      16.74239730834961,
      29.80025863647461
    ],
    [
      18.029449462890625,
      23.789255142211914,
      18.021257400512695,
      20.15248680114746,
      15.83601188659668,
      25.792890548706055,
      19.58954620361328,
      30.3593807220459,
      24.214488983154297,
      33.35084915161133,
      22.40972900390625,
      36.56712341308594,
      20.61411476135254,
      38.541046142578125,
      19.53278923034668,
      38.081398010253906,
      20.63268280029297,
      46.72138977050781
    ],
    [
      11.043530464172363,
      18.43418312072754,
      14.776663780212402,
      13.723624229431152,
      16.895891189575195,
      17.93035125732422,
      18.93470001220703,
      21.713817596435547,
      26.334949493408203,
      22.40972900390625,
      28.889196395874023,
      26.850963592529297,
      21.22688865661621,
      26.23582649230957,
      19.673839569091797,
      23.855300903320312,
      16.618831634521484,
      31.170745849609375
    ],
    [
      22.155452728271484,
      29.924291610717773,
      22.20789337158203,
      25.636924743652344,
      15.81847858428955,
      31.214387893676758,
      19.16141700744629,
      35.28881072998047,
      21.322345733642578,
      36.56712341308594,
      26.850963592529297,
      48.82314682006836,
      24.501510620117188,
      51.12443161010742,
      22.819988250732422,
      49.216522216796875,
      23.35163688659668,
      55.797203063964844
    ],
    [
      10.644773483276367,
      20.62339973449707,
      12.284655570983887,
      11.597066879272461,
      11.94001293182373,
      15.510711669921875,
      13.909857749938965,
      18.758403778076172,
      19.158334732055664,
      20.61411476135254,
      21.22688865661621,
      24.501510620117188,
      32.25507736206055,
      33.4509162902832,
      29.452720642089844,
      28.734580993652344,
      27.561965942382812,
      36.956703186035156
    ],
    [
      24.472105026245117,
      36.28602981567383,
      23.481779098510742,
      26.542970657348633,
      15.04361629486084,
      32.48188018798828,
      18.683088302612305,
      36.60793685913086,
      19.905975341796875,
      38.541046142578125,
      26.23582649230957,
      51.12443161010742,
      33.4509162902832,
      66.74456787109375,
      30.030040740966797,
      62.383766174316406,
      31.233022689819336,
      72.02851104736328
    ],
    [
      9.426081657409668,
      19.750743865966797,
      11.336840629577637,
      12.301802635192871,
      8.710205078125,
      12.21574592590332,
      9.602190017700195,
      16.012041091918945,
      18.67992401123047,
      19.53278923034668,
      19.673839569091797,
      22.819988250732422,
      29.452720642089844,
      30.030040740966797,
      42.53902053833008,
      33.81306457519531,
      39.92033386230469,
      38.987037658691406
    ],
    [
      26.461454391479492,
      32.75260543823242,
      23.221982955932617,
      26.682857513427734,
      14.32569694519043,
      31.457609176635742,
      18.454376220703125,
      36.39974594116211,
      19.8477725982666,
      38.081398010253906,
      23.855300903320312,
      49.216522216796875,
      28.734580993652344,
      62.383766174316406,
      33.81306457519531,
      78.01025390625,
      38.0596809387207,
      81.31373596191406
    ],
    [
      10.041918754577637,
      19.854310989379883,
      11.419889450073242,
      13.453300476074219,
      9.199999809265137,
      13.857219696044922,
      12.07593059539795,
      18.83319091796875,
      16.74239730834961,
      20.63268280029297,
      16.618831634521484,
      23.35163688659668,
      27.561965942382812,
      31.233022689819336,
      39.92033386230469,
      38.0596809387207,
      48.00048065185547,
      46.68038558959961
    ],
    [
      33.53996276855469,
      40.283172607421875,
      31.58136558532715,
      34.3942756652832,
      22.80987548828125,
      38.91978454589844,
      27.119312286376953,
      44.64469909667969,
      29.80025863647461,
      46.72138977050781,
      31.170745849609375,
      55.797203063964844,
      36.956703186035156,
      72.02851104736328,
      38.987037658691406,
      81.31373596191406,
      46.68038558959961,
      112.18279266357422
    ]
  ],
  "covariance_short": [
    [
      28.342323303222656,
      18.982898712158203,
      15.030486106872559,
      11.671809196472168,
      5.846288204193115,
      10.939220428466797,
      7.912388324737549,
      14.390829086303711,
      7.225287437438965,
      13.108966827392578,
      7.900242805480957,
      15.839865684509277,
      8.134960174560547,
      17.846853256225586,
      7.038266658782959,
      20.11366844177246,
      7.565217018127441,
      22.9592342376709
    ],
    [
      18.982898712158203,
      95.14391326904297,
      24.345928192138672,
      29.9716739654541,
      17.80067253112793,
      32.00560760498047,
      22.98524284362793,
      36.249244689941406,
      16.005218505859375,
      28.900951385498047,
      22.426471710205078,
      38.080841064453125,
      25.454166412353516,
      45.95085525512695,
      26.255462646484375,
      49.300537109375,
      27.456205368041992,
      48.92299270629883
    ],
    [
      15.030486106872559,
      24.345928192138672,
      27.06515884399414,
      19.49077796936035,
      15.41745376586914,
      19.050186157226562,
      15.661212921142578,
      22.62718391418457,
      15.409546852111816,
      20.052330017089844,
      17.215160369873047,
      24.25821304321289,
      14.469844818115234,
      26.207284927368164,
      15.076399803161621,
      27.849966049194336,
      19.124448776245117,
      33.53800582885742
    ],
    [
      11.671809196472168,
      29.9716739654541,
      19.49077796936035,
      39.40962600708008,
      14.32227897644043,
      26.524133682250977,
      15.899721145629883,
      26.334030151367188,
      13.15781307220459,
      21.4834041595459,
      15.640901565551758,
      27.134675979614258,
      14.194067001342773,
      29.080307006835938,
      16.41064453125,
      30.58708381652832,
      19.697404861450195,
      36.20786666870117
    ],
    [
      5.846288204193115,
      17.80067253112793,
      15.41745376586914,
      14.32227897644043,
      38.21357345581055,
      27.29586410522461,
      31.271345138549805,
      25.62196159362793,
      24.190677642822266,
      18.70042610168457,
      23.112852096557617,
      19.139789581298828,
      17.3955020904541,
      18.396211624145508,
      15.572298049926758,
      18.39122772216797,
      21.561288833618164,
      26.27324867248535
    ],
    [
      10.939220428466797,
      32.00560760498047,
      19.050186157226562,
      26.524133682250977,
      27.29586410522461,
      45.06371307373047,
      25.247543334960938,
      34.62503433227539,
      19.647119522094727,
      27.762104034423828,
      21.130104064941406,
      33.36017990112305,
      20.545799255371094,
      36.45492172241211,
      18.43836784362793,
      36.12930679321289,
      23.01569366455078,
      41.37767791748047
    ],
    [
      7.912388324737549,
      22.98524284362793,
      15.661212921142578,
      15.899721145629883,
      31.271345138549805,
      25.247543334960938,
      54.665122985839844,
      38.1002311706543,
      24.752595901489258,
      21.68671417236328,
      24.51910400390625,
      21.41453742980957,
      19.13872718811035,
      21.319992065429688,
      14.613149642944336,
      21.3880672454834,
      25.60824203491211,
      29.416305541992188
    ],
    [
      14.390829086303711,
      36.249244689941406,
      22.62718391418457,
      26.334030151367188,
      25.62196159362793,
      34.62503433227539,
      38.1002311706543,
      50.40926742553711,
      22.474828720092773,
      32.70382308959961,
      24.448657989501953,
      37.46269607543945,
      23.225454330444336,
      39.929847717285156,
      20.766441345214844,
      39.97895812988281,
      29.150466918945312,
      46.4202766418457
    ],
    [
      7.225287437438965,
      16.005218505859375,
      15.409546852111816,
      13.15781307220459,
      24.190677642822266,
      19.647119522094727,
      24.752595901489258,
      22.474828720092773,
      50.15208053588867,
      29.286836624145508,
      35.69606018066406,
      26.527082443237305,
      26.600252151489258,
      24.395662307739258,
      27.98862075805664,
      25.821218490600586,
      30.64450454711914,
      32.50724792480469
    ],
    [
      13.108966827392578,
      28.900951385498047,
      20.052330017089844,
      21.4834041595459,
      18.70042610168457,
      27.762104034423828,
      21.68671417236328,
      32.70382308959961,
      29.286836624145508,
      38.68265151977539,
      26.285383224487305,
      40.03439712524414,
      25.771787643432617,
      42.7276725769043,
      26.219287872314453,
      44.41834259033203,
      30.192947387695312,
      48.996910095214844
    ],
    [
      7.900242805480957,
      22.426471710205078,
      17.215160369873047,
      15.640901565551758,
      23.112852096557617,
      21.130104064941406,
      24.51910400390625,
      24.448657989501953,
      35.69606018066406,
      26.285383224487305,
      40.93400955200195,
      32.22038650512695,
      30.310400009155273,
      31.864948272705078,
      30.96486473083496,
      30.9146785736084,
      32.024391174316406,
      35.19861602783203
    ],
    [
      15.839865684509277,
      38.080841064453125,
      24.25821304321289,
      27.134675979614258,
      19.139789581298828,
      33.36017990112305,
      21.41453742980957,
      37.46269607543945,
      26.527082443237305,
      40.03439712524414,
      32.22038650512695,
      54.64860916137695,
      31.233245849609375,
      58.02556228637695,
      31.57411766052246,
      59.086753845214844,
      33.52434158325195,
      60.864749908447266
    ],
    [
      8.134960174560547,
      25.454166412353516,
      14.469844818115234,
      14.194067001342773,
      17.3955020904541,
      20.545799255371094,
      19.13872718811035,
      23.225454330444336,
      26.600252151489258,
      25.771787643432617,
      30.310400009155273,
      31.233245849609375,
      43.876861572265625,
      41.68365478515625,
      42.31939697265625,
      40.862483978271484,
      45.41764450073242,
      44.609474182128906
    ],
    [
      17.846853256225586,
      45.95085525512695,
      26.207284927368164,
      29.080307006835938,
      18.396211624145508,
      36.45492172241211,
      21.319992065429688,
      39.929847717285156,
      24.395662307739258,
      42.7276725769043,
      31.864948272705078,
      58.02556228637695,
      41.68365478515625,
      79.91849517822266,
      41.13983917236328,
      80.93690490722656,
      46.31870651245117,
      82.42561340332031
    ],
    [
      7.038266658782959,
      26.255462646484375,
      15.076399803161621,
      16.41064453125,
      15.572298049926758,
      18.43836784362793,
      14.613149642944336,
      20.766441345214844,
      27.98862075805664,
      26.219287872314453,
      30.96486473083496,
      31.57411766052246,
      42.31939697265625,
      41.13983917236328,
      64.0289535522461,
      51.39834976196289,
      62.1763916015625,
      56.37439727783203
    ],
    [
      20.11366844177246,
      49.300537109375,
      27.849966049194336,
      30.58708381652832,
      18.39122772216797,
      36.12930679321289,
      21.3880672454834,
      39.97895812988281,
      25.821218490600586,
      44.41834259033203,
      30.9146785736084,
      59.086753845214844,
      40.862483978271484,
      80.93690490722656,
      51.39834976196289,
      106.61723327636719,
      57.57843780517578,
      105.86024475097656
    ],
    [
      7.565217018127441,
      27.456205368041992,
      19.124448776245117,
      19.697404861450195,
      21.561288833618164,
      23.01569366455078,
      25.60824203491211,
      29.150466918945312,
      30.64450454711914,
      30.192947387695312,
      32.024391174316406,
      33.52434158325195,
      45.41764450073242,
      46.31870651245117,
      62.1763916015625,
      57.57843780517578,
      80.84413146972656,
      72.16802978515625
    ],
    [
      22.9592342376709,
      48.92299270629883,
      33.53800582885742,
      36.20786666870117,
      26.27324867248535,
      41.37767791748047,
      29.416305541992188,
      46.4202766418457,
      32.50724792480469,
      48.996910095214844,
      35.19861602783203,
      60.864749908447266,
      44.609474182128906,
      82.42561340332031,
      56.37439727783203,
      105.86024475097656,
      72.16802978515625,
      124.92842864990234
    ]
  ],
  "damage": -5.244813919067383,
  "diff_bandwidth": 474.17803955078125,
  "dissonance": 8.126804957392913,
  "drr": 15.218936920166016,
  "dynamics": 3.4411780834198,
  "format": 65538,
  "frames": 9373611,
  "freq_pan_to_db": [
    [
      -14.0550537109375,
      -15.400070190429688,
      -14.280831336975098,
      -12.928851127624512,
      -11.22222900390625,
      -11.273916244506836,
      -12.286796569824219,
      -13.236298561096191,
      -14.574419975280762,
      -15.437356948852539,
      -16.27254867553711
    ],
    [
      -15.305782318115234,
      -15.042624473571777,
      -13.521190643310547,
      -11.595455169677734,
      -9.222159385681152,
      -8.780320167541504,
      -8.132497787475586,
      -10.262267112731934,
      -12.492715835571289,
      -14.072843551635742,
      -15.880290031433105
    ],
    [
      -14.496438980102539,
      -13.359957695007324,
      -12.722891807556152,
      -11.859411239624023,
      -10.266951560974121,
      -9.460539817810059,
      -10.496070861816406,
      -11.745680809020996,
      -13.140247344970703,
      -14.476483345031738,
      -15.70351505279541
    ],
    [
      -16.6551456451416,
      -15.314413070678711,
      -12.479681968688965,
      -11.63106632232666,
      -10.792495727539062,
      -10.809531211853027,
      -11.690098762512207,
      -13.287837982177734,
      -14.931145668029785,
      -15.937397003173828,
      -18.10517692565918
    ],
    [
      -15.356160163879395,
      -14.066466331481934,
      -12.424073219299316,
      -11.6344575881958,
      -11.357410430908203,
      -12.649523735046387,
      -12.53773021697998,
      -13.212590217590332,
      -13.716464042663574,
      -14.691265106201172,
      -15.658764839172363
    ],
    [
      -22.247665405273438,
      -18.71893882751465,
      -16.892152786254883,
      -15.07938003540039,
      -13.698326110839844,
      -14.163602828979492,
      -14.895027160644531,
      -15.721919059753418,
      -17.291444778442383,
      -19.15755844116211,
      -20.385353088378906
    ],
    [
      -17.935001373291016,
      -17.471982955932617,
      -15.741151809692383,
      -15.043456077575684,
      -13.978079795837402,
      -13.764911651611328,
      -14.017313003540039,
      -14.564826011657715,
      -15.2892484664917,
      -16.33551788330078,
      -16.99714469909668
    ],
    [
      -21.381458282470703,
      -21.279991149902344,
      -19.505176544189453,
      -18.27610206604004,
      -16.146892547607422,
      -15.426596641540527,
      -17.230106353759766,
      -18.304780960083008,
      -19.099000930786133,
      -19.926143646240234,
      -21.23770523071289
    ],
    [
      -16.86190414428711,
      -17.649747848510742,
      -17.042367935180664,
      -16.939035415649414,
      -16.545730590820312,
      -16.99612045288086,
      -17.257274627685547,
      -17.23988151550293,
      -17.66017723083496,
      -17.356868743896484,
      -16.53206443786621
    ],
    [
      -19.97271156311035,
      -20.15594482421875,
      -20.40088653564453,
      -19.637351989746094,
      -18.840011596679688,
      -18.388425827026367,
      -19.402063369750977,
      -19.82709312438965,
      -20.384658813476562,
      -20.866329193115234,
      -21.08423614501953
    ],
    [
      -21.548187255859375,
      -22.062150955200195,
      -22.166358947753906,
      -19.890785217285156,
      -16.891910552978516,
      -14.644163131713867,
      -17.783689498901367,
      -19.73963165283203,
      -20.94751739501953,
      -22.941143035888672,
      -23.49791145324707
    ],
    [
      -20.829872131347656,
      -22.287342071533203,
      -20.83724594116211,
      -19.107450485229492,
      -17.015762329101562,
      -15.515796661376953,
      -17.542194366455078,
      -19.334293365478516,
      -20.85629653930664,
      -21.414583206176758,
      -22.01313591003418
    ],
    [
      -23.306320190429688,
      -23.400270462036133,
      -22.161056518554688,
      -21.206388473510742,
      -20.029104232788086,
      -18.723480224609375,
      -20.578990936279297,
      -21.60417938232422,
      -21.814777374267578,
      -22.6521053314209,
      -23.6557559967041
    ],
    [
      -23.29729461669922,
      -22.86299705505371,
      -22.333263397216797,
      -20.785282135009766,
      -20.03483772277832,
      -17.680532455444336,
      -20.86051368713379,
      -22.17738914489746,
      -22.35931396484375,
      -23.547117233276367,
      -23.458507537841797
    ],
    [
      -21.86563491821289,
      -22.191600799560547,
      -24.065378189086914,
      -23.493621826171875,
      -22.006912231445312,
      -19.063884735107422,
      -22.667808532714844,
      -22.85295867919922,
      -23.450794219970703,
      -23.65927505493164,
      -24.226951599121094
    ],
    [
      -21.750551223754883,
      -23.29607391357422,
      -24.336101531982422,
      -24.958337783813477,
      -22.284008026123047,
      -19.116943359375,
      -22.5286865234375,
      -24.0848445892334,
      -24.221113204956055,
      -21.949552536010742,
      -18.662614822387695
    ],
    [
      -21.821407318115234,
      -21.641639709472656,
      -25.138071060180664,
      -25.72072982788086,
      -23.37324333190918,
      -18.636798858642578,
      -24.243301391601562,
      -25.861766815185547,
      -24.95648765563965,
      -19.631704330444336,
      -19.87237548828125
    ],
    [
      -25.92457389831543,
      -25.449756622314453,
      -26.365787506103516,
      -26.163496017456055,
      -25.452302932739258,
      -21.190624237060547,
      -25.68058204650879,
      -26.8614444732666,
      -26.139738082885742,
      -23.457305908203125,
      -23.408010482788086
    ],
    [
      -27.462583541870117,
      -27.62859344482422,
      -26.60881805419922,
      -27.84111213684082,
      -26.539365768432617,
      -23.37630271911621,
      -27.86781883239746,
      -29.01382827758789,
      -27.68692398071289,
      -29.212053298950195,
      -28.08994483947754
    ],
    [
      -30.19908332824707,
      -29.87091064453125,
      -28.541561126708984,
      -30.425479888916016,
      -28.31279945373535,
      -24.810766220092773,
      -28.76024627685547,
      -29.547500610351562,
      -27.664159774780273,
      -29.220109939575195,
      -30.262182235717773
    ],
    [
      -28.609209060668945,
      -29.54861068725586,
      -29.510334014892578,
      -29.326494216918945,
      -29.578330993652344,
      -26.686887741088867,
      -29.21669578552246,
      -29.18974494934082,
      -29.522199630737305,
      -30.04988670349121,
      -29.55724334716797
    ],
    [
      -29.01088523864746,
      -30.686817169189453,
      -30.268577575683594,
      -29.84052848815918,
      -30.120847702026367,
      -25.719331741333008,
      -29.854467391967773,
      -29.43116569519043,
      -31.019393920898438,
      -31.150165557861328,
      -31.505733489990234
    ],
    [
      -28.988908767700195,
      -29.081836700439453,
      -30.47506332397461,
      -30.780471801757812,
      -28.16185188293457,
      -23.740583419799805,
      -27.898500442504883,
      -30.160802841186523,
      -30.25278091430664,
      -30.216527938842773,
      -31.29399871826172
    ],
    [
      -32.04824447631836,
      -29.97230339050293,
      -31.931747436523438,
      -30.866195678710938,
      -29.708621978759766,
      -24.278303146362305,
      -29.782426834106445,
      -31.01793098449707,
      -30.565000534057617,
      -31.006559371948242,
      -34.63488006591797
    ],
    [
      -32.578155517578125,
      -30.25969886779785,
      -29.939205169677734,
      -29.714384078979492,
      -29.68886375427246,
      -27.476665496826172,
      -29.079273223876953,
      -29.760278701782227,
      -30.187801361083984,
      -30.023752212524414,
      -27.898387908935547
    ],
    [
      -29.630821228027344,
      -29.387540817260742,
      -29.170114517211914,
      -29.450876235961914,
      -29.27409553527832,
      -28.862680435180664,
      -29.44472312927246,
      -29.352725982666016,
      -29.651002883911133,
      -29.708518981933594,
      -28.65589714050293
    ],
    [
      -27.526521682739258,
      -28.152873992919922,
      -28.16809844970703,
      -28.725168228149414,
      -28.85805320739746,
      -29.242048263549805,
      -28.604827880859375,
      -28.238218307495117,
      -27.98542594909668,
      -27.80423927307129,
      -24.287057876586914
    ],
    [
      -25.9306697845459,
      -27.540931701660156,
      -29.358488082885742,
      -29.47150993347168,
      -29.897031784057617,
      -30.9176025390625,
      -30.18522834777832,
      -29.972476959228516,
      -31.153438568115234,
      -31.848783493041992,
      -31.03947639465332
    ],
    [
      -28.038118362426758,
      -28.66765594482422,
      -29.678007125854492,
      -30.87921905517578,
      -30.6748046875,
      -32.442325592041016,
      -30.948984146118164,
      -30.719951629638672,
      -32.40911102294922,
      -33.10057067871094,
      -370
    ],
    [
      -29.088268280029297,
      -29.377700805664062,
      -30.383455276489258,
      -31.164505004882812,
      -31.269023895263672,
      -31.64740753173828,
      -32.64817810058594,
      -32.00583267211914,
      -32.561378479003906,
      -35.75992202758789,
      -38.208431243896484
    ],
    [
      -43.066524505615234,
      -31.58244514465332,
      -32.31439208984375,
      -32.58382797241211,
      -32.781681060791016,
      -31.102815628051758,
      -33.610164642333984,
      -33.619354248046875,
      -33.6590576171875,
      -37.18678283691406,
      -38.17448425292969
    ],
    [
      -35.6649169921875,
      -34.00572967529297,
      -34.135414123535156,
      -34.147850036621094,
      -34.67802047729492,
      -34.0316276550293,
      -34.786590576171875,
      -35.10078048706055,
      -35.45568084716797,
      -34.26929473876953,
      -370
    ],
    [
      -370,
      -30.619091033935547,
      -35.503944396972656,
      -34.660789489746094,
      -35.807891845703125,
      -35.05823516845703,
      -36.17402267456055,
      -36.144630432128906,
      -36.62188720703125,
      -36.107242584228516,
      -370
    ],
    [
      -370,
      -36.1263427734375,
      -37.16415786743164,
      -35.723899841308594,
      -35.994937896728516,
      -36.279144287109375,
      -36.5620231628418,
      -37.13516616821289,
      -39.503868103027344,
      -39.01681137084961,
      -370
    ],
    [
      -370,
      -38.84373092651367,
      -34.850460052490234,
      -36.80093765258789,
      -36.88681411743164,
      -37.68525314331055,
      -37.19423294067383,
      -36.903953552246094,
      -38.679603576660156,
      -35.35088348388672,
      -370
    ],
    [
      -32.374332427978516,
      -37.67605209350586,
      -35.17766189575195,
      -37.76001739501953,
      -38.53501510620117,
      -37.586082458496094,
      -37.92814254760742,
      -37.8834228515625,
      -39.573909759521484,
      -39.83123016357422,
      -41.291683197021484
    ],
    [
      -36.473114013671875,
      -37.226192474365234,
      -38.23521041870117,
      -37.89308547973633,
      -39.442726135253906,
      -37.46628189086914,
      -39.076011657714844,
      -39.37091064453125,
      -41.33302307128906,
      -41.025665283203125,
      -44.85714340209961
    ],
    [
      -36.441741943359375,
      -38.50516128540039,
      -39.47709655761719,
      -39.831520080566406,
      -41.029701232910156,
      -39.94741439819336,
      -41.16035461425781,
      -40.35258102416992,
      -42.10044860839844,
      -39.9810676574707,
      -36.77797317504883
    ],
    [
      -37.96049499511719,
      -39.0344123840332,
      -39.15040588378906,
      -42.24073028564453,
      -42.5452766418457,
      -42.63838195800781,
      -42.370033264160156,
      -41.14541244506836,
      -43.985557556152344,
      -42.481815338134766,
      -47.25511169433594
    ],
    [
      -39.584510803222656,
      -41.89304733276367,
      -43.174400329589844,
      -43.01917266845703,
      -44.72678756713867,
      -45.45442199707031,
      -43.97893142700195,
      -44.030513763427734,
      -45.07946014404297,
      -44.05113983154297,
      -370
    ],
    [
      -43.83567428588867,
      -43.11798858642578,
      -45.683963775634766,
      -44.37772750854492,
      -46.42889404296875,
      -48.37470245361328,
      -46.6750602722168,
      -46.21281433105469,
      -50.01317596435547,
      -46.37826919555664,
      -40.730552673339844
    ],
    [
      -43.47538375854492,
      -46.00373458862305,
      -45.78761291503906,
      -45.455589294433594,
      -47.40462112426758,
      -50.4084358215332,
      -47.43440246582031,
      -45.26763153076172,
      -46.25217056274414,
      -47.06989669799805,
      -48.28298568725586
    ]
  ],
  "histogram": [
    {
      "db": -70,
      "frequency": 1
    },
    {
      "db": -69,
      "frequency": 0
    },
    {
      "db": -68,
      "frequency": 0
    },
    {
      "db": -67,
      "frequency": 0
    },
    {
      "db": -66,
      "frequency": 0
    },
    {
      "db": -65,
      "frequency": 0
    },
    {
      "db": -64,
      "frequency": 1
    },
    {
      "db": -63,
      "frequency": 0
    },
    {
      "db": -62,
      "frequency": 0
    },
    {
      "db": -61,
      "frequency": 0
    },
    {
      "db": -60,
      "frequency": 1
    },
    {
      "db": -59,
      "frequency": 0
    },
    {
      "db": -58,
      "frequency": 0
    },
    {
      "db": -57,
      "frequency": 1
    },
    {
      "db": -56,
      "frequency": 0
    },
    {
      "db": -55,
      "frequency": 0
    },
    {
      "db": -54,
      "frequency": 1
    },
    {
      "db": -53,
      "frequency": 0
    },
    {
      "db": -52,
      "frequency": 1
    },
    {
      "db": -51,
      "frequency": 0
    },
    {
      "db": -50,
      "frequency": 1
    },
    {
      "db": -49,
      "frequency": 1
    },
    {
      "db": -48,
      "frequency": 1
    },
    {
      "db": -47,
      "frequency": 0
    },
    {
      "db": -46,
      "frequency": 1
    },
    {
      "db": -45,
      "frequency": 1
    },
    {
      "db": -44,
      "frequency": 1
    },
    {
      "db": -43,
      "frequency": 1
    },
    {
      "db": -42,
      "frequency": 1
    },
    {
      "db": -41,
      "frequency": 1
    },
    {
      "db": -40,
      "frequency": 2
    },
    {
      "db": -39,
      "frequency": 1
    },
    {
      "db": -38,
      "frequency": 1
    },
    {
      "db": -37,
      "frequency": 2
    },
    {
      "db": -36,
      "frequency": 1
    },
    {
      "db": -35,
      "frequency": 2
    },
    {
      "db": -34,
      "frequency": 2
    },
    {
      "db": -33,
      "frequency": 1
    },
    {
      "db": -32,
      "frequency": 3
    },
    {
      "db": -31,
      "frequency": 2
    },
    {
      "db": -30,
      "frequency": 2
    },
    {
      "db": -29,
      "frequency": 2
    },
    {
      "db": -28,
      "frequency": 2
    },
    {
      "db": -27,
      "frequency": 1
    },
    {
      "db": -26,
      "frequency": 2
    },
    {
      "db": -25,
      "frequency": 4
    },
    {
      "db": -24,
      "frequency": 3
    },
    {
      "db": -23,
      "frequency": 11
    },
    {
      "db": -22,
      "frequency": 9
    },
    {
      "db": -21,
      "frequency": 17
    },
    {
      "db": -20,
      "frequency": 48
    },
    {
      "db": -19,
      "frequency": 41
    },
    {
      "db": -18,
      "frequency": 62
    },
    {
      "db": -17,
      "frequency": 80
    },
    {
      "db": -16,
      "frequency": 97
    },
    {
      "db": -15,
      "frequency": 77
    },
    {
      "db": -14,
      "frequency": 102
    },
    {
      "db": -13,
      "frequency": 78
    },
    {
      "db": -12,
      "frequency": 121
    },
    {
      "db": -11,
      "frequency": 300
    },
    {
      "db": -10,
      "frequency": 514
    },
    {
      "db": -9,
      "frequency": 395
    },
    {
      "db": -8,
      "frequency": 103
    },
    {
      "db": -7,
      "frequency": 6
    },
    {
      "db": -6,
      "frequency": 0
    },
    {
      "db": -5,
      "frequency": 0
    },
    {
      "db": -4,
      "frequency": 0
    },
    {
      "db": -3,
      "frequency": 0
    },
    {
      "db": -2,
      "frequency": 0
    },
    {
      "db": -1,
      "frequency": 0
    },
    {
      "db": 0,
      "frequency": 0
    },
    {
      "db": 1,
      "frequency": 0
    },
    {
      "db": 2,
      "frequency": 0
    },
    {
      "db": 3,
      "frequency": 0
    },
    {
      "db": 4,
      "frequency": 0
    },
    {
      "db": 5,
