{
  "acoustic_entropy": 186.8544158935547,
  "bands": [
    {
      "high_freq": 148.1999969482422,
      "loudness": -23.31535530090332,
      "loudness_range": 14.57225227355957,
      "mid_mean": -19.696130752563477,
      "mid_to_side_loudness": -23.520980834960938,
      "mid_to_side_loudness_range": 27.849246978759766,
      "side_mean": -40.30001449584961
    },
    {
      "high_freq": 392.3793640136719,
      "loudness": -23.401552200317383,
      "loudness_range": 11.702592849731445,
      "low_freq": 148.1999969482422,
      "mid_mean": -20.028392791748047,
      "mid_to_side_loudness": -12.040788650512695,
      "mid_to_side_loudness_range": 11.38022232055664,
      "side_mean": -32.497764587402344
    },
    {
      "high_freq": 794.6976318359375,
      "loudness": -26.45741844177246,
      "loudness_range": 13.310462951660156,
      "low_freq": 392.3793640136719,
      "mid_mean": -23.487018585205078,
      "mid_to_side_loudness": -8.871116638183594,
      "mid_to_side_loudness_range": 13.552680969238281,
      "side_mean": -32.65985870361328
    },
    {
      "high_freq": 1457.5709228515625,
      "loudness": -30.475099563598633,
      "loudness_range": 19.7834415435791,
      "low_freq": 794.6976318359375,
      "mid_mean": -27.474206924438477,
      "mid_to_side_loudness": -8.912328720092773,
      "mid_to_side_loudness_range": 13.332925796508789,
      "side_mean": -36.65890884399414
    },
    {
      "high_freq": 2549.74365234375,
      "loudness": -31.86380958557129,
      "loudness_range": 17.61092758178711,
      "low_freq": 1457.5709228515625,
      "mid_mean": -28.97783660888672,
      "mid_to_side_loudness": -8.314602851867676,
      "mid_to_side_loudness_range": 13.574309349060059,
      "side_mean": -37.54302215576172
    },
    {
      "high_freq": 4349.24462890625,
      "loudness": -30.830366134643555,
      "loudness_range": 15.300235748291016,
      "low_freq": 2549.74365234375,
      "mid_mean": -27.811748504638672,
      "mid_to_side_loudness": -9.460066795349121,
      "mid_to_side_loudness_range": 14.45133113861084,
      "side_mean": -37.491573333740234
    },
    {
      "high_freq": 7314.1640625,
      "loudness": -35.28902816772461,
      "loudness_range": 16.572832107543945,
      "low_freq": 4349.24462890625,
      "mid_mean": -32.550601959228516,
      "mid_to_side_loudness": -8.187588691711426,
      "mid_to_side_loudness_range": 15.392623901367188,
      "side_mean": -40.805416107177734
    },
    {
      "high_freq": 12199.2666015625,
      "loudness": -40.591495513916016,
      "loudness_range": 18.29170799255371,
      "low_freq": 7314.1640625,
      "mid_mean": -38.50663375854492,
      "mid_to_side_loudness": -6.251828193664551,
      "mid_to_side_loudness_range": 17.676647186279297,
      "side_mean": -44.72058868408203
    },
    {
      "loudness": -48.55648422241211,
      "loudness_range": 19.91012954711914,
      "low_freq": 12199.2666015625,
      "mid_mean": -46.930152893066406,
      "mid_to_side_loudness": -4.846342086791992,
      "mid_to_side_loudness_range": 14.80802059173584,
      "side_mean": -52.926963806152344
    }
  ],
  "bands_short": [
    {
      "high_freq": 148.1999969482422,
      "loudness": -25.87467384338379,
      "loudness_range": 15.96757698059082,
      "mid_mean": -22.284709930419922,
      "mid_to_side_loudness": -23.548734664916992,
      "mid_to_side_loudness_range": 30.928136825561523,
      "side_mean": -45.133907318115234
    },
    {
      "high_freq": 392.3793640136719,
      "loudness": -23.41412925720215,
      "loudness_range": 14.813457489013672,
      "low_freq": 148.1999969482422,
      "mid_mean": -20.06389808654785,
      "mid_to_side_loudness": -12.600780487060547,
      "mid_to_side_loudness_range": 15.044622421264648,
      "side_mean": -33.112457275390625
    },
    {
      "high_freq": 794.6976318359375,
      "loudness": -27.521703720092773,
      "loudness_range": 16.36858558654785,
      "low_freq": 392.3793640136719,
      "mid_mean": -24.635379791259766,
      "mid_to_side_loudness": -8.84326171875,
      "mid_to_side_loudness_range": 15.837400436401367,
      "side_mean": -33.76911544799805
    },
    {
      "high_freq": 1457.5709228515625,
      "loudness": -30.759746551513672,
      "loudness_range": 21.351490020751953,
      "low_freq": 794.6976318359375,
      "mid_mean": -27.901586532592773,
      "mid_to_side_loudness": -8.598125457763672,
      "mid_to_side_loudness_range": 15.393552780151367,
      "side_mean": -36.839149475097656
    },
    {
      "high_freq": 2549.74365234375,
      "loudness": -33.14456558227539,
      "loudness_range": 20.09441566467285,
      "low_freq": 1457.5709228515625,
      "mid_mean": -30.445688247680664,
      "mid_to_side_loudness": -7.748891353607178,
      "mid_to_side_loudness_range": 15.376023292541504,
      "side_mean": -38.443580627441406
    },
    {
      "high_freq": 4349.24462890625,
      "loudness": -31.719005584716797,
      "loudness_range": 18.279747009277344,
      "low_freq": 2549.74365234375,
      "mid_mean": -28.78898811340332,
      "mid_to_side_loudness": -9.313353538513184,
      "mid_to_side_loudness_range": 15.857124328613281,
      "side_mean": -38.335872650146484
    },
    {
      "high_freq": 7314.1640625,
      "loudness": -36.44662857055664,
      "loudness_range": 19.976308822631836,
      "low_freq": 4349.24462890625,
      "mid_mean": -33.75515365600586,
      "mid_to_side_loudness": -8.287084579467773,
      "mid_to_side_loudness_range": 17.31385040283203,
      "side_mean": -42.18412780761719
    },
    {
      "high_freq": 12199.2666015625,
      "loudness": -42.88362503051758,
      "loudness_range": 23.491121292114258,
      "low_freq": 7314.1640625,
      "mid_mean": -40.82899475097656,
      "mid_to_side_loudness": -6.957396984100342,
      "mid_to_side_loudness_range": 21.287445068359375,
      "side_mean": -48.05001449584961
    },
    {
      "loudness": -51.97232437133789,
      "loudness_range": 26.08507537841797,
      "low_freq": 12199.2666015625,
      "mid_mean": -51.154029846191406,
      "mid_to_side_loudness": -6.881618976593018,
      "mid_to_side_loudness_range": 22.00577163696289,
      "side_mean": -56.950767517089844
    }
  ],
  "bandwidth": 426.80474853515625,
  "channels": 2,
  "covariance": [
    [
      28.348398208618164,
      19.75010108947754,
      16.19358253479004,
      16.74224281311035,
      9.282660484313965,
      17.762226104736328,
      12.840337753295898,
      21.261293411254883,
      10.06441879272461,
      18.88054847717285,
      11.783613204956055,
      23.159385681152344,
      11.2451171875,
      25.538040161132812,
      10.066827774047852,
      28.058624267578125,
      11.172369003295898,
      32.36847686767578
    ],
    [
      19.75010108947754,
      75.71343994140625,
      19.22209930419922,
      24.277660369873047,
      14.497682571411133,
      26.830854415893555,
      20.95467185974121,
      30.912925720214844,
      13.489297866821289,
      24.825435638427734,
      18.806438446044922,
      31.106630325317383,
      20.607521057128906,
      36.85420608520508,
      20.18311309814453,
      34.2733154296875,
      21.69293975830078,
      38.96711349487305
    ],
    [
      16.19358253479004,
      19.22209930419922,
      19.987659454345703,
      17.01375389099121,
      12.672040939331055,
      17.348373413085938,
      13.714167594909668,
      20.433645248413086,
      13.40053653717041,
      18.53623390197754,
      15.148762702941895,
      22.75423812866211,
      12.642641067504883,
      24.0499324798584,
      11.808476448059082,
      24.36135482788086,
      12.856557846069336,
      30.098997116088867
    ],
    [
      16.74224281311035,
      24.277660369873047,
      17.01375389099121,
      28.08384132385254,
      11.278650283813477,
      22.871904373168945,
      13.292105674743652,
      23.0884952545166,
      11.73424243927002,
      20.442880630493164,
      13.932780265808105,
      25.91428565979004,
      11.792213439941406,
      26.794912338256836,
      12.528593063354492,
      27.567312240600586,
      14.045376777648926,
      32.522552490234375
    ],
    [
      9.282660484313965,
      14.497682571411133,
      12.672040939331055,
      11.278650283813477,
      26.715774536132812,
      21.93829917907715,
      25.275239944458008,
      21.91537857055664,
      17.87628746032715,
      16.165607452392578,
      17.12712287902832,
      16.163301467895508,
      12.171243667602539,
      15.351346015930176,
      9.080862045288086,
      14.802967071533203,
      10.636465072631836,
      21.69461441040039
    ],
    [
      17.762226104736328,
      26.830854415893555,
      17.348373413085938,
      22.871904373168945,
      21.93829917907715,
      36.08438491821289,
      21.79198455810547,
      31.205219268798828,
      16.269060134887695,
      26.044734954833984,
      18.125093460083008,
      31.450075149536133,
      15.688043594360352,
      32.69883346557617,
      12.553110122680664,
      31.812660217285156,
      14.63293170928955,
      36.846397399902344
    ],
    [
      12.840337753295898,
      20.95467185974121,
      13.714167594909668,
      13.292105674743652,
      25.275239944458008,
      21.79198455810547,
      44.788002014160156,
      34.144554138183594,
      19.309785842895508,
      19.929244995117188,
      19.176097869873047,
      19.51885223388672,
      14.125825881958008,
      19.03885841369629,
      9.927927017211914,
      18.711238861083984,
      13.786877632141113,
      25.85929298400879
    ],
    [
      21.261293411254883,
      30.912925720214844,
      20.433645248413086,
      23.0884952545166,
      21.91537857055664,
      31.205219268798828,
      34.144554138183594,
      42.96125793457031,
      19.777240753173828,
      30.662181854248047,
      21.94749641418457,
      35.56899642944336,
      18.976301193237305,
      36.891212463378906,
      16.38118553161621,
      36.75047302246094,
      20.343965530395508,
      42.364070892333984
    ],
    [
      10.06441879272461,
      13.489297866821289,
      13.40053653717041,
      11.73424243927002,
      17.87628746032715,
      16.269060134887695,
      19.309785842895508,
      19.777240753173828,
      36.84513473510742,
      24.50790023803711,
      26.517770767211914,
      21.627281188964844,
      19.351980209350586,
      20.297893524169922,
      18.92112159729004,
      20.48033332824707,
      18.07512855529785,
      28.3049373626709
    ],
    [
      18.88054847717285,
      24.825435638427734,
      18.53623390197754,
      20.442880630493164,
      16.165607452392578,
      26.044734954833984,
      19.929244995117188,
      30.662181854248047,
      24.50790023803711,
      33.617713928222656,
      22.62061309814453,
      36.81026077270508,
      20.80075454711914,
      38.84797286987305,
      19.799699783325195,
      38.59715270996094,
      21.77356719970703,
      44.264007568359375
    ],
    [
      11.783613204956055,
      18.806438446044922,
      15.148762702941895,
      13.932780265808105,
      17.12712287902832,
      18.125093460083008,
      19.176097869873047,
      21.94749641418457,
      26.517770767211914,
      22.62061309814453,
      29.043420791625977,
      27.047260284423828,
      21.364410400390625,
      26.390769958496094,
      19.884456634521484,
      24.303382873535156,
      18.03658103942871,
      29.46275520324707
    ],
    [
      23.159385681152344,
      31.106630325317383,
      22.75423812866211,
      25.91428565979004,
      16.163301467895508,
      31.450075149536133,
      19.51885223388672,
      35.56899642944336,
      21.627281188964844,
      36.81026077270508,
      27.047260284423828,
      48.99842071533203,
      24.66940689086914,
      51.2747802734375,
      23.10738754272461,
      49.7392578125,
      24.46363067626953,
      52.885948181152344
    ],
    [
      11.2451171875,
      20.607521057128906,
      12.642641067504883,
      11.792213439941406,
      12.171243667602539,
      15.688043594360352,
      14.125825881958008,
      18.976301193237305,
      19.351980209350586,
      20.80075454711914,
      21.364410400390625,
      24.66940689086914,
      32.36471176147461,
      33.59772872924805,
      29.666793823242188,
      29.249433517456055,
      29.29749870300293,
      34.66465759277344
    ],
    [
      25.538040161132812,
      36.85420608520508,
      24.0499324798584,
      26.794912338256836,
      15.351346015930176,
      32.69883346557617,
      19.03885841369629,
      36.891212463378906,
      20.297893524169922,
      38.84797286987305,
      26.390769958496094,
      51.2747802734375,
      33.59772872924805,
      66.74693298339844,
      30.377513885498047,
      62.93451690673828,
      33.147151947021484,
      67.77482604980469
    ],
    [
      10.066827774047852,
      20.18311309814453,
      11.808476448059082,
      12.528593063354492,
      9.080862045288086,
      12.553110122680664,
      9.927927017211914,
      16.38118553161621,
      18.92112159729004,
      19.799699783325195,
      19.884456634521484,
      23.10738754272461,
      29.666793823242188,
      30.377513885498047,
      42.75449752807617,
      34.22118377685547,
      41.08563995361328,
      37.43477249145508
    ],
    [
      28.058624267578125,
      34.2733154296875,
      24.36135482788086,
      27.567312240600586,
      14.802967071533203,
      31.812660217285156,
      18.711238861083984,
      36.75047302246094,
      20.48033332824707,
      38.59715270996094,
      24.303382873535156,
      49.7392578125,
      29.249433517456055,
      62.93451690673828,
      34.22118377685547,
      78.54816436767578,
      39.764617919921875,
      78.03397369384766
    ],
    [
      11.172369003295898,
      21.69293975830078,
      12.856557846069336,
      14.045376777648926,
      10.636465072631836,
      14.63293170928955,
      13.786877632141113,
      20.343965530395508,
      18.07512855529785,
      21.77356719970703,
      18.03658103942871,
      24.46363067626953,
      29.29749870300293,
      33.147151947021484,
      41.08563995361328,
      39.764617919921875,
      50.22834777832031,
      46.98691177368164
    ],
    [
      32.36847686767578,
      38.96711349487305,
      30.098997116088867,
      32.522552490234375,
      21.69461441040039,
      36.846397399902344,
      25.85929298400879,
      42.364070892333984,
      28.3049373626709,
      44.264007568359375,
      29.46275520324707,
      52.885948181152344,
      34.66465759277344,
      67.77482604980469,
      37.43477249145508,
      78.03397369384766,
      46.98691177368164,
      97.81219482421875
    ]
  ],
  "covariance_short": [
    [
      29.64132308959961,
      21.854904174804688,
      16.269407272338867,
      12.24454116821289,
      6.308716773986816,
      11.433971405029297,
      8.471197128295898,
      14.986539840698242,
      7.793197154998779,
      13.686147689819336,
      8.453332901000977,
      16.427162170410156,
      8.622511863708496,
      18.5449275970459,
      7.716110706329346,
      21.329099655151367,
      11.360421180725098,
      21.549562454223633
    ],
    [
      21.854904174804688,
      102.61348724365234,
      28.17866325378418,
      33.48836898803711,
      20.295825958251953,
      35.74009323120117,
      26.12158203125,
      40.98616409301758,
      18.429656982421875,
      32.840633392333984,
      25.276166915893555,
      42.94561004638672,
      27.873308181762695,
      50.48899459838867,
      28.718990325927734,
      55.35882568359375,
      29.48265266418457,
      49.605716705322266
    ],
    [
      16.269407272338867,
      28.17866325378418,
      28.12590980529785,
      20.00202751159668,
      15.82176685333252,
      19.50038719177246,
      16.195831298828125,
      23.17574691772461,
      15.94998550415039,
      20.584489822387695,
      17.71034812927246,
      24.811431884765625,
      14.892179489135742,
      26.846603393554688,
      15.76325511932373,
      30.205297470092773,
      20.82486343383789,
      31.479957580566406
    ],
    [
      12.24454116821289,
      33.48836898803711,
      20.00202751159668,
      39.6297607421875,
      14.554593086242676,
      26.749927520751953,
      16.198577880859375,
      26.611377716064453,
      13.45324420928955,
      21.755374908447266,
      15.884952545166016,
      27.398181915283203,
      14.385674476623535,
      29.453229904174805,
      16.71883201599121,
      32.050048828125,
      22.87272834777832,
      33.83915328979492
    ],
    [
      6.308716773986816,
      20.295825958251953,
      15.82176685333252,
      14.554593086242676,
      38.50528335571289,
      27.552011489868164,
      31.55681037902832,
      25.88939666748047,
      24.45738410949707,
      18.96831703186035,
      23.349607467651367,
      19.413129806518555,
      17.64937400817871,
      18.865283966064453,
      16.04962921142578,
      20.374591827392578,
      22.70751953125,
      24.679040908813477
    ],
    [
      11.433971405029297,
      35.74009323120117,
      19.50038719177246,
      26.749927520751953,
      27.552011489868164,
      45.23919677734375,
      25.499343872070312,
      34.84049606323242,
      19.899747848510742,
      27.983963012695312,
      21.34020233154297,
      33.56937789916992,
      20.705286026000977,
      36.84635543823242,
      18.76126480102539,
      37.72502899169922,
      24.553340911865234,
      38.56718444824219
    ],
    [
      8.471197128295898,
      26.12158203125,
      16.195831298828125,
      16.198577880859375,
      31.55681037902832,
      25.499343872070312,
      55.010677337646484,
      38.40817642211914,
      25.029254913330078,
      21.98749351501465,
      24.77035140991211,
      21.714067459106445,
      19.333942413330078,
      21.748184204101562,
      15.074277877807617,
      23.298873901367188,
      24.789270401000977,
      27.604841232299805
    ],
    [
      14.986539840698242,
      40.98616409301758,
      23.17574691772461,
      26.611377716064453,
      25.88939666748047,
      34.84049606323242,
      38.40817642211914,
      50.63676834106445,
      22.76641845703125,
      32.947105407714844,
      24.690656661987305,
      37.7049446105957,
      23.42609405517578,
      40.342166900634766,
      21.151294708251953,
      41.760231018066406,
      29.047977447509766,
      43.2167854309082
    ],
    [
      7.793197154998779,
      18.429656982421875,
      15.94998550415039,
      13.45324420928955,
      24.45738410949707,
      19.899747848510742,
      25.029254913330078,
      22.76641845703125,
      50.50756072998047,
      29.57640266418457,
      35.954978942871094,
      26.805591583251953,
      26.798717498779297,
      24.87151336669922,
      28.35752296447754,
      28.87163543701172,
      29.99883270263672,
      30.54147720336914
    ],
    [
      13.686147689819336,
      32.840633392333984,
      20.584489822387695,
      21.755374908447266,
      18.96831703186035,
      27.983963012695312,
      21.98749351501465,
      32.947105407714844,
      29.57640266418457,
      38.893436431884766,
      26.516660690307617,
      40.25202178955078,
      25.939613342285156,
      43.13546371459961,
      26.53490447998047,
      46.94953918457031,
      30.271085739135742,
      45.549190521240234
    ],
    [
      8.453332901000977,
      25.276166915893555,
      17.71034812927246,
      15.884952545166016,
      23.349607467651367,
      21.34020233154297,
      24.77035140991211,
      24.690656661987305,
      35.954978942871094,
      26.516660690307617,
      41.15127182006836,
      32.43715286254883,
      30.462432861328125,
      32.20811462402344,
      31.283613204956055,
      33.35588455200195,
      31.261402130126953,
      32.78125762939453
    ],
    [
      16.427162170410156,
      42.94561004638672,
      24.811431884765625,
      27.398181915283203,
      19.413129806518555,
      33.56937789916992,
      21.714067459106445,
      37.7049446105957,
      26.805591583251953,
      40.25202178955078,
      32.43715286254883,
      54.823421478271484,
      31.378591537475586,
      58.36299133300781,
      31.893489837646484,
      61.14189147949219,
      33.20357894897461,
      56.58611297607422
    ],
    [
      8.622511863708496,
      27.873308181762695,
      14.892179489135742,
      14.385674476623535,
      17.64937400817871,
      20.705286026000977,
      19.333942413330078,
      23.42609405517578,
      26.798717498779297,
      25.939613342285156,
      30.462432861328125,
      31.378591537475586,
      43.96470642089844,
      41.95922088623047,
      42.54071044921875,
      43.73213195800781,
      44.24161148071289,
      41.40963363647461
    ],
    [
      18.5449275970459,
      50.48899459838867,
      26.846603393554688,
      29.453229904174805,
      18.865283966064453,
      36.84635543823242,
      21.748184204101562,
      40.342166900634766,
      24.87151336669922,
      43.13546371459961,
      32.20811462402344,
      58.36299133300781,
      41.95922088623047,
      80.07769012451172,
      41.56035232543945,
      83.73450469970703,
      45.446346282958984,
      76.4327621459961
    ],
    [
      7.716110706329346,
      28.718990325927734,
      15.76325511932373,
      16.71883201599121,
      16.04962921142578,
      18.76126480102539,
      15.074277877807617,
      21.151294708251953,
      28.35752296447754,
      26.53490447998047,
      31.283613204956055,
      31.893489837646484,
      42.54071044921875,
      41.56035232543945,
      64.26991271972656,
      53.27429962158203,
      61.15892791748047,
      53.21690368652344
    ],
    [
      21.329099655151367,
      55.35882568359375,
      30.205297470092773,
      32.050048828125,
      20.374591827392578,
      37.72502899169922,
      23.298873901367188,
      41.760231018066406,
      28.87163543701172,
      46.94953918457031,
      33.35588455200195,
      61.14189147949219,
      43.73213195800781,
      83.73450469970703,
      53.27429962158203,
      108.91223907470703,
      59.640220642089844,
      100.58997344970703
    ],
    [
      11.360421180725098,
      29.48265266418457,
      20.82486343383789,
      22.87272834777832,
      22.70751953125,
      24.553340911865234,
      24.789270401000977,
      29.047977447509766,
      29.99883270263672,
      30.271085739135742,
      31.261402130126953,
      33.20357894897461,
      44.24161148071289,
      45.446346282958984,
      61.15892791748047,
      59.640220642089844,
      85.69829559326172,
      72.13436889648438
    ],
    [
      21.549562454223633,
      49.605716705322266,
      31.479957580566406,
      33.83915328979492,
      24.679040908813477,
      38.56718444824219,
      27.604841232299805,
      43.2167854309082,
      30.54147720336914,
      45.549190521240234,
      32.78125762939453,
      56.58611297607422,
      41.40963363647461,
      76.4327621459961,
      53.21690368652344,
      100.58997344970703,
      72.13436889648438,
      108.10753631591797
    ]
  ],
  "damage": -7.731775760650635,
  "diff_bandwidth": 453.3369140625,
  "dissonance": 8.16387387679965,
  "drr": 15.264347076416016,
  "dynamics": 3.546912670135498,
  "format": 65538,
  "frames": 9373611,
  "freq_pan_to_db": [
    [
      -16.996456146240234,
      -18.988954544067383,
      -17.365083694458008,
      -15.632411003112793,
      -13.852267265319824,
      -13.919539451599121,
      -15.265281677246094,
      -16.47719383239746,
      -17.128440856933594,
      -19.086490631103516,
      -19.46906089782715
    ],
    [
      -18.304914474487305,
      -18.067577362060547,
      -16.311561584472656,
      -14.43622875213623,
      -11.9080228805542,
      -11.151257514953613,
      -10.946956634521484,
      -13.10987663269043,
      -15.411896705627441,
      -17.1751651763916,
      -19.204708099365234
    ],
    [
      -17.434764862060547,
      -16.535263061523438,
      -15.690183639526367,
      -15.069524765014648,
      -13.104158401489258,
      -11.576541900634766,
      -13.156065940856934,
      -14.822035789489746,
      -15.895710945129395,
      -17.173274993896484,
      -18.801164627075195
    ],
    [
      -19.57255744934082,
      -18.292987823486328,
      -15.86805248260498,
      -14.455526351928711,
      -13.55335807800293,
      -13.1942720413208,
      -14.365004539489746,
      -16.279436111450195,
      -17.609508514404297,
      -18.827869415283203,
      -20.925830841064453
    ],
    [
      -18.297822952270508,
      -17.0629825592041,
      -15.505088806152344,
      -14.610960960388184,
      -14.003971099853516,
      -15.393548965454102,
      -15.384754180908203,
      -16.213138580322266,
      -16.7016544342041,
      -17.641977310180664,
      -18.790502548217773
    ],
    [
      -25.42150115966797,
      -21.95549201965332,
      -19.826793670654297,
      -18.029016494750977,
      -16.498680114746094,
      -17.043813705444336,
      -17.874406814575195,
      -18.67405128479004,
      -20.224655151367188,
      -22.2334041595459,
      -23.3538818359375
    ],
    [
      -20.8880615234375,
      -20.49244499206543,
      -18.720375061035156,
      -18.021615982055664,
      -17.021642684936523,
      -16.72707176208496,
      -16.972732543945312,
      -17.515090942382812,
      -18.23823356628418,
      -19.315597534179688,
      -20.016307830810547
    ],
    [
      -24.368022918701172,
      -24.35225486755371,
      -22.422407150268555,
      -21.342538833618164,
      -19.09845542907715,
      -18.417470932006836,
      -20.18580436706543,
      -21.265762329101562,
      -22.15070152282715,
      -23.003009796142578,
      -24.112993240356445
    ],
    [
      -19.844451904296875,
      -20.5557918548584,
      -20.06777572631836,
      -19.970186233520508,
      -19.445446014404297,
      -19.920406341552734,
      -20.15871810913086,
      -20.15477180480957,
      -20.651844024658203,
      -20.387897491455078,
      -19.565465927124023
    ],
    [
      -23.03855323791504,
      -23.188777923583984,
      -23.297842025756836,
      -22.60259246826172,
      -21.735305786132812,
      -21.345722198486328,
      -22.345975875854492,
      -22.766061782836914,
      -23.535804748535156,
      -24.02253532409668,
      -23.926790237426758
    ],
    [
      -23.961509704589844,
      -25.43929100036621,
      -25.118345260620117,
      -22.846057891845703,
      -19.85861587524414,
      -17.600143432617188,
      -20.7323055267334,
      -22.657489776611328,
      -24.057575225830078,
      -25.88759422302246,
      -25.791763305664062
    ],
    [
      -23.59332275390625,
      -25.514202117919922,
      -23.911134719848633,
      -22.045639038085938,
      -20.000463485717773,
      -18.4561767578125,
      -20.49036979675293,
      -22.389938354492188,
      -23.82013702392578,
      -24.26512336730957,
      -24.8505802154541
    ],
    [
      -26.44007110595703,
      -26.423337936401367,
      -25.198204040527344,
      -24.197084426879883,
      -23.000608444213867,
      -21.634706497192383,
      -23.478649139404297,
      -24.68317413330078,
      -24.631385803222656,
      -25.823734283447266,
      -27.07021141052246
    ],
    [
      -26.29633903503418,
      -25.843626022338867,
      -25.239919662475586,
      -23.768260955810547,
      -23.015501022338867,
      -20.634843826293945,
      -23.731689453125,
      -24.928794860839844,
      -25.534648895263672,
      -26.750995635986328,
      -26.625850677490234
    ],
    [
      -24.668779373168945,
      -25.30945587158203,
      -26.563745498657227,
      -26.46265983581543,
      -24.936988830566406,
      -22.02519416809082,
      -25.561174392700195,
      -25.64366912841797,
      -26.842100143432617,
      -26.872827529907227,
      -26.34454917907715
    ],
    [
      -24.713062286376953,
      -26.36639404296875,
      -27.2116641998291,
      -28.12363052368164,
      -25.253341674804688,
      -22.065505981445312,
      -25.399564743041992,
      -27.119401931762695,
      -27.128787994384766,
      -24.846418380737305,
      -21.518680572509766
    ],
    [
      -24.657060623168945,
      -24.720529556274414,
      -27.931644439697266,
      -28.66871452331543,
      -26.473459243774414,
      -21.574352264404297,
      -27.18191146850586,
      -28.839733123779297,
      -27.87981414794922,
      -22.52777671813965,
      -22.69353485107422
    ],
    [
      -28.977802276611328,
      -28.42742919921875,
      -29.104524612426758,
      -29.374357223510742,
      -28.432926177978516,
      -24.148574829101562,
      -28.589527130126953,
      -29.924560546875,
      -29.177959442138672,
      -26.358230590820312,
      -25.899324417114258
    ],
    [
      -31.256502151489258,
      -30.772850036621094,
      -29.46196937561035,
      -30.766788482666016,
      -29.48714828491211,
      -26.330448150634766,
      -30.71660804748535,
      -32.0213508605957,
      -30.56383514404297,
      -31.930437088012695,
      -30.83229637145996
    ],
    [
      -33.35115432739258,
      -32.80900955200195,
      -31.507976531982422,
      -33.27519989013672,
      -31.366201400756836,
      -27.747638702392578,
      -31.64404296875,
      -32.62455749511719,
      -30.31055450439453,
      -32.362159729003906,
      -33.278621673583984
    ],
    [
      -31.631603240966797,
      -32.621559143066406,
      -32.48902893066406,
      -32.29789352416992,
      -32.4620475769043,
      -29.644832611083984,
      -32.18608093261719,
      -32.13701248168945,
      -32.35234069824219,
      -32.70759963989258,
      -31.980344772338867
    ],
    [
      -32.484195709228516,
      -33.55872344970703,
      -33.32587432861328,
      -32.73415756225586,
      -32.98567199707031,
      -28.699127197265625,
      -32.770973205566406,
      -32.173797607421875,
      -33.839385986328125,
      -33.902809143066406,
      -34.814781188964844
    ],
    [
      -32.09996032714844,
      -32.03314971923828,
      -33.39213943481445,
      -33.744483947753906,
      -31.152326583862305,
      -26.703140258789062,
      -30.89863395690918,
      -32.934120178222656,
      -33.14859390258789,
      -33.35111999511719,
      -34.29418182373047
    ],
    [
      -35.126163482666016,
      -32.86826705932617,
      -34.92379379272461,
      -33.924705505371094,
      -32.646671295166016,
      -27.257444381713867,
      -32.68262481689453,
      -33.98408126831055,
      -33.597373962402344,
      -33.96104431152344,
      -32.79444122314453
    ],
    [
      -35.595367431640625,
      -33.21094512939453,
      -32.841896057128906,
      -32.733856201171875,
      -32.69253921508789,
      -30.450170516967773,
      -32.03186798095703,
      -32.660465240478516,
      -33.0722541809082,
      -33.03799819946289,
      -31.244319915771484
    ],
    [
      -32.589481353759766,
      -32.30496597290039,
      -32.125362396240234,
      -32.46860122680664,
      -32.27701950073242,
      -31.824371337890625,
      -32.415618896484375,
      -32.33699417114258,
      -32.41378402709961,
      -32.819637298583984,
      -30.685518264770508
    ],
    [
      -30.69223403930664,
      -31.116662979125977,
      -31.160280227661133,
      -31.791305541992188,
      -31.84343910217285,
      -32.22095489501953,
      -31.562955856323242,
      -31.14427375793457,
      -30.870643615722656,
      -30.582260131835938,
      -26.83809471130371
    ],
    [
      -28.434717178344727,
      -30.564373016357422,
      -32.400428771972656,
      -32.450592041015625,
      -32.88501739501953,
      -33.878543853759766,
      -33.22532272338867,
      -32.813941955566406,
      -34.07638931274414,
      -34.996482849121094,
      -29.383438110351562
    ],
    [
      -30.036792755126953,
      -31.647319793701172,
      -32.71975326538086,
      -33.86350631713867,
      -33.68208312988281,
      -35.41816329956055,
      -33.898681640625,
      -33.6130256652832,
      -35.37096405029297,
      -35.76517105102539,
      -370
    ],
    [
      -31.973377227783203,
      -32.216304779052734,
      -33.390228271484375,
      -34.12727355957031,
      -34.3076057434082,
      -34.62668228149414,
      -35.64767074584961,
      -34.878658294677734,
      -35.566436767578125,
      -38.51934814453125,
      -41.49164581298828
    ],
    [
      -46.339454650878906,
      -34.567745208740234,
      -35.25704574584961,
      -35.631141662597656,
      -35.732852935791016,
      -34.092811584472656,
      -36.63338088989258,
      -36.60796356201172,
      -36.46695327758789,
      -40.07969665527344,
      -37.925418853759766
    ],
    [
      -47.96107864379883,
      -36.69130325317383,
      -37.015159606933594,
      -37.17839050292969,
      -37.6870231628418,
      -36.9939079284668,
      -37.812347412109375,
      -37.997840881347656,
      -38.44614028930664,
      -37.35413360595703,
      -39.01694869995117
    ],
    [
      -29.621068954467773,
      -34.64841842651367,
      -38.43399429321289,
      -37.544471740722656,
      -38.80809783935547,
      -38.02928161621094,
      -39.15630340576172,
      -39.10480880737305,
      -39.331844329833984,
      -40.46372604370117,
      -34.24586868286133
    ],
    [
      -370,
      -42.98933029174805,
      -40.94993209838867,
      -38.46527862548828,
      -39.00592803955078,
      -39.25608825683594,
      -39.49815368652344,
      -40.095359802246094,
      -41.97036361694336,
      -41.61137390136719,
      -370
    ],
    [
      -36.992923736572266,
      -41.8454475402832,
      -37.921974182128906,
      -39.86747741699219,
      -39.85395050048828,
      -40.65066909790039,
      -40.14564514160156,
      -39.903099060058594,
      -41.409271240234375,
      -38.14445877075195,
      -370
    ],
    [
      -370,
      -40.04534149169922,
      -37.28402328491211,
      -40.86079406738281,
      -41.447689056396484,
      -40.60478973388672,
      -40.820228576660156,
      -40.82863235473633,
      -42.3165397644043,
      -43.00547409057617,
      -46.759708404541016
    ],
    [
      -39.48668670654297,
      -40.242496490478516,
      -41.17205047607422,
      -40.82969665527344,
      -42.2974853515625,
      -40.46272659301758,
      -41.99703598022461,
      -42.37770080566406,
      -44.037010192871094,
      -44.6693115234375,
      -57.110595703125
    ],
    [
      -39.460662841796875,
      -41.522315979003906,
      -42.401710510253906,
      -42.60430145263672,
      -44.116172790527344,
      -42.89817810058594,
      -44.115352630615234,
      -43.37428283691406,
      -44.872249603271484,
      -42.91746139526367,
      -41.5487174987793
    ],
    [
      -40.97801971435547,
      -41.78265380859375,
      -41.95694351196289,
      -45.116065979003906,
      -45.58338165283203,
      -45.623809814453125,
      -45.354347229003906,
      -43.83456039428711,
      -46.58296585083008,
      -45.56105041503906,
      -50.88794708251953
    ],
    [
      -42.78604507446289,
      -44.908382415771484,
      -44.310245513916016,
      -46.27674102783203,
      -47.66773223876953,
      -48.43160629272461,
      -46.89404296875,
      -47.04238510131836,
      -47.7619743347168,
      -45.491920471191406,
      -370
    ],
    [
      -46.6552619934082,
      -45.947933197021484,
      -46.14625930786133,
      -47.99646759033203,
      -48.986698150634766,
      -51.39025115966797,
      -49.679325103759766,
      -49.19089126586914,
      -52.62651824951172,
      -49.438743591308594,
      -45.95732498168945
    ],
    [
      -46.4794807434082,
      -49.12961196899414,
      -48.191349029541016,
      -48.61384201049805,
      -50.2545280456543,
      -53.37262725830078,
      -50.30796813964844,
      -48.40818405151367,
      -48.46582794189453,
      -49.565818786621094,
      -51.19779586791992
    ]
  ],
  "histogram": [
    {
      "db": -70,
      "frequency": 0
    },
    {
      "db": -69,
      "frequency": 0
    },
    {
      "db": -68,
      "frequency": 0
    },
    {
      "db": -67,
      "frequency": 1
    },
    {
      "db": -66,
      "frequency": 0
    },
    {
      "db": -65,
      "frequency": 0
    },
    {
      "db": -64,
      "frequency": 0
    },
    {
      "db": -63,
      "frequency": 1
    },
    {
      "db": -62,
      "frequency": 0
    },
    {
      "db": -61,
      "frequency": 0
    },
    {
      "db": -60,
      "frequency": 1
    },
    {
      "db": -59,
      "frequency": 0
    },
    {
      "db": -58,
      "frequency": 0
    },
    {
      "db": -57,
      "frequency": 1
    },
    {
      "db": -56,
      "frequency": 0
    },
    {
      "db": -55,
      "frequency": 1
    },
    {
      "db": -54,
      "frequency": 0
    },
    {
      "db": -53,
      "frequency": 1
    },
    {
      "db": -52,
      "frequency": 1
    },
    {
      "db": -51,
      "frequency": 1
    },
    {
      "db": -50,
      "frequency": 0
    },
    {
      "db": -49,
      "frequency": 1
    },
    {
      "db": -48,
      "frequency": 1
    },
    {
      "db": -47,
      "frequency": 1
    },
    {
      "db": -46,
      "frequency": 1
    },
    {
      "db": -45,
      "frequency": 1
    },
    {
      "db": -44,
      "frequency": 1
    },
    {
      "db": -43,
      "frequency": 2
    },
    {
      "db": -42,
      "frequency": 1
    },
    {
      "db": -41,
      "frequency": 1
    },
    {
      "db": -40,
      "frequency": 2
    },
    {
      "db": -39,
      "frequency": 1
    },
    {
      "db": -38,
      "frequency": 2
    },
    {
      "db": -37,
      "frequency": 1
    },
    {
      "db": -36,
      "frequency": 2
    },
    {
      "db": -35,
      "frequency": 3
    },
    {
      "db": -34,
      "frequency": 2
    },
    {
      "db": -33,
      "frequency": 2
    },
    {
      "db": -32,
      "frequency": 2
    },
    {
      "db": -31,
      "frequency": 2
    },
    {
      "db": -30,
      "frequency": 1
    },
    {
      "db": -29,
      "frequency": 2
    },
    {
      "db": -28,
      "frequency": 4
    },
    {
      "db": -27,
      "frequency": 3
    },
    {
      "db": -26,
      "frequency": 11
    },
    {
      "db": -25,
      "frequency": 10
    },
    {
      "db": -24,
      "frequency": 16
    },
    {
      "db": -23,
      "frequency": 48
    },
    {
      "db": -22,
      "frequency": 41
    },
    {
      "db": -21,
      "frequency": 64
    },
    {
      "db": -20,
      "frequency": 79
    },
    {
      "db": -19,
      "frequency": 98
    },
    {
      "db": -18,
      "frequency": 72
    },
    {
      "db": -17,
      "frequency": 103
    },
    {
      "db": -16,
      "frequency": 78
    },
    {
      "db": -15,
      "frequency": 77
    },
    {
      "db": -14,
      "frequency": 250
    },
    {
      "db": -13,
      "frequency": 479
    },
    {
      "db": -12,
      "frequency": 461
    },
    {
      "db": -11,
      "frequency": 163
    },
    {
      "db": -10,
      "frequency": 11
    },
    {
      "db": -9,
      "frequency": 0
    },
    {
      "db": -8,
      "frequency": 0
    },
    {
      "db": -7,
      "frequency": 0
    },
    {
      "db": -6,
      "frequency": 0
    },
    {
      "db": -5,
      "frequency": 0
    },
    {
      "db": -4,
      "frequency": 0
    },
    {
      "db": -3,
      "frequency": 0
    },
    {
      "db": -2,
      "frequency": 0
    },
    {
      "db": -1,
      "frequency": 0
    },
    {
      "db": 0,
      "frequency": 0
    },
    {
      "db": 1,
      "frequency": 0
    },
    {
      "db": 2,
      "frequency": 0
    },
    {
      "db": 3,
      "frequency": 0
    },
    {
      "db": 4,
      "frequency": 0
    },
    {
      "db": 5,
