{
  "acoustic_entropy": 195.17982482910156,
  "bands": [
    {
      "high_freq": 148.1999969482422,
      "loudness": -19.62973403930664,
      "loudness_range": 12.6441650390625,
      "mid_mean": -16.0190372467041,
      "mid_to_side_loudness": -22.751300811767578,
      "mid_to_side_loudness_range": 28.088817596435547,
      "side_mean": -35.97734069824219
    },
    {
      "high_freq": 392.3793640136719,
      "loudness": -18.974430084228516,
      "loudness_range": 10.855928421020508,
      "low_freq": 148.1999969482422,
      "mid_mean": -15.611973762512207,
      "mid_to_side_loudness": -11.885157585144043,
      "mid_to_side_loudness_range": 11.300505638122559,
      "side_mean": -27.931537628173828
    },
    {
      "high_freq": 794.6976318359375,
      "loudness": -21.835927963256836,
      "loudness_range": 12.95733642578125,
      "low_freq": 392.3793640136719,
      "mid_mean": -18.862836837768555,
      "mid_to_side_loudness": -8.838683128356934,
      "mid_to_side_loudness_range": 13.601588249206543,
      "side_mean": -28.002445220947266
    },
    {
      "high_freq": 1457.5709228515625,
      "loudness": -25.821002960205078,
      "loudness_range": 19.429344177246094,
      "low_freq": 794.6976318359375,
      "mid_mean": -22.812320709228516,
      "mid_to_side_loudness": -8.911752700805664,
      "mid_to_side_loudness_range": 13.320357322692871,
      "side_mean": -31.997934341430664
    },
    {
      "high_freq": 2549.74365234375,
      "loudness": -27.180572509765625,
      "loudness_range": 17.429763793945312,
      "low_freq": 1457.5709228515625,
      "mid_mean": -24.285747528076172,
      "mid_to_side_loudness": -8.318001747131348,
      "mid_to_side_loudness_range": 13.629810333251953,
      "side_mean": -32.86620330810547
    },
    {
      "high_freq": 4349.24462890625,
      "loudness": -26.11400604248047,
      "loudness_range": 15.089925765991211,
      "low_freq": 2549.74365234375,
      "mid_mean": -23.092851638793945,
      "mid_to_side_loudness": -9.485706329345703,
      "mid_to_side_loudness_range": 14.436108589172363,
      "side_mean": -32.800045013427734
    },
    {
      "high_freq": 7314.1640625,
      "loudness": -30.585012435913086,
      "loudness_range": 16.395191192626953,
      "low_freq": 4349.24462890625,
      "mid_mean": -27.835126876831055,
      "mid_to_side_loudness": -8.21694564819336,
      "mid_to_side_loudness_range": 15.417591094970703,
      "side_mean": -36.13166046142578
    },
    {
      "high_freq": 12199.2666015625,
      "loudness": -35.93620681762695,
      "loudness_range": 17.996122360229492,
      "low_freq": 7314.1640625,
      "mid_mean": -33.85435104370117,
      "mid_to_side_loudness": -6.286001682281494,
      "mid_to_side_loudness_range": 17.680105209350586,
      "side_mean": -40.021881103515625
    },
    {
      "loudness": -43.929325103759766,
      "loudness_range": 19.684669494628906,
      "low_freq": 12199.2666015625,
      "mid_mean": -42.11560821533203,
      "mid_to_side_loudness": -4.898440837860107,
      "mid_to_side_loudness_range": 15.023826599121094,
      "side_mean": -47.53137969970703
    }
  ],
  "bands_short": [
    {
      "high_freq": 148.1999969482422,
      "loudness": -21.743581771850586,
      "loudness_range": 14.521928787231445,
      "mid_mean": -18.15901756286621,
      "mid_to_side_loudness": -23.356456756591797,
      "mid_to_side_loudness_range": 30.94514274597168,
      "side_mean": -40.29482650756836
    },
    {
      "high_freq": 392.3793640136719,
      "loudness": -18.911439895629883,
      "loudness_range": 13.514948844909668,
      "low_freq": 148.1999969482422,
      "mid_mean": -15.566879272460938,
      "mid_to_side_loudness": -12.501962661743164,
      "mid_to_side_loudness_range": 14.864131927490234,
      "side_mean": -28.514814376831055
    },
    {
      "high_freq": 794.6976318359375,
      "loudness": -22.84832191467285,
      "loudness_range": 16.075103759765625,
      "low_freq": 392.3793640136719,
      "mid_mean": -19.964866638183594,
      "mid_to_side_loudness": -8.829983711242676,
      "mid_to_side_loudness_range": 15.827981948852539,
      "side_mean": -29.08159637451172
    },
    {
      "high_freq": 1457.5709228515625,
      "loudness": -26.06264305114746,
      "loudness_range": 21.03055763244629,
      "low_freq": 794.6976318359375,
      "mid_mean": -23.202293395996094,
      "mid_to_side_loudness": -8.592004776000977,
      "mid_to_side_loudness_range": 15.373139381408691,
      "side_mean": -32.132991790771484
    },
    {
      "high_freq": 2549.74365234375,
      "loudness": -28.406755447387695,
      "loudness_range": 19.693078994750977,
      "low_freq": 1457.5709228515625,
      "mid_mean": -25.709793090820312,
      "mid_to_side_loudness": -7.7506794929504395,
      "mid_to_side_loudness_range": 15.364633560180664,
      "side_mean": -33.71125030517578
    },
    {
      "high_freq": 4349.24462890625,
      "loudness": -26.978666305541992,
      "loudness_range": 17.88604736328125,
      "low_freq": 2549.74365234375,
      "mid_mean": -24.04682159423828,
      "mid_to_side_loudness": -9.322378158569336,
      "mid_to_side_loudness_range": 15.83186149597168,
      "side_mean": -33.60443115234375
    },
    {
      "high_freq": 7314.1640625,
      "loudness": -31.707164764404297,
      "loudness_range": 19.637134552001953,
      "low_freq": 4349.24462890625,
      "mid_mean": -29.02167320251465,
      "mid_to_side_loudness": -8.299520492553711,
      "mid_to_side_loudness_range": 17.3106746673584,
      "side_mean": -37.45100784301758
    },
    {
      "high_freq": 12199.2666015625,
      "loudness": -38.19053268432617,
      "loudness_range": 23.208980560302734,
      "low_freq": 7314.1640625,
      "mid_mean": -36.09424591064453,
      "mid_to_side_loudness": -6.972280502319336,
      "mid_to_side_loudness_range": 21.299320220947266,
      "side_mean": -43.016422271728516
    },
    {
      "loudness": -47.30911636352539,
      "loudness_range": 25.921810150146484,
      "low_freq": 12199.2666015625,
      "mid_mean": -45.705421447753906,
      "mid_to_side_loudness": -6.90449333190918,
      "mid_to_side_loudness_range": 22.02309799194336,
      "side_mean": -53.324466705322266
    }
  ],
  "bandwidth": 476.80145263671875,
  "channels": 2,
  "covariance": [
    [
      22.258346557617188,
      16.163795471191406,
      12.6451997756958,
      14.363393783569336,
      7.276322364807129,
      15.33434009552002,
      10.351058006286621,
      18.0870361328125,
      7.49924898147583,
      15.986438751220703,
      9.22545051574707,
      19.74532699584961,
      9.019383430480957,
      21.861026763916016,
      7.947150707244873,
      23.6708984375,
      8.35954475402832,
      25.219512939453125
    ],
    [
      16.163795471191406,
      73.62638854980469,
      16.62082290649414,
      22.5125675201416,
      13.119683265686035,
      25.452104568481445,
      19.01696014404297,
      28.60708236694336,
      11.720043182373047,
      22.439645767211914,
      17.33782958984375,
      28.81587791442871,
      19.21700668334961,
      34.8008918762207,
      19.2989444732666,
      31.418567657470703,
      18.226892471313477,
      33.94281768798828
    ],
    [
      12.6451997756958,
      16.62082290649414,
      17.611125946044922,
      15.208868980407715,
      11.26315689086914,
      15.443408966064453,
      11.867931365966797,
      18.05278778076172,
      11.589720726013184,
      16.36064338684082,
      13.435676574707031,
      20.23973274230957,
      10.945229530334473,
      21.306751251220703,
      10.460331916809082,
      21.00223731994629,
      9.842118263244629,
      22.944425582885742
    ],
    [
      14.363393783569336,
      22.5125675201416,
      15.208868980407715,
      27.00048828125,
      10.098437309265137,
      21.593032836914062,
      11.768712043762207,
      21.290145874023438,
      10.266919136047363,
      18.710458755493164,
      12.606154441833496,
      24.050765991210938,
      10.48513126373291,
      24.817676544189453,
      11.370793342590332,
      24.917041778564453,
      12.14438533782959,
      26.91644859313965
    ],
    [
      7.276322364807129,
      13.119683265686035,
      11.26315689086914,
      10.098437309265137,
      25.824533462524414,
      20.80179786682129,
      23.97649383544922,
      20.281831741333008,
      16.55866813659668,
      14.708011627197266,
      15.893499374389648,
      14.383668899536133,
      10.942597389221191,
      13.429662704467773,
      8.072772026062012,
      12.710565567016602,
      7.875432014465332,
      14.406346321105957
    ],
    [
      15.33434009552002,
      25.452104568481445,
      15.443408966064453,
      21.593032836914062,
      20.80179786682129,
      34.92863082885742,
      20.314037322998047,
      29.510696411132812,
      14.822629928588867,
      24.410449981689453,
      16.819366455078125,
      29.69917106628418,
      14.379755973815918,
      30.877607345581055,
      11.386527061462402,
      29.780635833740234,
      12.40267276763916,
      31.5361328125
    ],
    [
      10.351058006286621,
      19.01696014404297,
      11.867931365966797,
      11.768712043762207,
      23.97649383544922,
      20.314037322998047,
      43.390464782714844,
      32.434112548828125,
      17.840835571289062,
      18.155405044555664,
      17.81252670288086,
      17.62569236755371,
      12.774600982666016,
      17.037622451782227,
      8.831337928771973,
      16.77100372314453,
      10.551231384277344,
      19.36107063293457
    ],
    [
      18.0870361328125,
      28.60708236694336,
      18.05278778076172,
      21.290145874023438,
      20.281831741333008,
      29.510696411132812,
      32.434112548828125,
      41.00969314575195,
      18.039262771606445,
      28.67428207397461,
      20.396526336669922,
      33.54209518432617,
      17.401914596557617,
      34.79304122924805,
      15.057770729064941,
      34.51549530029297,
      17.065380096435547,
      36.85009765625
    ],
    [
      7.49924898147583,
      11.720043182373047,
      11.589720726013184,
      10.266919136047363,
      16.55866813659668,
      14.822629928588867,
      17.840835571289062,
      18.039262771606445,
      35.5789680480957,
      22.934185028076172,
      25.325082778930664,
      19.957687377929688,
      18.14035987854004,
      18.532974243164062,
      17.946378707885742,
      18.366207122802734,
      15.372570991516113,
      22.061227798461914
    ],
    [
      15.986438751220703,
      22.439645767211914,
      16.36064338684082,
      18.710458755493164,
      14.708011627197266,
      24.410449981689453,
      18.155405044555664,
      28.67428207397461,
      22.934185028076172,
      31.970298767089844,
      21.180648803710938,
      34.934051513671875,
      19.338666915893555,
      36.932064056396484,
      18.50139045715332,
      36.34905242919922,
      18.999067306518555,
      39.30555725097656
    ],
    [
      9.22545051574707,
      17.33782958984375,
      13.435676574707031,
      12.606154441833496,
      15.893499374389648,
      16.819366455078125,
      17.81252670288086,
      20.396526336669922,
      25.325082778930664,
      21.180648803710938,
      27.925647735595703,
      25.581073760986328,
      20.251087188720703,
      24.87300682067871,
      19.129547119140625,
      22.489181518554688,
      15.266739845275879,
      23.15837287902832
    ],
    [
      19.74532699584961,
      28.81587791442871,
      20.23973274230957,
      24.050765991210938,
      14.383668899536133,
      29.69917106628418,
      17.62569236755371,
      33.54209518432617,
      19.957687377929688,
      34.934051513671875,
      25.581073760986328,
      47.199764251708984,
      23.196796417236328,
      49.481597900390625,
      21.850521087646484,
      47.520606994628906,
      21.67070770263672,
      48.84194564819336
    ],
    [
      9.019383430480957,
      19.21700668334961,
      10.945229530334473,
      10.48513126373291,
      10.942597389221191,
      14.379755973815918,
      12.774600982666016,
      17.401914596557617,
      18.14035987854004,
      19.338666915893555,
      20.251087188720703,
      23.196796417236328,
      31.30988883972168,
      32.157562255859375,
      29.07008934020996,
      27.381752014160156,
      26.253990173339844,
      27.599895477294922
    ],
    [
      21.861026763916016,
      34.8008918762207,
      21.306751251220703,
      24.817676544189453,
      13.429662704467773,
      30.877607345581055,
      17.037622451782227,
      34.79304122924805,
      18.532974243164062,
      36.932064056396484,
      24.87300682067871,
      49.481597900390625,
      32.157562255859375,
      65.20878601074219,
      29.344552993774414,
      60.744300842285156,
      29.444982528686523,
      62.91325759887695
    ],
    [
      7.947150707244873,
      19.2989444732666,
      10.460331916809082,
      11.370793342590332,
      8.072772026062012,
      11.386527061462402,
      8.831337928771973,
      15.057770729064941,
      17.946378707885742,
      18.50139045715332,
      19.129547119140625,
      21.850521087646484,
      29.07008934020996,
      29.344552993774414,
      42.38249206542969,
      32.54401779174805,
      38.78323745727539,
      35.0782585144043
    ],
    [
      23.6708984375,
      31.418567657470703,
      21.00223731994629,
      24.917041778564453,
      12.710565567016602,
      29.780635833740234,
      16.77100372314453,
      34.51549530029297,
      18.366207122802734,
      36.34905242919922,
      22.489181518554688,
      47.520606994628906,
      27.381752014160156,
      60.744300842285156,
      32.54401779174805,
      76.51956176757812,
      36.22768783569336,
      78.95879364013672
    ],
    [
      8.35954475402832,
      18.226892471313477,
      9.842118263244629,
      12.14438533782959,
      7.875432014465332,
      12.40267276763916,
      10.551231384277344,
      17.065380096435547,
      15.372570991516113,
      18.999067306518555,
      15.266739845275879,
      21.67070770263672,
      26.253990173339844,
      29.444982528686523,
      38.78323745727539,
      36.22768783569336,
      46.42513656616211,
      42.04000473022461
    ],
    [
      25.219512939453125,
      33.94281768798828,
      22.944425582885742,
      26.91644859313965,
      14.406346321105957,
      31.5361328125,
      19.36107063293457,
      36.85009765625,
      22.061227798461914,
      39.30555725097656,
      23.15837287902832,
      48.84194564819336,
      27.599895477294922,
      62.91325759887695,
      35.0782585144043,
      78.95879364013672,
      42.04000473022461,
      94.63898468017578
    ]
  ],
  "covariance_short": [
    [
      25.271892547607422,
      15.984742164611816,
      12.315826416015625,
      10.0274658203125,
      4.455382347106934,
      9.63238525390625,
      6.447207450866699,
      12.664139747619629,
      5.629099369049072,
      11.400469779968262,
      6.320621490478516,
      13.945008277893066,
      6.620086669921875,
      15.751368522644043,
      5.326603412628174,
      17.55425262451172,
      5.314256191253662,
      21.352590560913086
    ],
    [
      15.984742164611816,
      93.28417205810547,
      21.480960845947266,
      28.288606643676758,
      16.351287841796875,
      30.673479080200195,
      21.427921295166016,
      34.25399398803711,
      14.395709037780762,
      27.008113861083984,
      20.76689338684082,
      35.915443420410156,
      24.20676612854004,
      43.94622039794922,
      24.812715530395508,
      46.645389556884766,
      25.574527740478516,
      48.19024658203125
    ],
    [
      12.315826416015625,
      21.480960845947266,
      24.664583206176758,
      17.857845306396484,
      14.034619331359863,
      17.643157958984375,
      14.14392375946045,
      20.8491268157959,
      13.866270065307617,
      18.28847312927246,
      15.68699836730957,
      22.330671310424805,
      12.992050170898438,
      24.08342170715332,
      13.497936248779297,
      25.157245635986328,
      15.308660507202148,
      32.37080383300781
    ],
    [
      10.0274658203125,
      28.288606643676758,
      17.857845306396484,
      38.213191986083984,
      13.24791431427002,
      25.412782669067383,
      14.658251762390137,
      24.881959915161133,
      11.880390167236328,
      20.028242111206055,
      14.443914413452148,
      25.574382781982422,
      13.100220680236816,
      27.39206314086914,
      15.130377769470215,
      28.55055046081543,
      17.399288177490234,
      35.495296478271484
    ],
    [
      4.455382347106934,
      16.351287841796875,
      14.034619331359863,
      13.24791431427002,
      37.255062103271484,
      26.28319549560547,
      30.238893508911133,
      24.448991775512695,
      23.0979061126709,
      17.44816780090332,
      22.067480087280273,
      17.839031219482422,
      16.352649688720703,
      16.92046356201172,
      14.406233787536621,
      16.459997177124023,
      17.881393432617188,
      25.46495819091797
    ],
    [
      9.63238525390625,
      30.673479080200195,
      17.643157958984375,
      25.412782669067383,
      26.28319549560547,
      43.93705368041992,
      24.07737159729004,
      33.32266616821289,
      18.515602111816406,
      26.46673011779785,
      20.031362533569336,
      31.996761322021484,
      19.4494686126709,
      34.97787094116211,
      17.212942123413086,
      34.10587692260742,
      20.127355575561523,
      41.138702392578125
    ],
    [
      6.447207450866699,
      21.427921295166016,
      14.14392375946045,
      14.658251762390137,
      30.238893508911133,
      24.07737159729004,
      53.47639465332031,
      36.786319732666016,
      23.602434158325195,
      20.38884162902832,
      23.42851448059082,
      20.044776916503906,
      18.05890464782715,
      19.821203231811523,
      13.458154678344727,
      19.55152702331543,
      20.96146583557129,
      28.816972732543945
    ],
    [
      12.664139747619629,
      34.25399398803711,
      20.8491268157959,
      24.881959915161133,
      24.448991775512695,
      33.32266616821289,
      36.786319732666016,
      48.950313568115234,
      21.15838050842285,
      31.29119873046875,
      23.195783615112305,
      35.95960235595703,
      21.972578048706055,
      38.32280349731445,
      19.43545913696289,
      38.05539321899414,
      25.027584075927734,
      46.41001892089844
    ],
    [
      5.629099369049072,
      14.395709037780762,
      13.866270065307617,
      11.880390167236328,
      23.0979061126709,
      18.515602111816406,
      23.602434158325195,
      21.15838050842285,
      49.04366683959961,
      28.04715919494629,
      34.606868743896484,
      25.198345184326172,
      25.596059799194336,
      23.039112091064453,
      26.950910568237305,
      23.762447357177734,
      26.901248931884766,
      32.15067672729492
    ],
    [
      11.400469779968262,
      27.008113861083984,
      18.28847312927246,
      20.028242111206055,
      17.44816780090332,
      26.46673011779785,
      20.38884162902832,
      31.29119873046875,
      28.04715919494629,
      37.28022384643555,
      25.08325958251953,
      38.58871841430664,
      24.6094970703125,
      41.24727249145508,
      25.001482009887695,
      42.256011962890625,
      26.903329849243164,
      49.218196868896484
    ],
    [
      6.320621490478516,
      20.76689338684082,
      15.68699836730957,
      14.443914413452148,
      22.067480087280273,
      20.031362533569336,
      23.42851448059082,
      23.195783615112305,
      34.606868743896484,
      25.08325958251953,
      39.88096237182617,
      30.93924903869629,
      29.330942153930664,
      30.527183532714844,
      29.947521209716797,
      29.121204376220703,
      27.8560848236084,
      35.04727554321289
    ],
    [
      13.945008277893066,
      35.915443420410156,
      22.330671310424805,
      25.574382781982422,
      17.839031219482422,
      31.996761322021484,
      20.044776916503906,
      35.95960235595703,
      25.198345184326172,
      38.58871841430664,
      30.93924903869629,
      53.142276763916016,
      29.995458602905273,
      56.48340606689453,
      30.29317283630371,
      57.0366325378418,
      30.1822509765625,
      61.42079544067383
    ],
    [
      6.620086669921875,
      24.20676612854004,
      12.992050170898438,
      13.100220680236816,
      16.352649688720703,
      19.4494686126709,
      18.05890464782715,
      21.972578048706055,
      25.596059799194336,
      24.6094970703125,
      29.330942153930664,
      29.995458602905273,
      42.936279296875,
      40.43563461303711,
      41.38180923461914,
      38.91840362548828,
      41.35930252075195,
      44.85292053222656
    ],
    [
      15.751368522644043,
      43.94622039794922,
      24.08342170715332,
      27.39206314086914,
      16.92046356201172,
      34.97787094116211,
      19.821203231811523,
      38.32280349731445,
      23.039112091064453,
      41.24727249145508,
      30.527183532714844,
      56.48340606689453,
      40.43563461303711,
      78.40786743164062,
      39.85221862792969,
      78.65199279785156,
      41.745601654052734,
      83.96450805664062
    ],
    [
      5.326603412628174,
      24.812715530395508,
      13.497936248779297,
      15.130377769470215,
      14.406233787536621,
      17.212942123413086,
      13.458154678344727,
      19.43545913696289,
      26.950910568237305,
      25.001482009887695,
      29.947521209716797,
      30.29317283630371,
      41.38180923461914,
      39.85221862792969,
      63.008358001708984,
      49.51255798339844,
      61.040042877197266,
      56.59974670410156
    ],
    [
      17.55425262451172,
      46.645389556884766,
      25.157245635986328,
      28.55055046081543,
      16.459997177124023,
      34.10587692260742,
      19.55152702331543,
      38.05539321899414,
      23.762447357177734,
      42.256011962890625,
      29.121204376220703,
      57.0366325378418,
      38.91840362548828,
      78.65199279785156,
      49.51255798339844,
      104.34052276611328,
      54.46869659423828,
      107.0984878540039
    ],
    [
      5.314256191253662,
      25.574527740478516,
      15.308660507202148,
      17.399288177490234,
      17.881393432617188,
      20.127355575561523,
      20.96146583557129,
      25.027584075927734,
      26.901248931884766,
      26.903329849243164,
      27.8560848236084,
      30.1822509765625,
      41.35930252075195,
      41.745601654052734,
      61.040042877197266,
      54.46869659423828,
      76.132568359375,
      69.563720703125
    ],
    [
      21.352590560913086,
      48.19024658203125,
      32.37080383300781,
      35.495296478271484,
      25.46495819091797,
      41.138702392578125,
      28.816972732543945,
      46.41001892089844,
      32.15067672729492,
      49.218196868896484,
      35.04727554321289,
      61.42079544067383,
      44.85292053222656,
      83.96450805664062,
      56.59974670410156,
      107.0984878540039,
      69.563720703125,
      132.83766174316406
    ]
  ],
  "damage": -4.531414031982422,
  "diff_bandwidth": 522.2288208007812,
  "dissonance": 8.108682247792558,
  "drr": 15.07640552520752,
  "dynamics": 3.2184970378875732,
  "format": 65538,
  "frames": 9373611,
  "freq_pan_to_db": [
    [
      -13.481345176696777,
      -13.586840629577637,
      -13.217101097106934,
      -12.220783233642578,
      -10.771748542785645,
      -11.001376152038574,
      -11.293848037719727,
      -12.251803398132324,
      -13.94616985321045,
      -14.208040237426758,
      -15.263298034667969
    ],
    [
      -13.954071998596191,
      -13.795380592346191,
      -12.346721649169922,
      -10.286952018737793,
      -8.452329635620117,
      -8.341675758361816,
      -7.336615562438965,
      -9.256756782531738,
      -11.034677505493164,
      -12.70982551574707,
      -14.56441593170166
    ],
    [
      -13.08877182006836,
      -12.144157409667969,
      -11.10827350616455,
      -10.437082290649414,
      -9.455692291259766,
      -9.095746040344238,
      -9.602368354797363,
      -10.753918647766113,
      -11.640999794006348,
      -13.146817207336426,
      -14.181463241577148
    ],
    [
      -15.246061325073242,
      -13.998591423034668,
      -11.095818519592285,
      -10.380682945251465,
      -9.831787109375,
      -9.86652660369873,
      -10.581093788146973,
      -11.864437103271484,
      -13.3439359664917,
      -14.504483222961426,
      -16.54444122314453
    ],
    [
      -13.750749588012695,
      -12.560908317565918,
      -10.959339141845703,
      -10.309800148010254,
      -10.184114456176758,
      -11.368875503540039,
      -11.17469310760498,
      -11.810434341430664,
      -11.946856498718262,
      -13.208538055419922,
      -13.960187911987305
    ],
    [
      -20.36138343811035,
      -16.989301681518555,
      -15.316115379333496,
      -13.672173500061035,
      -12.394083976745605,
      -12.752547264099121,
      -13.385908126831055,
      -14.122434616088867,
      -15.621316909790039,
      -17.454998016357422,
      -18.67836570739746
    ],
    [
      -16.3880558013916,
      -15.706477165222168,
      -14.082736015319824,
      -13.41949462890625,
      -12.502470016479492,
      -12.226032257080078,
      -12.414682388305664,
      -12.99147891998291,
      -13.67273235321045,
      -14.668182373046875,
      -15.203560829162598
    ],
    [
      -20.012128829956055,
      -19.47521209716797,
      -17.95920181274414,
      -16.606216430664062,
      -14.562230110168457,
      -13.89847469329834,
      -15.647570610046387,
      -16.73227882385254,
      -17.403608322143555,
      -18.25209617614746,
      -19.496103286743164
    ],
    [
      -15.258974075317383,
      -15.848937034606934,
      -15.327666282653809,
      -15.397841453552246,
      -14.909305572509766,
      -15.506229400634766,
      -15.682764053344727,
      -15.72176456451416,
      -15.918417930603027,
      -15.801108360290527,
      -15.029707908630371
    ],
    [
      -18.2420654296875,
      -18.643470764160156,
      -18.743865966796875,
      -18.00514793395996,
      -17.233299255371094,
      -16.7862548828125,
      -17.82279396057129,
      -18.24529457092285,
      -18.744489669799805,
      -19.299758911132812,
      -19.280750274658203
    ],
    [
      -19.967437744140625,
      -20.672056198120117,
      -20.400463104248047,
      -18.19181251525879,
      -15.253533363342285,
      -12.961956024169922,
      -16.204246520996094,
      -18.18310546875,
      -19.611665725708008,
      -21.500404357910156,
      -21.254167556762695
    ],
    [
      -19.069595336914062,
      -20.71401023864746,
      -19.16962242126465,
      -17.40843391418457,
      -15.348010063171387,
      -13.875697135925293,
      -15.873114585876465,
      -17.67855453491211,
      -19.403911590576172,
      -19.598764419555664,
      -20.394166946411133
    ],
    [
      -21.105222702026367,
      -21.83315086364746,
      -20.670989990234375,
      -19.642911911010742,
      -18.321739196777344,
      -17.14025115966797,
      -19.09481430053711,
      -20.082950592041016,
      -20.131427764892578,
      -20.82404327392578,
      -22.537891387939453
    ],
    [
      -21.244958877563477,
      -21.215621948242188,
      -20.862991333007812,
      -19.038366317749023,
      -18.373790740966797,
      -16.027448654174805,
      -19.396150588989258,
      -20.64253807067871,
      -20.71497344970703,
      -22.006214141845703,
      -22.09931182861328
    ],
    [
      -20.068349838256836,
      -20.31989288330078,
      -22.488893508911133,
      -21.765592575073242,
      -20.30860710144043,
      -17.428733825683594,
      -21.104265213012695,
      -21.67742347717285,
      -21.926311492919922,
      -22.504377365112305,
      -23.2388973236084
    ],
    [
      -20.095396041870117,
      -21.773462295532227,
      -22.858280181884766,
      -23.325109481811523,
      -20.536697387695312,
      -17.466175079345703,
      -20.904075622558594,
      -22.515037536621094,
      -22.549455642700195,
      -20.418930053710938,
      -16.981800079345703
    ],
    [
      -20.032550811767578,
      -20.035202026367188,
      -23.573217391967773,
      -23.746883392333984,
      -21.919897079467773,
      -16.956331253051758,
      -22.688858032226562,
      -24.369098663330078,
      -23.318096160888672,
      -18.103647232055664,
      -18.1988582611084
    ],
    [
      -24.289596557617188,
      -23.795949935913086,
      -24.668249130249023,
      -24.817989349365234,
      -23.855369567871094,
      -19.539823532104492,
      -24.158906936645508,
      -25.323057174682617,
      -24.458162307739258,
      -22.02008628845215,
      -22.000526428222656
    ],
    [
      -26.180471420288086,
      -26.022550582885742,
      -25.0841064453125,
      -26.35272789001465,
      -25.075727462768555,
      -21.74031639099121,
      -26.337875366210938,
      -27.360761642456055,
      -26.08516502380371,
      -27.456087112426758,
      -27.164310455322266
    ],
    [
      -28.652690887451172,
      -28.156898498535156,
      -27.062301635742188,
      -28.77373504638672,
      -26.68488883972168,
      -23.13099479675293,
      -27.213600158691406,
      -27.94289207458496,
      -26.05191993713379,
      -28.007556915283203,
      -28.669387817382812
    ],
    [
      -27.043272018432617,
      -27.978120803833008,
      -27.877025604248047,
      -27.822649002075195,
      -28.09128761291504,
      -24.982189178466797,
      -27.772083282470703,
      -27.736833572387695,
      -27.946762084960938,
      -28.23192024230957,
      -27.685483932495117
    ],
    [
      -27.53399085998535,
      -29.103403091430664,
      -28.750520706176758,
      -28.02670669555664,
      -28.343111038208008,
      -24.094146728515625,
      -28.305044174194336,
      -27.88751220703125,
      -29.475418090820312,
      -29.912485122680664,
      -29.51625633239746
    ],
    [
      -27.46764373779297,
      -27.449628829956055,
      -28.96847915649414,
      -29.098249435424805,
      -26.506391525268555,
      -22.053083419799805,
      -26.287559509277344,
      -28.528759002685547,
      -28.691499710083008,
      -29.070524215698242,
      -29.725379943847656
    ],
    [
      -30.397607803344727,
      -28.197025299072266,
      -30.47610092163086,
      -29.23078727722168,
      -27.97658920288086,
      -22.58959197998047,
      -28.07192039489746,
      -29.62864875793457,
      -29.06793212890625,
      -29.578168869018555,
      -32.91577911376953
    ],
    [
      -30.20115089416504,
      -28.50833511352539,
      -28.19767951965332,
      -28.156057357788086,
      -28.1092529296875,
      -25.806396484375,
      -27.433950424194336,
      -28.106584548950195,
      -28.706212997436523,
      -28.39596939086914,
      -26.15948486328125
    ],
    [
      -27.980005264282227,
      -27.66524314880371,
      -27.529420852661133,
      -27.81845474243164,
      -27.604480743408203,
      -27.20832633972168,
      -27.81949806213379,
      -27.790510177612305,
      -28.09709930419922,
      -28.329261779785156,
      -27.545913696289062
    ],
    [
      -26.045242309570312,
      -26.437118530273438,
      -26.45127296447754,
      -27.178531646728516,
      -27.242799758911133,
      -27.56224250793457,
      -27.071489334106445,
      -26.68191909790039,
      -26.402759552001953,
      -26.289501190185547,
      -22.065818786621094
    ],
    [
      -24.301929473876953,
      -25.997257232666016,
      -27.80353355407715,
      -27.82832908630371,
      -28.253421783447266,
      -29.30760383605957,
      -28.626188278198242,
      -28.376056671142578,
      -29.69947052001953,
      -30.288068771362305,
      -28.15567970275879
    ],
    [
      -25.66550636291504,
      -26.95271110534668,
      -28.065372467041016,
      -29.249862670898438,
      -29.089405059814453,
      -30.781082153320312,
      -29.37322998046875,
      -29.201148986816406,
      -30.86161231994629,
      -31.189613342285156,
      -28.675498962402344
    ],
    [
      -27.760648727416992,
      -27.718839645385742,
      -28.84733009338379,
      -29.593120574951172,
      -29.616727828979492,
      -29.93044662475586,
      -31.03003692626953,
      -30.387269973754883,
      -30.963993072509766,
      -34.61075210571289,
      -36.657501220703125
    ],
    [
      -44.40336990356445,
      -29.576309204101562,
      -30.693464279174805,
      -31.00420379638672,
      -31.158227920532227,
      -29.362075805664062,
      -31.98757553100586,
      -32.074405670166016,
      -32.23244094848633,
      -34.98332977294922,
      -32.98808288574219
    ],
    [
      -35.95077133178711,
      -34.895294189453125,
      -32.353885650634766,
      -32.56481170654297,
      -33.121337890625,
      -32.32198715209961,
      -33.249664306640625,
      -33.41070556640625,
      -34.29956817626953,
      -32.958431243896484,
      -370
    ],
    [
      -370,
      -30.81861686706543,
      -33.650569915771484,
      -33.16365051269531,
      -34.1900749206543,
      -33.35228729248047,
      -34.735408782958984,
      -34.61686706542969,
      -36.06537628173828,
      -34.523773193359375,
      -35.76534652709961
    ],
    [
      -370,
      -36.628578186035156,
      -35.80550765991211,
      -34.04271697998047,
      -34.31928253173828,
      -34.62815856933594,
      -35.08913803100586,
      -35.53220748901367,
      -38.406124114990234,
      -37.38471603393555,
      -370
    ],
    [
      -32.09121322631836,
      -34.80707550048828,
      -34.43039321899414,
      -34.939422607421875,
      -35.34210968017578,
      -36.0291633605957,
      -35.6551513671875,
      -35.21480941772461,
      -37.4373893737793,
      -33.461605072021484,
      -370
    ],
    [
      -370,
      -36.17501449584961,
      -33.91783142089844,
      -36.18348693847656,
      -36.903812408447266,
      -35.88728713989258,
      -36.5007209777832,
      -36.20403289794922,
      -37.89710235595703,
      -38.247406005859375,
      -41.88716125488281
    ],
    [
      -34.553157806396484,
      -35.211326599121094,
      -36.03425979614258,
      -36.39735412597656,
      -37.882652282714844,
      -35.73451232910156,
      -37.59782791137695,
      -37.736568450927734,
      -39.66291427612305,
      -39.37967300415039,
      -52.180389404296875
    ],
    [
      -34.5175895690918,
      -36.72369384765625,
      -38.77607727050781,
      -38.41515350341797,
      -39.37873458862305,
      -38.23829650878906,
      -39.7446403503418,
      -38.56226348876953,
      -40.779014587402344,
      -38.45603942871094,
      -34.860172271728516
    ],
    [
      -36.03758239746094,
      -37.31956100463867,
      -39.08649826049805,
      -40.516902923583984,
      -40.90243148803711,
      -40.98025894165039,
      -40.970542907714844,
      -39.460323333740234,
      -42.4349365234375,
      -41.317359924316406,
      -46.379051208496094
    ],
    [
      -37.67554473876953,
      -40.062618255615234,
      -40.90846252441406,
      -41.73945999145508,
      -43.120243072509766,
      -43.741024017333984,
      -42.82007598876953,
      -42.393775939941406,
      -43.652408599853516,
      -42.99156188964844,
      -370
    ],
    [
      -41.713809967041016,
      -41.38582229614258,
      -44.96737289428711,
      -43.34040832519531,
      -44.53717803955078,
      -46.697078704833984,
      -45.517189025878906,
      -44.81681442260742,
      -48.712646484375,
      -45.156551361083984,
      -46.683834075927734
    ],
    [
      -41.76603317260742,
      -44.38761520385742,
      -44.467159271240234,
      -43.46155548095703,
      -45.85738754272461,
      -48.879310607910156,
      -46.02903747558594,
      -44.08488464355469,
      -44.91910171508789,
      -45.863712310791016,
      -46.449424743652344
    ]
  ],
  "histogram": [
    {
      "db": -70,
      "frequency": 0
    },
    {
      "db": -69,
      "frequency": 0
    },
    {
      "db": -68,
      "frequency": 1
    },
    {
      "db": -67,
      "frequency": 0
    },
    {
      "db": -66,
      "frequency": 0
    },
    {
      "db": -65,
      "frequency": 0
    },
    {
      "db": -64,
      "frequency": 0
    },
    {
      "db": -63,
      "frequency": 1
    },
    {
      "db": -62,
      "frequency": 0
    },
    {
      "db": -61,
      "frequency": 0
    },
    {
      "db": -60,
      "frequency": 0
    },
    {
      "db": -59,
      "frequency": 0
    },
    {
      "db": -58,
      "frequency": 1
    },
    {
      "db": -57,
      "frequency": 0
    },
    {
      "db": -56,
      "frequency": 0
    },
    {
      "db": -55,
      "frequency": 1
    },
    {
      "db": -54,
      "frequency": 0
    },
    {
      "db": -53,
      "frequency": 1
    },
    {
      "db": -52,
      "frequency": 0
    },
    {
      "db": -51,
      "frequency": 1
    },
    {
      "db": -50,
      "frequency": 0
    },
    {
      "db": -49,
      "frequency": 1
    },
    {
      "db": -48,
      "frequency": 0
    },
    {
      "db": -47,
      "frequency": 1
    },
    {
      "db": -46,
      "frequency": 1
    },
    {
      "db": -45,
      "frequency": 1
    },
    {
      "db": -44,
      "frequency": 1
    },
    {
      "db": -43,
      "frequency": 1
    },
    {
      "db": -42,
      "frequency": 1
    },
    {
      "db": -41,
      "frequency": 1
    },
    {
      "db": -40,
      "frequency": 1
    },
    {
      "db": -39,
      "frequency": 1
    },
    {
      "db": -38,
      "frequency": 1
    },
    {
      "db": -37,
      "frequency": 1
    },
    {
      "db": -36,
      "frequency": 2
    },
    {
      "db": -35,
      "frequency": 1
    },
    {
      "db": -34,
      "frequency": 2
    },
    {
      "db": -33,
      "frequency": 1
    },
    {
      "db": -32,
      "frequency": 2
    },
    {
      "db": -31,
      "frequency": 2
    },
    {
      "db": -30,
      "frequency": 2
    },
    {
      "db": -29,
      "frequency": 3
    },
    {
      "db": -28,
      "frequency": 2
    },
    {
      "db": -27,
      "frequency": 1
    },
    {
      "db": -26,
      "frequency": 2
    },
    {
      "db": -25,
      "frequency": 2
    },
    {
      "db": -24,
      "frequency": 2
    },
    {
      "db": -23,
      "frequency": 3
    },
    {
      "db": -22,
      "frequency": 7
    },
    {
      "db": -21,
      "frequency": 8
    },
    {
      "db": -20,
      "frequency": 11
    },
    {
      "db": -19,
      "frequency": 22
    },
    {
      "db": -18,
      "frequency": 48
    },
    {
      "db": -17,
      "frequency": 39
    },
    {
      "db": -16,
      "frequency": 73
    },
    {
      "db": -15,
      "frequency": 77
    },
    {
      "db": -14,
      "frequency": 96
    },
    {
      "db": -13,
      "frequency": 96
    },
    {
      "db": -12,
      "frequency": 92
    },
    {
      "db": -11,
      "frequency": 139
    },
    {
      "db": -10,
      "frequency": 255
    },
    {
      "db": -9,
      "frequency": 459
    },
    {
      "db": -8,
      "frequency": 479
    },
    {
      "db": -7,
      "frequency": 148
    },
    {
      "db": -6,
      "frequency": 15
    },
    {
      "db": -5,
      "frequency": 0
    },
    {
      "db": -4,
      "frequency": 0
    },
    {
      "db": -3,
      "frequency": 0
    },
    {
      "db": -2,
      "frequency": 0
    },
    {
      "db": -1,
      "frequency": 0
    },
    {
      "db": 0,
      "frequency": 0
    },
    {
      "db": 1,
      "frequency": 0
    },
    {
      "db": 2,
      "frequency": 0
    },
    {
      "db": 3,
      "frequency": 0
    },
    {
      "db": 4,
