{
  "acoustic_entropy": 179.52732849121094,
  "bands": [
    {
      "high_freq": 148.1999969482422,
      "loudness": -20.509754180908203,
      "loudness_range": 17.528711318969727,
      "mid_mean": -17.417573928833008,
      "mid_to_side_loudness": -14.0943021774292,
      "mid_to_side_loudness_range": 19.0235595703125,
      "side_mean": -33.847206115722656
    },
    {
      "high_freq": 392.3793640136719,
      "loudness": -20.261276245117188,
      "loudness_range": 9.897802352905273,
      "low_freq": 148.1999969482422,
      "mid_mean": -16.73700523376465,
      "mid_to_side_loudness": -14.149019241333008,
      "mid_to_side_loudness_range": 18.8597412109375,
      "side_mean": -32.504974365234375
    },
    {
      "high_freq": 794.6976318359375,
      "loudness": -26.857542037963867,
      "loudness_range": 11.887388229370117,
      "low_freq": 392.3793640136719,
      "mid_mean": -24.209125518798828,
      "mid_to_side_loudness": -7.049781799316406,
      "mid_to_side_loudness_range": 13.218918800354004,
      "side_mean": -31.915006637573242
    },
    {
      "high_freq": 1457.5709228515625,
      "loudness": -27.01766014099121,
      "loudness_range": 19.49338722229004,
      "low_freq": 794.6976318359375,
      "mid_mean": -25.595396041870117,
      "mid_to_side_loudness": -3.7486557960510254,
      "mid_to_side_loudness_range": 11.40290641784668,
      "side_mean": -29.465787887573242
    },
    {
      "high_freq": 2549.74365234375,
      "loudness": -29.840686798095703,
      "loudness_range": 18.045047760009766,
      "low_freq": 1457.5709228515625,
      "mid_mean": -27.80591583251953,
      "mid_to_side_loudness": -4.169800758361816,
      "mid_to_side_loudness_range": 9.715279579162598,
      "side_mean": -32.34861755371094
    },
    {
      "high_freq": 4349.24462890625,
      "loudness": -30.19510841369629,
      "loudness_range": 15.143587112426758,
      "low_freq": 2549.74365234375,
      "mid_mean": -27.479753494262695,
      "mid_to_side_loudness": -6.622540473937988,
      "mid_to_side_loudness_range": 11.735380172729492,
      "side_mean": -34.64657211303711
    },
    {
      "high_freq": 7314.1640625,
      "loudness": -28.271045684814453,
      "loudness_range": 12.747428894042969,
      "low_freq": 4349.24462890625,
      "mid_mean": -25.48339080810547,
      "mid_to_side_loudness": -6.770268440246582,
      "mid_to_side_loudness_range": 11.661444664001465,
      "side_mean": -32.805084228515625
    },
    {
      "high_freq": 12199.2666015625,
      "loudness": -30.42076301574707,
      "loudness_range": 12.204416275024414,
      "low_freq": 7314.1640625,
      "mid_mean": -27.5018253326416,
      "mid_to_side_loudness": -7.229936599731445,
      "mid_to_side_loudness_range": 10.658368110656738,
      "side_mean": -35.32737350463867
    },
    {
      "loudness": -35.24873352050781,
      "loudness_range": 15.085277557373047,
      "low_freq": 12199.2666015625,
      "mid_mean": -32.324485778808594,
      "mid_to_side_loudness": -6.918028831481934,
      "mid_to_side_loudness_range": 8.563920021057129,
      "side_mean": -39.83116912841797
    }
  ],
  "bands_short": [
    {
      "high_freq": 148.1999969482422,
      "loudness": -26.325605392456055,
      "loudness_range": 28.71963119506836,
      "mid_mean": -23.653213500976562,
      "mid_to_side_loudness": -11.429801940917969,
      "mid_to_side_loudness_range": 23.6469669342041,
      "side_mean": -37.326236724853516
    },
    {
      "high_freq": 392.3793640136719,
      "loudness": -21.263938903808594,
      "loudness_range": 20.122955322265625,
      "low_freq": 148.1999969482422,
      "mid_mean": -18.290096282958984,
      "mid_to_side_loudness": -13.189153671264648,
      "mid_to_side_loudness_range": 20.487154006958008,
      "side_mean": -33.493953704833984
    },
    {
      "high_freq": 794.6976318359375,
      "loudness": -28.371335983276367,
      "loudness_range": 17.588411331176758,
      "low_freq": 392.3793640136719,
      "mid_mean": -26.21689224243164,
      "mid_to_side_loudness": -6.973104000091553,
      "mid_to_side_loudness_range": 15.226551055908203,
      "side_mean": -33.89604568481445
    },
    {
      "high_freq": 1457.5709228515625,
      "loudness": -27.822887420654297,
      "loudness_range": 22.964998245239258,
      "low_freq": 794.6976318359375,
      "mid_mean": -26.867544174194336,
      "mid_to_side_loudness": -3.395733118057251,
      "mid_to_side_loudness_range": 14.350759506225586,
      "side_mean": -30.317127227783203
    },
    {
      "high_freq": 2549.74365234375,
      "loudness": -31.5297794342041,
      "loudness_range": 22.37106704711914,
      "low_freq": 1457.5709228515625,
      "mid_mean": -30.12203598022461,
      "mid_to_side_loudness": -4.025918483734131,
      "mid_to_side_loudness_range": 12.627927780151367,
      "side_mean": -34.62375259399414
    },
    {
      "high_freq": 4349.24462890625,
      "loudness": -32.81163024902344,
      "loudness_range": 23.729257583618164,
      "low_freq": 2549.74365234375,
      "mid_mean": -30.500404357910156,
      "mid_to_side_loudness": -6.470946311950684,
      "mid_to_side_loudness_range": 13.233023643493652,
      "side_mean": -37.61814498901367
    },
    {
      "high_freq": 7314.1640625,
      "loudness": -30.78982162475586,
      "loudness_range": 23.18134880065918,
      "low_freq": 4349.24462890625,
      "mid_mean": -28.68513298034668,
      "mid_to_side_loudness": -6.690234184265137,
      "mid_to_side_loudness_range": 13.971807479858398,
      "side_mean": -35.79119110107422
    },
    {
      "high_freq": 12199.2666015625,
      "loudness": -33.98063278198242,
      "loudness_range": 25.699514389038086,
      "low_freq": 7314.1640625,
      "mid_mean": -31.816221237182617,
      "mid_to_side_loudness": -7.243587970733643,
      "mid_to_side_loudness_range": 12.732673645019531,
      "side_mean": -39.636680603027344
    },
    {
      "loudness": -40.30275344848633,
      "loudness_range": 30.45343780517578,
      "low_freq": 12199.2666015625,
      "mid_mean": -38.756290435791016,
      "mid_to_side_loudness": -7.040136814117432,
      "mid_to_side_loudness_range": 11.335878372192383,
      "side_mean": -46.45330810546875
    }
  ],
  "bandwidth": 438.701416015625,
  "channels": 2,
  "covariance": [
    [
      53.45671844482422,
      35.27873229980469,
      16.678844451904297,
      10.689804077148438,
      9.308262825012207,
      13.485785484313965,
      12.647224426269531,
      15.029779434204102,
      8.357340812683105,
      7.466307163238525,
      6.13444185256958,
      4.333706855773926,
      5.928773403167725,
      5.2557830810546875,
      2.782728672027588,
      1.55106782913208,
      -3.5798962116241455,
      -2.1736361980438232
    ],
    [
      35.27873229980469,
      40.32064437866211,
      12.173575401306152,
      8.757301330566406,
      8.434833526611328,
      13.682476043701172,
      14.539163589477539,
      16.52692413330078,
      11.66493034362793,
      9.026808738708496,
      6.487205982208252,
      4.548392295837402,
      6.110326290130615,
      5.086135387420654,
      2.872732400894165,
      1.196326494216919,
      -3.2143986225128174,
      -2.001535415649414
    ],
    [
      16.678844451904297,
      12.173575401306152,
      18.193042755126953,
      12.228754043579102,
      12.508017539978027,
      15.53109359741211,
      14.15024471282959,
      15.820639610290527,
      13.164995193481445,
      13.672639846801758,
      10.977408409118652,
      10.801102638244629,
      8.640092849731445,
      8.812281608581543,
      5.65932559967041,
      6.203924179077148,
      3.4738235473632812,
      4.63950252532959
    ],
    [
      10.689804077148438,
      8.757301330566406,
      12.228754043579102,
      14.90158748626709,
      10.37741470336914,
      14.665803909301758,
      12.052475929260254,
      13.517491340637207,
      11.158792495727539,
      11.736589431762695,
      10.077735900878906,
      10.149413108825684,
      7.645681858062744,
      8.037602424621582,
      4.226873874664307,
      5.21688175201416,
      2.3937838077545166,
      3.5019614696502686
    ],
    [
      9.308262825012207,
      8.434833526611328,
      12.508017539978027,
      10.37741470336914,
      22.008420944213867,
      23.953990936279297,
      23.73550033569336,
      21.759323120117188,
      21.947574615478516,
      19.186479568481445,
      17.54424476623535,
      14.877602577209473,
      13.268835067749023,
      11.681269645690918,
      7.9503631591796875,
      7.848700523376465,
      5.06242561340332,
      5.633353233337402
    ],
    [
      13.485785484313965,
      13.682476043701172,
      15.53109359741211,
      14.665803909301758,
      23.953990936279297,
      44.362361907958984,
      38.37827682495117,
      48.229103088378906,
      28.93577003479004,
      31.764381408691406,
      19.206287384033203,
      19.793087005615234,
      15.030290603637695,
      16.73210334777832,
      9.590889930725098,
      10.848130226135254,
      6.634415149688721,
      7.997156143188477
    ],
    [
      12.647224426269531,
      14.539163589477539,
      14.15024471282959,
      12.052475929260254,
      23.73550033569336,
      38.37827682495117,
      51.92660903930664,
      52.26670837402344,
      37.030540466308594,
      35.66143035888672,
      24.96358871459961,
      22.71708869934082,
      18.54904556274414,
      19.23349952697754,
      11.676820755004883,
      12.739215850830078,
      8.137938499450684,
      9.256529808044434
    ],
    [
      15.029779434204102,
      16.52692413330078,
      15.820639610290527,
      13.517491340637207,
      21.759323120117188,
      48.229103088378906,
      52.26670837402344,
      74.42767333984375,
      35.16604232788086,
      41.93163299560547,
      19.32276153564453,
      22.799110412597656,
      15.59354019165039,
      19.947246551513672,
      11.658971786499023,
      13.76889705657959,
      8.986767768859863,
      10.633469581604004
    ],
    [
      8.357340812683105,
      11.66493034362793,
      13.164995193481445,
      11.158792495727539,
      21.947574615478516,
      28.93577003479004,
      37.030540466308594,
      35.16604232788086,
      45.11960220336914,
      36.44898986816406,
      30.493040084838867,
      25.786006927490234,
      23.707965850830078,
      22.726163864135742,
      14.895505905151367,
      15.999258995056152,
      11.512269973754883,
      12.891261100769043
    ],
    [
      7.466307163238525,
      9.026808738708496,
      13.672639846801758,
      11.736589431762695,
      19.186479568481445,
      31.764381408691406,
      35.66143035888672,
      41.93163299560547,
      36.44898986816406,
      40.512298583984375,
      25.2258358001709,
      28.561357498168945,
      20.102609634399414,
      24.535348892211914,
      14.601893424987793,
      17.60565185546875,
      12.565370559692383,
      14.642386436462402
    ],
    [
      6.13444185256958,
      6.487205982208252,
      10.977408409118652,
      10.077735900878906,
      17.54424476623535,
      19.206287384033203,
      24.96358871459961,
      19.32276153564453,
      30.493040084838867,
      25.2258358001709,
      31.818063735961914,
      27.00933074951172,
      23.722148895263672,
      22.35749053955078,
      14.3617582321167,
      16.123016357421875,
      10.441948890686035,
      12.068379402160645
    ],
    [
      4.333706855773926,
      4.548392295837402,
      10.801102638244629,
      10.149413108825684,
      14.877602577209473,
      19.793087005615234,
      22.71708869934082,
      22.799110412597656,
      25.786006927490234,
      28.561357498168945,
      27.00933074951172,
      33.56034469604492,
      20.78985023498535,
      28.038000106811523,
      15.63449764251709,
      21.047931671142578,
      13.151503562927246,
      16.574134826660156
    ],
    [
      5.928773403167725,
      6.110326290130615,
      8.640092849731445,
      7.645681858062744,
      13.268835067749023,
      15.030290603637695,
      18.54904556274414,
      15.59354019165039,
      23.707965850830078,
      20.102609634399414,
      23.722148895263672,
      20.78985023498535,
      23.179044723510742,
      21.738492965698242,
      17.150970458984375,
      17.787109375,
      14.53808879852295,
      15.180025100708008
    ],
    [
      5.2557830810546875,
      5.086135387420654,
      8.812281608581543,
      8.037602424621582,
      11.681269645690918,
      16.73210334777832,
      19.23349952697754,
      19.947246551513672,
      22.726163864135742,
      24.535348892211914,
      22.35749053955078,
      28.038000106811523,
      21.738492965698242,
      30.6336669921875,
      19.9768123626709,
      25.7003231048584,
      20.280750274658203,
      23.08094024658203
    ],
    [
      2.782728672027588,
      2.872732400894165,
      5.65932559967041,
      4.226873874664307,
      7.9503631591796875,
      9.590889930725098,
      11.676820755004883,
      11.658971786499023,
      14.895505905151367,
      14.601893424987793,
      14.3617582321167,
      15.63449764251709,
      17.150970458984375,
      19.9768123626709,
      21.93573760986328,
      22.080345153808594,
      22.566768646240234,
      21.952869415283203
    ],
    [
      1.55106782913208,
      1.196326494216919,
      6.203924179077148,
      5.21688175201416,
      7.848700523376465,
      10.848130226135254,
      12.739215850830078,
      13.76889705657959,
      15.999258995056152,
      17.60565185546875,
      16.123016357421875,
      21.047931671142578,
      17.787109375,
      25.7003231048584,
      22.080345153808594,
      27.48116111755371,
      25.98203468322754,
      27.314054489135742
    ],
    [
      -3.5798962116241455,
      -3.2143986225128174,
      3.4738235473632812,
      2.3937838077545166,
      5.06242561340332,
      6.634415149688721,
      8.137938499450684,
      8.986767768859863,
      11.512269973754883,
      12.565370559692383,
      10.441948890686035,
      13.151503562927246,
      14.53808879852295,
      20.280750274658203,
      22.566768646240234,
      25.98203468322754,
      33.55164337158203,
      31.556438446044922
    ],
    [
      -2.1736361980438232,
      -2.001535415649414,
      4.63950252532959,
      3.5019614696502686,
      5.633353233337402,
      7.997156143188477,
      9.256529808044434,
      10.633469581604004,
      12.891261100769043,
      14.642386436462402,
      12.068379402160645,
      16.574134826660156,
      15.180025100708008,
      23.08094024658203,
      21.952869415283203,
      27.314054489135742,
      31.556438446044922,
      32.308162689208984
    ]
  ],
  "covariance_short": [
    [
      107.34500122070312,
      51.56711196899414,
      57.05910873413086,
      35.508052825927734,
      28.773649215698242,
      23.19703483581543,
      22.857168197631836,
      22.555044174194336,
      25.022953033447266,
      23.64417266845703,
      23.179683685302734,
      24.368314743041992,
      21.219072341918945,
      23.50514793395996,
      20.840452194213867,
      23.546411514282227,
      26.612688064575195,
      30.84833526611328
    ],
    [
      51.56711196899414,
      57.85588836669922,
      27.997119903564453,
      23.381858825683594,
      14.58569049835205,
      15.127189636230469,
      15.362092018127441,
      17.042905807495117,
      15.392104148864746,
      14.785837173461914,
      12.525028228759766,
      13.086355209350586,
      12.448371887207031,
      13.095088958740234,
      10.685541152954102,
      11.449902534484863,
      11.934170722961426,
      14.8110933303833
    ],
    [
      57.05910873413086,
      27.997119903564453,
      67.77272033691406,
      38.44553756713867,
      38.11791229248047,
      30.859737396240234,
      24.83220863342285,
      22.460773468017578,
      31.095008850097656,
      28.946399688720703,
      31.832334518432617,
      30.296388626098633,
      26.60645294189453,
      27.743144989013672,
      23.228282928466797,
      26.108516693115234,
      26.973068237304688,
      31.633058547973633
    ],
    [
      35.508052825927734,
      23.381858825683594,
      38.44553756713867,
      39.79294204711914,
      25.429933547973633,
      23.386707305908203,
      17.714933395385742,
      16.56463623046875,
      22.31284523010254,
      21.332223892211914,
      24.08077049255371,
      23.03136444091797,
      19.87291717529297,
      20.032398223876953,
      17.513153076171875,
      18.444793701171875,
      19.011943817138672,
      22.201417922973633
    ],
    [
      28.773649215698242,
      14.58569049835205,
      38.11791229248047,
      25.429933547973633,
      52.689090728759766,
      39.401512145996094,
      37.667640686035156,
      31.12932777404785,
      39.538597106933594,
      33.252559661865234,
      37.18927764892578,
      30.97212028503418,
      29.808250427246094,
      26.270849227905273,
      22.40702247619629,
      22.88043212890625,
      22.03501319885254,
      25.214765548706055
    ],
    [
      23.19703483581543,
      15.127189636230469,
      30.859737396240234,
      23.386707305908203,
      39.401512145996094,
      56.90325927734375,
      45.33510971069336,
      54.40384292602539,
      39.19593048095703,
      43.53416442871094,
      30.90782928466797,
      32.94767761230469,
      26.257043838500977,
      28.066598892211914,
      20.87912368774414,
      23.32341194152832,
      22.482885360717773,
      26.25770378112793
    ],
    [
      22.857168197631836,
      15.362092018127441,
      24.83220863342285,
      17.714933395385742,
      37.667640686035156,
      45.33510971069336,
      71.98661041259766,
      65.0062484741211,
      48.62118148803711,
      45.86906814575195,
      38.42525100708008,
      35.552528381347656,
      33.06623840332031,
      30.985776901245117,
      24.252079010009766,
      24.686120986938477,
      24.37627601623535,
      26.73999786376953
    ],
    [
      22.555044174194336,
      17.042905807495117,
      22.460773468017578,
      16.56463623046875,
      31.12932777404785,
      54.40384292602539,
      65.0062484741211,
      92.86786651611328,
      43.416812896728516,
      51.558753967285156,
      28.59904670715332,
      33.871002197265625,
      26.14265251159668,
      27.957916259765625,
      20.88405990600586,
      23.070396423339844,
      23.19300651550293,
      25.837146759033203
    ],
    [
      25.022953033447266,
      15.392104148864746,
      31.095008850097656,
      22.31284523010254,
      39.538597106933594,
      39.19593048095703,
      48.62118148803711,
      43.416812896728516,
      74.66133880615234,
      58.99779510498047,
      57.08433151245117,
      47.55772399902344,
      49.77330780029297,
      44.17668533325195,
      39.53901290893555,
      38.4310417175293,
      37.43619918823242,
      40.08427429199219
    ],
    [
      23.64417266845703,
      14.785837173461914,
      28.946399688720703,
      21.332223892211914,
      33.252559661865234,
      43.53416442871094,
      45.86906814575195,
      51.558753967285156,
      58.99779510498047,
      71.24303436279297,
      49.2635498046875,
      52.97317886352539,
      45.20582962036133,
      48.49836349487305,
      40.23790740966797,
      44.14375305175781,
      43.12445831298828,
      47.853965759277344
    ],
    [
      23.179683685302734,
      12.525028228759766,
      31.832334518432617,
      24.08077049255371,
      37.18927764892578,
      30.90782928466797,
      38.42525100708008,
      28.59904670715332,
      57.08433151245117,
      49.2635498046875,
      75.22138214111328,
      61.10525131225586,
      64.600341796875,
      56.89384460449219,
      51.77753448486328,
      50.3727912902832,
      49.720401763916016,
      52.74229049682617
    ],
    [
      24.368314743041992,
      13.086355209350586,
      30.296388626098633,
      23.03136444091797,
      30.97212028503418,
      32.94767761230469,
      35.552528381347656,
      33.871002197265625,
      47.55772399902344,
      52.97317886352539,
      61.10525131225586,
      71.29046630859375,
      57.04436111450195,
      64.77665710449219,
      52.45346450805664,
      60.6695556640625,
      57.36705780029297,
      66.2000961303711
    ],
    [
      21.219072341918945,
      12.448371887207031,
      26.60645294189453,
      19.87291717529297,
      29.808250427246094,
      26.257043838500977,
      33.06623840332031,
      26.14265251159668,
      49.77330780029297,
      45.20582962036133,
      64.600341796875,
      57.04436111450195,
      80.01993560791016,
      65.72840118408203,
      68.44280242919922,
      63.36248779296875,
      66.99410247802734,
      66.3704605102539
    ],
    [
      23.50514793395996,
      13.095088958740234,
      27.743144989013672,
      20.032398223876953,
      26.270849227905273,
      28.066598892211914,
      30.985776901245117,
      27.957916259765625,
      44.17668533325195,
      48.49836349487305,
      56.89384460449219,
      64.77665710449219,
      65.72840118408203,
      81.81012725830078,
      69.42888641357422,
      78.82427978515625,
      75.60353088378906,
      83.60858154296875
    ],
    [
      20.840452194213867,
      10.685541152954102,
      23.228282928466797,
      17.513153076171875,
      22.40702247619629,
      20.87912368774414,
      24.252079010009766,
      20.88405990600586,
      39.53901290893555,
      40.23790740966797,
      51.77753448486328,
      52.45346450805664,
      68.44280242919922,
      69.42888641357422,
      93.45276641845703,
      83.7347640991211,
      95.20240783691406,
      89.9281234741211
    ],
    [
      23.546411514282227,
      11.449902534484863,
      26.108516693115234,
      18.444793701171875,
      22.88043212890625,
      23.32341194152832,
      24.686120986938477,
      23.070396423339844,
      38.4310417175293,
      44.14375305175781,
      50.3727912902832,
      60.6695556640625,
      63.36248779296875,
      78.82427978515625,
      83.7347640991211,
      98.83551788330078,
      97.2335205078125,
      103.6642837524414
    ],
    [
      26.612688064575195,
      11.934170722961426,
      26.973068237304688,
      19.011943817138672,
      22.03501319885254,
      22.482885360717773,
      24.37627601623535,
      23.19300651550293,
      37.43619918823242,
      43.12445831298828,
      49.720401763916016,
      57.36705780029297,
      66.99410247802734,
      75.60353088378906,
      95.20240783691406,
      97.2335205078125,
      129.29193115234375,
      123.49606323242188
    ],
    [
      30.84833526611328,
      14.8110933303833,
      31.633058547973633,
      22.201417922973633,
      25.214765548706055,
      26.25770378112793,
      26.73999786376953,
      25.837146759033203,
      40.08427429199219,
      47.853965759277344,
      52.74229049682617,
      66.2000961303711,
      66.3704605102539,
      83.60858154296875,
      89.9281234741211,
      103.6642837524414,
      123.49606323242188,
      135.44091796875
    ]
  ],
  "damage": -5.558477401733398,
  "diff_bandwidth": 426.2366027832031,
  "dissonance": 9.14547323368047,
  "drr": 14.67656421661377,
  "dynamics": 3.433525323867798,
  "format": 65538,
  "frames": 11485287,
  "freq_pan_to_db": [
    [
      -14.918697357177734,
      -15.323104858398438,
      -13.906253814697266,
      -12.252592086791992,
      -9.846723556518555,
      -7.049914360046387,
      -6.468006134033203,
      -10.503152847290039,
      -12.64628791809082,
      -14.535526275634766,
      -15.375001907348633
    ],
    [
      -14.37826156616211,
      -14.749287605285645,
      -12.79958724975586,
      -9.905007362365723,
      -8.566730499267578,
      -7.469010829925537,
      -7.266930103302002,
      -12.101552963256836,
      -13.185296058654785,
      -15.254979133605957,
      -17.672889709472656
    ],
    [
      -21.140033721923828,
      -17.784893035888672,
      -13.2908935546875,
      -8.923571586608887,
      -7.896698951721191,
      -9.002860069274902,
      -9.503739356994629,
      -11.900075912475586,
      -15.643726348876953,
      -19.410268783569336,
      -24.08584213256836
    ],
    [
      -29.711578369140625,
      -22.459976196289062,
      -15.980550765991211,
      -11.146044731140137,
      -10.982994079589844,
      -10.661638259887695,
      -11.911338806152344,
      -17.659805297851562,
      -24.206008911132812,
      -29.00409507751465,
      -32.8714599609375
    ],
    [
      -34.66136932373047,
      -28.97454261779785,
      -22.586759567260742,
      -16.724376678466797,
      -9.834847450256348,
      -10.879252433776855,
      -13.414580345153809,
      -20.389827728271484,
      -25.355518341064453,
      -30.972293853759766,
      -32.01375198364258
    ],
    [
      -35.352840423583984,
      -30.665433883666992,
      -24.274822235107422,
      -17.818941116333008,
      -12.649025917053223,
      -12.105719566345215,
      -14.936376571655273,
      -20.438861846923828,
      -26.568370819091797,
      -29.83515739440918,
      -34.06850814819336
    ],
    [
      -30.430768966674805,
      -27.125764846801758,
      -22.684734344482422,
      -17.342451095581055,
      -14.297625541687012,
      -14.036888122558594,
      -16.11631965637207,
      -19.5540771484375,
      -23.36829376220703,
      -25.627046585083008,
      -29.843557357788086
    ],
    [
      -26.24333381652832,
      -27.27288055419922,
      -22.889156341552734,
      -19.297630310058594,
      -16.603683471679688,
      -17.105274200439453,
      -19.532384872436523,
      -21.727745056152344,
      -23.674957275390625,
      -25.177127838134766,
      -28.921133041381836
    ],
    [
      -24.011493682861328,
      -24.869714736938477,
      -24.008689880371094,
      -22.73937225341797,
      -20.987659454345703,
      -19.485258102416992,
      -19.28071403503418,
      -22.51951026916504,
      -23.913532257080078,
      -26.04865264892578,
      -26.553232192993164
    ],
    [
      -25.050323486328125,
      -23.846879959106445,
      -24.14080047607422,
      -23.43170166015625,
      -22.603734970092773,
      -19.490602493286133,
      -17.63591194152832,
      -21.51376724243164,
      -23.141204833984375,
      -23.251461029052734,
      -25.063140869140625
    ],
    [
      -24.065235137939453,
      -25.42068099975586,
      -23.969730377197266,
      -23.094676971435547,
      -22.414817810058594,
      -19.472640991210938,
      -20.593955993652344,
      -23.7202205657959,
      -24.99338150024414,
      -24.632152557373047,
      -29.554195404052734
    ],
    [
      -20.84734535217285,
      -21.434146881103516,
      -21.777080535888672,
      -22.183876037597656,
      -21.6666259765625,
      -20.135587692260742,
      -20.09624671936035,
      -21.758270263671875,
      -22.41229248046875,
      -22.72159767150879,
      -24.29978370666504
    ],
    [
      -21.804237365722656,
      -22.17727279663086,
      -23.779701232910156,
      -24.063583374023438,
      -23.10436248779297,
      -22.049800872802734,
      -22.412660598754883,
      -23.198823928833008,
      -23.170915603637695,
      -23.032337188720703,
      -23.241849899291992
    ],
    [
      -19.81015396118164,
      -20.989234924316406,
      -22.22108268737793,
      -22.356185913085938,
      -23.93027687072754,
      -22.569087982177734,
      -22.697729110717773,
      -22.56332015991211,
      -22.215023040771484,
      -21.639434814453125,
      -21.896726608276367
    ],
    [
      -20.22388458251953,
      -21.461986541748047,
      -19.264925003051758,
      -20.76381492614746,
      -22.750709533691406,
      -20.09844207763672,
      -21.388925552368164,
      -20.33685874938965,
      -20.358386993408203,
      -21.225996017456055,
      -19.5177059173584
    ],
    [
      -21.920490264892578,
      -20.83256721496582,
      -15.266916275024414,
      -20.335468292236328,
      -22.291183471679688,
      -19.948171615600586,
      -21.224821090698242,
      -17.897899627685547,
      -17.641477584838867,
      -19.87415313720703,
      -17.0821475982666
    ],
    [
      -20.639793395996094,
      -19.077922821044922,
      -18.78607749938965,
      -18.93909454345703,
      -21.622568130493164,
      -21.023775100708008,
      -20.443586349487305,
      -19.357398986816406,
      -20.731735229492188,
      -20.0749454498291,
      -20.42538833618164
    ],
    [
      -21.917877197265625,
      -22.218090057373047,
      -23.519651412963867,
      -24.926090240478516,
      -25.037235260009766,
      -22.645614624023438,
      -23.735157012939453,
      -24.453731536865234,
      -24.278833389282227,
      -23.435588836669922,
      -23.75600242614746
    ],
    [
      -23.725168228149414,
      -25.169382095336914,
      -24.22667694091797,
      -24.691524505615234,
      -24.67629051208496,
      -23.92689323425293,
      -24.47951889038086,
      -25.956748962402344,
      -24.422428131103516,
      -24.596200942993164,
      -26.35807228088379
    ],
    [
      -29.03726577758789,
      -28.669601440429688,
      -28.249128341674805,
      -28.04572105407715,
      -27.820018768310547,
      -25.89679527282715,
      -27.458642959594727,
      -28.029888153076172,
      -27.392763137817383,
      -28.483646392822266,
      -26.742788314819336
    ],
    [
      -27.516695022583008,
      -29.06641960144043,
      -29.798118591308594,
      -28.961484909057617,
      -28.304141998291016,
      -26.80556869506836,
      -28.46575355529785,
      -28.016433715820312,
      -30.01313591003418,
      -30.45418930053711,
      -28.04628562927246
    ],
    [
      -29.496423721313477,
      -30.998151779174805,
      -30.68340301513672,
      -28.201980590820312,
      -28.97924041748047,
      -27.738954544067383,
      -29.331308364868164,
      -30.039358139038086,
      -31.040307998657227,
      -30.404680252075195,
      -32.066200256347656
    ],
    [
      -33.59540557861328,
      -32.36394500732422,
      -32.244911193847656,
      -32.76779556274414,
      -30.136022567749023,
      -28.605411529541016,
      -31.01693344116211,
      -32.405879974365234,
      -31.60040855407715,
      -31.915098190307617,
      -30.855321884155273
    ],
    [
      -31.334169387817383,
      -31.14900016784668,
      -32.386016845703125,
      -32.26383590698242,
      -31.40220832824707,
      -29.643150329589844,
      -32.09882354736328,
      -32.051719665527344,
      -31.830549240112305,
      -31.484195709228516,
      -31.412382125854492
    ],
    [
      -35.134090423583984,
      -36.041969299316406,
      -33.217628479003906,
      -32.66524124145508,
      -32.39706039428711,
      -31.82893943786621,
      -32.300804138183594,
      -32.701786041259766,
      -32.97468948364258,
      -31.78549575805664,
      -31.35093879699707
    ],
    [
      -106.49195098876953,
      -34.91859436035156,
      -33.239410400390625,
      -32.662757873535156,
      -31.47492790222168,
      -29.562488555908203,
      -31.74129867553711,
      -32.61446762084961,
      -33.107086181640625,
      -32.04056930541992,
      -30.004074096679688
    ],
    [
      -43.77078628540039,
      -31.964998245239258,
      -31.341588973999023,
      -32.10176467895508,
      -31.187639236450195,
      -27.162330627441406,
      -30.88642692565918,
      -31.80789566040039,
      -31.54010009765625,
      -31.506553649902344,
      -29.28786849975586
    ],
    [
      -41.903385162353516,
      -32.27766799926758,
      -31.859142303466797,
      -31.89719009399414,
      -31.747785568237305,
      -29.62837028503418,
      -30.585918426513672,
      -31.27309799194336,
      -32.09531021118164,
      -32.51206588745117,
      -37.90631103515625
    ],
    [
      -31.047494888305664,
      -34.917137145996094,
      -31.784664154052734,
      -31.04500389099121,
      -30.468564987182617,
      -28.267515182495117,
      -29.34560775756836,
      -31.122323989868164,
      -30.851421356201172,
      -30.771705627441406,
      -31.720460891723633
    ],
    [
      -31.31619644165039,
      -35.266273498535156,
      -32.17857360839844,
      -31.0352783203125,
      -30.206924438476562,
      -28.317703247070312,
      -28.828786849975586,
      -30.59926414489746,
      -30.158742904663086,
      -30.00566864013672,
      -28.849618911743164
    ],
    [
      -27.88239097595215,
      -34.83434295654297,
      -34.58024215698242,
      -33.408138275146484,
      -32.111324310302734,
      -29.69748306274414,
      -30.586137771606445,
      -31.50078582763672,
      -31.719263076782227,
      -30.59886360168457,
      -31.64276123046875
    ],
    [
      -370,
      -41.39472961425781,
      -37.854923248291016,
      -37.64542770385742,
      -33.739479064941406,
      -30.62860870361328,
      -30.458921432495117,
      -31.112045288085938,
      -31.056577682495117,
      -30.734085083007812,
      -38.77033615112305
    ],
    [
      -32.12457275390625,
      -44.56763458251953,
      -38.57038116455078,
      -37.88248062133789,
      -34.47738265991211,
      -31.152591705322266,
      -30.912887573242188,
      -31.89456558227539,
      -31.91256332397461,
      -33.36832046508789,
      -35.47438430786133
    ],
    [
      -43.457725524902344,
      -48.21834182739258,
      -35.639400482177734,
      -36.33867645263672,
      -33.704322814941406,
      -31.491655349731445,
      -32.013328552246094,
      -32.63672637939453,
      -33.602970123291016,
      -39.00730514526367,
      -39.65104293823242
    ],
    [
      -48.28219985961914,
      -48.69947814941406,
      -37.68309783935547,
      -32.04927062988281,
      -31.33485984802246,
      -31.048368453979492,
      -32.19974899291992,
      -33.58705139160156,
      -36.28742599487305,
      -37.634368896484375,
      -35.795230865478516
    ],
    [
      -44.83381652832031,
      -44.561344146728516,
      -32.438838958740234,
      -35.687744140625,
      -33.63468551635742,
      -32.460533142089844,
      -32.95887756347656,
      -35.216156005859375,
      -34.75374984741211,
      -39.36722183227539,
      -44.0609130859375
    ],
    [
      -48.694236755371094,
      -47.87137222290039,
      -32.183555603027344,
      -35.40571975708008,
      -34.574462890625,
      -33.576786041259766,
      -32.74734878540039,
      -34.344234466552734,
      -36.675750732421875,
      -43.91929244995117,
      -37.77638244628906
    ],
    [
      -54.221771240234375,
      -53.16172409057617,
      -52.12684631347656,
      -37.556236267089844,
      -35.606727600097656,
      -34.61588668823242,
      -34.06216049194336,
      -36.209747314453125,
      -38.921024322509766,
      -40.59403610229492,
      -41.1629753112793
    ],
    [
      -55.0555305480957,
      -52.56620407104492,
      -54.2391357421875,
      -37.981510162353516,
      -35.06678771972656,
      -34.92522048950195,
      -35.084293365478516,
      -38.17329025268555,
      -41.19887924194336,
      -40.52876663208008,
      -45.72052764892578
    ],
    [
      -57.86130905151367,
      -60.422786712646484,
      -42.19231033325195,
      -36.13947677612305,
      -34.76564407348633,
      -35.93967056274414,
      -38.290672302246094,
      -42.67816925048828,
      -47.34458541870117,
      -51.903472900390625,
      -53.43455123901367
    ],
    [
      -370,
      -54.3802375793457,
      -52.378562927246094,
      -40.24174118041992,
      -35.80118179321289,
      -37.34423065185547,
      -45.316307067871094,
      -57.88846206665039,
      -54.56191635131836,
      -52.524105072021484,
      -370
    ],
    [
      -67.88202667236328,
      -73.91382598876953,
      -61.99413299560547,
      -62.1489372253418,
      -46.58652877807617,
      -38.55508804321289,
      -50.90864944458008,
      -66.33662414550781,
      -62.38933181762695,
      -60.95205307006836,
      -370
    ]
  ],
  "histogram": [
    {
      "db": -70,
      "frequency": 0
    },
    {
      "db": -69,
      "frequency": 0
    },
    {
      "db": -68,
      "frequency": 0
    },
    {
      "db": -67,
      "frequency": 1
    },
    {
      "db": -66,
      "frequency": 0
    },
    {
      "db": -65,
      "frequency": 0
    },
    {
      "db": -64,
      "frequency": 0
    },
    {
      "db": -63,
      "frequency": 0
    },
    {
      "db": -62,
      "frequency": 0
    },
    {
      "db": -61,
      "frequency": 0
    },
    {
      "db": -60,
      "frequency": 1
    },
    {
      "db": -59,
      "frequency": 1
    },
    {
      "db": -58,
      "frequency": 0
    },
    {
      "db": -57,
      "frequency": 1
    },
    {
      "db": -56,
      "frequency": 0
    },
    {
      "db": -55,
      "frequency": 1
    },
    {
      "db": -54,
      "frequency": 0
    },
    {
      "db": -53,
      "frequency": 1
    },
    {
      "db": -52,
      "frequency": 2
    },
    {
      "db": -51,
      "frequency": 1
    },
    {
      "db": -50,
      "frequency": 1
    },
    {
      "db": -49,
      "frequency": 1
    },
    {
      "db": -48,
      "frequency": 1
    },
    {
      "db": -47,
      "frequency": 1
    },
    {
      "db": -46,
      "frequency": 1
    },
    {
      "db": -45,
      "frequency": 0
    },
    {
      "db": -44,
      "frequency": 1
    },
    {
      "db": -43,
      "frequency": 1
    },
    {
      "db": -42,
      "frequency": 1
    },
    {
      "db": -41,
      "frequency": 0
    },
    {
      "db": -40,
      "frequency": 2
    },
    {
      "db": -39,
      "frequency": 0
    },
    {
      "db": -38,
      "frequency": 0
    },
    {
      "db": -37,
      "frequency": 1
    },
    {
      "db": -36,
      "frequency": 0
    },
    {
      "db": -35,
      "frequency": 0
    },
    {
      "db": -34,
      "frequency": 0
    },
    {
      "db": -33,
      "frequency": 0
    },
    {
      "db": -32,
      "frequency": 1
    },
    {
      "db": -31,
      "frequency": 0
    },
    {
      "db": -30,
      "frequency": 2
    },
    {
      "db": -29,
      "frequency": 0
    },
    {
      "db": -28,
      "frequency": 1
    },
    {
      "db": -27,
      "frequency": 0
    },
    {
      "db": -26,
      "frequency": 4
    },
    {
      "db": -25,
      "frequency": 4
    },
    {
      "db": -24,
      "frequency": 6
    },
    {
      "db": -23,
      "frequency": 13
    },
    {
      "db": -22,
      "frequency": 25
    },
    {
      "db": -21,
      "frequency": 16
    },
    {
      "db": -20,
      "frequency": 21
    },
    {
      "db": -19,
      "frequency": 35
    },
    {
      "db": -18,
      "frequency": 35
    },
    {
      "db": -17,
      "frequency": 35
    },
    {
      "db": -16,
      "frequency": 41
    },
    {
      "db": -15,
      "frequency": 91
    },
    {
      "db": -14,
      "frequency": 120
    },
    {
      "db": -13,
      "frequency": 235
    },
    {
      "db": -12,
      "frequency": 370
    },
    {
      "db": -11,
      "frequency": 389
    },
    {
      "db": -10,
      "frequency": 419
    },
    {
      "db": -9,
      "frequency": 331
    },
    {
      "db": -8,
      "frequency": 124
    },
    {
      "db": -7,
      "frequency": 22
    },
    {
      "db": -6,
      "frequency": 5
    },
    {
      "db": -5,
      "frequency": 0
    },
    {
      "db": -4,
      "frequency": 0
    },
    {
      "db": -3,
      "frequency": 0
    },
    {
      "db": -2,
      "frequency": 0
    },
    {
      "db": -1,
      "frequency": 0
    },
    {
      "db": 0,
      "frequency": 0
    },
    {
      "db": 1,
      "frequency": 0
    },
    {
      "db": 2,
      "frequency": 0
    },
    {
      "db": 3,
      "frequency": 0
    },
    {
      "db": 4,
