{
  "acoustic_entropy": 174.5765838623047,
  "bands": [
    {
      "high_freq": 148.1999969482422,
      "loudness": -21.33181381225586,
      "loudness_range": 18.246715545654297,
      "mid_mean": -18.188905715942383,
      "mid_to_side_loudness": -14.086176872253418,
      "mid_to_side_loudness_range": 18.991226196289062,
      "side_mean": -34.651912689208984
    },
    {
      "high_freq": 392.3793640136719,
      "loudness": -21.62653160095215,
      "loudness_range": 10.212570190429688,
      "low_freq": 148.1999969482422,
      "mid_mean": -18.107995986938477,
      "mid_to_side_loudness": -14.268268585205078,
      "mid_to_side_loudness_range": 18.973085403442383,
      "side_mean": -34.00871276855469
    },
    {
      "high_freq": 794.6976318359375,
      "loudness": -28.3748836517334,
      "loudness_range": 11.937610626220703,
      "low_freq": 392.3793640136719,
      "mid_mean": -25.713054656982422,
      "mid_to_side_loudness": -7.112401008605957,
      "mid_to_side_loudness_range": 13.207639694213867,
      "side_mean": -33.48677062988281
    },
    {
      "high_freq": 1457.5709228515625,
      "loudness": -28.61460304260254,
      "loudness_range": 19.551233291625977,
      "low_freq": 794.6976318359375,
      "mid_mean": -27.157602310180664,
      "mid_to_side_loudness": -3.758626699447632,
      "mid_to_side_loudness_range": 11.41576862335205,
      "side_mean": -31.028751373291016
    },
    {
      "high_freq": 2549.74365234375,
      "loudness": -31.436851501464844,
      "loudness_range": 18.16866683959961,
      "low_freq": 1457.5709228515625,
      "mid_mean": -29.415618896484375,
      "mid_to_side_loudness": -4.150676250457764,
      "mid_to_side_loudness_range": 9.688484191894531,
      "side_mean": -33.927669525146484
    },
    {
      "high_freq": 4349.24462890625,
      "loudness": -31.793476104736328,
      "loudness_range": 15.29013442993164,
      "low_freq": 2549.74365234375,
      "mid_mean": -29.083784103393555,
      "mid_to_side_loudness": -6.590869426727295,
      "mid_to_side_loudness_range": 11.743290901184082,
      "side_mean": -36.216129302978516
    },
    {
      "high_freq": 7314.1640625,
      "loudness": -29.87449073791504,
      "loudness_range": 12.85098648071289,
      "low_freq": 4349.24462890625,
      "mid_mean": -27.091039657592773,
      "mid_to_side_loudness": -6.739478588104248,
      "mid_to_side_loudness_range": 11.578882217407227,
      "side_mean": -34.37005615234375
    },
    {
      "high_freq": 12199.2666015625,
      "loudness": -32.01211166381836,
      "loudness_range": 12.184688568115234,
      "low_freq": 7314.1640625,
      "mid_mean": -29.0992431640625,
      "mid_to_side_loudness": -7.185408592224121,
      "mid_to_side_loudness_range": 10.582414627075195,
      "side_mean": -36.877986907958984
    },
    {
      "loudness": -36.80141830444336,
      "loudness_range": 14.910964965820312,
      "low_freq": 12199.2666015625,
      "mid_mean": -33.88827133178711,
      "mid_to_side_loudness": -6.891059398651123,
      "mid_to_side_loudness_range": 8.511761665344238,
      "side_mean": -41.36613464355469
    }
  ],
  "bands_short": [
    {
      "high_freq": 148.1999969482422,
      "loudness": -27.415157318115234,
      "loudness_range": 30.048500061035156,
      "mid_mean": -24.755247116088867,
      "mid_to_side_loudness": -11.360036849975586,
      "mid_to_side_loudness_range": 23.38182258605957,
      "side_mean": -38.35525894165039
    },
    {
      "high_freq": 392.3793640136719,
      "loudness": -22.704965591430664,
      "loudness_range": 20.781099319458008,
      "low_freq": 148.1999969482422,
      "mid_mean": -19.713205337524414,
      "mid_to_side_loudness": -13.193327903747559,
      "mid_to_side_loudness_range": 20.578821182250977,
      "side_mean": -34.96226119995117
    },
    {
      "high_freq": 794.6976318359375,
      "loudness": -29.943897247314453,
      "loudness_range": 17.869613647460938,
      "low_freq": 392.3793640136719,
      "mid_mean": -27.7805118560791,
      "mid_to_side_loudness": -6.980563640594482,
      "mid_to_side_loudness_range": 15.228367805480957,
      "side_mean": -35.47968673706055
    },
    {
      "high_freq": 1457.5709228515625,
      "loudness": -29.427181243896484,
      "loudness_range": 22.99460220336914,
      "low_freq": 794.6976318359375,
      "mid_mean": -28.46367073059082,
      "mid_to_side_loudness": -3.397033214569092,
      "mid_to_side_loudness_range": 14.364349365234375,
      "side_mean": -31.909542083740234
    },
    {
      "high_freq": 2549.74365234375,
      "loudness": -33.1433219909668,
      "loudness_range": 22.44061851501465,
      "low_freq": 1457.5709228515625,
      "mid_mean": -31.735782623291016,
      "mid_to_side_loudness": -4.018342971801758,
      "mid_to_side_loudness_range": 12.622715950012207,
      "side_mean": -36.23658752441406
    },
    {
      "high_freq": 4349.24462890625,
      "loudness": -34.431819915771484,
      "loudness_range": 23.82672119140625,
      "low_freq": 2549.74365234375,
      "mid_mean": -32.11674499511719,
      "mid_to_side_loudness": -6.463292121887207,
      "mid_to_side_loudness_range": 13.222037315368652,
      "side_mean": -39.24237060546875
    },
    {
      "high_freq": 7314.1640625,
      "loudness": -32.39314651489258,
      "loudness_range": 23.19626808166504,
      "low_freq": 4349.24462890625,
      "mid_mean": -30.29294776916504,
      "mid_to_side_loudness": -6.686468124389648,
      "mid_to_side_loudness_range": 13.96828556060791,
      "side_mean": -37.40453338623047
    },
    {
      "high_freq": 12199.2666015625,
      "loudness": -35.568355560302734,
      "loudness_range": 25.678476333618164,
      "low_freq": 7314.1640625,
      "mid_mean": -33.422000885009766,
      "mid_to_side_loudness": -7.232040882110596,
      "mid_to_side_loudness_range": 12.708060264587402,
      "side_mean": -41.27046203613281
    },
    {
      "loudness": -41.863380432128906,
      "loudness_range": 30.583459854125977,
      "low_freq": 12199.2666015625,
      "mid_mean": -40.377044677734375,
      "mid_to_side_loudness": -7.026449680328369,
      "mid_to_side_loudness_range": 11.327997207641602,
      "side_mean": -50.58050537109375
    }
  ],
  "bandwidth": 396.48175048828125,
  "channels": 2,
  "covariance": [
    [
      55.89899826049805,
      37.634498596191406,
      17.743724822998047,
      11.37385082244873,
      9.50335693359375,
      13.698164939880371,
      12.950416564941406,
      15.68123722076416,
      8.024807929992676,
      7.106599807739258,
      6.081766128540039,
      3.856811285018921,
      5.904857635498047,
      4.539012908935547,
      2.9412386417388916,
      1.571569561958313,
      -3.1995632648468018,
      -1.9210422039031982
    ],
    [
      37.634498596191406,
      43.07503128051758,
      13.031780242919922,
      9.263084411621094,
      8.6914644241333,
      13.695303916931152,
      14.199490547180176,
      15.921342849731445,
      11.375121116638184,
      8.401385307312012,
      6.1707963943481445,
      4.02545690536499,
      6.269803047180176,
      4.8558855056762695,
      3.197747230529785,
      1.314101219177246,
      -2.9868242740631104,
      -1.7905054092407227
    ],
    [
      17.743724822998047,
      13.031780242919922,
      19.15287208557129,
      12.788044929504395,
      13.266413688659668,
      16.29034996032715,
      14.488187789916992,
      16.219417572021484,
      13.800559997558594,
      14.193731307983398,
      11.620465278625488,
      11.42546272277832,
      9.230165481567383,
      9.285066604614258,
      6.204101085662842,
      6.72672700881958,
      3.968449115753174,
      5.1590447425842285
    ],
    [
      11.37385082244873,
      9.263084411621094,
      12.788044929504395,
      15.210444450378418,
      10.811314582824707,
      15.034561157226562,
      12.146689414978027,
      13.614020347595215,
      11.55776596069336,
      12.060128211975098,
      10.49071216583252,
      10.568635940551758,
      8.050148963928223,
      8.359428405761719,
      4.633205890655518,
      5.622697830200195,
      2.7671401500701904,
      3.8923802375793457
    ],
    [
      9.50335693359375,
      8.6914644241333,
      13.266413688659668,
      10.811314582824707,
      22.528778076171875,
      24.423358917236328,
      23.616127014160156,
      21.606943130493164,
      22.444438934326172,
      19.62157440185547,
      18.084814071655273,
      15.545267105102539,
      13.757281303405762,
      12.036544799804688,
      8.404059410095215,
      8.340868949890137,
      5.4914164543151855,
      6.120120048522949
    ],
    [
      13.698164939880371,
      13.695303916931152,
      16.29034996032715,
      15.034561157226562,
      24.423358917236328,
      44.614749908447266,
      38.39479446411133,
      48.05270004272461,
      29.3808650970459,
      32.075172424316406,
      19.723249435424805,
      20.382055282592773,
      15.485917091369629,
      17.007495880126953,
      10.023544311523438,
      11.32538890838623,
      7.079861164093018,
      8.467548370361328
    ],
    [
      12.950416564941406,
      14.199490547180176,
      14.488187789916992,
      12.146689414978027,
      23.616127014160156,
      38.39479446411133,
      51.71282196044922,
      51.78889846801758,
      36.98635482788086,
      35.777976989746094,
      25.121000289916992,
      23.075294494628906,
      18.812898635864258,
      19.366323471069336,
      12.037604331970215,
      13.187780380249023,
      8.582064628601074,
      9.719975471496582
    ],
    [
      15.68123722076416,
      15.921342849731445,
      16.219417572021484,
      13.614020347595215,
      21.606943130493164,
      48.05270004272461,
      51.78889846801758,
      73.80351257324219,
      34.943485260009766,
      41.713016510009766,
      19.337238311767578,
      22.96615219116211,
      15.69115924835205,
      20.123653411865234,
      11.83178424835205,
      14.07620620727539,
      9.311426162719727,
      10.982266426086426
    ],
    [
      8.024807929992676,
      11.375121116638184,
      13.800559997558594,
      11.55776596069336,
      22.444438934326172,
      29.3808650970459,
      36.98635482788086,
      34.943485260009766,
      45.634647369384766,
      37.0760612487793,
      31.05009651184082,
      26.467342376708984,
      24.232410430908203,
      23.30120086669922,
      15.396515846252441,
      16.560300827026367,
      12.03390121459961,
      13.439291954040527
    ],
    [
      7.106599807739258,
      8.401385307312012,
      14.193731307983398,
      12.060128211975098,
      19.62157440185547,
      32.075172424316406,
      35.777976989746094,
      41.713016510009766,
      37.0760612487793,
      40.98696517944336,
      25.675195693969727,
      29.1485652923584,
      20.50632095336914,
      24.992233276367188,
      14.978395462036133,
      18.051103591918945,
      12.949922561645508,
      15.064784049987793
    ],
    [
      6.081766128540039,
      6.1707963943481445,
      11.620465278625488,
      10.49071216583252,
      18.084814071655273,
      19.723249435424805,
      25.121000289916992,
      19.337238311767578,
      31.05009651184082,
      25.675195693969727,
      32.3297004699707,
      27.626510620117188,
      24.194520950317383,
      22.682092666625977,
      14.796304702758789,
      16.622404098510742,
      10.862970352172852,
      12.538067817687988
    ],
    [
      3.856811285018921,
      4.02545690536499,
      11.42546272277832,
      10.568635940551758,
      15.545267105102539,
      20.382055282592773,
      23.075294494628906,
      22.96615219116211,
      26.467342376708984,
      29.1485652923584,
      27.626510620117188,
      34.25315475463867,
      21.336435317993164,
      28.360443115234375,
      16.109060287475586,
      21.543376922607422,
      13.57383918762207,
      17.025714874267578
    ],
    [
      5.904857635498047,
      6.269803047180176,
      9.230165481567383,
      8.050148963928223,
      13.757281303405762,
      15.485917091369629,
      18.812898635864258,
      15.69115924835205,
      24.232410430908203,
      20.50632095336914,
      24.194520950317383,
      21.336435317993164,
      23.617530822753906,
      22.211191177368164,
      17.557178497314453,
      18.245559692382812,
      14.96037769317627,
      15.63383960723877
    ],
    [
      4.539012908935547,
      4.8558855056762695,
      9.285066604614258,
      8.359428405761719,
      12.036544799804688,
      17.007495880126953,
      19.366323471069336,
      20.123653411865234,
      23.30120086669922,
      24.992233276367188,
      22.682092666625977,
      28.360443115234375,
      22.211191177368164,
      30.825586318969727,
      20.423343658447266,
      25.922195434570312,
      20.689607620239258,
      23.47136688232422
    ],
    [
      2.9412386417388916,
      3.197747230529785,
      6.204101085662842,
      4.633205890655518,
      8.404059410095215,
      10.023544311523438,
      12.037604331970215,
      11.83178424835205,
      15.396515846252441,
      14.978395462036133,
      14.796304702758789,
      16.109060287475586,
      17.557178497314453,
      20.423343658447266,
      22.334325790405273,
      22.5404109954834,
      23.034242630004883,
      22.434741973876953
    ],
    [
      1.571569561958313,
      1.314101219177246,
      6.72672700881958,
      5.622697830200195,
      8.340868949890137,
      11.32538890838623,
      13.187780380249023,
      14.07620620727539,
      16.560300827026367,
      18.051103591918945,
      16.622404098510742,
      21.543376922607422,
      18.245559692382812,
      25.922195434570312,
      22.5404109954834,
      27.924781799316406,
      26.466062545776367,
      27.769176483154297
    ],
    [
      -3.1995632648468018,
      -2.9868242740631104,
      3.968449115753174,
      2.7671401500701904,
      5.4914164543151855,
      7.079861164093018,
      8.582064628601074,
      9.311426162719727,
      12.03390121459961,
      12.949922561645508,
      10.862970352172852,
      13.57383918762207,
      14.96037769317627,
      20.689607620239258,
      23.034242630004883,
      26.466062545776367,
      34.048194885253906,
      32.041011810302734
    ],
    [
      -1.9210422039031982,
      -1.7905054092407227,
      5.1590447425842285,
      3.8923802375793457,
      6.120120048522949,
      8.467548370361328,
      9.719975471496582,
      10.982266426086426,
      13.439291954040527,
      15.064784049987793,
      12.538067817687988,
      17.025714874267578,
      15.63383960723877,
      23.47136688232422,
      22.434741973876953,
      27.769176483154297,
      32.041011810302734,
      32.7409553527832
    ]
  ],
  "covariance_short": [
    [
      112.11786651611328,
      55.983543395996094,
      60.33829879760742,
      38.967559814453125,
      30.3896484375,
      24.531892776489258,
      23.87027931213379,
      23.73480987548828,
      26.142824172973633,
      24.940671920776367,
      24.684589385986328,
      26.090229034423828,
      22.706506729125977,
      25.20913314819336,
      22.4791259765625,
      25.44056510925293,
      28.79438591003418,
      36.81217956542969
    ],
    [
      55.983543395996094,
      61.15689468383789,
      30.52799415588379,
      25.617734909057617,
      15.536698341369629,
      15.780464172363281,
      15.920699119567871,
      17.62503433227539,
      15.933223724365234,
      15.254000663757324,
      13.297401428222656,
      13.958312034606934,
      13.273468971252441,
      13.98580265045166,
      11.638334274291992,
      12.659588813781738,
      13.566629409790039,
      21.88539695739746
    ],
    [
      60.33829879760742,
      30.52799415588379,
      69.64679718017578,
      40.24374771118164,
      39.01778030395508,
      31.741432189941406,
      25.745859146118164,
      23.39097023010254,
      31.97409439086914,
      30.088260650634766,
      32.87376022338867,
      31.565149307250977,
      27.780710220336914,
      29.067075729370117,
      24.49249839782715,
      27.68130111694336,
      28.675899505615234,
      35.82582092285156
    ],
    [
      38.967559814453125,
      25.617734909057617,
      40.24374771118164,
      41.67367172241211,
      26.514528274536133,
      24.207326889038086,
      18.437744140625,
      17.27312660217285,
      23.177749633789062,
      22.24310874938965,
      25.169078826904297,
      24.370445251464844,
      21.035667419433594,
      21.31836700439453,
      18.754070281982422,
      19.955421447753906,
      20.65081024169922,
      28.502927780151367
    ],
    [
      30.3896484375,
      15.536698341369629,
      39.01778030395508,
      26.514528274536133,
      53.20714569091797,
      39.837059020996094,
      37.99607467651367,
      31.377992630004883,
      39.933746337890625,
      33.88220977783203,
      37.781490325927734,
      31.86904525756836,
      30.405162811279297,
      26.98125648498535,
      23.069978713989258,
      23.86233901977539,
      22.98104476928711,
      27.87005615234375
    ],
    [
      24.531892776489258,
      15.780464172363281,
      31.741432189941406,
      24.207326889038086,
      39.837059020996094,
      57.32318115234375,
      45.696929931640625,
      54.49307632446289,
      39.430267333984375,
      43.97848892211914,
      31.45526695251465,
      33.7443962097168,
      26.759281158447266,
      28.729677200317383,
      21.408954620361328,
      24.262645721435547,
      23.33323097229004,
      29.278127670288086
    ],
    [
      23.87027931213379,
      15.920699119567871,
      25.745859146118164,
      18.437744140625,
      37.99607467651367,
      45.696929931640625,
      72.25773620605469,
      65.23991394042969,
      48.99931335449219,
      46.269065856933594,
      38.856754302978516,
      36.15592575073242,
      33.42118453979492,
      31.510299682617188,
      24.654552459716797,
      25.666534423828125,
      25.101699829101562,
      29.31540298461914
    ],
    [
      23.73480987548828,
      17.62503433227539,
      23.39097023010254,
      17.27312660217285,
      31.377992630004883,
      54.49307632446289,
      65.23991394042969,
      92.93882751464844,
      43.635440826416016,
      51.83501434326172,
      29.015913009643555,
      34.342891693115234,
      26.4612979888916,
      28.400558471679688,
      21.304401397705078,
      23.8976993560791,
      23.860687255859375,
      27.88094139099121
    ],
    [
      26.142824172973633,
      15.933223724365234,
      31.97409439086914,
      23.177749633789062,
      39.933746337890625,
      39.430267333984375,
      48.99931335449219,
      43.635440826416016,
      74.82894897460938,
      59.31572341918945,
      57.470542907714844,
      48.06414031982422,
      50.15568161010742,
      44.669342041015625,
      39.9381217956543,
      39.193016052246094,
      37.98920440673828,
      42.39666748046875
    ],
    [
      24.940671920776367,
      15.254000663757324,
      30.088260650634766,
      22.24310874938965,
      33.88220977783203,
      43.97848892211914,
      46.269065856933594,
      51.83501434326172,
      59.31572341918945,
      71.63212585449219,
      49.68693923950195,
      53.52809524536133,
      45.58233642578125,
      49.02582550048828,
      40.639163970947266,
      44.95753479003906,
      43.76001739501953,
      49.87937927246094
    ],
    [
      24.684589385986328,
      13.297401428222656,
      32.87376022338867,
      25.169078826904297,
      37.781490325927734,
      31.45526695251465,
      38.856754302978516,
      29.015913009643555,
      57.470542907714844,
      49.68693923950195,
      75.6096420288086,
      61.648887634277344,
      64.85431671142578,
      57.366859436035156,
      52.15007781982422,
      51.19738006591797,
      50.368385314941406,
      55.67314910888672
    ],
    [
      26.090229034423828,
      13.958312034606934,
      31.565149307250977,
      24.370445251464844,
      31.86904525756836,
      33.7443962097168,
      36.15592575073242,
      34.342891693115234,
      48.06414031982422,
      53.52809524536133,
      61.648887634277344,
      72.13862609863281,
      57.547794342041016,
      65.47999572753906,
      53.03601837158203,
      61.735504150390625,
      58.233360290527344,
      69.47644805908203
    ],
    [
      22.706506729125977,
      13.273468971252441,
      27.780710220336914,
      21.035667419433594,
      30.405162811279297,
      26.759281158447266,
      33.42118453979492,
      26.4612979888916,
      50.15568161010742,
      45.58233642578125,
      64.85431671142578,
      57.547794342041016,
      80.24777221679688,
      66.05884552001953,
      68.625732421875,
      63.99574661254883,
      67.39762878417969,
      68.9640121459961
    ],
    [
      25.20913314819336,
      13.98580265045166,
      29.067075729370117,
      21.31836700439453,
      26.98125648498535,
      28.729677200317383,
      31.510299682617188,
      28.400558471679688,
      44.669342041015625,
      49.02582550048828,
      57.366859436035156,
      65.47999572753906,
      66.05884552001953,
      82.31785583496094,
      69.80453491210938,
      79.67271423339844,
      76.3242416381836,
      85.41450500488281
    ],
    [
      22.4791259765625,
      11.638334274291992,
      24.49249839782715,
      18.754070281982422,
      23.069978713989258,
      21.408954620361328,
      24.654552459716797,
      21.304401397705078,
      39.9381217956543,
      40.639163970947266,
      52.15007781982422,
      53.03601837158203,
      68.625732421875,
      69.80453491210938,
      93.65229034423828,
      84.32308959960938,
      95.67454528808594,
      90.33412170410156
    ],
    [
      25.44056510925293,
      12.659588813781738,
      27.68130111694336,
      19.955421447753906,
      23.86233901977539,
      24.262645721435547,
      25.666534423828125,
      23.8976993560791,
      39.193016052246094,
      44.95753479003906,
      51.19738006591797,
      61.735504150390625,
      63.99574661254883,
      79.67271423339844,
      84.32308959960938,
      99.79470825195312,
      98.26517486572266,
      104.15599060058594
    ],
    [
      28.79438591003418,
      13.566629409790039,
      28.675899505615234,
      20.65081024169922,
      22.98104476928711,
      23.33323097229004,
      25.101699829101562,
      23.860687255859375,
      37.98920440673828,
      43.76001739501953,
      50.368385314941406,
      58.233360290527344,
      67.39762878417969,
      76.3242416381836,
      95.67454528808594,
      98.26517486572266,
      129.8223419189453,
      122.97483825683594
    ],
    [
      36.81217956542969,
      21.88539695739746,
      35.82582092285156,
      28.502927780151367,
      27.87005615234375,
      29.278127670288086,
      29.31540298461914,
      27.88094139099121,
      42.39666748046875,
      49.87937927246094,
      55.67314910888672,
      69.47644805908203,
      68.9640121459961,
      85.41450500488281,
      90.33412170410156,
      104.15599060058594,
      122.97483825683594,
      166.84848022460938
    ]
  ],
  "damage": -6.2119574546813965,
  "diff_bandwidth": 382.5567321777344,
  "dissonance": 8.966954876660655,
  "drr": 14.694539070129395,
  "dynamics": 3.6014301776885986,
  "format": 65538,
  "frames": 11485287,
  "freq_pan_to_db": [
    [
      -15.903639793395996,
      -16.17273712158203,
      -14.772186279296875,
      -12.910440444946289,
      -9.65062141418457,
      -6.723517417907715,
      -6.913753986358643,
      -11.012725830078125,
      -13.267264366149902,
      -15.636077880859375,
      -16.29737091064453
    ],
    [
      -15.466464042663574,
      -15.787081718444824,
      -14.192147254943848,
      -10.830282211303711,
      -8.425172805786133,
      -8.507285118103027,
      -6.217758655548096,
      -12.311663627624512,
      -14.26478385925293,
      -16.692241668701172,
      -18.18613624572754
    ],
    [
      -23.062908172607422,
      -18.462066650390625,
      -14.30204963684082,
      -9.766264915466309,
      -8.615418434143066,
      -9.952837944030762,
      -10.289972305297852,
      -12.771882057189941,
      -15.691224098205566,
      -18.985004425048828,
      -24.146238327026367
    ],
    [
      -28.7574520111084,
      -23.61531639099121,
      -16.9498348236084,
      -11.784965515136719,
      -11.87938117980957,
      -11.927877426147461,
      -13.18470573425293,
      -18.688081741333008,
      -25.609403610229492,
      -29.480501174926758,
      -33.74612808227539
    ],
    [
      -37.85354995727539,
      -29.977149963378906,
      -24.065813064575195,
      -18.06266212463379,
      -11.045432090759277,
      -12.079046249389648,
      -14.733500480651855,
      -22.187488555908203,
      -27.246902465820312,
      -31.852724075317383,
      -33.5727424621582
    ],
    [
      -36.385494232177734,
      -31.96285057067871,
      -25.73708724975586,
      -19.477258682250977,
      -13.959187507629395,
      -13.360688209533691,
      -16.221965789794922,
      -21.648330688476562,
      -28.190204620361328,
      -30.933002471923828,
      -37.14256286621094
    ],
    [
      -31.980932235717773,
      -28.75239372253418,
      -24.285037994384766,
      -19.070390701293945,
      -15.739815711975098,
      -15.448418617248535,
      -17.585205078125,
      -21.15192985534668,
      -24.89327049255371,
      -27.337343215942383,
      -31.52119255065918
    ],
    [
      -27.79499626159668,
      -28.853700637817383,
      -24.318431854248047,
      -20.917783737182617,
      -18.12055206298828,
      -18.63466453552246,
      -21.089597702026367,
      -23.151920318603516,
      -25.14542579650879,
      -27.077781677246094,
      -30.086078643798828
    ],
    [
      -25.64008331298828,
      -26.869821548461914,
      -25.495431900024414,
      -24.286497116088867,
      -22.559627532958984,
      -20.899629592895508,
      -20.534832000732422,
      -24.01614761352539,
      -25.36138343811035,
      -27.561630249023438,
      -28.07879638671875
    ],
    [
      -26.50545310974121,
      -25.5535888671875,
      -25.65180206298828,
      -25.061874389648438,
      -24.188039779663086,
      -20.997085571289062,
      -18.724136352539062,
      -23.02908706665039,
      -24.487117767333984,
      -25.35668182373047,
      -26.245637893676758
    ],
    [
      -25.610109329223633,
      -26.912065505981445,
      -25.559696197509766,
      -24.7155818939209,
      -23.96436882019043,
      -20.966724395751953,
      -22.067541122436523,
      -25.255403518676758,
      -26.49799156188965,
      -26.412689208984375,
      -30.581212997436523
    ],
    [
      -22.27585220336914,
      -23.039491653442383,
      -23.33231544494629,
      -23.753517150878906,
      -23.176742553710938,
      -21.741914749145508,
      -21.617778778076172,
      -23.38701057434082,
      -23.987600326538086,
      -24.264997482299805,
      -25.882604598999023
    ],
    [
      -23.04460906982422,
      -23.85489845275879,
      -25.387672424316406,
      -25.687543869018555,
      -24.63426399230957,
      -23.558969497680664,
      -24.067039489746094,
      -24.86132049560547,
      -24.760488510131836,
      -24.754987716674805,
      -24.50779914855957
    ],
    [
      -21.376888275146484,
      -22.62532615661621,
      -23.871082305908203,
      -23.948450088500977,
      -25.486345291137695,
      -24.028915405273438,
      -24.234580993652344,
      -24.148374557495117,
      -23.782930374145508,
      -23.298799514770508,
      -23.43224334716797
    ],
    [
      -21.868513107299805,
      -22.96347999572754,
      -20.879194259643555,
      -22.3929443359375,
      -24.338035583496094,
      -21.599382400512695,
      -23.002887725830078,
      -21.905534744262695,
      -21.800912857055664,
      -22.82944107055664,
      -21.07647132873535
    ],
    [
      -23.391490936279297,
      -22.376018524169922,
      -16.803686141967773,
      -22.02065658569336,
      -23.891515731811523,
      -21.53043556213379,
      -22.76494598388672,
      -19.472339630126953,
      -19.278451919555664,
      -21.474079132080078,
      -18.78602409362793
    ],
    [
      -22.150026321411133,
      -20.608774185180664,
      -20.350744247436523,
      -20.525299072265625,
      -23.245655059814453,
      -22.573837280273438,
      -21.94687843322754,
      -20.95968246459961,
      -22.35852813720703,
      -21.6956844329834,
      -22.11564826965332
    ],
    [
      -23.282699584960938,
      -23.7547664642334,
      -24.992340087890625,
      -26.564176559448242,
      -26.50747299194336,
      -24.235321044921875,
      -25.3089599609375,
      -26.143083572387695,
      -25.815689086914062,
      -25.080997467041016,
      -25.268402099609375
    ],
    [
      -25.191408157348633,
      -26.79535675048828,
      -25.778329849243164,
      -26.186614990234375,
      -26.478607177734375,
      -25.494234085083008,
      -26.14503288269043,
      -27.33079719543457,
      -25.87871742248535,
      -26.191991806030273,
      -27.937509536743164
    ],
    [
      -30.632659912109375,
      -30.218278884887695,
      -29.70952796936035,
      -29.725706100463867,
      -29.43120002746582,
      -27.465599060058594,
      -29.065065383911133,
      -29.46535873413086,
      -28.9083251953125,
      -29.89860725402832,
      -28.208444595336914
    ],
    [
      -29.211721420288086,
      -30.444551467895508,
      -31.225053787231445,
      -30.60060691833496,
      -29.91075325012207,
      -28.36986541748047,
      -30.091373443603516,
      -29.65281105041504,
      -31.37335968017578,
      -31.697492599487305,
      -29.5163516998291
    ],
    [
      -30.783815383911133,
      -32.55332946777344,
      -32.35294723510742,
      -29.75104522705078,
      -30.477191925048828,
      -29.29438018798828,
      -31.01511573791504,
      -31.78501319885254,
      -32.3564338684082,
      -31.854358673095703,
      -33.068138122558594
    ],
    [
      -35.0993766784668,
      -33.9148063659668,
      -33.77063751220703,
      -34.014896392822266,
      -31.69516372680664,
      -30.24875831604004,
      -32.64499282836914,
      -33.88985824584961,
      -32.8228645324707,
      -33.53786087036133,
      -33.21113586425781
    ],
    [
      -31.034229278564453,
      -32.654335021972656,
      -33.85639572143555,
      -33.68623352050781,
      -33.023807525634766,
      -31.196956634521484,
      -33.69914627075195,
      -33.30162811279297,
      -33.5316047668457,
      -32.73956298828125,
      -33.05210494995117
    ],
    [
      -36.74024200439453,
      -37.38554000854492,
      -34.72245788574219,
      -34.292118072509766,
      -33.97650146484375,
      -33.35526657104492,
      -33.93567657470703,
      -34.115882873535156,
      -34.521263122558594,
      -33.193748474121094,
      -33.27687072753906
    ],
    [
      -106.49195098876953,
      -36.61399841308594,
      -34.797000885009766,
      -34.139488220214844,
      -32.95875549316406,
      -31.153194427490234,
      -33.278804779052734,
      -34.29133987426758,
      -34.692771911621094,
      -33.491737365722656,
      -31.369789123535156
    ],
    [
      -39.76338195800781,
      -33.36289596557617,
      -33.009098052978516,
      -33.57470703125,
      -32.584510803222656,
      -28.75180435180664,
      -32.410362243652344,
      -33.35148239135742,
      -33.00643539428711,
      -33.07012176513672,
      -30.251684188842773
    ],
    [
      -35.263572692871094,
      -33.93437194824219,
      -33.284610748291016,
      -33.55717468261719,
      -33.171974182128906,
      -31.237646102905273,
      -32.08424377441406,
      -32.71803283691406,
      -33.509071350097656,
      -33.944339752197266,
      -39.050106048583984
    ],
    [
      -34.38932418823242,
      -36.067935943603516,
      -33.24290466308594,
      -32.733489990234375,
      -31.964862823486328,
      -29.853614807128906,
      -30.90742301940918,
      -32.52029800415039,
      -32.43051528930664,
      -32.07658386230469,
      -32.79949188232422
    ],
    [
      -33.03814697265625,
      -36.53678512573242,
      -33.69235610961914,
      -32.526248931884766,
      -31.798873901367188,
      -29.895584106445312,
      -30.386152267456055,
      -32.06320571899414,
      -31.759544372558594,
      -31.486995697021484,
      -29.48495101928711
    ],
    [
      -35.454833984375,
      -36.370296478271484,
      -36.11726760864258,
      -35.0181999206543,
      -33.650569915771484,
      -31.2992000579834,
      -32.12931823730469,
      -33.07479476928711,
      -33.1617431640625,
      -32.26872253417969,
      -31.234678268432617
    ],
    [
      -370,
      -36.87748718261719,
      -40.57999038696289,
      -39.261817932128906,
      -35.259788513183594,
      -32.23170471191406,
      -31.990068435668945,
      -32.644813537597656,
      -32.69989776611328,
      -32.093074798583984,
      -34.7900390625
    ],
    [
      -35.769508361816406,
      -36.16146469116211,
      -39.87743377685547,
      -39.539634704589844,
      -35.95508575439453,
      -32.740516662597656,
      -32.47407913208008,
      -33.44862747192383,
      -33.34097671508789,
      -38.543907165527344,
      -33.58442306518555
    ],
    [
      -45.215057373046875,
      -49.85839080810547,
      -37.177066802978516,
      -37.64482116699219,
      -35.24700927734375,
      -33.07731628417969,
      -33.601539611816406,
      -34.28053665161133,
      -35.2424201965332,
      -41.08644104003906,
      -41.360355377197266
    ],
    [
      -52.94520568847656,
      -50.10513687133789,
      -38.805965423583984,
      -33.45240783691406,
      -32.81943130493164,
      -32.65898895263672,
      -33.804439544677734,
      -35.429969787597656,
      -38.02335739135742,
      -39.2984504699707,
      -37.42766189575195
    ],
    [
      -46.43326187133789,
      -47.35442352294922,
      -35.50783920288086,
      -36.47345733642578,
      -35.07180404663086,
      -34.06131362915039,
      -34.508941650390625,
      -36.9524040222168,
      -36.053340911865234,
      -34.69165802001953,
      -44.56644821166992
    ],
    [
      -50.46364974975586,
      -51.78802490234375,
      -33.690673828125,
      -35.88450241088867,
      -35.99535369873047,
      -35.1429557800293,
      -34.30818176269531,
      -35.8962516784668,
      -40.069007873535156,
      -45.68100357055664,
      -38.593902587890625
    ],
    [
      -55.98881530761719,
      -54.73900604248047,
      -43.641944885253906,
      -38.343017578125,
      -36.861087799072266,
      -36.14111328125,
      -35.72486877441406,
      -37.66546630859375,
      -40.312992095947266,
      -42.284423828125,
      -42.919471740722656
    ],
    [
      -56.82579040527344,
      -54.151023864746094,
      -55.118228912353516,
      -38.72808837890625,
      -36.429962158203125,
      -36.45359420776367,
      -36.691917419433594,
      -40.11781311035156,
      -42.12382507324219,
      -42.25623321533203,
      -47.47418212890625
    ],
    [
      -59.4151496887207,
      -62.19508743286133,
      -41.68256759643555,
      -37.190345764160156,
      -36.18370056152344,
      -37.50737380981445,
      -40.0465087890625,
      -44.472408294677734,
      -48.49687576293945,
      -53.58988952636719,
      -55.18769073486328
    ],
    [
      -370,
      -55.361602783203125,
      -52.728065490722656,
      -41.05778503417969,
      -37.20615005493164,
      -38.99723815917969,
      -47.39344024658203,
      -59.468299865722656,
      -56.07527542114258,
      -54.28966522216797,
      -370
    ],
    [
      -69.6824722290039,
      -78.6347885131836,
      -60.85210418701172,
      -66.19912719726562,
      -47.62372589111328,
      -40.09246063232422,
      -53.224830627441406,
      -71.44503021240234,
      -64.0107192993164,
      -62.22270965576172,
      -370
    ]
  ],
  "histogram": [
    {
      "db": -70,
      "frequency": 0
    },
    {
      "db": -69,
      "frequency": 0
    },
    {
      "db": -68,
      "frequency": 1
    },
    {
      "db": -67,
      "frequency": 0
    },
    {
      "db": -66,
      "frequency": 0
    },
    {
      "db": -65,
      "frequency": 0
    },
    {
      "db": -64,
      "frequency": 0
    },
    {
      "db": -63,
      "frequency": 0
    },
    {
      "db": -62,
      "frequency": 0
    },
    {
      "db": -61,
      "frequency": 2
    },
    {
      "db": -60,
      "frequency": 0
    },
    {
      "db": -59,
      "frequency": 0
    },
    {
      "db": -58,
      "frequency": 1
    },
    {
      "db": -57,
      "frequency": 0
    },
    {
      "db": -56,
      "frequency": 1
    },
    {
      "db": -55,
      "frequency": 1
    },
    {
      "db": -54,
      "frequency": 1
    },
    {
      "db": -53,
      "frequency": 2
    },
    {
      "db": -52,
      "frequency": 1
    },
    {
      "db": -51,
      "frequency": 1
    },
    {
      "db": -50,
      "frequency": 1
    },
    {
      "db": -49,
      "frequency": 1
    },
    {
      "db": -48,
      "frequency": 0
    },
    {
      "db": -47,
      "frequency": 1
    },
    {
      "db": -46,
      "frequency": 1
    },
    {
      "db": -45,
      "frequency": 0
    },
    {
      "db": -44,
      "frequency": 1
    },
    {
      "db": -43,
      "frequency": 1
    },
    {
      "db": -42,
      "frequency": 1
    },
    {
      "db": -41,
      "frequency": 1
    },
    {
      "db": -40,
      "frequency": 0
    },
    {
      "db": -39,
      "frequency": 1
    },
    {
      "db": -38,
      "frequency": 0
    },
    {
      "db": -37,
      "frequency": 0
    },
    {
      "db": -36,
      "frequency": 0
    },
    {
      "db": -35,
      "frequency": 0
    },
    {
      "db": -34,
      "frequency": 1
    },
    {
      "db": -33,
      "frequency": 0
    },
    {
      "db": -32,
      "frequency": 2
    },
    {
      "db": -31,
      "frequency": 0
    },
    {
      "db": -30,
      "frequency": 1
    },
    {
      "db": -29,
      "frequency": 0
    },
    {
      "db": -28,
      "frequency": 3
    },
    {
      "db": -27,
      "frequency": 5
    },
    {
      "db": -26,
      "frequency": 2
    },
    {
      "db": -25,
      "frequency": 10
    },
    {
      "db": -24,
      "frequency": 19
    },
    {
      "db": -23,
      "frequency": 20
    },
    {
      "db": -22,
      "frequency": 25
    },
    {
      "db": -21,
      "frequency": 30
    },
    {
      "db": -20,
      "frequency": 31
    },
    {
      "db": -19,
      "frequency": 36
    },
    {
      "db": -18,
      "frequency": 31
    },
    {
      "db": -17,
      "frequency": 67
    },
    {
      "db": -16,
      "frequency": 87
    },
    {
      "db": -15,
      "frequency": 124
    },
    {
      "db": -14,
      "frequency": 272
    },
    {
      "db": -13,
      "frequency": 337
    },
    {
      "db": -12,
      "frequency": 377
    },
    {
      "db": -11,
      "frequency": 414
    },
    {
      "db": -10,
      "frequency": 314
    },
    {
      "db": -9,
      "frequency": 108
    },
    {
      "db": -8,
      "frequency": 26
    },
    {
      "db": -7,
      "frequency": 3
    },
    {
      "db": -6,
      "frequency": 0
    },
    {
      "db": -5,
      "frequency": 0
    },
    {
      "db": -4,
      "frequency": 0
    },
    {
      "db": -3,
      "frequency": 0
    },
    {
      "db": -2,
      "frequency": 0
    },
    {
      "db": -1,
      "frequency": 0
    },
    {
      "db": 0,
      "frequency": 0
    },
    {
      "db": 1,
      "frequency": 0
    },
    {
      "db": 2,
      "frequency": 0
    },
    {
      "db": 3,
      "frequency": 0
    },
    {
      "db": 4,
      "frequency": 0
