{
  "acoustic_entropy": 172.03713989257812,
  "bands": [
    {
      "high_freq": 148.1999969482422,
      "loudness": -23.896142959594727,
      "loudness_range": 18.847299575805664,
      "mid_mean": -20.687387466430664,
      "mid_to_side_loudness": -14.104063034057617,
      "mid_to_side_loudness_range": 18.873003005981445,
      "side_mean": -37.188377380371094
    },
    {
      "high_freq": 392.3793640136719,
      "loudness": -24.350828170776367,
      "loudness_range": 10.277084350585938,
      "low_freq": 148.1999969482422,
      "mid_mean": -20.86509132385254,
      "mid_to_side_loudness": -14.354923248291016,
      "mid_to_side_loudness_range": 19.04387855529785,
      "side_mean": -36.85780334472656
    },
    {
      "high_freq": 794.6976318359375,
      "loudness": -31.195884704589844,
      "loudness_range": 12.135307312011719,
      "low_freq": 392.3793640136719,
      "mid_mean": -28.530853271484375,
      "mid_to_side_loudness": -7.127655506134033,
      "mid_to_side_loudness_range": 13.201467514038086,
      "side_mean": -36.32133865356445
    },
    {
      "high_freq": 1457.5709228515625,
      "loudness": -31.424917221069336,
      "loudness_range": 19.6574649810791,
      "low_freq": 794.6976318359375,
      "mid_mean": -29.945781707763672,
      "mid_to_side_loudness": -3.7889928817749023,
      "mid_to_side_loudness_range": 11.355561256408691,
      "side_mean": -33.851871490478516
    },
    {
      "high_freq": 2549.74365234375,
      "loudness": -34.24509048461914,
      "loudness_range": 18.2017822265625,
      "low_freq": 1457.5709228515625,
      "mid_mean": -32.222476959228516,
      "mid_to_side_loudness": -4.1492133140563965,
      "mid_to_side_loudness_range": 9.708264350891113,
      "side_mean": -36.714271545410156
    },
    {
      "high_freq": 4349.24462890625,
      "loudness": -34.61455154418945,
      "loudness_range": 15.312034606933594,
      "low_freq": 2549.74365234375,
      "mid_mean": -31.906028747558594,
      "mid_to_side_loudness": -6.575906276702881,
      "mid_to_side_loudness_range": 11.722886085510254,
      "side_mean": -39.02257537841797
    },
    {
      "high_freq": 7314.1640625,
      "loudness": -32.70936965942383,
      "loudness_range": 12.814884185791016,
      "low_freq": 4349.24462890625,
      "mid_mean": -29.927047729492188,
      "mid_to_side_loudness": -6.720937252044678,
      "mid_to_side_loudness_range": 11.539726257324219,
      "side_mean": -37.189247131347656
    },
    {
      "high_freq": 12199.2666015625,
      "loudness": -34.8345832824707,
      "loudness_range": 12.243389129638672,
      "low_freq": 7314.1640625,
      "mid_mean": -31.913057327270508,
      "mid_to_side_loudness": -7.160106182098389,
      "mid_to_side_loudness_range": 10.575251579284668,
      "side_mean": -39.67889404296875
    },
    {
      "loudness": -39.605648040771484,
      "loudness_range": 14.81692123413086,
      "low_freq": 12199.2666015625,
      "mid_mean": -36.68925857543945,
      "mid_to_side_loudness": -6.875971794128418,
      "mid_to_side_loudness_range": 8.50981330871582,
      "side_mean": -44.16042709350586
    }
  ],
  "bands_short": [
    {
      "high_freq": 148.1999969482422,
      "loudness": -30.180809020996094,
      "loudness_range": 30.460586547851562,
      "mid_mean": -27.5319766998291,
      "mid_to_side_loudness": -11.320855140686035,
      "mid_to_side_loudness_range": 23.176822662353516,
      "side_mean": -41.13725662231445
    },
    {
      "high_freq": 392.3793640136719,
      "loudness": -25.507112503051758,
      "loudness_range": 21.07876968383789,
      "low_freq": 148.1999969482422,
      "mid_mean": -22.49015235900879,
      "mid_to_side_loudness": -13.210350036621094,
      "mid_to_side_loudness_range": 20.555002212524414,
      "side_mean": -37.7824821472168
    },
    {
      "high_freq": 794.6976318359375,
      "loudness": -32.7859992980957,
      "loudness_range": 18.016523361206055,
      "low_freq": 392.3793640136719,
      "mid_mean": -30.595508575439453,
      "mid_to_side_loudness": -6.982811450958252,
      "mid_to_side_loudness_range": 15.234193801879883,
      "side_mean": -38.32309341430664
    },
    {
      "high_freq": 1457.5709228515625,
      "loudness": -32.224456787109375,
      "loudness_range": 22.96387481689453,
      "low_freq": 794.6976318359375,
      "mid_mean": -31.258987426757812,
      "mid_to_side_loudness": -3.4103457927703857,
      "mid_to_side_loudness_range": 14.399442672729492,
      "side_mean": -34.72013854980469
    },
    {
      "high_freq": 2549.74365234375,
      "loudness": -35.97102355957031,
      "loudness_range": 22.506750106811523,
      "low_freq": 1457.5709228515625,
      "mid_mean": -34.54549026489258,
      "mid_to_side_loudness": -4.01681661605835,
      "mid_to_side_loudness_range": 12.63127326965332,
      "side_mean": -39.06871032714844
    },
    {
      "high_freq": 4349.24462890625,
      "loudness": -37.265716552734375,
      "loudness_range": 23.846715927124023,
      "low_freq": 2549.74365234375,
      "mid_mean": -34.949398040771484,
      "mid_to_side_loudness": -6.457853317260742,
      "mid_to_side_loudness_range": 13.240374565124512,
      "side_mean": -42.10039138793945
    },
    {
      "high_freq": 7314.1640625,
      "loudness": -35.21860885620117,
      "loudness_range": 23.12772560119629,
      "low_freq": 4349.24462890625,
      "mid_mean": -33.10894012451172,
      "mid_to_side_loudness": -6.676736354827881,
      "mid_to_side_loudness_range": 13.968094825744629,
      "side_mean": -40.26707458496094
    },
    {
      "high_freq": 12199.2666015625,
      "loudness": -38.33805847167969,
      "loudness_range": 25.588275909423828,
      "low_freq": 7314.1640625,
      "mid_mean": -36.2534294128418,
      "mid_to_side_loudness": -7.216578006744385,
      "mid_to_side_loudness_range": 12.698858261108398,
      "side_mean": -44.26438522338867
    },
    {
      "loudness": -44.610076904296875,
      "loudness_range": 30.55466651916504,
      "low_freq": 12199.2666015625,
      "mid_mean": -43.24034881591797,
      "mid_to_side_loudness": -7.004543781280518,
      "mid_to_side_loudness_range": 11.309175491333008,
      "side_mean": -52.809661865234375
    }
  ],
  "bandwidth": 381.4111633300781,
  "channels": 2,
  "covariance": [
    [
      56.870452880859375,
      38.520999908447266,
      18.05498504638672,
      11.233504295349121,
      9.015132904052734,
      13.039777755737305,
      12.406262397766113,
      15.121633529663086,
      7.421179294586182,
      6.304316520690918,
      5.844875812530518,
      3.486360549926758,
      5.741313934326172,
      4.339821815490723,
      2.7566988468170166,
      1.6664397716522217,
      -2.8868837356567383,
      -1.3818007707595825
    ],
    [
      38.520999908447266,
      43.6461296081543,
      13.3331298828125,
      9.170585632324219,
      8.588190078735352,
      13.17686939239502,
      14.092941284179688,
      15.4452486038208,
      10.857415199279785,
      7.747004508972168,
      6.089599609375,
      3.869260311126709,
      6.308841705322266,
      4.857754230499268,
      3.247516632080078,
      1.4976541996002197,
      -2.6213490962982178,
      -1.2619175910949707
    ],
    [
      18.05498504638672,
      13.3331298828125,
      19.456052780151367,
      12.895970344543457,
      13.52933120727539,
      16.488019943237305,
      14.632829666137695,
      16.344688415527344,
      14.003021240234375,
      14.21296215057373,
      11.830978393554688,
      11.618753433227539,
      9.396463394165039,
      9.417364120483398,
      6.339812755584717,
      6.869075298309326,
      4.114874839782715,
      5.360698223114014
    ],
    [
      11.233504295349121,
      9.170585632324219,
      12.895970344543457,
      15.231101989746094,
      10.937784194946289,
      15.13989543914795,
      12.195606231689453,
      13.669116973876953,
      11.721057891845703,
      12.038116455078125,
      10.619966506958008,
      10.683540344238281,
      8.152791976928711,
      8.469863891601562,
      4.7370734214782715,
      5.753964900970459,
      2.89900541305542,
      4.089438438415527
    ],
    [
      9.015132904052734,
      8.588190078735352,
      13.52933120727539,
      10.937784194946289,
      22.92691993713379,
      24.66249656677246,
      23.723291397094727,
      21.691545486450195,
      22.790319442749023,
      19.68758773803711,
      18.361238479614258,
      15.819707870483398,
      13.951505661010742,
      12.237458229064941,
      8.47325611114502,
      8.526473999023438,
      5.6474480628967285,
      6.439990997314453
    ],
    [
      13.039777755737305,
      13.17686939239502,
      16.488019943237305,
      15.13989543914795,
      24.66249656677246,
      44.69397735595703,
      38.24727249145508,
      47.96892166137695,
      29.545001983642578,
      31.870880126953125,
      19.849594116210938,
      20.500167846679688,
      15.581818580627441,
      17.11851692199707,
      10.014705657958984,
      11.465086936950684,
      7.212643623352051,
      8.76783275604248
    ],
    [
      12.406262397766113,
      14.092941284179688,
      14.632829666137695,
      12.195606231689453,
      23.723291397094727,
      38.24727249145508,
      51.559547424316406,
      51.57341003417969,
      37.14927673339844,
      35.42626953125,
      25.161365509033203,
      23.05059051513672,
      18.75537872314453,
      19.31045150756836,
      11.85249137878418,
      13.177892684936523,
      8.577681541442871,
      9.929192543029785
    ],
    [
      15.121633529663086,
      15.4452486038208,
      16.344688415527344,
      13.669116973876953,
      21.691545486450195,
      47.96892166137695,
      51.57341003417969,
      73.54692077636719,
      34.861820220947266,
      41.32992935180664,
      19.296663284301758,
      22.915653228759766,
      15.659150123596191,
      20.108152389526367,
      11.697042465209961,
      14.108869552612305,
      9.378276824951172,
      11.003901481628418
    ],
    [
      7.421179294586182,
      10.857415199279785,
      14.003021240234375,
      11.721057891845703,
      22.790319442749023,
      29.545001983642578,
      37.14927673339844,
      34.861820220947266,
      45.90519332885742,
      36.98333740234375,
      31.236074447631836,
      26.598419189453125,
      24.363391876220703,
      23.37529945373535,
      15.314031600952148,
      16.644638061523438,
      12.109400749206543,
      13.474080085754395
    ],
    [
      6.304316520690918,
      7.747004508972168,
      14.21296215057373,
      12.038116455078125,
      19.68758773803711,
      31.870880126953125,
      35.42626953125,
      41.32992935180664,
      36.98333740234375,
      40.55254364013672,
      25.58074951171875,
      28.999717712402344,
      20.268041610717773,
      24.869647979736328,
      14.72927474975586,
      17.971355438232422,
      12.865710258483887,
      14.955063819885254
    ],
    [
      5.844875812530518,
      6.089599609375,
      11.830978393554688,
      10.619966506958008,
      18.361238479614258,
      19.849594116210938,
      25.161365509033203,
      19.296663284301758,
      31.236074447631836,
      25.58074951171875,
      32.457889556884766,
      27.69713592529297,
      24.281005859375,
      22.730195999145508,
      14.7615327835083,
      16.690839767456055,
      10.925457954406738,
      12.763296127319336
    ],
    [
      3.486360549926758,
      3.869260311126709,
      11.618753433227539,
      10.683540344238281,
      15.819707870483398,
      20.500167846679688,
      23.05059051513672,
      22.915653228759766,
      26.598419189453125,
      28.999717712402344,
      27.69713592529297,
      34.251609802246094,
      21.376380920410156,
      28.31981658935547,
      15.99841594696045,
      21.531814575195312,
      13.579398155212402,
      17.176597595214844
    ],
    [
      5.741313934326172,
      6.308841705322266,
      9.396463394165039,
      8.152791976928711,
      13.951505661010742,
      15.581818580627441,
      18.75537872314453,
      15.659150123596191,
      24.363391876220703,
      20.268041610717773,
      24.281005859375,
      21.376380920410156,
      23.680416107177734,
      22.2373104095459,
      17.51818084716797,
      18.300537109375,
      15.041284561157227,
      15.659677505493164
    ],
    [
      4.339821815490723,
      4.857754230499268,
      9.417364120483398,
      8.469863891601562,
      12.237458229064941,
      17.11851692199707,
      19.31045150756836,
      20.108152389526367,
      23.37529945373535,
      24.869647979736328,
      22.730195999145508,
      28.31981658935547,
      22.2373104095459,
      30.738739013671875,
      20.247892379760742,
      25.875276565551758,
      20.68718147277832,
      23.351099014282227
    ],
    [
      2.7566988468170166,
      3.247516632080078,
      6.339812755584717,
      4.7370734214782715,
      8.47325611114502,
      10.014705657958984,
      11.85249137878418,
      11.697042465209961,
      15.314031600952148,
      14.72927474975586,
      14.7615327835083,
      15.99841594696045,
      17.51818084716797,
      20.247892379760742,
      22.16712760925293,
      22.373552322387695,
      23.127290725708008,
      22.198383331298828
    ],
    [
      1.6664397716522217,
      1.4976541996002197,
      6.869075298309326,
      5.753964900970459,
      8.526473999023438,
      11.465086936950684,
      13.177892684936523,
      14.108869552612305,
      16.644638061523438,
      17.971355438232422,
      16.690839767456055,
      21.531814575195312,
      18.300537109375,
      25.875276565551758,
      22.373552322387695,
      27.884593963623047,
      26.49699592590332,
      27.83574867248535
    ],
    [
      -2.8868837356567383,
      -2.6213490962982178,
      4.114874839782715,
      2.89900541305542,
      5.6474480628967285,
      7.212643623352051,
      8.577681541442871,
      9.378276824951172,
      12.109400749206543,
      12.865710258483887,
      10.925457954406738,
      13.579398155212402,
      15.041284561157227,
      20.68718147277832,
      23.127290725708008,
      26.49699592590332,
      34.10407638549805,
      31.956939697265625
    ],
    [
      -1.3818007707595825,
      -1.2619175910949707,
      5.360698223114014,
      4.089438438415527,
      6.439990997314453,
      8.76783275604248,
      9.929192543029785,
      11.003901481628418,
      13.474080085754395,
      14.955063819885254,
      12.763296127319336,
      17.176597595214844,
      15.659677505493164,
      23.351099014282227,
      22.198383331298828,
      27.83574867248535,
      31.956939697265625,
      32.66858673095703
    ]
  ],
  "covariance_short": [
    [
      113.59476470947266,
      57.411285400390625,
      61.598419189453125,
      40.09112548828125,
      30.656261444091797,
      24.72111701965332,
      24.310871124267578,
      23.95250129699707,
      26.665925979614258,
      25.490985870361328,
      25.330778121948242,
      26.963388442993164,
      23.221580505371094,
      25.79281997680664,
      23.156471252441406,
      26.78895378112793,
      29.739341735839844,
      35.5051155090332
    ],
    [
      57.411285400390625,
      62.57801818847656,
      31.588424682617188,
      26.769756317138672,
      15.996591567993164,
      16.190168380737305,
      16.583534240722656,
      18.186017990112305,
      16.698383331298828,
      15.975543022155762,
      14.08566951751709,
      14.930659294128418,
      14.032622337341309,
      14.784701347351074,
      12.449960708618164,
      13.800779342651367,
      14.71747875213623,
      21.552780151367188
    ],
    [
      61.598419189453125,
      31.588424682617188,
      70.04989624023438,
      40.710968017578125,
      38.89982223510742,
      31.846904754638672,
      25.838014602661133,
      23.481618881225586,
      32.1070442199707,
      30.38581657409668,
      33.17411804199219,
      32.04851531982422,
      27.94758415222168,
      29.530094146728516,
      24.9597225189209,
      28.79558753967285,
      29.356477737426758,
      34.68894958496094
    ],
    [
      40.09112548828125,
      26.769756317138672,
      40.710968017578125,
      42.24400329589844,
      26.5782527923584,
      24.3583927154541,
      18.63400650024414,
      17.338205337524414,
      23.483728408813477,
      22.63702964782715,
      25.516294479370117,
      24.977886199951172,
      21.275146484375,
      21.86326789855957,
      19.169097900390625,
      21.037853240966797,
      21.34538459777832,
      27.443628311157227
    ],
    [
      30.656261444091797,
      15.996591567993164,
      38.89982223510742,
      26.5782527923584,
      52.90113067626953,
      39.53455352783203,
      37.81028747558594,
      31.053022384643555,
      39.68971252441406,
      33.83995056152344,
      37.728355407714844,
      32.08726501464844,
      30.16179847717285,
      27.24349594116211,
      22.984949111938477,
      24.725418090820312,
      23.361085891723633,
      26.710500717163086
    ],
    [
      24.72111701965332,
      16.190168380737305,
      31.846904754638672,
      24.3583927154541,
      39.53455352783203,
      57.25688934326172,
      45.47956085205078,
      54.20527267456055,
      39.323368072509766,
      44.06404113769531,
      31.494770050048828,
      34.031070709228516,
      26.600967407226562,
      29.16168975830078,
      21.45796775817871,
      25.30866050720215,
      23.69824981689453,
      27.927549362182617
    ],
    [
      24.310871124267578,
      16.583534240722656,
      25.838014602661133,
      18.63400650024414,
      37.81028747558594,
      45.47956085205078,
      71.98400115966797,
      64.67314147949219,
      48.75697708129883,
      46.11250686645508,
      38.91217041015625,
      36.39280319213867,
      33.20014190673828,
      31.87468719482422,
      24.728469848632812,
      26.851123809814453,
      25.605043411254883,
      27.91856575012207
    ],
    [
      23.95250129699707,
      18.186017990112305,
      23.481618881225586,
      17.338205337524414,
      31.053022384643555,
      54.20527267456055,
      64.67314147949219,
      92.32945251464844,
      43.204586029052734,
      51.53739929199219,
      28.938369750976562,
      34.372711181640625,
      26.1517333984375,
      28.741544723510742,
      21.339752197265625,
      24.716716766357422,
      24.095731735229492,
      26.440322875976562
    ],
    [
      26.665925979614258,
      16.698383331298828,
      32.1070442199707,
      23.483728408813477,
      39.68971252441406,
      39.323368072509766,
      48.75697708129883,
      43.204586029052734,
      74.59184265136719,
      59.07440185546875,
      57.33629608154297,
      47.943748474121094,
      49.73246765136719,
      44.91957473754883,
      39.81790542602539,
      40.17521286010742,
      38.174766540527344,
      40.567726135253906
    ],
    [
      25.490985870361328,
      15.975543022155762,
      30.38581657409668,
      22.63702964782715,
      33.83995056152344,
      44.06404113769531,
      46.11250686645508,
      51.53739929199219,
      59.07440185546875,
      71.56889343261719,
      49.770694732666016,
      53.74724578857422,
      45.28235626220703,
      49.344703674316406,
      40.703800201416016,
      45.96248245239258,
      44.13070297241211,
      47.966880798339844
    ],
    [
      25.330778121948242,
      14.08566951751709,
      33.17411804199219,
      25.516294479370117,
      37.728355407714844,
      31.494770050048828,
      38.91217041015625,
      28.938369750976562,
      57.33629608154297,
      49.770694732666016,
      75.57514190673828,
      61.786231994628906,
      64.55254364013672,
      57.67401123046875,
      52.11503219604492,
      52.73701477050781,
      50.63634490966797,
      53.24969482421875
    ],
    [
      26.963388442993164,
      14.930659294128418,
      32.04851531982422,
      24.977886199951172,
      32.08726501464844,
      34.031070709228516,
      36.39280319213867,
      34.372711181640625,
      47.943748474121094,
      53.74724578857422,
      61.786231994628906,
      72.49742126464844,
      57.227413177490234,
      65.94384765625,
      53.268802642822266,
      63.525413513183594,
      58.94708251953125,
      66.85265350341797
    ],
    [
      23.221580505371094,
      14.032622337341309,
      27.94758415222168,
      21.275146484375,
      30.16179847717285,
      26.600967407226562,
      33.20014190673828,
      26.1517333984375,
      49.73246765136719,
      45.28235626220703,
      64.55254364013672,
      57.227413177490234,
      79.64642333984375,
      66.08721160888672,
      68.39620971679688,
      65.07662200927734,
      67.33417510986328,
      65.84058380126953
    ],
    [
      25.79281997680664,
      14.784701347351074,
      29.530094146728516,
      21.86326789855957,
      27.24349594116211,
      29.16168975830078,
      31.87468719482422,
      28.741544723510742,
      44.91957473754883,
      49.344703674316406,
      57.67401123046875,
      65.94384765625,
      66.08721160888672,
      82.60791778564453,
      69.97454833984375,
      81.1874771118164,
      77.11063385009766,
      82.54058837890625
    ],
    [
      23.156471252441406,
      12.449960708618164,
      24.9597225189209,
      19.169097900390625,
      22.984949111938477,
      21.45796775817871,
      24.728469848632812,
      21.339752197265625,
      39.81790542602539,
      40.703800201416016,
      52.11503219604492,
      53.268802642822266,
      68.39620971679688,
      69.97454833984375,
      93.40605163574219,
      84.91947174072266,
      95.88340759277344,
      87.31486511230469
    ],
    [
      26.78895378112793,
      13.800779342651367,
      28.79558753967285,
      21.037853240966797,
      24.725418090820312,
      25.30866050720215,
      26.851123809814453,
      24.716716766357422,
      40.17521286010742,
      45.96248245239258,
      52.73701477050781,
      63.525413513183594,
      65.07662200927734,
      81.1874771118164,
      84.91947174072266,
      101.97660827636719,
      100.38278198242188,
      102.9367904663086
    ],
    [
      29.739341735839844,
      14.71747875213623,
      29.356477737426758,
      21.34538459777832,
      23.361085891723633,
      23.69824981689453,
      25.605043411254883,
      24.095731735229492,
      38.174766540527344,
      44.13070297241211,
      50.63634490966797,
      58.94708251953125,
      67.33417510986328,
      77.11063385009766,
      95.88340759277344,
      100.38278198242188,
      129.3756103515625,
      118.95344543457031
    ],
    [
      35.5051155090332,
      21.552780151367188,
      34.68894958496094,
      27.443628311157227,
      26.710500717163086,
      27.927549362182617,
      27.91856575012207,
      26.440322875976562,
      40.567726135253906,
      47.966880798339844,
      53.24969482421875,
      66.85265350341797,
      65.84058380126953,
      82.54058837890625,
      87.31486511230469,
      102.9367904663086,
      118.95344543457031,
      147.04861450195312
    ]
  ],
  "damage": -8.577010154724121,
  "diff_bandwidth": 366.5135498046875,
  "dissonance": 8.924992812552167,
  "drr": 14.702713966369629,
  "dynamics": 3.6919233798980713,
  "format": 65538,
  "frames": 11485287,
  "freq_pan_to_db": [
    [
      -18.66036605834961,
      -19.453216552734375,
      -17.16232681274414,
      -15.580774307250977,
      -11.614157676696777,
      -8.892587661743164,
      -9.990756034851074,
      -14.227733612060547,
      -16.306617736816406,
      -18.01970672607422,
      -19.193761825561523
    ],
    [
      -18.31277847290039,
      -19.04903221130371,
      -17.425922393798828,
      -13.912657737731934,
      -9.668802261352539,
      -11.558012962341309,
      -8.11074447631836,
      -14.919781684875488,
      -16.979965209960938,
      -19.171491622924805,
      -20.8248233795166
    ],
    [
      -25.814340591430664,
      -21.5439395904541,
      -17.185279846191406,
      -12.176261901855469,
      -10.685956001281738,
      -12.487574577331543,
      -12.880206108093262,
      -15.346312522888184,
      -18.71343994140625,
      -21.086502075195312,
      -25.95652198791504
    ],
    [
      -35.065853118896484,
      -25.45547866821289,
      -20.017601013183594,
      -14.38391399383545,
      -13.892027854919434,
      -14.722163200378418,
      -16.076187133789062,
      -21.64249610900879,
      -28.43175506591797,
      -32.67172622680664,
      -35.90968322753906
    ],
    [
      -38.528533935546875,
      -32.515594482421875,
      -27.646100997924805,
      -21.012065887451172,
      -13.702417373657227,
      -14.747445106506348,
      -17.50691795349121,
      -24.762893676757812,
      -29.480703353881836,
      -35.10538101196289,
      -35.61868667602539
    ],
    [
      -39.68651580810547,
      -35.229827880859375,
      -28.96763801574707,
      -22.409639358520508,
      -16.68780517578125,
      -16.112775802612305,
      -19.07559585571289,
      -24.86117935180664,
      -30.971933364868164,
      -34.95731735229492,
      -40.28007507324219
    ],
    [
      -35.43394470214844,
      -31.44605255126953,
      -27.118608474731445,
      -21.89928436279297,
      -18.57700538635254,
      -18.257240295410156,
      -20.434328079223633,
      -23.976383209228516,
      -27.874507904052734,
      -30.12925910949707,
      -34.13068389892578
    ],
    [
      -30.65700340270996,
      -31.495376586914062,
      -27.24215316772461,
      -23.79312515258789,
      -20.951974868774414,
      -21.452680587768555,
      -23.92301368713379,
      -25.97168731689453,
      -27.95204734802246,
      -30.08819580078125,
      -32.77890396118164
    ],
    [
      -28.33604621887207,
      -29.588123321533203,
      -28.37131118774414,
      -27.122970581054688,
      -25.395496368408203,
      -23.7031307220459,
      -23.23133659362793,
      -26.82498550415039,
      -27.992345809936523,
      -30.689085006713867,
      -30.78884506225586
    ],
    [
      -29.45932960510254,
      -28.598093032836914,
      -28.48876190185547,
      -27.894899368286133,
      -27.045312881469727,
      -23.788204193115234,
      -21.334320068359375,
      -25.883283615112305,
      -27.250560760498047,
      -28.09037208557129,
      -29.263900756835938
    ],
    [
      -28.80572509765625,
      -29.772361755371094,
      -28.437232971191406,
      -27.531843185424805,
      -26.843347549438477,
      -23.727476119995117,
      -24.693328857421875,
      -28.0960693359375,
      -29.35360336303711,
      -29.222095489501953,
      -33.30942916870117
    ],
    [
      -25.313880920410156,
      -25.80977439880371,
      -26.147762298583984,
      -26.54894256591797,
      -26.06066131591797,
      -24.52414321899414,
      -24.449583053588867,
      -26.149518966674805,
      -26.87282371520996,
      -27.175994873046875,
      -28.586650848388672
    ],
    [
      -26.280275344848633,
      -26.80857276916504,
      -28.09786033630371,
      -28.500812530517578,
      -27.471145629882812,
      -26.335006713867188,
      -26.86495590209961,
      -27.650146484375,
      -27.656639099121094,
      -27.521085739135742,
      -27.414182662963867
    ],
    [
      -24.138765335083008,
      -25.507980346679688,
      -26.66346549987793,
      -26.843708038330078,
      -28.26069450378418,
      -26.813440322875977,
      -26.98378562927246,
      -27.041715621948242,
      -26.571990966796875,
      -26.189332962036133,
      -26.194353103637695
    ],
    [
      -24.784963607788086,
      -25.885560989379883,
      -23.67047691345215,
      -25.141687393188477,
      -27.18177032470703,
      -24.383180618286133,
      -25.780414581298828,
      -24.7616024017334,
      -24.762544631958008,
      -25.55956268310547,
      -23.946073532104492
    ],
    [
      -26.42633056640625,
      -25.173994064331055,
      -19.6001033782959,
      -24.855466842651367,
      -26.730518341064453,
      -24.342485427856445,
      -25.537349700927734,
      -22.41520881652832,
      -22.0405216217041,
      -24.351505279541016,
      -21.562564849853516
    ],
    [
      -25.097692489624023,
      -23.386812210083008,
      -23.126787185668945,
      -23.20975685119629,
      -26.05193519592285,
      -25.390649795532227,
      -24.902639389038086,
      -23.848979949951172,
      -25.128257751464844,
      -24.452970504760742,
      -24.950061798095703
    ],
    [
      -26.217430114746094,
      -26.608945846557617,
      -27.79966163635254,
      -29.450258255004883,
      -29.32453727722168,
      -27.016672134399414,
      -28.08150863647461,
      -28.971328735351562,
      -28.643587112426758,
      -27.84747314453125,
      -28.351476669311523
    ],
    [
      -28.114225387573242,
      -29.575326919555664,
      -28.506568908691406,
      -28.982736587524414,
      -29.243446350097656,
      -28.290197372436523,
      -28.747610092163086,
      -30.304927825927734,
      -28.835567474365234,
      -29.032461166381836,
      -30.701812744140625
    ],
    [
      -33.49258041381836,
      -33.00306701660156,
      -32.386444091796875,
      -32.60725021362305,
      -32.21421813964844,
      -30.25803565979004,
      -31.942771911621094,
      -32.095603942871094,
      -31.75322914123535,
      -32.80812454223633,
      -30.858144760131836
    ],
    [
      -31.810386657714844,
      -33.213722229003906,
      -34.05620193481445,
      -33.53867721557617,
      -32.715450286865234,
      -31.131568908691406,
      -32.85807418823242,
      -32.50367736816406,
      -34.11544418334961,
      -34.61039352416992,
      -31.63861083984375
    ],
    [
      -33.71090316772461,
      -35.29704666137695,
      -35.115806579589844,
      -32.5202751159668,
      -33.327056884765625,
      -32.10331344604492,
      -33.891483306884766,
      -34.399906158447266,
      -35.19011306762695,
      -34.74935531616211,
      -34.91443634033203
    ],
    [
      -37.919132232666016,
      -36.89211654663086,
      -36.556617736816406,
      -37.036895751953125,
      -34.52016830444336,
      -33.00998306274414,
      -35.2969970703125,
      -36.55159378051758,
      -35.6276969909668,
      -36.53153610229492,
      -36.03374099731445
    ],
    [
      -34.95405578613281,
      -35.464141845703125,
      -36.67048645019531,
      -36.664737701416016,
      -35.787967681884766,
      -33.95718002319336,
      -36.51727294921875,
      -36.19812774658203,
      -36.469181060791016,
      -35.232627868652344,
      -35.745018005371094
    ],
    [
      -39.46300506591797,
      -40.090965270996094,
      -37.53678894042969,
      -37.07217025756836,
      -36.793113708496094,
      -36.14729690551758,
      -36.65290832519531,
      -37.08584976196289,
      -37.216373443603516,
      -36.1889762878418,
      -36.09547805786133
    ],
    [
      -105.58374786376953,
      -39.66692352294922,
      -37.748046875,
      -36.978004455566406,
      -35.751949310302734,
      -33.984893798828125,
      -36.05617141723633,
      -36.960411071777344,
      -37.52992248535156,
      -36.270164489746094,
      -34.227989196777344
    ],
    [
      -46.5045051574707,
      -36.152740478515625,
      -35.79734802246094,
      -36.36265182495117,
      -35.36637496948242,
      -31.576093673706055,
      -35.22361755371094,
      -36.21162033081055,
      -35.82527160644531,
      -35.919368743896484,
      -33.843807220458984
    ],
    [
      -39.60676193237305,
      -36.861106872558594,
      -36.11724090576172,
      -36.3189582824707,
      -35.98902130126953,
      -34.0501708984375,
      -34.87787628173828,
      -35.60024642944336,
      -36.45779800415039,
      -36.7794189453125,
      -43.901954650878906
    ],
    [
      -35.5194206237793,
      -38.887351989746094,
      -36.12309646606445,
      -35.566619873046875,
      -34.82435989379883,
      -32.65935516357422,
      -33.73098373413086,
      -35.44450759887695,
      -35.23091506958008,
      -35.07198715209961,
      -37.04011535644531
    ],
    [
      -35.6767578125,
      -39.6119499206543,
      -36.4973030090332,
      -35.33045959472656,
      -34.657020568847656,
      -32.72966003417969,
      -33.234886169433594,
      -34.86201858520508,
      -34.52680969238281,
      -34.41083908081055,
      -33.476558685302734
    ],
    [
      -46.35932922363281,
      -39.546958923339844,
      -38.958866119384766,
      -37.86079406738281,
      -36.491371154785156,
      -34.12076187133789,
      -34.984893798828125,
      -35.941307067871094,
      -35.945003509521484,
      -35.07750701904297,
      -35.839412689208984
    ],
    [
      -28.797788619995117,
      -44.11248779296875,
      -42.67355728149414,
      -42.07730484008789,
      -38.17715835571289,
      -35.05187225341797,
      -34.8160514831543,
      -35.53199005126953,
      -35.492557525634766,
      -34.784114837646484,
      -39.64716339111328
    ],
    [
      -61.370704650878906,
      -51.41606521606445,
      -42.84225845336914,
      -42.33014678955078,
      -38.82472229003906,
      -35.57566833496094,
      -35.27269744873047,
      -36.32096862792969,
      -36.09379196166992,
      -37.480567932128906,
      -39.42466735839844
    ],
    [
      -48.09185791015625,
      -41.47549819946289,
      -40.29045104980469,
      -40.32966995239258,
      -38.02802658081055,
      -35.915096282958984,
      -36.435237884521484,
      -37.18171691894531,
      -37.911109924316406,
      -43.609954833984375,
      -43.09674072265625
    ],
    [
      -52.9138069152832,
      -43.35234069824219,
      -39.585601806640625,
      -36.27437973022461,
      -35.63212966918945,
      -35.48396682739258,
      -36.62550735473633,
      -38.27025604248047,
      -40.891902923583984,
      -38.28282928466797,
      -44.924076080322266
    ],
    [
      -49.29623031616211,
      -48.74959182739258,
      -38.13890838623047,
      -38.78139114379883,
      -37.9117546081543,
      -36.8812255859375,
      -37.32345199584961,
      -39.744789123535156,
      -39.0572509765625,
      -44.568416595458984,
      -47.442161560058594
    ],
    [
      -56.34479522705078,
      -55.90416717529297,
      -36.02927017211914,
      -38.418243408203125,
      -38.787445068359375,
      -37.96018981933594,
      -37.12434005737305,
      -38.7191162109375,
      -42.769901275634766,
      -48.55574417114258,
      -41.4418830871582
    ],
    [
      -58.872352600097656,
      -57.60498809814453,
      -46.76195526123047,
      -40.99443054199219,
      -39.525550842285156,
      -38.96371841430664,
      -38.54039001464844,
      -40.4718017578125,
      -44.50083541870117,
      -45.52806854248047,
      -46.15613555908203
    ],
    [
      -47.65397644042969,
      -57.00990676879883,
      -57.976070404052734,
      -41.47246170043945,
      -39.26723861694336,
      -39.237064361572266,
      -39.50200653076172,
      -43.023014068603516,
      -46.02444839477539,
      -45.126869201660156,
      -50.34939956665039
    ],
    [
      -62.26618576049805,
      -65.05323028564453,
      -45.39910125732422,
      -39.721961975097656,
      -38.96407699584961,
      -40.314632415771484,
      -42.86296844482422,
      -47.285831451416016,
      -51.315093994140625,
      -56.45712661743164,
      -59.82509231567383
    ],
    [
      -370,
      -57.71873092651367,
      -54.105873107910156,
      -43.9027214050293,
      -40.06523895263672,
      -41.75047302246094,
      -50.14894104003906,
      -62.305686950683594,
      -58.67518615722656,
      -58.27583694458008,
      -370
    ],
    [
      -72.5513916015625,
      -78.61940002441406,
      -63.716590881347656,
      -68.1955795288086,
      -50.634254455566406,
      -42.86338424682617,
      -56.07651138305664,
      -74.59771728515625,
      -66.21092987060547,
      -65.13043212890625,
      -370
    ]
  ],
  "histogram": [
    {
      "db": -70,
      "frequency": 0
    },
    {
      "db": -69,
      "frequency": 0
    },
    {
      "db": -68,
      "frequency": 0
    },
    {
      "db": -67,
      "frequency": 0
    },
    {
      "db": -66,
      "frequency": 0
    },
    {
      "db": -65,
      "frequency": 0
    },
    {
      "db": -64,
      "frequency": 1
    },
    {
      "db": -63,
      "frequency": 1
    },
    {
      "db": -62,
      "frequency": 0
    },
    {
      "db": -61,
      "frequency": 1
    },
    {
      "db": -60,
      "frequency": 0
    },
    {
      "db": -59,
      "frequency": 1
    },
    {
      "db": -58,
      "frequency": 1
    },
    {
      "db": -57,
      "frequency": 1
    },
    {
      "db": -56,
      "frequency": 2
    },
    {
      "db": -55,
      "frequency": 1
    },
    {
      "db": -54,
      "frequency": 1
    },
    {
      "db": -53,
      "frequency": 1
    },
    {
      "db": -52,
      "frequency": 1
    },
    {
      "db": -51,
      "frequency": 0
    },
    {
      "db": -50,
      "frequency": 1
    },
    {
      "db": -49,
      "frequency": 1
    },
    {
      "db": -48,
      "frequency": 0
    },
    {
      "db": -47,
      "frequency": 1
    },
    {
      "db": -46,
      "frequency": 1
    },
    {
      "db": -45,
      "frequency": 1
    },
    {
      "db": -44,
      "frequency": 1
    },
    {
      "db": -43,
      "frequency": 0
    },
    {
      "db": -42,
      "frequency": 1
    },
    {
      "db": -41,
      "frequency": 0
    },
    {
      "db": -40,
      "frequency": 0
    },
    {
      "db": -39,
      "frequency": 0
    },
    {
      "db": -38,
      "frequency": 0
    },
    {
      "db": -37,
      "frequency": 1
    },
    {
      "db": -36,
      "frequency": 0
    },
    {
      "db": -35,
      "frequency": 2
    },
    {
      "db": -34,
      "frequency": 0
    },
    {
      "db": -33,
      "frequency": 0
    },
    {
      "db": -32,
      "frequency": 1
    },
    {
      "db": -31,
      "frequency": 2
    },
    {
      "db": -30,
      "frequency": 6
    },
    {
      "db": -29,
      "frequency": 2
    },
    {
      "db": -28,
      "frequency": 8
    },
    {
      "db": -27,
      "frequency": 18
    },
    {
      "db": -26,
      "frequency": 22
    },
    {
      "db": -25,
      "frequency": 22
    },
    {
      "db": -24,
      "frequency": 32
    },
    {
      "db": -23,
      "frequency": 29
    },
    {
      "db": -22,
      "frequency": 35
    },
    {
      "db": -21,
      "frequency": 33
    },
    {
      "db": -20,
      "frequency": 59
    },
    {
      "db": -19,
      "frequency": 82
    },
    {
      "db": -18,
      "frequency": 98
    },
    {
      "db": -17,
      "frequency": 216
    },
    {
      "db": -16,
      "frequency": 318
    },
    {
      "db": -15,
      "frequency": 346
    },
    {
      "db": -14,
      "frequency": 388
    },
    {
      "db": -13,
      "frequency": 376
    },
    {
      "db": -12,
      "frequency": 187
    },
    {
      "db": -11,
      "frequency": 51
    },
    {
      "db": -10,
      "frequency": 11
    },
    {
      "db": -9,
      "frequency": 0
    },
    {
      "db": -8,
      "frequency": 0
    },
    {
      "db": -7,
      "frequency": 0
    },
    {
      "db": -6,
      "frequency": 0
    },
    {
      "db": -5,
      "frequency": 0
    },
    {
      "db": -4,
      "frequency": 0
    },
    {
      "db": -3,
      "frequency": 0
    },
    {
      "db": -2,
      "frequency": 0
    },
    {
      "db": -1,
      "frequency": 0
    },
    {
      "db": 0,
      "frequency": 0
    },
    {
      "db": 1,
      "frequency": 0
    },
    {
      "db": 2,
      "frequency": 0
    },
    {
      "db": 3,
      "frequency": 0
    },
    {
      "db": 4,
      "frequency": 0
    },
    {
