{
  "acoustic_entropy": 209.30642700195312,
  "bands": [
    {
      "high_freq": 148.1999969482422,
      "loudness": -34.00765609741211,
      "loudness_range": 8.796728134155273,
      "mid_mean": -30.411563873291016,
      "mid_to_side_loudness": -22.739299774169922,
      "mid_to_side_loudness_range": 23.45980453491211,
      "side_mean": -54.128807067871094
    },
    {
      "high_freq": 392.3793640136719,
      "loudness": -35.104637145996094,
      "loudness_range": 11.074176788330078,
      "low_freq": 148.1999969482422,
      "mid_mean": -32.14351272583008,
      "mid_to_side_loudness": -8.879809379577637,
      "mid_to_side_loudness_range": 13.226395606994629,
      "side_mean": -41.16374588012695
    },
    {
      "high_freq": 794.6976318359375,
      "loudness": -36.72097396850586,
      "loudness_range": 15.578279495239258,
      "low_freq": 392.3793640136719,
      "mid_mean": -33.88031005859375,
      "mid_to_side_loudness": -7.991661548614502,
      "mid_to_side_loudness_range": 10.488314628601074,
      "side_mean": -41.88673400878906
    },
    {
      "high_freq": 1457.5709228515625,
      "loudness": -40.391639709472656,
      "loudness_range": 20.074352264404297,
      "low_freq": 794.6976318359375,
      "mid_mean": -37.77328872680664,
      "mid_to_side_loudness": -6.610263347625732,
      "mid_to_side_loudness_range": 10.986593246459961,
      "side_mean": -44.420719146728516
    },
    {
      "high_freq": 2549.74365234375,
      "loudness": -40.12947082519531,
      "loudness_range": 22.501567840576172,
      "low_freq": 1457.5709228515625,
      "mid_mean": -37.45234680175781,
      "mid_to_side_loudness": -6.773853302001953,
      "mid_to_side_loudness_range": 10.874208450317383,
      "side_mean": -44.34128952026367
    },
    {
      "high_freq": 4349.24462890625,
      "loudness": -42.70754623413086,
      "loudness_range": 20.958383560180664,
      "low_freq": 2549.74365234375,
      "mid_mean": -40.08644485473633,
      "mid_to_side_loudness": -6.25113582611084,
      "mid_to_side_loudness_range": 9.58348560333252,
      "side_mean": -46.441688537597656
    },
    {
      "high_freq": 7314.1640625,
      "loudness": -45.342872619628906,
      "loudness_range": 18.455150604248047,
      "low_freq": 4349.24462890625,
      "mid_mean": -43.055294036865234,
      "mid_to_side_loudness": -5.36618185043335,
      "mid_to_side_loudness_range": 11.029376983642578,
      "side_mean": -48.70219802856445
    },
    {
      "high_freq": 12199.2666015625,
      "loudness": -46.14390182495117,
      "loudness_range": 16.591678619384766,
      "low_freq": 7314.1640625,
      "mid_mean": -43.799415588378906,
      "mid_to_side_loudness": -5.713775157928467,
      "mid_to_side_loudness_range": 11.268017768859863,
      "side_mean": -50.54650115966797
    },
    {
      "loudness": -54.18419647216797,
      "loudness_range": 16.203765869140625,
      "low_freq": 12199.2666015625,
      "mid_mean": -52.654022216796875,
      "mid_to_side_loudness": -4.362244606018066,
      "mid_to_side_loudness_range": 8.02573013305664,
      "side_mean": -56.568477630615234
    }
  ],
  "bands_short": [
    {
      "high_freq": 148.1999969482422,
      "loudness": -36.10315704345703,
      "loudness_range": 15.549238204956055,
      "mid_mean": -32.57447052001953,
      "mid_to_side_loudness": -27.819137573242188,
      "mid_to_side_loudness_range": 33.78254699707031,
      "side_mean": -61.34241485595703
    },
    {
      "high_freq": 392.3793640136719,
      "loudness": -35.06049728393555,
      "loudness_range": 13.608610153198242,
      "low_freq": 148.1999969482422,
      "mid_mean": -32.18186950683594,
      "mid_to_side_loudness": -10.097399711608887,
      "mid_to_side_loudness_range": 18.571285247802734,
      "side_mean": -42.4261474609375
    },
    {
      "high_freq": 794.6976318359375,
      "loudness": -37.87398910522461,
      "loudness_range": 18.99188995361328,
      "low_freq": 392.3793640136719,
      "mid_mean": -35.23007583618164,
      "mid_to_side_loudness": -7.592407703399658,
      "mid_to_side_loudness_range": 13.989420890808105,
      "side_mean": -42.87125778198242
    },
    {
      "high_freq": 1457.5709228515625,
      "loudness": -40.51177215576172,
      "loudness_range": 22.22962760925293,
      "low_freq": 794.6976318359375,
      "mid_mean": -37.951045989990234,
      "mid_to_side_loudness": -6.914150714874268,
      "mid_to_side_loudness_range": 13.260120391845703,
      "side_mean": -44.967411041259766
    },
    {
      "high_freq": 2549.74365234375,
      "loudness": -41.04936599731445,
      "loudness_range": 24.725542068481445,
      "low_freq": 1457.5709228515625,
      "mid_mean": -38.63602066040039,
      "mid_to_side_loudness": -6.363198280334473,
      "mid_to_side_loudness_range": 14.583283424377441,
      "side_mean": -45.32215881347656
    },
    {
      "high_freq": 4349.24462890625,
      "loudness": -43.56732177734375,
      "loudness_range": 23.748018264770508,
      "low_freq": 2549.74365234375,
      "mid_mean": -41.26428985595703,
      "mid_to_side_loudness": -5.803652286529541,
      "mid_to_side_loudness_range": 13.498296737670898,
      "side_mean": -47.35371017456055
    },
    {
      "high_freq": 7314.1640625,
      "loudness": -47.24036407470703,
      "loudness_range": 21.421100616455078,
      "low_freq": 4349.24462890625,
      "mid_mean": -45.165592193603516,
      "mid_to_side_loudness": -5.0345892906188965,
      "mid_to_side_loudness_range": 11.962502479553223,
      "side_mean": -51.12156677246094
    },
    {
      "high_freq": 12199.2666015625,
      "loudness": -48.83385467529297,
      "loudness_range": 22.558944702148438,
      "low_freq": 7314.1640625,
      "mid_mean": -46.95008087158203,
      "mid_to_side_loudness": -6.092046737670898,
      "mid_to_side_loudness_range": 15.915087699890137,
      "side_mean": -53.83492660522461
    },
    {
      "loudness": -58.740318298339844,
      "loudness_range": 26.600643157958984,
      "low_freq": 12199.2666015625,
      "mid_mean": -56.43665313720703,
      "mid_to_side_loudness": -6.325192928314209,
      "mid_to_side_loudness_range": 15.276220321655273,
      "side_mean": -61.082401275634766
    }
  ],
  "bandwidth": 625.5552368164062,
  "channels": 2,
  "covariance": [
    [
      17.98621940612793,
      14.961883544921875,
      7.641746997833252,
      8.156888008117676,
      8.708191871643066,
      9.365976333618164,
      9.336792945861816,
      8.53382682800293,
      5.9766058921813965,
      4.979800701141357,
      5.840083122253418,
      5.769440174102783,
      7.8711957931518555,
      7.518494606018066,
      6.459412097930908,
      7.732699871063232,
      7.5050201416015625,
      6.176438331604004
    ],
    [
      14.961883544921875,
      72.1037826538086,
      10.713902473449707,
      24.098793029785156,
      16.365175247192383,
      24.669435501098633,
      27.05113410949707,
      25.79207992553711,
      25.537179946899414,
      29.72511863708496,
      23.602264404296875,
      29.577356338500977,
      14.309198379516602,
      24.52075958251953,
      6.742464542388916,
      25.141490936279297,
      18.457056045532227,
      18.780302047729492
    ],
    [
      7.641746997833252,
      10.713902473449707,
      19.773876190185547,
      15.010663986206055,
      15.197881698608398,
      13.138819694519043,
      14.385748863220215,
      10.709836959838867,
      12.315361976623535,
      8.689462661743164,
      12.43779182434082,
      10.894503593444824,
      9.227423667907715,
      9.714529991149902,
      9.504015922546387,
      10.39603328704834,
      8.428441047668457,
      6.55580472946167
    ],
    [
      8.156888008117676,
      24.098793029785156,
      15.010663986206055,
      31.998369216918945,
      16.412307739257812,
      21.147138595581055,
      19.33038330078125,
      20.89853286743164,
      16.6492919921875,
      18.698097229003906,
      16.098791122436523,
      18.433645248413086,
      10.097025871276855,
      15.405990600585938,
      7.835801601409912,
      14.349193572998047,
      10.834860801696777,
      12.670994758605957
    ],
    [
      8.708191871643066,
      16.365175247192383,
      15.197881698608398,
      16.412307739257812,
      33.357913970947266,
      26.82320213317871,
      30.763309478759766,
      23.26779556274414,
      26.391849517822266,
      18.686458587646484,
      24.015625,
      19.92588996887207,
      14.065718650817871,
      15.528156280517578,
      12.947046279907227,
      14.653677940368652,
      11.928693771362305,
      9.69498348236084
    ],
    [
      9.365976333618164,
      24.669435501098633,
      13.138819694519043,
      21.147138595581055,
      26.82320213317871,
      35.23626708984375,
      29.81397819519043,
      29.31974983215332,
      24.87851905822754,
      26.41558265686035,
      24.585403442382812,
      27.121131896972656,
      14.673807144165039,
      20.396230697631836,
      11.184549331665039,
      16.222322463989258,
      11.025810241699219,
      11.245538711547852
    ],
    [
      9.336792945861816,
      27.05113410949707,
      14.385748863220215,
      19.33038330078125,
      30.763309478759766,
      29.81397819519043,
      51.698944091796875,
      36.72683334350586,
      40.335472106933594,
      35.31509017944336,
      35.409263610839844,
      32.741188049316406,
      15.059234619140625,
      21.462127685546875,
      10.093276977539062,
      18.193187713623047,
      12.691046714782715,
      12.881977081298828
    ],
    [
      8.53382682800293,
      25.79207992553711,
      10.709836959838867,
      20.89853286743164,
      23.26779556274414,
      29.31974983215332,
      36.72683334350586,
      37.92272186279297,
      29.4178524017334,
      33.066104888916016,
      27.790433883666992,
      30.95337677001953,
      13.323698043823242,
      22.180723190307617,
      7.699952125549316,
      17.094003677368164,
      11.414351463317871,
      13.342262268066406
    ],
    [
      5.9766058921813965,
      25.537179946899414,
      12.315361976623535,
      16.6492919921875,
      26.391849517822266,
      24.87851905822754,
      40.335472106933594,
      29.4178524017334,
      64.29551696777344,
      57.041744232177734,
      53.79853057861328,
      47.76205062866211,
      15.431421279907227,
      24.008058547973633,
      6.999454021453857,
      20.21671485900879,
      11.93844223022461,
      13.065356254577637
    ],
    [
      4.979800701141357,
      29.72511863708496,
      8.689462661743164,
      18.698097229003906,
      18.686458587646484,
      26.41558265686035,
      35.31509017944336,
      33.066104888916016,
      57.041744232177734,
      65.69206237792969,
      49.82830810546875,
      52.77328872680664,
      13.738062858581543,
      26.837617874145508,
      2.0117921829223633,
      20.621732711791992,
      10.235902786254883,
      14.523849487304688
    ],
    [
      5.840083122253418,
      23.602264404296875,
      12.43779182434082,
      16.098791122436523,
      24.015625,
      24.585403442382812,
      35.409263610839844,
      27.790433883666992,
      53.79853057861328,
      49.82830810546875,
      55.81345748901367,
      47.390052795410156,
      20.46072769165039,
      25.700109481811523,
      11.009005546569824,
      20.600027084350586,
      12.951288223266602,
      12.236745834350586
    ],
    [
      5.769440174102783,
      29.577356338500977,
      10.894503593444824,
      18.433645248413086,
      19.92588996887207,
      27.121131896972656,
      32.741188049316406,
      30.95337677001953,
      47.76205062866211,
      52.77328872680664,
      47.390052795410156,
      52.012657165527344,
      18.09096336364746,
      30.898727416992188,
      6.815627098083496,
      23.234027862548828,
      13.05950927734375,
      15.337586402893066
    ],
    [
      7.8711957931518555,
      14.309198379516602,
      9.227423667907715,
      10.097025871276855,
      14.065718650817871,
      14.673807144165039,
      15.059234619140625,
      13.323698043823242,
      15.431421279907227,
      13.738062858581543,
      20.46072769165039,
      18.09096336364746,
      43.36368942260742,
      27.872236251831055,
      33.54857635498047,
      26.96314239501953,
      26.40835189819336,
      17.134803771972656
    ],
    [
      7.518494606018066,
      24.52075958251953,
      9.714529991149902,
      15.405990600585938,
      15.528156280517578,
      20.396230697631836,
      21.462127685546875,
      22.180723190307617,
      24.008058547973633,
      26.837617874145508,
      25.700109481811523,
      30.898727416992188,
      27.872236251831055,
      37.278987884521484,
      19.173664093017578,
      33.22607421875,
      26.34147071838379,
      27.210590362548828
    ],
    [
      6.459412097930908,
      6.742464542388916,
      9.504015922546387,
      7.835801601409912,
      12.947046279907227,
      11.184549331665039,
      10.093276977539062,
      7.699952125549316,
      6.999454021453857,
      2.0117921829223633,
      11.009005546569824,
      6.815627098083496,
      33.54857635498047,
      19.173664093017578,
      38.22007751464844,
      23.27360725402832,
      25.931163787841797,
      15.924861907958984
    ],
    [
      7.732699871063232,
      25.141490936279297,
      10.39603328704834,
      14.349193572998047,
      14.653677940368652,
      16.222322463989258,
      18.193187713623047,
      17.094003677368164,
      20.21671485900879,
      20.621732711791992,
      20.600027084350586,
      23.234027862548828,
      26.96314239501953,
      33.22607421875,
      23.27360725402832,
      45.12888717651367,
      39.71934509277344,
      39.223968505859375
    ],
    [
      7.5050201416015625,
      18.457056045532227,
      8.428441047668457,
      10.834860801696777,
      11.928693771362305,
      11.025810241699219,
      12.691046714782715,
      11.414351463317871,
      11.93844223022461,
      10.235902786254883,
      12.951288223266602,
      13.05950927734375,
      26.40835189819336,
      26.34147071838379,
      25.931163787841797,
      39.71934509277344,
      42.5969352722168,
      37.895301818847656
    ],
    [
      6.176438331604004,
      18.780302047729492,
      6.55580472946167,
      12.670994758605957,
      9.69498348236084,
      11.245538711547852,
      12.881977081298828,
      13.342262268066406,
      13.065356254577637,
      14.523849487304688,
      12.236745834350586,
      15.337586402893066,
      17.134803771972656,
      27.210590362548828,
      15.924861907958984,
      39.223968505859375,
      37.895301818847656,
      46.06575012207031
    ]
  ],
  "covariance_short": [
    [
      43.67475128173828,
      9.520471572875977,
      12.34373950958252,
      8.599846839904785,
      7.832261085510254,
      8.228350639343262,
      8.028355598449707,
      8.080228805541992,
      3.21905517578125,
      2.61051082611084,
      2.9581282138824463,
      3.735445737838745,
      7.330760478973389,
      6.927086353302002,
      6.614125728607178,
      6.835465431213379,
      6.535555362701416,
      4.028179168701172
    ],
    [
      9.520471572875977,
      51.92167282104492,
      13.305033683776855,
      26.3155574798584,
      16.8068790435791,
      25.425800323486328,
      25.6126708984375,
      25.2598819732666,
      21.593856811523438,
      26.021081924438477,
      22.462177276611328,
      29.56665802001953,
      17.217958450317383,
      29.01161766052246,
      12.000689506530762,
      22.676040649414062,
      14.369210243225098,
      15.576345443725586
    ],
    [
      12.34373950958252,
      13.305033683776855,
      30.971094131469727,
      18.92394256591797,
      19.987323760986328,
      16.142864227294922,
      17.980649948120117,
      13.61766242980957,
      15.639474868774414,
      12.150384902954102,
      15.43939208984375,
      14.518622398376465,
      11.260519981384277,
      13.23770809173584,
      14.228833198547363,
      14.589337348937988,
      11.748560905456543,
      10.639162063598633
    ],
    [
      8.599846839904785,
      26.3155574798584,
      18.92394256591797,
      51.520042419433594,
      23.82033920288086,
      33.484649658203125,
      27.265295028686523,
      29.8610897064209,
      20.671743392944336,
      25.4101619720459,
      20.83159065246582,
      26.445531845092773,
      15.310745239257812,
      23.00261688232422,
      13.856208801269531,
      19.40848159790039,
      13.55626106262207,
      15.414827346801758
    ],
    [
      7.832261085510254,
      16.8068790435791,
      19.987323760986328,
      23.82033920288086,
      46.43534469604492,
      34.46638870239258,
      38.98285675048828,
      29.881149291992188,
      33.61769485473633,
      25.189359664916992,
      31.620136260986328,
      27.27050018310547,
      19.883859634399414,
      21.96409797668457,
      22.436599731445312,
      20.379995346069336,
      17.763978958129883,
      14.109103202819824
    ],
    [
      8.228350639343262,
      25.425800323486328,
      16.142864227294922,
      33.484649658203125,
      34.46638870239258,
      51.14869689941406,
      36.02360153198242,
      38.29063034057617,
      28.442827224731445,
      33.871219635009766,
      29.087493896484375,
      35.114376068115234,
      20.87908172607422,
      29.29081916809082,
      18.131275177001953,
      24.198972702026367,
      16.661670684814453,
      17.211048126220703
    ],
    [
      8.028355598449707,
      25.6126708984375,
      17.980649948120117,
      27.265295028686523,
      38.98285675048828,
      36.02360153198242,
      61.66865539550781,
      42.99689483642578,
      47.322998046875,
      40.394386291503906,
      43.205047607421875,
      38.75956344604492,
      23.998918533325195,
      28.910564422607422,
      22.27775001525879,
      24.587867736816406,
      18.33949851989746,
      16.925426483154297
    ],
    [
      8.080228805541992,
      25.2598819732666,
      13.61766242980957,
      29.8610897064209,
      29.881149291992188,
      38.29063034057617,
      42.99689483642578,
      49.379268646240234,
      33.57378005981445,
      40.294151306152344,
      32.575828552246094,
      38.4987907409668,
      20.200857162475586,
      30.392318725585938,
      15.630173683166504,
      24.19099998474121,
      16.026857376098633,
      18.344635009765625
    ],
    [
      3.21905517578125,
      21.593856811523438,
      15.639474868774414,
      20.671743392944336,
      33.61769485473633,
      28.442827224731445,
      47.322998046875,
      33.57378005981445,
      77.72930145263672,
      61.17606735229492,
      65.34657287597656,
      53.56189727783203,
      28.649810791015625,
      33.37986755371094,
      20.584165573120117,
      26.727794647216797,
      16.57013511657715,
      17.905088424682617
    ],
    [
      2.61051082611084,
      26.021081924438477,
      12.150384902954102,
      25.4101619720459,
      25.189359664916992,
      33.871219635009766,
      40.394386291503906,
      40.294151306152344,
      61.17606735229492,
      76.67901611328125,
      55.89026641845703,
      62.32754135131836,
      25.10666275024414,
      40.798065185546875,
      12.011849403381348,
      30.662443161010742,
      14.944503784179688,
      22.70850372314453
    ],
    [
      2.9581282138824463,
      22.462177276611328,
      15.43939208984375,
      20.83159065246582,
      31.620136260986328,
      29.087493896484375,
      43.205047607421875,
      32.575828552246094,
      65.34657287597656,
      55.89026641845703,
      73.29289245605469,
      55.5916633605957,
      36.95838165283203,
      37.9786376953125,
      28.2062931060791,
      30.75765037536621,
      22.083175659179688,
      20.240320205688477
    ],
    [
      3.735445737838745,
      29.56665802001953,
      14.518622398376465,
      26.445531845092773,
      27.27050018310547,
      35.114376068115234,
      38.75956344604492,
      38.4987907409668,
      53.56189727783203,
      62.32754135131836,
      55.5916633605957,
      66.53140258789062,
      31.09145164489746,
      47.58811569213867,
      19.764596939086914,
      37.90470886230469,
      21.80504035949707,
      27.913066864013672
    ],
    [
      7.330760478973389,
      17.217958450317383,
      11.260519981384277,
      15.310745239257812,
      19.883859634399414,
      20.87908172607422,
      23.998918533325195,
      20.200857162475586,
      28.649810791015625,
      25.10666275024414,
      36.95838165283203,
      31.09145164489746,
      60.21326446533203,
      44.603763580322266,
      54.21098327636719,
      45.106544494628906,
      45.27448272705078,
      32.540771484375
    ],
    [
      6.927086353302002,
      29.01161766052246,
      13.23770809173584,
      23.00261688232422,
      21.96409797668457,
      29.29081916809082,
      28.910564422607422,
      30.392318725585938,
      33.37986755371094,
      40.798065185546875,
      37.9786376953125,
      47.58811569213867,
      44.603763580322266,
      69.16751861572266,
      38.029930114746094,
      64.12232208251953,
      47.04999542236328,
      50.61549377441406
    ],
    [
      6.614125728607178,
      12.000689506530762,
      14.228833198547363,
      13.856208801269531,
      22.436599731445312,
      18.131275177001953,
      22.27775001525879,
      15.630173683166504,
      20.584165573120117,
      12.011849403381348,
      28.2062931060791,
      19.764596939086914,
      54.21098327636719,
      38.029930114746094,
      72.08819580078125,
      49.048885345458984,
      56.76314163208008,
      37.946983337402344
    ],
    [
      6.835465431213379,
      22.676040649414062,
      14.589337348937988,
      19.40848159790039,
      20.379995346069336,
      24.198972702026367,
      24.587867736816406,
      24.19099998474121,
      26.727794647216797,
      30.662443161010742,
      30.75765037536621,
      37.90470886230469,
      45.106544494628906,
      64.12232208251953,
      49.048885345458984,
      74.1895751953125,
      59.27358627319336,
      62.24637222290039
    ],
    [
      6.535555362701416,
      14.369210243225098,
      11.748560905456543,
      13.55626106262207,
      17.763978958129883,
      16.661670684814453,
      18.33949851989746,
      16.026857376098633,
      16.57013511657715,
      14.944503784179688,
      22.083175659179688,
      21.80504035949707,
      45.27448272705078,
      47.04999542236328,
      56.76314163208008,
      59.27358627319336,
      67.81490325927734,
      56.507110595703125
    ],
    [
      4.028179168701172,
      15.576345443725586,
      10.639162063598633,
      15.414827346801758,
      14.109103202819824,
      17.211048126220703,
      16.925426483154297,
      18.344635009765625,
      17.905088424682617,
      22.70850372314453,
      20.240320205688477,
      27.913066864013672,
      32.540771484375,
      50.61549377441406,
      37.946983337402344,
      62.24637222290039,
      56.507110595703125,
      68.68568420410156
    ]
  ],
  "damage": -19.407041549682617,
  "diff_bandwidth": 725.96337890625,
  "dissonance": 8.017730668046722,
  "drr": 12.907657623291016,
  "dynamics": 3.2939512729644775,
  "format": 1245190,
  "frames": 8723196,
  "freq_pan_to_db": [
    [
      -52.573455810546875,
      -49.212711334228516,
      -47.50229263305664,
      -37.977943420410156,
      -28.90552520751953,
      -27.799589157104492,
      -31.04003143310547,
      -40.477840423583984,
      -45.43014144897461,
      -51.17034149169922,
      -53.07526397705078
    ],
    [
      -41.187313079833984,
      -35.38935089111328,
      -29.510465621948242,
      -28.70079803466797,
      -24.988378524780273,
      -21.737892150878906,
      -25.197826385498047,
      -30.16258430480957,
      -31.09346580505371,
      -33.45362854003906,
      -35.40093994140625
    ],
    [
      -29.450284957885742,
      -27.77008628845215,
      -26.023645401000977,
      -25.148908615112305,
      -24.603548049926758,
      -24.141639709472656,
      -24.606592178344727,
      -25.18648910522461,
      -26.223834991455078,
      -27.656457901000977,
      -28.749841690063477
    ],
    [
      -31.53261375427246,
      -30.207731246948242,
      -28.026256561279297,
      -27.658798217773438,
      -27.303258895874023,
      -27.68255615234375,
      -28.001049041748047,
      -28.941329956054688,
      -29.609697341918945,
      -30.12839698791504,
      -31.18341827392578
    ],
    [
      -31.404354095458984,
      -30.146190643310547,
      -29.84564781188965,
      -29.010467529296875,
      -29.125043869018555,
      -29.360591888427734,
      -29.225444793701172,
      -29.189430236816406,
      -30.461740493774414,
      -30.787363052368164,
      -31.495113372802734
    ],
    [
      -31.15073013305664,
      -30.968013763427734,
      -29.812761306762695,
      -27.9759521484375,
      -27.0035457611084,
      -26.659841537475586,
      -27.174633026123047,
      -28.82644271850586,
      -30.488258361816406,
      -31.26558494567871,
      -32.22443389892578
    ],
    [
      -32.3978271484375,
      -31.943849563598633,
      -30.18577003479004,
      -28.432252883911133,
      -26.854143142700195,
      -26.74448585510254,
      -27.418481826782227,
      -29.100496292114258,
      -31.208494186401367,
      -31.867034912109375,
      -31.86349868774414
    ],
    [
      -31.930994033813477,
      -31.602144241333008,
      -31.157188415527344,
      -30.534137725830078,
      -28.71011734008789,
      -26.428380966186523,
      -28.92974090576172,
      -30.286970138549805,
      -29.727170944213867,
      -30.38913917541504,
      -30.17548179626465
    ],
    [
      -34.49544906616211,
      -32.60435485839844,
      -31.9586181640625,
      -31.2592716217041,
      -28.170936584472656,
      -27.661813735961914,
      -29.478574752807617,
      -30.991634368896484,
      -30.911033630371094,
      -31.16456413269043,
      -30.991857528686523
    ],
    [
      -31.631847381591797,
      -29.135765075683594,
      -30.315689086914062,
      -30.956302642822266,
      -28.778732299804688,
      -27.766292572021484,
      -28.586904525756836,
      -29.855260848999023,
      -29.7113037109375,
      -30.210102081298828,
      -29.5472412109375
    ],
    [
      -30.198135375976562,
      -29.842500686645508,
      -31.559267044067383,
      -31.406837463378906,
      -30.58108901977539,
      -28.65240478515625,
      -29.31437873840332,
      -30.715255737304688,
      -31.006359100341797,
      -30.843059539794922,
      -31.696819305419922
    ],
    [
      -31.209510803222656,
      -33.45690155029297,
      -34.14380645751953,
      -32.96260452270508,
      -31.716812133789062,
      -29.557222366333008,
      -33.250728607177734,
      -33.33656311035156,
      -32.4311408996582,
      -32.8653450012207,
      -33.70327377319336
    ],
    [
      -36.30830001831055,
      -36.3152961730957,
      -34.83079528808594,
      -34.41096496582031,
      -31.42878532409668,
      -29.416791915893555,
      -32.619911193847656,
      -33.840267181396484,
      -34.76608657836914,
      -36.317100524902344,
      -36.88577651977539
    ],
    [
      -31.049591064453125,
      -33.40563201904297,
      -32.50156784057617,
      -31.77298355102539,
      -29.997392654418945,
      -28.92748260498047,
      -32.76770782470703,
      -33.86091995239258,
      -36.443904876708984,
      -32.774940490722656,
      -32.52260971069336
    ],
    [
      -31.354385375976562,
      -34.00143051147461,
      -33.56711959838867,
      -33.64024353027344,
      -33.34303283691406,
      -29.621400833129883,
      -32.438602447509766,
      -35.87495040893555,
      -35.59414291381836,
      -35.47996520996094,
      -34.5363655090332
    ],
    [
      -34.27744674682617,
      -34.99610900878906,
      -36.21682357788086,
      -36.794097900390625,
      -33.447086334228516,
      -30.39063835144043,
      -33.13093948364258,
      -35.637939453125,
      -35.65834426879883,
      -36.28525161743164,
      -35.482303619384766
    ],
    [
      -33.87156677246094,
      -35.50914764404297,
      -37.837894439697266,
      -37.61206817626953,
      -34.02583312988281,
      -33.12197494506836,
      -36.44295883178711,
      -37.8356819152832,
      -35.34036636352539,
      -34.178375244140625,
      -33.319969177246094
    ],
    [
      -34.500179290771484,
      -34.43602752685547,
      -37.078125,
      -38.228267669677734,
      -36.400577545166016,
      -33.24726486206055,
      -37.21579360961914,
      -38.655765533447266,
      -36.57158279418945,
      -35.075172424316406,
      -32.954505920410156
    ],
    [
      -36.71437072753906,
      -36.509559631347656,
      -37.63600158691406,
      -39.399776458740234,
      -36.77744674682617,
      -34.19142150878906,
      -37.68058776855469,
      -37.477508544921875,
      -35.34437942504883,
      -37.37837600708008,
      -36.50422668457031
    ],
    [
      -33.26118469238281,
      -33.607154846191406,
      -33.891334533691406,
      -35.092620849609375,
      -33.716392517089844,
      -33.84798812866211,
      -35.149658203125,
      -35.02363586425781,
      -34.898414611816406,
      -35.6059455871582,
      -38.69715118408203
    ],
    [
      -33.16475296020508,
      -34.6844596862793,
      -33.26948547363281,
      -34.26487731933594,
      -34.45698547363281,
      -34.92434310913086,
      -33.586326599121094,
      -34.28587341308594,
      -34.8301887512207,
      -34.351322174072266,
      -36.28604507446289
    ],
    [
      -31.599733352661133,
      -34.933006286621094,
      -35.15012741088867,
      -34.74570083618164,
      -35.230045318603516,
      -36.49802017211914,
      -35.25088882446289,
      -35.164154052734375,
      -35.503814697265625,
      -34.622100830078125,
      -31.1114559173584
    ],
    [
      -34.415367126464844,
      -35.08213806152344,
      -36.21467208862305,
      -36.98819351196289,
      -35.1927490234375,
      -36.29058074951172,
      -35.63713455200195,
      -37.22237777709961,
      -35.58631896972656,
      -35.657554626464844,
      -30.75023078918457
    ],
    [
      -33.52876663208008,
      -37.35209274291992,
      -37.695125579833984,
      -37.99468231201172,
      -37.49492645263672,
      -37.13905334472656,
      -37.320674896240234,
      -38.98430633544922,
      -39.014503479003906,
      -38.2275390625,
      -35.885780334472656
    ],
    [
      -42.8056526184082,
      -42.71240997314453,
      -41.34362030029297,
      -40.48499298095703,
      -38.323577880859375,
      -37.66138458251953,
      -38.00557327270508,
      -40.046817779541016,
      -41.96969223022461,
      -43.061058044433594,
      -43.92348861694336
    ],
    [
      -35.82823181152344,
      -44.7335090637207,
      -43.93722915649414,
      -43.88185501098633,
      -42.41622543334961,
      -41.68608093261719,
      -41.784244537353516,
      -43.01719665527344,
      -44.108821868896484,
      -44.97425079345703,
      -46.16874313354492
    ],
    [
      -40.14509582519531,
      -42.21206283569336,
      -42.9072151184082,
      -43.24279022216797,
      -42.57561111450195,
      -41.89823532104492,
      -41.50476837158203,
      -42.97434997558594,
      -42.806522369384766,
      -41.63965606689453,
      -37.75235366821289
    ],
    [
      -45.68114471435547,
      -45.287906646728516,
      -45.572723388671875,
      -44.87273025512695,
      -44.194061279296875,
      -43.019622802734375,
      -44.47731399536133,
      -44.967796325683594,
      -45.59035873413086,
      -44.82537078857422,
      -49.26752853393555
    ],
    [
      -48.218017578125,
      -45.77692413330078,
      -46.11216735839844,
      -46.552337646484375,
      -46.2234001159668,
      -43.344112396240234,
      -46.072669982910156,
      -46.04768753051758,
      -46.22836685180664,
      -47.11587905883789,
      -53.167076110839844
    ],
    [
      -48.338829040527344,
      -47.014713287353516,
      -46.34316635131836,
      -46.704612731933594,
      -46.452938079833984,
      -40.65336990356445,
      -46.50904083251953,
      -46.7085075378418,
      -46.70840835571289,
      -46.42659378051758,
      -49.93362045288086
    ],
    [
      -48.63980484008789,
      -45.726688385009766,
      -46.85465621948242,
      -47.574989318847656,
      -47.46434783935547,
      -40.17490005493164,
      -47.69295883178711,
      -47.5081787109375,
      -47.4592170715332,
      -45.7631950378418,
      -48.57155227661133
    ],
    [
      -134.79954528808594,
      -47.53820037841797,
      -47.40178298950195,
      -48.51631164550781,
      -48.58866500854492,
      -42.72688293457031,
      -48.670650482177734,
      -48.879913330078125,
      -48.851112365722656,
      -50.54322814941406,
      -46.826202392578125
    ],
    [
      -54.31903076171875,
      -50.18991470336914,
      -47.27363586425781,
      -48.18433380126953,
      -48.861637115478516,
      -44.07344436645508,
      -48.86162567138672,
      -49.15426254272461,
      -49.30476760864258,
      -44.85201644897461,
      -135.35951232910156
    ],
    [
      -64.53062438964844,
      -48.59821319580078,
      -46.6531867980957,
      -46.956520080566406,
      -47.077518463134766,
      -43.345672607421875,
      -47.959869384765625,
      -49.158226013183594,
      -48.847198486328125,
      -49.77178955078125,
      -133.3228302001953
    ],
    [
      -140.23031616210938,
      -46.473304748535156,
      -46.055904388427734,
      -47.62171173095703,
      -47.28449630737305,
      -41.98057556152344,
      -46.66361999511719,
      -47.49494934082031,
      -48.052276611328125,
      -47.15352249145508,
      -48.254032135009766
    ],
    [
      -142.60035705566406,
      -44.47126007080078,
      -46.26243591308594,
      -48.9404182434082,
      -50.46206283569336,
      -44.60564422607422,
      -47.50480270385742,
      -46.469871520996094,
      -45.91047668457031,
      -44.88926315307617,
      -135.8279571533203
    ],
    [
      -56.547096252441406,
      -47.5909423828125,
      -47.451080322265625,
      -50.103538513183594,
      -51.46635818481445,
      -48.34904479980469,
      -49.782047271728516,
      -48.96441650390625,
      -49.00193786621094,
      -49.61905288696289,
      -136.0697021484375
    ],
    [
      -44.468101501464844,
      -44.62721633911133,
      -47.67729568481445,
      -52.10898208618164,
      -52.888916015625,
      -51.39835739135742,
      -51.292633056640625,
      -51.05886459350586,
      -52.84454345703125,
      -51.752601623535156,
      -130.74851989746094
    ],
    [
      -140.14002990722656,
      -45.68604278564453,
      -50.23624801635742,
      -53.72522735595703,
      -53.95259094238281,
      -53.439762115478516,
      -51.60882568359375,
      -50.95063400268555,
      -51.771759033203125,
      -53.83204650878906,
      -131.1153106689453
    ],
    [
      -53.433387756347656,
      -47.91762924194336,
      -50.325687408447266,
      -54.50836181640625,
      -56.019283294677734,
      -56.137447357177734,
      -51.98283386230469,
      -50.27411651611328,
      -49.81694793701172,
      -51.50689697265625,
      -130.964111328125
    ],
    [
      -135.25714111328125,
      -45.90406036376953,
      -50.759727478027344,
      -55.039703369140625,
      -58.19858169555664,
      -59.63693618774414,
      -54.164615631103516,
      -52.21539306640625,
      -52.51289749145508,
      -52.84381866455078,
      -52.76445770263672
    ],
    [
      -85.88617706298828,
      -50.587127685546875,
      -51.85673141479492,
      -56.5183219909668,
      -60.08887481689453,
      -63.55369186401367,
      -55.918922424316406,
      -52.03728103637695,
      -50.3062629699707,
      -53.23113250732422,
      -57.349525451660156
    ]
  ],
  "histogram": [
    {
      "db": -70,
      "frequency": 1
    },
    {
      "db": -69,
      "frequency": 0
    },
    {
      "db": -68,
      "frequency": 0
    },
    {
      "db": -67,
      "frequency": 1
    },
    {
      "db": -66,
      "frequency": 0
    },
    {
      "db": -65,
      "frequency": 1
    },
    {
      "db": -64,
      "frequency": 0
    },
    {
      "db": -63,
      "frequency": 2
    },
    {
      "db": -62,
      "frequency": 1
    },
    {
      "db": -61,
      "frequency": 3
    },
    {
      "db": -60,
      "frequency": 0
    },
    {
      "db": -59,
      "frequency": 2
    },
    {
      "db": -58,
      "frequency": 1
    },
    {
      "db": -57,
      "frequency": 2
    },
    {
      "db": -56,
      "frequency": 1
    },
    {
      "db": -55,
      "frequency": 1
    },
    {
      "db": -54,
      "frequency": 2
    },
    {
      "db": -53,
      "frequency": 1
    },
    {
      "db": -52,
      "frequency": 4
    },
    {
      "db": -51,
      "frequency": 3
    },
    {
      "db": -50,
      "frequency": 2
    },
    {
      "db": -49,
      "frequency": 2
    },
    {
      "db": -48,
      "frequency": 4
    },
    {
      "db": -47,
      "frequency": 1
    },
    {
      "db": -46,
      "frequency": 3
    },
    {
      "db": -45,
      "frequency": 7
    },
    {
      "db": -44,
      "frequency": 1
    },
    {
      "db": -43,
      "frequency": 4
    },
    {
      "db": -42,
      "frequency": 6
    },
    {
      "db": -41,
      "frequency": 7
    },
    {
      "db": -40,
      "frequency": 7
    },
    {
      "db": -39,
      "frequency": 12
    },
    {
      "db": -38,
      "frequency": 5
    },
    {
      "db": -37,
      "frequency": 7
    },
    {
      "db": -36,
      "frequency": 3
    },
    {
      "db": -35,
      "frequency": 6
    },
    {
      "db": -34,
      "frequency": 9
    },
    {
      "db": -33,
      "frequency": 10
    },
    {
      "db": -32,
      "frequency": 10
    },
    {
      "db": -31,
      "frequency": 23
    },
    {
      "db": -30,
      "frequency": 37
    },
    {
      "db": -29,
      "frequency": 73
    },
    {
      "db": -28,
      "frequency": 116
    },
    {
      "db": -27,
      "frequency": 205
    },
    {
      "db": -26,
      "frequency": 210
    },
    {
      "db": -25,
      "frequency": 236
    },
    {
      "db": -24,
      "frequency": 197
    },
    {
      "db": -23,
      "frequency": 189
    },
    {
      "db": -22,
      "frequency": 216
    },
    {
      "db": -21,
      "frequency": 200
    },
    {
      "db": -20,
      "frequency": 85
    },
    {
      "db": -19,
      "frequency": 39
    },
    {
      "db": -18,
      "frequency": 4
    },
    {
      "db": -17,
      "frequency": 0
    },
    {
      "db": -16,
      "frequency": 0
    },
    {
      "db": -15,
      "frequency": 0
    },
    {
      "db": -14,
      "frequency": 0
    },
    {
      "db": -13,
      "frequency": 0
    },
    {
      "db": -12,
      "frequency": 0
    },
    {
      "db": -11,
      "frequency": 0
    },
    {
      "db": -10,
      "frequency": 0
    },
    {
      "db": -9,
      "frequency": 0
    },
    {
      "db": -8,
      "frequency": 0
    },
    {
      "db": -7,
      "frequency": 0
    },
    {
      "db": -6,
      "frequency": 0
    },
    {
      "db": -5,
      "frequency": 0
    },
    {
      "db": -4,
      "frequency": 0
    },
    {
      "db": -3,
      "frequency": 0
    },
    {
      "db": -2,
      "frequency": 0
    },
    {
      "db": -1,
      "frequency": 0
    },
    {
      "db": 0,
      "frequency": 0
    },
    {
      "db": 1,
      "frequency": 0
    },
    {
      "db": 2,
      "frequency": 0
    },
    {
      "db": 3,
      "frequency": 0
    },
    {
      "db": 4,
      "frequency": 0
    },
