{
  "acoustic_entropy": 209.069580078125,
  "bands": [
    {
      "high_freq": 148.1999969482422,
      "loudness": -33.97880172729492,
      "loudness_range": 9.009515762329102,
      "mid_mean": -30.382022857666016,
      "mid_to_side_loudness": -22.880056381225586,
      "mid_to_side_loudness_range": 23.71328353881836,
      "side_mean": -54.22604751586914
    },
    {
      "high_freq": 392.3793640136719,
      "loudness": -35.102821350097656,
      "loudness_range": 11.159614562988281,
      "low_freq": 148.1999969482422,
      "mid_mean": -32.13522720336914,
      "mid_to_side_loudness": -8.915406227111816,
      "mid_to_side_loudness_range": 13.252472877502441,
      "side_mean": -41.20025634765625
    },
    {
      "high_freq": 794.6976318359375,
      "loudness": -36.74462890625,
      "loudness_range": 15.822097778320312,
      "low_freq": 392.3793640136719,
      "mid_mean": -33.90211486816406,
      "mid_to_side_loudness": -7.994967460632324,
      "mid_to_side_loudness_range": 10.490241050720215,
      "side_mean": -41.92081832885742
    },
    {
      "high_freq": 1457.5709228515625,
      "loudness": -40.41896438598633,
      "loudness_range": 20.320764541625977,
      "low_freq": 794.6976318359375,
      "mid_mean": -37.7984504699707,
      "mid_to_side_loudness": -6.616514682769775,
      "mid_to_side_loudness_range": 10.989655494689941,
      "side_mean": -44.460472106933594
    },
    {
      "high_freq": 2549.74365234375,
      "loudness": -40.153350830078125,
      "loudness_range": 22.60038948059082,
      "low_freq": 1457.5709228515625,
      "mid_mean": -37.46234130859375,
      "mid_to_side_loudness": -6.798214912414551,
      "mid_to_side_loudness_range": 10.992399215698242,
      "side_mean": -44.394039154052734
    },
    {
      "high_freq": 4349.24462890625,
      "loudness": -42.72673797607422,
      "loudness_range": 20.95027732849121,
      "low_freq": 2549.74365234375,
      "mid_mean": -40.1104736328125,
      "mid_to_side_loudness": -6.282811641693115,
      "mid_to_side_loudness_range": 9.686857223510742,
      "side_mean": -46.50584030151367
    },
    {
      "high_freq": 7314.1640625,
      "loudness": -45.37907409667969,
      "loudness_range": 18.43405532836914,
      "low_freq": 4349.24462890625,
      "mid_mean": -43.09732437133789,
      "mid_to_side_loudness": -5.380152702331543,
      "mid_to_side_loudness_range": 11.125873565673828,
      "side_mean": -48.767337799072266
    },
    {
      "high_freq": 12199.2666015625,
      "loudness": -46.17792892456055,
      "loudness_range": 16.644119262695312,
      "low_freq": 7314.1640625,
      "mid_mean": -43.82874298095703,
      "mid_to_side_loudness": -5.735494613647461,
      "mid_to_side_loudness_range": 11.299038887023926,
      "side_mean": -50.60427474975586
    },
    {
      "loudness": -54.23468780517578,
      "loudness_range": 16.243328094482422,
      "low_freq": 12199.2666015625,
      "mid_mean": -52.696319580078125,
      "mid_to_side_loudness": -4.372560977935791,
      "mid_to_side_loudness_range": 8.016275405883789,
      "side_mean": -56.62754440307617
    }
  ],
  "bands_short": [
    {
      "high_freq": 148.1999969482422,
      "loudness": -36.125,
      "loudness_range": 15.6431884765625,
      "mid_mean": -32.59715270996094,
      "mid_to_side_loudness": -27.940446853637695,
      "mid_to_side_loudness_range": 33.94981384277344,
      "side_mean": -61.46629333496094
    },
    {
      "high_freq": 392.3793640136719,
      "loudness": -35.08561706542969,
      "loudness_range": 13.739175796508789,
      "low_freq": 148.1999969482422,
      "mid_mean": -32.2049446105957,
      "mid_to_side_loudness": -10.102043151855469,
      "mid_to_side_loudness_range": 18.55678367614746,
      "side_mean": -42.46842956542969
    },
    {
      "high_freq": 794.6976318359375,
      "loudness": -37.90314865112305,
      "loudness_range": 19.205482482910156,
      "low_freq": 392.3793640136719,
      "mid_mean": -35.25962829589844,
      "mid_to_side_loudness": -7.593751430511475,
      "mid_to_side_loudness_range": 14.008069038391113,
      "side_mean": -42.90638732910156
    },
    {
      "high_freq": 1457.5709228515625,
      "loudness": -40.54389953613281,
      "loudness_range": 22.44840431213379,
      "low_freq": 794.6976318359375,
      "mid_mean": -37.98506164550781,
      "mid_to_side_loudness": -6.9170613288879395,
      "mid_to_side_loudness_range": 13.284566879272461,
      "side_mean": -45.011314392089844
    },
    {
      "high_freq": 2549.74365234375,
      "loudness": -41.0793342590332,
      "loudness_range": 24.831350326538086,
      "low_freq": 1457.5709228515625,
      "mid_mean": -38.665260314941406,
      "mid_to_side_loudness": -6.384047508239746,
      "mid_to_side_loudness_range": 14.720008850097656,
      "side_mean": -45.378089904785156
    },
    {
      "high_freq": 4349.24462890625,
      "loudness": -43.598873138427734,
      "loudness_range": 23.804080963134766,
      "low_freq": 2549.74365234375,
      "mid_mean": -41.2923469543457,
      "mid_to_side_loudness": -5.836285591125488,
      "mid_to_side_loudness_range": 13.605846405029297,
      "side_mean": -47.42204666137695
    },
    {
      "high_freq": 7314.1640625,
      "loudness": -47.29024124145508,
      "loudness_range": 21.48077392578125,
      "low_freq": 4349.24462890625,
      "mid_mean": -45.21382522583008,
      "mid_to_side_loudness": -5.054558277130127,
      "mid_to_side_loudness_range": 12.107409477233887,
      "side_mean": -51.198036193847656
    },
    {
      "high_freq": 12199.2666015625,
      "loudness": -48.87359619140625,
      "loudness_range": 22.66246795654297,
      "low_freq": 7314.1640625,
      "mid_mean": -46.994285583496094,
      "mid_to_side_loudness": -6.127171993255615,
      "mid_to_side_loudness_range": 16.055755615234375,
      "side_mean": -53.9222297668457
    },
    {
      "loudness": -58.79689407348633,
      "loudness_range": 26.62171173095703,
      "low_freq": 12199.2666015625,
      "mid_mean": -56.483116149902344,
      "mid_to_side_loudness": -6.349435329437256,
      "mid_to_side_loudness_range": 15.460186004638672,
      "side_mean": -61.15753936767578
    }
  ],
  "bandwidth": 625.11083984375,
  "channels": 2,
  "covariance": [
    [
      18.26369857788086,
      15.099485397338867,
      7.8873467445373535,
      8.340354919433594,
      9.028343200683594,
      9.70653247833252,
      9.843873023986816,
      8.95478343963623,
      6.477595806121826,
      5.423581123352051,
      6.311336517333984,
      6.130356311798096,
      8.07841682434082,
      7.760293960571289,
      6.656383514404297,
      7.95796012878418,
      7.719347953796387,
      6.401852607727051
    ],
    [
      15.099485397338867,
      72.75299835205078,
      10.953837394714355,
      24.151126861572266,
      16.312578201293945,
      24.594823837280273,
      26.92603302001953,
      25.723966598510742,
      25.391725540161133,
      29.75886344909668,
      23.640443801879883,
      29.61767578125,
      14.339347839355469,
      24.52960205078125,
      6.691819667816162,
      24.997587203979492,
      18.28566551208496,
      18.562686920166016
    ],
    [
      7.8873467445373535,
      10.953837394714355,
      19.892597198486328,
      15.148980140686035,
      15.468976020812988,
      13.450125694274902,
      14.824623107910156,
      11.074254989624023,
      12.703095436096191,
      9.079202651977539,
      12.79092788696289,
      11.241052627563477,
      9.429731369018555,
      9.99674129486084,
      9.663058280944824,
      10.624749183654785,
      8.631646156311035,
      6.751138210296631
    ],
    [
      8.340354919433594,
      24.151126861572266,
      15.148980140686035,
      32.16599655151367,
      16.652069091796875,
      21.352067947387695,
      19.656280517578125,
      21.127117156982422,
      16.95293426513672,
      18.94020652770996,
      16.36033821105957,
      18.635101318359375,
      10.227736473083496,
      15.544179916381836,
      7.968778133392334,
      14.499523162841797,
      10.960428237915039,
      12.768969535827637
    ],
    [
      9.028343200683594,
      16.312578201293945,
      15.468976020812988,
      16.652069091796875,
      33.90214920043945,
      27.311141967773438,
      31.48124122619629,
      23.768129348754883,
      27.02191162109375,
      19.012483596801758,
      24.602218627929688,
      20.187772750854492,
      14.348261833190918,
      15.729612350463867,
      13.276311874389648,
      14.833759307861328,
      12.172469139099121,
      9.824906349182129
    ],
    [
      9.70653247833252,
      24.594823837280273,
      13.450125694274902,
      21.352067947387695,
      27.311141967773438,
      35.67205810546875,
      30.45618438720703,
      29.76213836669922,
      25.426294326782227,
      26.719379425048828,
      25.10167121887207,
      27.373512268066406,
      14.925178527832031,
      20.58565330505371,
      11.502093315124512,
      16.40357208251953,
      11.249446868896484,
      11.35478401184082
    ],
    [
      9.843873023986816,
      26.92603302001953,
      14.824623107910156,
      19.656280517578125,
      31.48124122619629,
      30.45618438720703,
      52.576271057128906,
      37.37871170043945,
      41.13225555419922,
      35.676780700683594,
      36.18579864501953,
      32.984249114990234,
      15.432942390441895,
      21.685096740722656,
      10.551862716674805,
      18.39506721496582,
      12.993735313415527,
      13.00994873046875
    ],
    [
      8.95478343963623,
      25.723966598510742,
      11.074254989624023,
      21.127117156982422,
      23.768129348754883,
      29.76213836669922,
      37.37871170043945,
      38.42314910888672,
      30.00506591796875,
      33.38623046875,
      28.338369369506836,
      31.187746047973633,
      13.581221580505371,
      22.36589241027832,
      8.02159309387207,
      17.277931213378906,
      11.63370132446289,
      13.456787109375
    ],
    [
      6.477595806121826,
      25.391725540161133,
      12.703095436096191,
      16.95293426513672,
      27.02191162109375,
      25.426294326782227,
      41.13225555419922,
      30.00506591796875,
      64.82660675048828,
      57.34870910644531,
      54.4552001953125,
      48.053810119628906,
      15.765195846557617,
      24.248279571533203,
      7.423558712005615,
      20.28121566772461,
      12.068266868591309,
      13.07991886138916
    ],
    [
      5.423581123352051,
      29.75886344909668,
      9.079202651977539,
      18.94020652770996,
      19.012483596801758,
      26.719379425048828,
      35.676780700683594,
      33.38623046875,
      57.34870910644531,
      66.12361145019531,
      50.2296142578125,
      53.05256652832031,
      13.951775550842285,
      27.02927017211914,
      2.270179510116577,
      20.850177764892578,
      10.426469802856445,
      14.626331329345703
    ],
    [
      6.311336517333984,
      23.640443801879883,
      12.79092788696289,
      16.36033821105957,
      24.602218627929688,
      25.10167121887207,
      36.18579864501953,
      28.338369369506836,
      54.4552001953125,
      50.2296142578125,
      56.442771911621094,
      47.69972610473633,
      20.748781204223633,
      25.91720962524414,
      11.39891529083252,
      20.832448959350586,
      13.231636047363281,
      12.33857250213623
    ],
    [
      6.130356311798096,
      29.61767578125,
      11.241052627563477,
      18.635101318359375,
      20.187772750854492,
      27.373512268066406,
      32.984249114990234,
      31.187746047973633,
      48.053810119628906,
      53.05256652832031,
      47.69972610473633,
      52.220741271972656,
      18.27223014831543,
      31.069190979003906,
      7.053092956542969,
      23.428510665893555,
      13.233169555664062,
      15.403590202331543
    ],
    [
      8.07841682434082,
      14.339347839355469,
      9.429731369018555,
      10.227736473083496,
      14.348261833190918,
      14.925178527832031,
      15.432942390441895,
      13.581221580505371,
      15.765195846557617,
      13.951775550842285,
      20.748781204223633,
      18.27223014831543,
      43.528656005859375,
      27.97641372680664,
      33.72348403930664,
      27.05834197998047,
      26.530353546142578,
      17.175914764404297
    ],
    [
      7.760293960571289,
      24.52960205078125,
      9.99674129486084,
      15.544179916381836,
      15.729612350463867,
      20.58565330505371,
      21.685096740722656,
      22.36589241027832,
      24.248279571533203,
      27.02927017211914,
      25.91720962524414,
      31.069190979003906,
      27.97641372680664,
      37.44798278808594,
      19.311643600463867,
      33.40047836303711,
      26.45229721069336,
      27.299179077148438
    ],
    [
      6.656383514404297,
      6.691819667816162,
      9.663058280944824,
      7.968778133392334,
      13.276311874389648,
      11.502093315124512,
      10.551862716674805,
      8.02159309387207,
      7.423558712005615,
      2.270179510116577,
      11.39891529083252,
      7.053092956542969,
      33.72348403930664,
      19.311643600463867,
      38.44308853149414,
      23.379858016967773,
      26.080839157104492,
      15.99868106842041
    ],
    [
      7.95796012878418,
      24.997587203979492,
      10.624749183654785,
      14.499523162841797,
      14.833759307861328,
      16.40357208251953,
      18.39506721496582,
      17.277931213378906,
      20.28121566772461,
      20.850177764892578,
      20.832448959350586,
      23.428510665893555,
      27.05834197998047,
      33.40047836303711,
      23.379858016967773,
      45.2669677734375,
      39.781829833984375,
      39.33625411987305
    ],
    [
      7.719347953796387,
      18.28566551208496,
      8.631646156311035,
      10.960428237915039,
      12.172469139099121,
      11.249446868896484,
      12.993735313415527,
      11.63370132446289,
      12.068266868591309,
      10.426469802856445,
      13.231636047363281,
      13.233169555664062,
      26.530353546142578,
      26.45229721069336,
      26.080839157104492,
      39.781829833984375,
      42.644527435302734,
      37.91031265258789
    ],
    [
      6.401852607727051,
      18.562686920166016,
      6.751138210296631,
      12.768969535827637,
      9.824906349182129,
      11.35478401184082,
      13.00994873046875,
      13.456787109375,
      13.07991886138916,
      14.626331329345703,
      12.33857250213623,
      15.403590202331543,
      17.175914764404297,
      27.299179077148438,
      15.99868106842041,
      39.33625411987305,
      37.91031265258789,
      46.230838775634766
    ]
  ],
  "covariance_short": [
    [
      43.923744201660156,
      9.16869831085205,
      12.716313362121582,
      8.797537803649902,
      8.141667366027832,
      8.457555770874023,
      8.433286666870117,
      8.402350425720215,
      3.63460373878479,
      2.90505313873291,
      3.335541009902954,
      3.987549304962158,
      7.61830472946167,
      7.139206886291504,
      6.9507598876953125,
      7.036566257476807,
      6.836191177368164,
      4.244141101837158
    ],
    [
      9.16869831085205,
      51.692237854003906,
      13.221895217895508,
      26.17099380493164,
      16.38962173461914,
      24.980329513549805,
      25.06473159790039,
      24.81808853149414,
      21.177631378173828,
      25.648399353027344,
      22.0657958984375,
      29.243942260742188,
      16.94287872314453,
      28.654644012451172,
      11.61778736114502,
      22.15374755859375,
      13.890064239501953,
      15.03331470489502
    ],
    [
      12.716313362121582,
      13.221895217895508,
      31.347747802734375,
      19.12774658203125,
      20.35103416442871,
      16.397933959960938,
      18.42428970336914,
      13.944462776184082,
      16.069679260253906,
      12.501263618469238,
      15.776665687561035,
      14.841409683227539,
      11.538348197937012,
      13.540315628051758,
      14.526596069335938,
      14.862253189086914,
      12.032124519348145,
      10.886212348937988
    ],
    [
      8.797537803649902,
      26.17099380493164,
      19.12774658203125,
      51.830081939697266,
      24.10957908630371,
      33.72798538208008,
      27.62862777709961,
      30.140382766723633,
      20.99680519104004,
      25.60884666442871,
      21.0916805267334,
      26.640092849731445,
      15.511847496032715,
      23.180082321166992,
      14.101297378540039,
      19.606369018554688,
      13.741011619567871,
      15.530021667480469
    ],
    [
      8.141667366027832,
      16.38962173461914,
      20.35103416442871,
      24.10957908630371,
      47.01451873779297,
      34.92171096801758,
      39.6784553527832,
      30.366249084472656,
      34.254737854003906,
      25.472841262817383,
      32.18582534790039,
      27.507774353027344,
      20.238325119018555,
      22.114652633666992,
      22.90107536315918,
      20.455419540405273,
      18.07224464416504,
      14.094653129577637
    ],
    [
      8.457555770874023,
      24.980329513549805,
      16.397933959960938,
      33.72798538208008,
      34.92171096801758,
      51.5827751159668,
      36.62306213378906,
      38.710914611816406,
      28.976581573486328,
      34.14937210083008,
      29.56486701965332,
      35.351318359375,
      21.17875099182129,
      29.444286346435547,
      18.504934310913086,
      24.31456184387207,
      16.926856994628906,
      17.202463150024414
    ],
    [
      8.433286666870117,
      25.06473159790039,
      18.42428970336914,
      27.62862777709961,
      39.6784553527832,
      36.62306213378906,
      62.47533416748047,
      43.60629653930664,
      48.105674743652344,
      40.719390869140625,
      43.93569564819336,
      38.95181655883789,
      24.417211532592773,
      29.01644515991211,
      22.794567108154297,
      24.56045150756836,
      18.666593551635742,
      16.80109977722168
    ],
    [
      8.402350425720215,
      24.81808853149414,
      13.944462776184082,
      30.140382766723633,
      30.366249084472656,
      38.710914611816406,
      43.60629653930664,
      49.876285552978516,
      34.132572174072266,
      40.57950210571289,
      33.09177017211914,
      38.71013259887695,
      20.508087158203125,
      30.522476196289062,
      16.028316497802734,
      24.249759674072266,
      16.273338317871094,
      18.28519058227539
    ],
    [
      3.63460373878479,
      21.177631378173828,
      16.069679260253906,
      20.99680519104004,
      34.254737854003906,
      28.976581573486328,
      48.105674743652344,
      34.132572174072266,
      78.47502899169922,
      61.54730224609375,
      66.0373306274414,
      53.82033920288086,
      29.048797607421875,
      33.50910949707031,
      21.039409637451172,
      26.75789451599121,
      16.86089515686035,
      17.86143684387207
    ],
    [
      2.90505313873291,
      25.648399353027344,
      12.501263618469238,
      25.60884666442871,
      25.472841262817383,
      34.14937210083008,
      40.719390869140625,
      40.57950210571289,
      61.54730224609375,
      77.08295440673828,
      56.25576400756836,
      62.59100341796875,
      25.367897033691406,
      40.93920135498047,
      12.295904159545898,
      30.756319046020508,
      15.102932929992676,
      22.68093490600586
    ],
    [
      3.335541009902954,
      22.0657958984375,
      15.776665687561035,
      21.0916805267334,
      32.18582534790039,
      29.56486701965332,
      43.93569564819336,
      33.09177017211914,
      66.0373306274414,
      56.25576400756836,
      73.9508056640625,
      55.85471725463867,
      37.29221725463867,
      38.0969352722168,
      28.610782623291016,
      30.77564239501953,
      22.339248657226562,
      20.13111114501953
    ],
    [
      3.987549304962158,
      29.243942260742188,
      14.841409683227539,
      26.640092849731445,
      27.507774353027344,
      35.351318359375,
      38.95181655883789,
      38.71013259887695,
      53.82033920288086,
      62.59100341796875,
      55.85471725463867,
      66.75118255615234,
      31.278169631958008,
      47.74259567260742,
      19.988262176513672,
      38.00556182861328,
      21.93675422668457,
      27.86075782775879
    ],
    [
      7.61830472946167,
      16.94287872314453,
      11.538348197937012,
      15.511847496032715,
      20.238325119018555,
      21.17875099182129,
      24.417211532592773,
      20.508087158203125,
      29.048797607421875,
      25.367897033691406,
      37.29221725463867,
      31.278169631958008,
      60.451114654541016,
      44.61710739135742,
      54.47148132324219,
      45.08005142211914,
      45.4150505065918,
      32.371116638183594
    ],
    [
      7.139206886291504,
      28.654644012451172,
      13.540315628051758,
      23.180082321166992,
      22.114652633666992,
      29.444286346435547,
      29.01644515991211,
      30.522476196289062,
      33.50910949707031,
      40.93920135498047,
      38.0969352722168,
      47.74259567260742,
      44.61710739135742,
      69.29985046386719,
      38.09255599975586,
      64.24832916259766,
      46.99658203125,
      50.58616638183594
    ],
    [
      6.9507598876953125,
      11.61778736114502,
      14.526596069335938,
      14.101297378540039,
      22.90107536315918,
      18.504934310913086,
      22.794567108154297,
      16.028316497802734,
      21.039409637451172,
      12.295904159545898,
      28.610782623291016,
      19.988262176513672,
      54.47148132324219,
      38.09255599975586,
      72.47867584228516,
      49.00750732421875,
      56.95891189575195,
      37.737060546875
    ],
    [
      7.036566257476807,
      22.15374755859375,
      14.862253189086914,
      19.606369018554688,
      20.455419540405273,
      24.31456184387207,
      24.56045150756836,
      24.249759674072266,
      26.75789451599121,
      30.756319046020508,
      30.77564239501953,
      38.00556182861328,
      45.08005142211914,
      64.24832916259766,
      49.00750732421875,
      74.35091400146484,
      59.17985534667969,
      62.30594253540039
    ],
    [
      6.836191177368164,
      13.890064239501953,
      12.032124519348145,
      13.741011619567871,
      18.07224464416504,
      16.926856994628906,
      18.666593551635742,
      16.273338317871094,
      16.86089515686035,
      15.102932929992676,
      22.339248657226562,
      21.93675422668457,
      45.4150505065918,
      46.99658203125,
      56.95891189575195,
      59.17985534667969,
      67.81005859375,
      56.25026321411133
    ],
    [
      4.244141101837158,
      15.03331470489502,
      10.886212348937988,
      15.530021667480469,
      14.094653129577637,
      17.202463150024414,
      16.80109977722168,
      18.28519058227539,
      17.86143684387207,
      22.68093490600586,
      20.13111114501953,
      27.86075782775879,
      32.371116638183594,
      50.58616638183594,
      37.737060546875,
      62.30594253540039,
      56.25026321411133,
      68.7319107055664
    ]
  ],
  "damage": -19.362730026245117,
  "diff_bandwidth": 722.3427734375,
  "dissonance": 8.01776302852354,
  "drr": 13.241937637329102,
  "dynamics": 3.3474295139312744,
  "format": 1245190,
  "frames": 8723196,
  "freq_pan_to_db": [
    [
      -52.597434997558594,
      -48.82440948486328,
      -47.90755844116211,
      -39.520851135253906,
      -29.228832244873047,
      -27.735919952392578,
      -31.23525047302246,
      -40.421512603759766,
      -45.975772857666016,
      -51.23606872558594,
      -53.18180465698242
    ],
    [
      -41.27363204956055,
      -35.601905822753906,
      -29.527503967285156,
      -28.788402557373047,
      -25.213796615600586,
      -21.71319580078125,
      -25.258790969848633,
      -29.98310661315918,
      -31.208471298217773,
      -33.53999710083008,
      -35.43632125854492
    ],
    [
      -29.460906982421875,
      -27.827333450317383,
      -26.08814239501953,
      -25.17156219482422,
      -24.645662307739258,
      -24.002901077270508,
      -24.524389266967773,
      -25.179834365844727,
      -26.384096145629883,
      -27.57889747619629,
      -28.782390594482422
    ],
    [
      -31.555727005004883,
      -30.282516479492188,
      -28.16250991821289,
      -27.643810272216797,
      -27.145097732543945,
      -27.358152389526367,
      -28.01517677307129,
      -28.788007736206055,
      -29.626842498779297,
      -30.087465286254883,
      -31.153942108154297
    ],
    [
      -31.473236083984375,
      -30.18012809753418,
      -29.832460403442383,
      -29.04109764099121,
      -29.085494995117188,
      -29.211910247802734,
      -29.129154205322266,
      -29.268341064453125,
      -30.428462982177734,
      -30.920454025268555,
      -31.452991485595703
    ],
    [
      -31.15455436706543,
      -30.820472717285156,
      -29.892057418823242,
      -28.013166427612305,
      -27.013002395629883,
      -26.68593978881836,
      -27.209163665771484,
      -28.895788192749023,
      -30.502017974853516,
      -31.274629592895508,
      -32.33357620239258
    ],
    [
      -32.39909362792969,
      -31.969573974609375,
      -30.218338012695312,
      -28.438596725463867,
      -26.8514404296875,
      -26.79344940185547,
      -27.41547393798828,
      -29.1344051361084,
      -31.305316925048828,
      -31.85134506225586,
      -31.923099517822266
    ],
    [
      -32.05093765258789,
      -31.68478775024414,
      -31.136764526367188,
      -30.59624481201172,
      -28.69483184814453,
      -26.42138671875,
      -28.89189910888672,
      -30.292095184326172,
      -29.79637336730957,
      -30.36265754699707,
      -30.208208084106445
    ],
    [
      -34.39833450317383,
      -32.490203857421875,
      -32.073272705078125,
      -31.235010147094727,
      -28.147127151489258,
      -27.507184982299805,
      -29.3236026763916,
      -30.995508193969727,
      -30.929346084594727,
      -31.282360076904297,
      -30.90687370300293
    ],
    [
      -30.240123748779297,
      -29.142972946166992,
      -30.416790008544922,
      -30.906423568725586,
      -28.6682186126709,
      -27.727161407470703,
      -28.496517181396484,
      -29.797222137451172,
      -29.697572708129883,
      -30.214046478271484,
      -29.730268478393555
    ],
    [
      -30.13546371459961,
      -29.874052047729492,
      -31.560060501098633,
      -31.40507698059082,
      -30.59443473815918,
      -28.62718963623047,
      -29.3690128326416,
      -30.655881881713867,
      -30.886524200439453,
      -30.92763328552246,
      -31.511005401611328
    ],
    [
      -31.71084976196289,
      -33.37102508544922,
      -34.1400260925293,
      -33.048946380615234,
      -31.7220401763916,
      -29.490922927856445,
      -33.17667007446289,
      -33.186805725097656,
      -32.64613723754883,
      -32.758365631103516,
      -33.8011589050293
    ],
    [
      -35.283531188964844,
      -36.46698760986328,
      -34.74160385131836,
      -34.5608024597168,
      -31.382854461669922,
      -29.372209548950195,
      -32.55170822143555,
      -33.876792907714844,
      -34.79359436035156,
      -36.217247009277344,
      -36.624568939208984
    ],
    [
      -30.022483825683594,
      -32.83831787109375,
      -33.33757781982422,
      -31.912368774414062,
      -29.852935791015625,
      -28.75368881225586,
      -32.65397262573242,
      -33.925804138183594,
      -36.390743255615234,
      -32.549530029296875,
      -32.98442840576172
    ],
    [
      -31.015811920166016,
      -33.787010192871094,
      -33.814456939697266,
      -33.651309967041016,
      -33.23515701293945,
      -29.42469596862793,
      -32.202537536621094,
      -36.05168151855469,
      -35.187320709228516,
      -35.45679473876953,
      -34.55833053588867
    ],
    [
      -34.213035583496094,
      -35.16472625732422,
      -36.26628875732422,
      -36.863189697265625,
      -33.40472412109375,
      -30.255390167236328,
      -32.91878890991211,
      -35.52439880371094,
      -35.6839485168457,
      -36.37020492553711,
      -35.392391204833984
    ],
    [
      -33.95380783081055,
      -35.652374267578125,
      -37.79279327392578,
      -37.591468811035156,
      -34.06309509277344,
      -32.967735290527344,
      -36.355499267578125,
      -37.68024826049805,
      -35.447723388671875,
      -34.174564361572266,
      -33.27534484863281
    ],
    [
      -34.79863739013672,
      -34.46263885498047,
      -37.00397872924805,
      -38.55807113647461,
      -36.270816802978516,
      -33.13254165649414,
      -36.936195373535156,
      -38.37925720214844,
      -36.400943756103516,
      -35.245361328125,
      -32.28253173828125
    ],
    [
      -36.71372604370117,
      -36.687904357910156,
      -37.70384216308594,
      -39.38863754272461,
      -36.82526397705078,
      -34.016578674316406,
      -37.55609893798828,
      -37.739681243896484,
      -35.23200988769531,
      -37.4443359375,
      -36.837032318115234
    ],
    [
      -33.33052062988281,
      -33.5743293762207,
      -34.00254821777344,
      -34.94827651977539,
      -33.73691177368164,
      -33.785987854003906,
      -35.23938751220703,
      -35.00606155395508,
      -34.881717681884766,
      -35.618892669677734,
      -38.39057922363281
    ],
    [
      -33.08787155151367,
      -34.65321350097656,
      -33.23880386352539,
      -34.34281539916992,
      -34.49881362915039,
      -34.87208938598633,
      -33.64988327026367,
      -34.17066955566406,
      -34.882057189941406,
      -34.22061538696289,
      -35.46708297729492
    ],
    [
      -31.271482467651367,
      -34.85276794433594,
      -35.21950149536133,
      -34.72246551513672,
      -35.303810119628906,
      -36.45884704589844,
      -35.191062927246094,
      -35.18473815917969,
      -35.51270294189453,
      -34.679622650146484,
      -30.822660446166992
    ],
    [
      -34.20681381225586,
      -35.11520767211914,
      -36.291316986083984,
      -36.94998550415039,
      -35.25847625732422,
      -36.158050537109375,
      -35.70693588256836,
      -37.38803482055664,
      -35.55324172973633,
      -35.52288055419922,
      -30.605382919311523
    ],
    [
      -33.84157180786133,
      -37.333351135253906,
      -37.81150817871094,
      -37.92628860473633,
      -37.497684478759766,
      -37.132484436035156,
      -37.20949935913086,
      -38.96958541870117,
      -39.0294303894043,
      -38.262054443359375,
      -36.082130432128906
    ],
    [
      -42.82016372680664,
      -42.734928131103516,
      -41.39958572387695,
      -40.3994140625,
      -38.42145538330078,
      -37.59682083129883,
      -37.97832107543945,
      -39.937644958496094,
      -41.99872589111328,
      -43.1724853515625,
      -43.96243667602539
    ],
    [
      -35.798831939697266,
      -44.82272720336914,
      -44.0384521484375,
      -43.896732330322266,
      -42.37810516357422,
      -41.679115295410156,
      -41.74263381958008,
      -42.89009094238281,
      -44.23931884765625,
      -45.05891418457031,
      -46.15543746948242
    ],
    [
      -41.83901596069336,
      -42.1468620300293,
      -42.933345794677734,
      -43.23831558227539,
      -42.72643280029297,
      -41.862709045410156,
      -41.51423263549805,
      -43.05735397338867,
      -42.84882736206055,
      -41.60858154296875,
      -37.33692169189453
    ],
    [
      -46.12738800048828,
      -45.2530517578125,
      -45.59699249267578,
      -44.877559661865234,
      -44.36040496826172,
      -42.99048614501953,
      -44.5099983215332,
      -45.037662506103516,
      -45.65321350097656,
      -44.82728958129883,
      -48.144039154052734
    ],
    [
      -46.01176071166992,
      -45.6629753112793,
      -46.091529846191406,
      -46.6789665222168,
      -46.22282409667969,
      -43.38187789916992,
      -46.09241485595703,
      -46.15627670288086,
      -46.371585845947266,
      -46.43959045410156,
      -47.73979949951172
    ],
    [
      -52.68727111816406,
      -46.76333999633789,
      -46.42123794555664,
      -46.7221565246582,
      -46.51358413696289,
      -40.72975540161133,
      -46.55455780029297,
      -46.69501495361328,
      -46.72536849975586,
      -46.301475524902344,
      -52.74899673461914
    ],
    [
      -64.46613311767578,
      -45.87431335449219,
      -46.89339065551758,
      -47.548702239990234,
      -47.466590881347656,
      -40.25580596923828,
      -47.705238342285156,
      -47.65154266357422,
      -47.2857780456543,
      -45.769248962402344,
      -41.95577621459961
    ],
    [
      -45.97516632080078,
      -47.14453125,
      -47.38010025024414,
      -48.52474594116211,
      -48.591060638427734,
      -42.79168701171875,
      -48.66964340209961,
      -49.128273010253906,
      -48.56669998168945,
      -50.589778900146484,
      -46.86549758911133
    ],
    [
      -53.6057243347168,
      -50.831180572509766,
      -47.37765121459961,
      -48.111907958984375,
      -48.9311637878418,
      -44.12522888183594,
      -48.88296890258789,
      -49.148460388183594,
      -49.08060073852539,
      -46.629676818847656,
      -45.76205825805664
    ],
    [
      -63.64007568359375,
      -47.3330078125,
      -46.64086151123047,
      -46.97621536254883,
      -47.094032287597656,
      -43.38473129272461,
      -47.99654006958008,
      -49.054012298583984,
      -48.78009796142578,
      -47.49531173706055,
      -48.97471618652344
    ],
    [
      -46.06167221069336,
      -45.91301727294922,
      -46.09857940673828,
      -47.483726501464844,
      -47.452457427978516,
      -41.979469299316406,
      -46.803775787353516,
      -47.696529388427734,
      -47.96772766113281,
      -47.78594970703125,
      -42.96013259887695
    ],
    [
      -370,
      -44.452030181884766,
      -45.39238357543945,
      -49.084678649902344,
      -50.672664642333984,
      -44.61036682128906,
      -47.57815933227539,
      -46.475711822509766,
      -45.92643737792969,
      -45.26040267944336,
      -370
    ],
    [
      -150.75303649902344,
      -46.86427688598633,
      -47.45198059082031,
      -50.250850677490234,
      -51.330787658691406,
      -48.39657211303711,
      -49.82829666137695,
      -48.96377944946289,
      -49.15998840332031,
      -49.40034103393555,
      -370
    ],
    [
      -42.317527770996094,
      -39.955650329589844,
      -48.04425811767578,
      -52.17089080810547,
      -52.818031311035156,
      -51.48411178588867,
      -51.2446403503418,
      -51.07229232788086,
      -52.832847595214844,
      -51.24591827392578,
      -370
    ],
    [
      -148.73033142089844,
      -45.09397506713867,
      -49.51812744140625,
      -53.83378601074219,
      -53.86919403076172,
      -53.51944351196289,
      -51.63224411010742,
      -51.001407623291016,
      -51.75334167480469,
      -52.643310546875,
      -370
    ],
    [
      -55.151519775390625,
      -47.01566696166992,
      -49.760711669921875,
      -54.600494384765625,
      -56.14508056640625,
      -56.23142623901367,
      -51.940574645996094,
      -50.40070343017578,
      -49.75377655029297,
      -51.25004959106445,
      -370
    ],
    [
      -64.06214904785156,
      -45.077392578125,
      -51.07971954345703,
      -55.01923751831055,
      -58.372047424316406,
      -59.688438415527344,
      -54.176597595214844,
      -52.24504852294922,
      -52.434085845947266,
      -52.66062545776367,
      -51.490901947021484
    ],
    [
      -148.8935089111328,
      -51.60841369628906,
      -51.590938568115234,
      -56.48611831665039,
      -60.11946487426758,
      -63.82084274291992,
      -55.83523941040039,
      -52.1696891784668,
      -50.339420318603516,
      -52.32223129272461,
      -66.14989471435547
    ]
  ],
  "histogram": [
    {
      "db": -70,
      "frequency": 1
    },
    {
      "db": -69,
      "frequency": 0
    },
    {
      "db": -68,
      "frequency": 0
    },
    {
      "db": -67,
      "frequency": 1
    },
    {
      "db": -66,
      "frequency": 0
    },
    {
      "db": -65,
      "frequency": 1
    },
    {
      "db": -64,
      "frequency": 0
    },
    {
      "db": -63,
      "frequency": 2
    },
    {
      "db": -62,
      "frequency": 1
    },
    {
      "db": -61,
      "frequency": 3
    },
    {
      "db": -60,
      "frequency": 0
    },
    {
      "db": -59,
      "frequency": 2
    },
    {
      "db": -58,
      "frequency": 1
    },
    {
      "db": -57,
      "frequency": 3
    },
    {
      "db": -56,
      "frequency": 0
    },
    {
      "db": -55,
      "frequency": 2
    },
    {
      "db": -54,
      "frequency": 1
    },
    {
      "db": -53,
      "frequency": 1
    },
    {
      "db": -52,
      "frequency": 4
    },
    {
      "db": -51,
      "frequency": 5
    },
    {
      "db": -50,
      "frequency": 1
    },
    {
      "db": -49,
      "frequency": 3
    },
    {
      "db": -48,
      "frequency": 2
    },
    {
      "db": -47,
      "frequency": 2
    },
    {
      "db": -46,
      "frequency": 3
    },
    {
      "db": -45,
      "frequency": 6
    },
    {
      "db": -44,
      "frequency": 2
    },
    {
      "db": -43,
      "frequency": 4
    },
    {
      "db": -42,
      "frequency": 6
    },
    {
      "db": -41,
      "frequency": 6
    },
    {
      "db": -40,
      "frequency": 8
    },
    {
      "db": -39,
      "frequency": 13
    },
    {
      "db": -38,
      "frequency": 3
    },
    {
      "db": -37,
      "frequency": 8
    },
    {
      "db": -36,
      "frequency": 2
    },
    {
      "db": -35,
      "frequency": 7
    },
    {
      "db": -34,
      "frequency": 9
    },
    {
      "db": -33,
      "frequency": 10
    },
    {
      "db": -32,
      "frequency": 10
    },
    {
      "db": -31,
      "frequency": 23
    },
    {
      "db": -30,
      "frequency": 39
    },
    {
      "db": -29,
      "frequency": 76
    },
    {
      "db": -28,
      "frequency": 122
    },
    {
      "db": -27,
      "frequency": 195
    },
    {
      "db": -26,
      "frequency": 216
    },
    {
      "db": -25,
      "frequency": 235
    },
    {
      "db": -24,
      "frequency": 197
    },
    {
      "db": -23,
      "frequency": 175
    },
    {
      "db": -22,
      "frequency": 220
    },
    {
      "db": -21,
      "frequency": 192
    },
    {
      "db": -20,
      "frequency": 89
    },
    {
      "db": -19,
      "frequency": 34
    },
    {
      "db": -18,
      "frequency": 16
    },
    {
      "db": -17,
      "frequency": 0
    },
    {
      "db": -16,
      "frequency": 0
    },
    {
      "db": -15,
      "frequency": 0
    },
    {
      "db": -14,
      "frequency": 0
    },
    {
      "db": -13,
      "frequency": 0
    },
    {
      "db": -12,
      "frequency": 0
    },
    {
      "db": -11,
      "frequency": 0
    },
    {
      "db": -10,
      "frequency": 0
    },
    {
      "db": -9,
      "frequency": 0
    },
    {
      "db": -8,
      "frequency": 0
    },
    {
      "db": -7,
      "frequency": 0
    },
    {
      "db": -6,
      "frequency": 0
    },
    {
      "db": -5,
      "frequency": 0
    },
    {
      "db": -4,
      "frequency": 0
    },
    {
      "db": -3,
      "frequency": 0
    },
    {
      "db": -2,
      "frequency": 0
    },
    {
      "db": -1,
      "frequency": 0
    },
    {
      "db": 0,
      "frequency": 0
    },
    {
      "db": 1,
      "frequency": 0
    },
    {
      "db": 2,
      "frequency": 0
    },
    {
      "db": 3,
      "frequency": 0
    },
    {
      "db": 4,
      "frequency": 0
    },
    {
      "db": 5,
      "frequency": 0
    },
    {
      "db": 6,
      "frequency": 0
    },
    {
      "db": 7,
      "frequency": 0
    },
    {
      "db": 8,
