{
  "acoustic_entropy": 199.29940795898438,
  "bands": [
    {
      "high_freq": 148.1999969482422,
      "loudness": -33.69632339477539,
      "loudness_range": 9.04587173461914,
      "mid_mean": -30.247676849365234,
      "mid_to_side_loudness": -16.48990249633789,
      "mid_to_side_loudness_range": 24.112497329711914,
      "side_mean": -47.91243362426758
    },
    {
      "high_freq": 392.3793640136719,
      "loudness": -33.93183517456055,
      "loudness_range": 10.911178588867188,
      "low_freq": 148.1999969482422,
      "mid_mean": -32.25520706176758,
      "mid_to_side_loudness": -3.618072032928467,
      "mid_to_side_loudness_range": 13.863011360168457,
      "side_mean": -36.02002716064453
    },
    {
      "high_freq": 794.6976318359375,
      "loudness": -36.904518127441406,
      "loudness_range": 16.022226333618164,
      "low_freq": 392.3793640136719,
      "mid_mean": -34.802120208740234,
      "mid_to_side_loudness": -4.737936019897461,
      "mid_to_side_loudness_range": 10.529766082763672,
      "side_mean": -39.556724548339844
    },
    {
      "high_freq": 1457.5709228515625,
      "loudness": -42.541412353515625,
      "loudness_range": 21.4570255279541,
      "low_freq": 794.6976318359375,
      "mid_mean": -40.512882232666016,
      "mid_to_side_loudness": -4.3778462409973145,
      "mid_to_side_loudness_range": 11.110777854919434,
      "side_mean": -44.94473648071289
    },
    {
      "high_freq": 2549.74365234375,
      "loudness": -42.0010986328125,
      "loudness_range": 26.294353485107422,
      "low_freq": 1457.5709228515625,
      "mid_mean": -39.53474044799805,
      "mid_to_side_loudness": -5.716652870178223,
      "mid_to_side_loudness_range": 11.082762718200684,
      "side_mean": -45.46208572387695
    },
    {
      "high_freq": 4349.24462890625,
      "loudness": -42.57481002807617,
      "loudness_range": 23.519533157348633,
      "low_freq": 2549.74365234375,
      "mid_mean": -39.86660385131836,
      "mid_to_side_loudness": -6.861422061920166,
      "mid_to_side_loudness_range": 10.695693016052246,
      "side_mean": -46.919281005859375
    },
    {
      "high_freq": 7314.1640625,
      "loudness": -49.338226318359375,
      "loudness_range": 18.567996978759766,
      "low_freq": 4349.24462890625,
      "mid_mean": -47.256080627441406,
      "mid_to_side_loudness": -5.063510417938232,
      "mid_to_side_loudness_range": 12.038141250610352,
      "side_mean": -52.82880401611328
    },
    {
      "high_freq": 12199.2666015625,
      "loudness": -52.06840515136719,
      "loudness_range": 17.48330307006836,
      "low_freq": 7314.1640625,
      "mid_mean": -50.888057708740234,
      "mid_to_side_loudness": -5.711729526519775,
      "mid_to_side_loudness_range": 15.31188678741455,
      "side_mean": -56.32260513305664
    },
    {
      "loudness": -59.74165725708008,
      "loudness_range": 17.41549301147461,
      "low_freq": 12199.2666015625,
      "mid_mean": -58.0533561706543,
      "mid_to_side_loudness": -3.251645803451538,
      "mid_to_side_loudness_range": 8.533536911010742,
      "side_mean": -60.56818389892578
    }
  ],
  "bands_short": [
    {
      "high_freq": 148.1999969482422,
      "loudness": -35.857704162597656,
      "loudness_range": 15.604927062988281,
      "mid_mean": -32.402565002441406,
      "mid_to_side_loudness": -21.40587615966797,
      "mid_to_side_loudness_range": 34.055381774902344,
      "side_mean": -56.66874694824219
    },
    {
      "high_freq": 392.3793640136719,
      "loudness": -33.83037567138672,
      "loudness_range": 13.136737823486328,
      "low_freq": 148.1999969482422,
      "mid_mean": -32.185707092285156,
      "mid_to_side_loudness": -4.671291351318359,
      "mid_to_side_loudness_range": 19.36159896850586,
      "side_mean": -37.07799530029297
    },
    {
      "high_freq": 794.6976318359375,
      "loudness": -37.775272369384766,
      "loudness_range": 19.112607955932617,
      "low_freq": 392.3793640136719,
      "mid_mean": -36.07231521606445,
      "mid_to_side_loudness": -4.175701141357422,
      "mid_to_side_loudness_range": 14.217134475708008,
      "side_mean": -40.277713775634766
    },
    {
      "high_freq": 1457.5709228515625,
      "loudness": -42.536224365234375,
      "loudness_range": 23.385181427001953,
      "low_freq": 794.6976318359375,
      "mid_mean": -40.565582275390625,
      "mid_to_side_loudness": -4.670462608337402,
      "mid_to_side_loudness_range": 13.082353591918945,
      "side_mean": -45.36410140991211
    },
    {
      "high_freq": 2549.74365234375,
      "loudness": -42.88629150390625,
      "loudness_range": 28.343692779541016,
      "low_freq": 1457.5709228515625,
      "mid_mean": -40.769004821777344,
      "mid_to_side_loudness": -5.217928409576416,
      "mid_to_side_loudness_range": 14.74589729309082,
      "side_mean": -46.363224029541016
    },
    {
      "high_freq": 4349.24462890625,
      "loudness": -43.46371078491211,
      "loudness_range": 26.239778518676758,
      "low_freq": 2549.74365234375,
      "mid_mean": -41.013980865478516,
      "mid_to_side_loudness": -6.379430770874023,
      "mid_to_side_loudness_range": 14.16159725189209,
      "side_mean": -47.79349899291992
    },
    {
      "high_freq": 7314.1640625,
      "loudness": -51.24690628051758,
      "loudness_range": 21.831127166748047,
      "low_freq": 4349.24462890625,
      "mid_mean": -49.68724060058594,
      "mid_to_side_loudness": -4.717435359954834,
      "mid_to_side_loudness_range": 12.323482513427734,
      "side_mean": -54.62840270996094
    },
    {
      "high_freq": 12199.2666015625,
      "loudness": -54.7321891784668,
      "loudness_range": 22.841552734375,
      "low_freq": 7314.1640625,
      "mid_mean": -53.56759262084961,
      "mid_to_side_loudness": -6.1096954345703125,
      "mid_to_side_loudness_range": 18.10216522216797,
      "side_mean": -59.22173309326172
    },
    {
      "loudness": -64.1192855834961,
      "loudness_range": 26.768402099609375,
      "low_freq": 12199.2666015625,
      "mid_mean": -61.2143669128418,
      "mid_to_side_loudness": -5.35558557510376,
      "mid_to_side_loudness_range": 15.82713794708252,
      "side_mean": -64.04170227050781
    }
  ],
  "bandwidth": 558.3344116210938,
  "channels": 2,
  "covariance": [
    [
      18.162683486938477,
      15.351722717285156,
      8.590716361999512,
      7.6225104331970215,
      9.012063980102539,
      8.603960037231445,
      9.6400728225708,
      8.710847854614258,
      6.230047702789307,
      4.812844276428223,
      5.751245498657227,
      5.303391933441162,
      7.595409393310547,
      6.591071605682373,
      7.856993198394775,
      6.143597602844238,
      6.115139484405518,
      4.591155529022217
    ],
    [
      15.351722717285156,
      81.1305160522461,
      11.979395866394043,
      26.663015365600586,
      18.055530548095703,
      27.415063858032227,
      31.43300437927246,
      30.423717498779297,
      30.827014923095703,
      35.6667366027832,
      28.40801239013672,
      35.65278625488281,
      17.002044677734375,
      26.888614654541016,
      14.316276550292969,
      21.045738220214844,
      12.085393905639648,
      13.067688941955566
    ],
    [
      8.590716361999512,
      11.979395866394043,
      21.043704986572266,
      15.08869457244873,
      16.344329833984375,
      13.195209503173828,
      16.187952041625977,
      11.946148872375488,
      13.965611457824707,
      10.141219139099121,
      13.38427734375,
      11.476960182189941,
      9.874430656433105,
      9.230864524841309,
      13.108482360839844,
      8.528242111206055,
      7.2718658447265625,
      5.510992527008057
    ],
    [
      7.6225104331970215,
      26.663015365600586,
      15.08869457244873,
      32.89408493041992,
      16.685590744018555,
      21.437583923339844,
      21.370197296142578,
      22.792367935180664,
      19.653587341308594,
      21.844158172607422,
      18.074872970581055,
      20.749723434448242,
      10.772876739501953,
      15.452709197998047,
      10.599613189697266,
      14.53429126739502,
      9.649672508239746,
      10.976457595825195
    ],
    [
      9.012063980102539,
      18.055530548095703,
      16.344329833984375,
      16.685590744018555,
      34.992305755615234,
      27.858430862426758,
      34.28611373901367,
      26.09668731689453,
      30.8736515045166,
      23.12380599975586,
      26.44342803955078,
      21.96366310119629,
      14.395910263061523,
      14.709831237792969,
      16.3765869140625,
      12.632314682006836,
      10.165356636047363,
      8.202704429626465
    ],
    [
      8.603960037231445,
      27.415063858032227,
      13.195209503173828,
      21.437583923339844,
      27.858430862426758,
      36.31218719482422,
      33.27378463745117,
      31.58749008178711,
      29.64083480834961,
      31.394084930419922,
      27.79584503173828,
      30.739349365234375,
      14.961210250854492,
      20.38178253173828,
      12.507913589477539,
      16.194578170776367,
      9.536519050598145,
      9.375571250915527
    ],
    [
      9.6400728225708,
      31.43300437927246,
      16.187952041625977,
      21.370197296142578,
      34.28611373901367,
      33.27378463745117,
      60.63898849487305,
      43.806640625,
      51.812347412109375,
      46.511322021484375,
      43.19038009643555,
      39.95009994506836,
      16.875207901000977,
      22.921653747558594,
      15.239859580993652,
      18.84012794494629,
      11.275357246398926,
      11.3673095703125
    ],
    [
      8.710847854614258,
      30.423717498779297,
      11.946148872375488,
      22.792367935180664,
      26.09668731689453,
      31.58749008178711,
      43.806640625,
      43.574462890625,
      39.57940673828125,
      42.640689849853516,
      35.33639144897461,
      38.3052864074707,
      15.772375106811523,
      23.90462875366211,
      11.315498352050781,
      19.199159622192383,
      10.552433013916016,
      11.987774848937988
    ],
    [
      6.230047702789307,
      30.827014923095703,
      13.965611457824707,
      19.653587341308594,
      30.8736515045166,
      29.64083480834961,
      51.812347412109375,
      39.57940673828125,
      87.1412353515625,
      78.5795669555664,
      70.74536895751953,
      62.4876594543457,
      19.40121078491211,
      28.11001968383789,
      13.537273406982422,
      21.83298683166504,
      9.255599975585938,
      11.33868408203125
    ],
    [
      4.812844276428223,
      35.6667366027832,
      10.141219139099121,
      21.844158172607422,
      23.12380599975586,
      31.394084930419922,
      46.511322021484375,
      42.640689849853516,
      78.5795669555664,
      87.07910919189453,
      66.63377380371094,
      69.60887908935547,
      17.926185607910156,
      33.476654052734375,
      8.23121166229248,
      25.366464614868164,
      8.678799629211426,
      13.209968566894531
    ],
    [
      5.751245498657227,
      28.40801239013672,
      13.38427734375,
      18.074872970581055,
      26.44342803955078,
      27.79584503173828,
      43.19038009643555,
      35.33639144897461,
      70.74536895751953,
      66.63377380371094,
      69.16938781738281,
      59.494205474853516,
      23.505861282348633,
      28.727657318115234,
      16.668508529663086,
      21.378480911254883,
      10.717438697814941,
      10.752480506896973
    ],
    [
      5.303391933441162,
      35.65278625488281,
      11.476960182189941,
      20.749723434448242,
      21.96366310119629,
      30.739349365234375,
      39.95009994506836,
      38.3052864074707,
      62.4876594543457,
      69.60887908935547,
      59.494205474853516,
      66.166748046875,
      21.409669876098633,
      35.80542755126953,
      12.549796104431152,
      26.59461212158203,
      11.29818058013916,
      13.997930526733398
    ],
    [
      7.595409393310547,
      17.002044677734375,
      9.874430656433105,
      10.772876739501953,
      14.395910263061523,
      14.961210250854492,
      16.875207901000977,
      15.772375106811523,
      19.40121078491211,
      17.926185607910156,
      23.505861282348633,
      21.409669876098633,
      45.81983947753906,
      28.20450782775879,
      40.03163146972656,
      23.192651748657227,
      25.491004943847656,
      15.602773666381836
    ],
    [
      6.591071605682373,
      26.888614654541016,
      9.230864524841309,
      15.452709197998047,
      14.709831237792969,
      20.38178253173828,
      22.921653747558594,
      23.90462875366211,
      28.11001968383789,
      33.476654052734375,
      28.727657318115234,
      35.80542755126953,
      28.20450782775879,
      41.90230178833008,
      30.83382797241211,
      35.84423065185547,
      26.40271759033203,
      26.104694366455078
    ],
    [
      7.856993198394775,
      14.316276550292969,
      13.108482360839844,
      10.599613189697266,
      16.3765869140625,
      12.507913589477539,
      15.239859580993652,
      11.315498352050781,
      13.537273406982422,
      8.23121166229248,
      16.668508529663086,
      12.549796104431152,
      40.03163146972656,
      30.83382797241211,
      57.43833541870117,
      30.085432052612305,
      36.072933197021484,
      23.10209846496582
    ],
    [
      6.143597602844238,
      21.045738220214844,
      8.528242111206055,
      14.53429126739502,
      12.632314682006836,
      16.194578170776367,
      18.84012794494629,
      19.199159622192383,
      21.83298683166504,
      25.366464614868164,
      21.378480911254883,
      26.59461212158203,
      23.192651748657227,
      35.84423065185547,
      30.085432052612305,
      38.3499755859375,
      30.269493103027344,
      32.7979736328125
    ],
    [
      6.115139484405518,
      12.085393905639648,
      7.2718658447265625,
      9.649672508239746,
      10.165356636047363,
      9.536519050598145,
      11.275357246398926,
      10.552433013916016,
      9.255599975585938,
      8.678799629211426,
      10.717438697814941,
      11.29818058013916,
      25.491004943847656,
      26.40271759033203,
      36.072933197021484,
      30.269493103027344,
      34.427852630615234,
      29.762746810913086
    ],
    [
      4.591155529022217,
      13.067688941955566,
      5.510992527008057,
      10.976457595825195,
      8.202704429626465,
      9.375571250915527,
      11.3673095703125,
      11.987774848937988,
      11.33868408203125,
      13.209968566894531,
      10.752480506896973,
      13.997930526733398,
      15.602773666381836,
      26.104694366455078,
      23.10209846496582,
      32.7979736328125,
      29.762746810913086,
      35.346656799316406
    ]
  ],
  "covariance_short": [
    [
      44.33914566040039,
      10.396471977233887,
      12.537842750549316,
      6.958802223205566,
      7.137962818145752,
      6.193429470062256,
      6.764085292816162,
      7.072339057922363,
      1.7624415159225464,
      1.2991435527801514,
      1.6063214540481567,
      2.294381856918335,
      6.191341876983643,
      5.2877116203308105,
      6.181126117706299,
      4.77021598815918,
      4.651799201965332,
      2.7616143226623535
    ],
    [
      10.396471977233887,
      79.08240509033203,
      16.28582000732422,
      35.617897033691406,
      22.10758399963379,
      32.96089553833008,
      34.19866943359375,
      34.77600860595703,
      31.41160774230957,
      37.85889434814453,
      31.28774070739746,
      42.0875129699707,
      26.793476104736328,
      36.63654327392578,
      21.295230865478516,
      26.471637725830078,
      14.426789283752441,
      14.928312301635742
    ],
    [
      12.537842750549316,
      16.28582000732422,
      31.06622886657715,
      17.917621612548828,
      20.12579345703125,
      15.505642890930176,
      18.263870239257812,
      13.948216438293457,
      16.104265213012695,
      12.874443054199219,
      15.33771800994873,
      14.525260925292969,
      11.61781120300293,
      11.731759071350098,
      14.998160362243652,
      11.461934089660645,
      8.545133590698242,
      7.91818380355835
    ],
    [
      6.958802223205566,
      35.617897033691406,
      17.917621612548828,
      52.98919677734375,
      24.477872848510742,
      34.51262283325195,
      29.4894962310791,
      32.134063720703125,
      23.56442642211914,
      28.554386138916016,
      22.91346549987793,
      29.010894775390625,
      17.29401969909668,
      22.429473876953125,
      14.564962387084961,
      18.27018928527832,
      10.964269638061523,
      11.92658805847168
    ],
    [
      7.137962818145752,
      22.10758399963379,
      20.12579345703125,
      24.477872848510742,
      48.418006896972656,
      35.69093704223633,
      42.28563690185547,
      33.11419677734375,
      37.69375991821289,
      29.722787857055664,
      34.09453201293945,
      29.784889221191406,
      22.02911376953125,
      21.135189056396484,
      23.322982788085938,
      17.45391845703125,
      14.073585510253906,
      10.814851760864258
    ],
    [
      6.193429470062256,
      32.96089553833008,
      15.505642890930176,
      34.51262283325195,
      35.69093704223633,
      52.569419860839844,
      38.52944564819336,
      40.535274505615234,
      32.12876892089844,
      37.91554260253906,
      31.627622604370117,
      38.3631477355957,
      23.213563919067383,
      28.29175567626953,
      18.769052505493164,
      22.225820541381836,
      13.642550468444824,
      12.90517520904541
    ],
    [
      6.764085292816162,
      34.19866943359375,
      18.263870239257812,
      29.4894962310791,
      42.28563690185547,
      38.52944564819336,
      69.37564086914062,
      49.43677520751953,
      57.25193786621094,
      50.2706298828125,
      50.01062774658203,
      45.35607147216797,
      28.296615600585938,
      29.59427833557129,
      24.472394943237305,
      22.96622657775879,
      14.749502182006836,
      12.850074768066406
    ],
    [
      7.072339057922363,
      34.77600860595703,
      13.948216438293457,
      32.134063720703125,
      33.11419677734375,
      40.535274505615234,
      49.43677520751953,
      54.62775421142578,
      42.601890563964844,
      48.73728561401367,
      39.555912017822266,
      45.27635955810547,
      25.064842224121094,
      31.181339263916016,
      17.819616317749023,
      23.923198699951172,
      13.532500267028809,
      14.212836265563965
    ],
    [
      1.7624415159225464,
      31.41160774230957,
      16.104265213012695,
      23.56442642211914,
      37.69375991821289,
      32.12876892089844,
      57.25193786621094,
      42.601890563964844,
      100.41815185546875,
      82.13501739501953,
      81.86673736572266,
      68.7216796875,
      35.51163864135742,
      36.8131217956543,
      23.128576278686523,
      27.20245933532715,
      12.434450149536133,
      14.071978569030762
    ],
    [
      1.2991435527801514,
      37.85889434814453,
      12.874443054199219,
      28.554386138916016,
      29.722787857055664,
      37.91554260253906,
      50.2706298828125,
      48.73728561401367,
      82.13501739501953,
      96.33747100830078,
      72.16218566894531,
      78.33642578125,
      34.42176055908203,
      44.02172088623047,
      15.264786720275879,
      32.275333404541016,
      11.59974193572998,
      17.546722412109375
    ],
    [
      1.6063214540481567,
      31.28774070739746,
      15.33771800994873,
      22.91346549987793,
      34.09453201293945,
      31.627622604370117,
      50.01062774658203,
      39.555912017822266,
      81.86673736572266,
      72.16218566894531,
      86.1506576538086,
      67.7423095703125,
      41.54972839355469,
      39.65604782104492,
      29.1746883392334,
      29.18528938293457,
      16.81442642211914,
      15.34384536743164
    ],
    [
      2.294381856918335,
      42.0875129699707,
      14.525260925292969,
      29.010894775390625,
      29.784889221191406,
      38.3631477355957,
      45.35607147216797,
      45.27635955810547,
      68.7216796875,
      78.33642578125,
      67.7423095703125,
      80.4622573852539,
      39.238975524902344,
      50.253944396972656,
      22.225725173950195,
      37.691009521484375,
      17.347562789916992,
      21.879819869995117
    ],
    [
      6.191341876983643,
      26.793476104736328,
      11.61781120300293,
      17.29401969909668,
      22.02911376953125,
      23.213563919067383,
      28.296615600585938,
      25.064842224121094,
      35.51163864135742,
      34.42176055908203,
      41.54972839355469,
      39.238975524902344,
      67.65824890136719,
      48.782958984375,
      60.19716262817383,
      42.06841278076172,
      41.54890823364258,
      27.793418884277344
    ],
    [
      5.2877116203308105,
      36.63654327392578,
      11.731759071350098,
      22.429473876953125,
      21.135189056396484,
      28.29175567626953,
      29.59427833557129,
      31.181339263916016,
      36.8131217956543,
      44.02172088623047,
      39.65604782104492,
      50.253944396972656,
      48.782958984375,
      62.40227508544922,
      41.73046875,
      53.715152740478516,
      36.17607498168945,
      37.88698959350586
    ],
    [
      6.181126117706299,
      21.295230865478516,
      14.998160362243652,
      14.564962387084961,
      23.322982788085938,
      18.769052505493164,
      24.472394943237305,
      17.819616317749023,
      23.128576278686523,
      15.264786720275879,
      29.1746883392334,
      22.225725173950195,
      60.19716262817383,
      41.73046875,
      76.46182250976562,
      43.86039352416992,
      51.6251220703125,
      32.6656379699707
    ],
    [
      4.77021598815918,
      26.471637725830078,
      11.461934089660645,
      18.27018928527832,
      17.45391845703125,
      22.225820541381836,
      22.96622657775879,
      23.923198699951172,
      27.20245933532715,
      32.275333404541016,
      29.18528938293457,
      37.691009521484375,
      42.06841278076172,
      53.715152740478516,
      43.86039352416992,
      58.306297302246094,
      43.248165130615234,
      46.817230224609375
    ],
    [
      4.651799201965332,
      14.426789283752441,
      8.545133590698242,
      10.964269638061523,
      14.073585510253906,
      13.642550468444824,
      14.749502182006836,
      13.532500267028809,
      12.434450149536133,
      11.59974193572998,
      16.81442642211914,
      17.347562789916992,
      41.54890823364258,
      36.17607498168945,
      51.6251220703125,
      43.248165130615234,
      50.71675491333008,
      40.983333587646484
    ],
    [
      2.7616143226623535,
      14.928312301635742,
      7.91818380355835,
      11.92658805847168,
      10.814851760864258,
      12.90517520904541,
      12.850074768066406,
      14.212836265563965,
      14.071978569030762,
      17.546722412109375,
      15.34384536743164,
      21.879819869995117,
      27.793418884277344,
      37.88698959350586,
      32.6656379699707,
      46.817230224609375,
      40.983333587646484,
      47.37287521362305
    ]
  ],
  "damage": -19.068185806274414,
  "diff_bandwidth": 654.6893310546875,
  "dissonance": 7.35210021944555,
  "drr": 15.733290672302246,
  "dynamics": 3.376906633377075,
  "format": 1245190,
  "frames": 8723196,
  "freq_pan_to_db": [
    [
      -42.85145568847656,
      -41.867942810058594,
      -34.865577697753906,
      -29.435592651367188,
      -27.40182876586914,
      -27.46485137939453,
      -29.408557891845703,
      -32.82649612426758,
      -36.02805709838867,
      -43.051902770996094,
      -47.128177642822266
    ],
    [
      -29.63031768798828,
      -29.48204803466797,
      -27.516700744628906,
      -25.63714599609375,
      -22.67464256286621,
      -21.226743698120117,
      -23.246421813964844,
      -26.116161346435547,
      -29.270912170410156,
      -30.486066818237305,
      -31.921005249023438
    ],
    [
      -25.141836166381836,
      -25.044645309448242,
      -24.74257469177246,
      -24.405765533447266,
      -24.4505615234375,
      -23.935565948486328,
      -23.994583129882812,
      -24.697092056274414,
      -25.10731315612793,
      -25.853483200073242,
      -25.327301025390625
    ],
    [
      -27.831762313842773,
      -26.267932891845703,
      -26.798145294189453,
      -26.90044593811035,
      -27.414514541625977,
      -27.496789932250977,
      -27.634992599487305,
      -27.812217712402344,
      -28.170494079589844,
      -27.87066078186035,
      -27.532257080078125
    ],
    [
      -27.88334846496582,
      -27.67641830444336,
      -27.873184204101562,
      -28.023677825927734,
      -28.734968185424805,
      -28.956066131591797,
      -28.49953269958496,
      -27.948558807373047,
      -27.87106704711914,
      -27.97730827331543,
      -27.97428321838379
    ],
    [
      -27.54372787475586,
      -27.185195922851562,
      -26.764184951782227,
      -26.52816390991211,
      -26.31063461303711,
      -26.281635284423828,
      -26.42961883544922,
      -26.63055419921875,
      -27.572263717651367,
      -28.029132843017578,
      -28.538616180419922
    ],
    [
      -28.38616371154785,
      -27.99599838256836,
      -27.012210845947266,
      -26.163619995117188,
      -26.247358322143555,
      -26.475269317626953,
      -26.663414001464844,
      -26.950881958007812,
      -27.327159881591797,
      -28.409286499023438,
      -29.234804153442383
    ],
    [
      -29.197490692138672,
      -29.212167739868164,
      -28.83006477355957,
      -28.30432891845703,
      -26.80645179748535,
      -25.83329200744629,
      -26.790760040283203,
      -28.1796875,
      -29.15066146850586,
      -28.73866844177246,
      -27.58197784423828
    ],
    [
      -31.08226776123047,
      -30.021751403808594,
      -29.77181053161621,
      -28.537757873535156,
      -27.412033081054688,
      -27.15755844116211,
      -28.120574951171875,
      -29.636943817138672,
      -30.312509536743164,
      -30.336977005004883,
      -29.08138656616211
    ],
    [
      -29.271799087524414,
      -28.161418914794922,
      -29.790374755859375,
      -28.631851196289062,
      -28.246763229370117,
      -27.673086166381836,
      -27.947572708129883,
      -28.676633834838867,
      -28.8261775970459,
      -29.281078338623047,
      -28.13917350769043
    ],
    [
      -28.966136932373047,
      -29.16813850402832,
      -30.708410263061523,
      -30.81972312927246,
      -30.070655822753906,
      -28.42745018005371,
      -28.881649017333984,
      -30.024831771850586,
      -30.070114135742188,
      -30.20389175415039,
      -29.546422958374023
    ],
    [
      -30.68325424194336,
      -33.3029899597168,
      -33.53423309326172,
      -32.113651275634766,
      -31.063560485839844,
      -29.60904312133789,
      -31.86766815185547,
      -33.38981628417969,
      -33.043331146240234,
      -32.620689392089844,
      -32.39389419555664
    ],
    [
      -33.95895767211914,
      -35.42621612548828,
      -35.87979507446289,
      -33.471981048583984,
      -31.709959030151367,
      -29.900318145751953,
      -32.71465301513672,
      -33.8801383972168,
      -34.62395095825195,
      -35.85442352294922,
      -35.765750885009766
    ],
    [
      -32.494964599609375,
      -35.01737976074219,
      -35.096900939941406,
      -32.39460372924805,
      -30.186765670776367,
      -29.689697265625,
      -33.182926177978516,
      -35.095176696777344,
      -36.38623046875,
      -33.96532440185547,
      -33.93892288208008
    ],
    [
      -31.36318016052246,
      -34.012176513671875,
      -35.46257400512695,
      -35.367645263671875,
      -34.38257598876953,
      -30.415390014648438,
      -33.0341911315918,
      -37.16122817993164,
      -37.138023376464844,
      -36.88479232788086,
      -34.95216751098633
    ],
    [
      -34.10287094116211,
      -36.33143997192383,
      -37.46870803833008,
      -37.96428298950195,
      -34.77342987060547,
      -31.485353469848633,
      -33.937435150146484,
      -36.923194885253906,
      -37.340972900390625,
      -37.13885498046875,
      -36.479549407958984
    ],
    [
      -34.928077697753906,
      -36.79029083251953,
      -40.096534729003906,
      -38.77113342285156,
      -35.557247161865234,
      -34.538238525390625,
      -37.89911651611328,
      -39.18626403808594,
      -37.44671630859375,
      -35.932350158691406,
      -34.940826416015625
    ],
    [
      -34.96165084838867,
      -35.37186813354492,
      -38.44304275512695,
      -40.149051666259766,
      -38.183929443359375,
      -34.836395263671875,
      -38.28980255126953,
      -39.234642028808594,
      -37.78224563598633,
      -36.16434097290039,
      -34.84657669067383
    ],
    [
      -36.82707214355469,
      -37.16349411010742,
      -38.55325698852539,
      -41.172698974609375,
      -37.5084342956543,
      -35.39386749267578,
      -38.79658889770508,
      -39.171142578125,
      -36.32266616821289,
      -37.90153503417969,
      -37.90464401245117
    ],
    [
      -32.59415054321289,
      -34.50300979614258,
      -35.12846374511719,
      -35.62858200073242,
      -34.513458251953125,
      -34.57455825805664,
      -35.59436798095703,
      -34.81503677368164,
      -35.470279693603516,
      -36.02526092529297,
      -38.631019592285156
    ],
    [
      -32.81317901611328,
      -34.14700698852539,
      -32.93889617919922,
      -34.40214157104492,
      -34.74296951293945,
      -35.358726501464844,
      -33.865116119384766,
      -34.589229583740234,
      -34.884788513183594,
      -34.477012634277344,
      -32.889766693115234
    ],
    [
      -31.130277633666992,
      -34.774959564208984,
      -35.492191314697266,
      -34.84932327270508,
      -35.12998962402344,
      -36.60472106933594,
      -35.02756881713867,
      -34.97233963012695,
      -35.65145492553711,
      -34.406219482421875,
      -29.49915313720703
    ],
    [
      -31.26243782043457,
      -34.43853759765625,
      -35.686195373535156,
      -36.755496978759766,
      -34.57456970214844,
      -35.74451446533203,
      -35.30135726928711,
      -36.804840087890625,
      -35.22433853149414,
      -35.19924545288086,
      -29.214088439941406
    ],
    [
      -32.29251480102539,
      -36.08638000488281,
      -36.944786071777344,
      -37.04366683959961,
      -36.77345275878906,
      -36.169586181640625,
      -36.45015335083008,
      -37.880916595458984,
      -38.10786819458008,
      -37.224029541015625,
      -36.60618591308594
    ],
    [
      -44.40658950805664,
      -41.97530746459961,
      -40.68532180786133,
      -39.0046501159668,
      -37.04956817626953,
      -36.08271408081055,
      -36.61812210083008,
      -38.564998626708984,
      -40.609107971191406,
      -42.862457275390625,
      -41.5502815246582
    ],
    [
      -34.235389709472656,
      -43.1583251953125,
      -43.04608154296875,
      -42.32317352294922,
      -41.01778030395508,
      -40.176490783691406,
      -40.25974655151367,
      -41.3873291015625,
      -43.18474578857422,
      -43.838844299316406,
      -49.68135452270508
    ],
    [
      -39.32110595703125,
      -41.588218688964844,
      -41.428428649902344,
      -42.29027557373047,
      -41.44538116455078,
      -40.54134750366211,
      -40.26084899902344,
      -41.854103088378906,
      -41.53255844116211,
      -40.6762580871582,
      -37.56429672241211
    ],
    [
      -46.076351165771484,
      -46.24602127075195,
      -46.245208740234375,
      -45.33900451660156,
      -44.456199645996094,
      -43.292057037353516,
      -44.3942756652832,
      -45.507225036621094,
      -45.885189056396484,
      -45.33799362182617,
      -49.80422592163086
    ],
    [
      -48.24136734008789,
      -48.42373275756836,
      -49.19572448730469,
      -49.4786376953125,
      -49.203521728515625,
      -46.642555236816406,
      -49.246063232421875,
      -49.242523193359375,
      -49.066165924072266,
      -50.412113189697266,
      -51.436153411865234
    ],
    [
      -65.37227630615234,
      -50.88374710083008,
      -50.71520233154297,
      -50.636924743652344,
      -50.6991081237793,
      -44.60026168823242,
      -50.43275451660156,
      -50.71091842651367,
      -50.829097747802734,
      -51.05076599121094,
      -56.46075439453125
    ],
    [
      -58.985107421875,
      -49.315067291259766,
      -50.74879455566406,
      -51.76072311401367,
      -51.609500885009766,
      -44.055885314941406,
      -51.989803314208984,
      -51.55858612060547,
      -51.69380569458008,
      -50.66017150878906,
      -58.842071533203125
    ],
    [
      -55.09116744995117,
      -51.10841369628906,
      -51.557350158691406,
      -52.606239318847656,
      -52.8748664855957,
      -46.63316345214844,
      -53.14984893798828,
      -53.246673583984375,
      -52.9401741027832,
      -50.164268493652344,
      -46.792579650878906
    ],
    [
      -60.226661682128906,
      -55.543304443359375,
      -52.06144714355469,
      -53.12580108642578,
      -53.878257751464844,
      -48.481231689453125,
      -53.93925857543945,
      -53.945655822753906,
      -54.134559631347656,
      -57.759918212890625,
      -69.0528564453125
    ],
    [
      -66.54000854492188,
      -52.64562225341797,
      -52.05010986328125,
      -52.940528869628906,
      -53.15779495239258,
      -48.730709075927734,
      -54.223876953125,
      -54.75265884399414,
      -54.4112663269043,
      -65.35728454589844,
      -54.72403335571289
    ],
    [
      -137.1300048828125,
      -49.600379943847656,
      -51.93349075317383,
      -53.654022216796875,
      -53.62822723388672,
      -47.42356872558594,
      -53.071956634521484,
      -53.438663482666016,
      -54.502986907958984,
      -51.91072082519531,
      -50.58272171020508
    ],
    [
      -137.28469848632812,
      -47.56754684448242,
      -50.71678924560547,
      -55.71140670776367,
      -56.95172119140625,
      -50.02643585205078,
      -53.66986846923828,
      -52.565338134765625,
      -51.92543411254883,
      -49.65093231201172,
      -370
    ],
    [
      -47.90103530883789,
      -48.97725296020508,
      -52.350242614746094,
      -55.959068298339844,
      -57.50075912475586,
      -53.9330940246582,
      -55.80216979980469,
      -54.967628479003906,
      -55.11917495727539,
      -55.23402404785156,
      -75.33708953857422
    ],
    [
      -48.0241584777832,
      -46.880531311035156,
      -53.496700286865234,
      -57.49283981323242,
      -58.552616119384766,
      -56.990169525146484,
      -57.0059928894043,
      -57.0032844543457,
      -57.38632583618164,
      -58.34267807006836,
      -370
    ],
    [
      -48.384727478027344,
      -48.90730285644531,
      -54.49604797363281,
      -59.706871032714844,
      -59.103240966796875,
      -58.76530838012695,
      -57.041683197021484,
      -56.255409240722656,
      -57.317840576171875,
      -56.8193473815918,
      -370
    ],
    [
      -52.03278732299805,
      -51.75973892211914,
      -54.937744140625,
      -60.426719665527344,
      -61.40275573730469,
      -61.45399856567383,
      -57.24486541748047,
      -55.57526397705078,
      -55.14106750488281,
      -54.741554260253906,
      -370
    ],
    [
      -141.27804565429688,
      -51.02126693725586,
      -55.749244689941406,
      -60.28314208984375,
      -63.44580078125,
      -64.8676986694336,
      -59.415863037109375,
      -57.83589553833008,
      -57.00192642211914,
      -59.34603500366211,
      -55.18100357055664
    ],
    [
      -144.27928161621094,
      -55.846614837646484,
      -56.17768478393555,
      -61.554630279541016,
      -66.2408218383789,
      -67.95036315917969,
      -62.167396545410156,
      -57.550445556640625,
      -55.71644973754883,
      -58.480613708496094,
      -62.88422775268555
    ]
  ],
  "histogram": [
    {
      "db": -70,
      "frequency": 1
    },
    {
      "db": -69,
      "frequency": 1
    },
    {
      "db": -68,
      "frequency": 2
    },
    {
      "db": -67,
      "frequency": 1
    },
    {
      "db": -66,
      "frequency": 0
    },
    {
      "db": -65,
      "frequency": 1
    },
    {
      "db": -64,
      "frequency": 1
    },
    {
      "db": -63,
      "frequency": 2
    },
    {
      "db": -62,
      "frequency": 1
    },
    {
      "db": -61,
      "frequency": 2
    },
    {
      "db": -60,
      "frequency": 1
    },
    {
      "db": -59,
      "frequency": 0
    },
    {
      "db": -58,
      "frequency": 1
    },
    {
      "db": -57,
      "frequency": 3
    },
    {
      "db": -56,
      "frequency": 3
    },
    {
      "db": -55,
      "frequency": 2
    },
    {
      "db": -54,
      "frequency": 2
    },
    {
      "db": -53,
      "frequency": 1
    },
    {
      "db": -52,
      "frequency": 3
    },
    {
      "db": -51,
      "frequency": 2
    },
    {
      "db": -50,
      "frequency": 1
    },
    {
      "db": -49,
      "frequency": 6
    },
    {
      "db": -48,
      "frequency": 3
    },
    {
      "db": -47,
      "frequency": 1
    },
    {
      "db": -46,
      "frequency": 2
    },
    {
      "db": -45,
      "frequency": 6
    },
    {
      "db": -44,
      "frequency": 3
    },
    {
      "db": -43,
      "frequency": 6
    },
    {
      "db": -42,
      "frequency": 7
    },
    {
      "db": -41,
      "frequency": 8
    },
    {
      "db": -40,
      "frequency": 7
    },
    {
      "db": -39,
      "frequency": 3
    },
    {
      "db": -38,
      "frequency": 7
    },
    {
      "db": -37,
      "frequency": 3
    },
    {
      "db": -36,
      "frequency": 6
    },
    {
      "db": -35,
      "frequency": 4
    },
    {
      "db": -34,
      "frequency": 12
    },
    {
      "db": -33,
      "frequency": 4
    },
    {
      "db": -32,
      "frequency": 19
    },
    {
      "db": -31,
      "frequency": 27
    },
    {
      "db": -30,
      "frequency": 37
    },
    {
      "db": -29,
      "frequency": 68
    },
    {
      "db": -28,
      "frequency": 121
    },
    {
      "db": -27,
      "frequency": 198
    },
    {
      "db": -26,
      "frequency": 228
    },
    {
      "db": -25,
      "frequency": 237
    },
    {
      "db": -24,
      "frequency": 184
    },
    {
      "db": -23,
      "frequency": 148
    },
    {
      "db": -22,
      "frequency": 200
    },
    {
      "db": -21,
      "frequency": 207
    },
    {
      "db": -20,
      "frequency": 111
    },
    {
      "db": -19,
      "frequency": 50
    },
    {
      "db": -18,
      "frequency": 3
    },
    {
      "db": -17,
      "frequency": 0
    },
    {
      "db": -16,
      "frequency": 0
    },
    {
      "db": -15,
      "frequency": 0
    },
    {
      "db": -14,
      "frequency": 0
    },
    {
      "db": -13,
      "frequency": 0
    },
    {
      "db": -12,
      "frequency": 0
    },
    {
      "db": -11,
      "frequency": 0
    },
    {
      "db": -10,
      "frequency": 0
    },
    {
      "db": -9,
      "frequency": 0
    },
    {
      "db": -8,
      "frequency": 0
    },
    {
      "db": -7,
      "frequency": 0
    },
    {
      "db": -6,
      "frequency": 0
    },
    {
      "db": -5,
      "frequency": 0
    },
    {
      "db": -4,
      "frequency": 0
    },
    {
      "db": -3,
      "frequency": 0
    },
    {
      "db": -2,
      "frequency": 0
    },
    {
      "db": -1,
      "frequency": 0
    },
    {
      "db": 0,
      "frequency": 0
    },
    {
      "db": 1,
      "frequency": 0
    },
    {
      "db": 2,
      "frequency": 0
    },
    {
      "db": 3,
      "frequency": 0
    },
    {
      "db": 4,
      "frequency": 0
    },
    {
      "db": 5,
      "frequency": 0
    },
    {
      "db": 6,
      "frequency": 0
    },
    {
