{
  "acoustic_entropy": 204.55995178222656,
  "bands": [
    {
      "high_freq": 148.1999969482422,
      "loudness": -33.70206069946289,
      "loudness_range": 8.865070343017578,
      "mid_mean": -30.159536361694336,
      "mid_to_side_loudness": -19.902193069458008,
      "mid_to_side_loudness_range": 23.589885711669922,
      "side_mean": -51.385128021240234
    },
    {
      "high_freq": 392.3793640136719,
      "loudness": -34.521793365478516,
      "loudness_range": 10.988624572753906,
      "low_freq": 148.1999969482422,
      "mid_mean": -32.006202697753906,
      "mid_to_side_loudness": -6.5120930671691895,
      "mid_to_side_loudness_range": 13.408576011657715,
      "side_mean": -38.67305374145508
    },
    {
      "high_freq": 794.6976318359375,
      "loudness": -36.76169967651367,
      "loudness_range": 15.841991424560547,
      "low_freq": 392.3793640136719,
      "mid_mean": -34.24675750732422,
      "mid_to_side_loudness": -6.499029159545898,
      "mid_to_side_loudness_range": 10.469137191772461,
      "side_mean": -40.74746322631836
    },
    {
      "high_freq": 1457.5709228515625,
      "loudness": -41.4141845703125,
      "loudness_range": 20.866701126098633,
      "low_freq": 794.6976318359375,
      "mid_mean": -39.0882453918457,
      "mid_to_side_loudness": -5.506980895996094,
      "mid_to_side_loudness_range": 11.04305362701416,
      "side_mean": -44.61296081542969
    },
    {
      "high_freq": 2549.74365234375,
      "loudness": -41.06680679321289,
      "loudness_range": 24.432369232177734,
      "low_freq": 1457.5709228515625,
      "mid_mean": -38.47858810424805,
      "mid_to_side_loudness": -6.239490985870361,
      "mid_to_side_loudness_range": 10.931051254272461,
      "side_mean": -44.85305404663086
    },
    {
      "high_freq": 4349.24462890625,
      "loudness": -42.61505889892578,
      "loudness_range": 22.287561416625977,
      "low_freq": 2549.74365234375,
      "mid_mean": -39.947898864746094,
      "mid_to_side_loudness": -6.546842575073242,
      "mid_to_side_loudness_range": 10.147001266479492,
      "side_mean": -46.641090393066406
    },
    {
      "high_freq": 7314.1640625,
      "loudness": -47.270565032958984,
      "loudness_range": 18.468196868896484,
      "low_freq": 4349.24462890625,
      "mid_mean": -45.09999465942383,
      "mid_to_side_loudness": -5.2054762840271,
      "mid_to_side_loudness_range": 11.571197509765625,
      "side_mean": -50.9328498840332
    },
    {
      "high_freq": 12199.2666015625,
      "loudness": -49.052364349365234,
      "loudness_range": 17.02347183227539,
      "low_freq": 7314.1640625,
      "mid_mean": -46.94132614135742,
      "mid_to_side_loudness": -5.756231784820557,
      "mid_to_side_loudness_range": 13.457841873168945,
      "side_mean": -53.43167495727539
    },
    {
      "loudness": -56.83794021606445,
      "loudness_range": 16.65090560913086,
      "low_freq": 12199.2666015625,
      "mid_mean": -55.359230041503906,
      "mid_to_side_loudness": -3.8208158016204834,
      "mid_to_side_loudness_range": 8.245796203613281,
      "side_mean": -58.58735275268555
    }
  ],
  "bands_short": [
    {
      "high_freq": 148.1999969482422,
      "loudness": -35.79734420776367,
      "loudness_range": 15.625911712646484,
      "mid_mean": -32.29859161376953,
      "mid_to_side_loudness": -24.93656349182129,
      "mid_to_side_loudness_range": 33.84333038330078,
      "side_mean": -59.15560531616211
    },
    {
      "high_freq": 392.3793640136719,
      "loudness": -34.445316314697266,
      "loudness_range": 13.328302383422852,
      "low_freq": 148.1999969482422,
      "mid_mean": -31.99203872680664,
      "mid_to_side_loudness": -7.655021667480469,
      "mid_to_side_loudness_range": 18.78234100341797,
      "side_mean": -39.827735900878906
    },
    {
      "high_freq": 794.6976318359375,
      "loudness": -37.812129974365234,
      "loudness_range": 19.06842041015625,
      "low_freq": 392.3793640136719,
      "mid_mean": -35.54457092285156,
      "mid_to_side_loudness": -6.034444808959961,
      "mid_to_side_loudness_range": 14.05795955657959,
      "side_mean": -41.6188850402832
    },
    {
      "high_freq": 1457.5709228515625,
      "loudness": -41.49290466308594,
      "loudness_range": 22.869840621948242,
      "low_freq": 794.6976318359375,
      "mid_mean": -39.18907928466797,
      "mid_to_side_loudness": -5.808598518371582,
      "mid_to_side_loudness_range": 13.134875297546387,
      "side_mean": -45.10039520263672
    },
    {
      "high_freq": 2549.74365234375,
      "loudness": -41.950103759765625,
      "loudness_range": 26.462690353393555,
      "low_freq": 1457.5709228515625,
      "mid_mean": -39.663604736328125,
      "mid_to_side_loudness": -5.787278175354004,
      "mid_to_side_loudness_range": 14.657593727111816,
      "side_mean": -45.786800384521484
    },
    {
      "high_freq": 4349.24462890625,
      "loudness": -43.49222946166992,
      "loudness_range": 24.995532989501953,
      "low_freq": 2549.74365234375,
      "mid_mean": -41.111900329589844,
      "mid_to_side_loudness": -6.084081172943115,
      "mid_to_side_loudness_range": 13.786517143249512,
      "side_mean": -47.521728515625
    },
    {
      "high_freq": 7314.1640625,
      "loudness": -49.200321197509766,
      "loudness_range": 21.62664794921875,
      "low_freq": 4349.24462890625,
      "mid_mean": -47.24263000488281,
      "mid_to_side_loudness": -4.879217147827148,
      "mid_to_side_loudness_range": 12.161128044128418,
      "side_mean": -52.84988021850586
    },
    {
      "high_freq": 12199.2666015625,
      "loudness": -51.71284103393555,
      "loudness_range": 22.704532623291016,
      "low_freq": 7314.1640625,
      "mid_mean": -50.69483184814453,
      "mid_to_side_loudness": -6.1521196365356445,
      "mid_to_side_loudness_range": 16.930036544799805,
      "side_mean": -56.586669921875
    },
    {
      "loudness": -61.47254943847656,
      "loudness_range": 26.874515533447266,
      "low_freq": 12199.2666015625,
      "mid_mean": -58.89658737182617,
      "mid_to_side_loudness": -5.8510332107543945,
      "mid_to_side_loudness_range": 15.49975872039795,
      "side_mean": -62.62917709350586
    }
  ],
  "bandwidth": 580.6871337890625,
  "channels": 2,
  "covariance": [
    [
      18.404748916625977,
      15.64601993560791,
      8.239262580871582,
      8.403364181518555,
      9.04883098602295,
      9.146745681762695,
      9.7156343460083,
      8.789371490478516,
      6.4407429695129395,
      5.318988800048828,
      6.053028106689453,
      5.848877429962158,
      7.77149772644043,
      7.269400596618652,
      7.7635884284973145,
      7.331823825836182,
      7.182501792907715,
      5.703988075256348
    ],
    [
      15.64601993560791,
      81.61083984375,
      11.54261589050293,
      26.06549072265625,
      17.605894088745117,
      26.49077033996582,
      29.945737838745117,
      28.5484619140625,
      29.08713722229004,
      33.584228515625,
      26.578163146972656,
      33.53190231323242,
      15.663208961486816,
      33.13629150390625,
      8.626826286315918,
      26.98346519470215,
      18.767059326171875,
      18.730745315551758
    ],
    [
      8.239262580871582,
      11.54261589050293,
      20.026222229003906,
      15.112998008728027,
      15.607258796691895,
      12.865375518798828,
      15.128523826599121,
      11.288923263549805,
      13.031167030334473,
      9.569628715515137,
      12.868875503540039,
      11.21923828125,
      9.306912422180176,
      9.3615083694458,
      10.813483238220215,
      9.398475646972656,
      7.8360395431518555,
      6.02177619934082
    ],
    [
      8.403364181518555,
      26.06549072265625,
      15.112998008728027,
      32.58737564086914,
      16.823068618774414,
      21.488182067871094,
      20.512561798095703,
      22.02393341064453,
      18.171398162841797,
      20.518434524536133,
      17.157123565673828,
      19.753215789794922,
      10.477795600891113,
      15.634479522705078,
      9.343244552612305,
      14.820979118347168,
      10.59585189819336,
      12.111207008361816
    ],
    [
      9.04883098602295,
      17.605894088745117,
      15.607258796691895,
      16.823068618774414,
      34.37068176269531,
      27.066547393798828,
      32.822479248046875,
      24.86417007446289,
      28.613176345825195,
      21.286365509033203,
      25.27245330810547,
      21.19379234313965,
      14.403328895568848,
      15.323080062866211,
      15.203107833862305,
      13.891615867614746,
      11.366716384887695,
      9.159392356872559
    ],
    [
      9.146745681762695,
      26.49077033996582,
      12.865375518798828,
      21.488182067871094,
      27.066547393798828,
      35.901100158691406,
      31.5552921295166,
      30.63113784790039,
      27.28891372680664,
      29.205778121948242,
      26.26499366760254,
      29.11189842224121,
      15.01834487915039,
      20.551010131835938,
      12.079520225524902,
      16.500808715820312,
      10.515095710754395,
      10.477768898010254
    ],
    [
      9.7156343460083,
      29.945737838745117,
      15.128523826599121,
      20.512561798095703,
      32.822479248046875,
      31.5552921295166,
      56.32474136352539,
      40.327693939208984,
      45.83584213256836,
      40.96845626831055,
      39.248130798339844,
      36.40989303588867,
      16.01374626159668,
      22.448875427246094,
      12.736899375915527,
      18.936445236206055,
      12.454493522644043,
      12.45631217956543
    ],
    [
      8.789371490478516,
      28.5484619140625,
      11.288923263549805,
      22.02393341064453,
      24.86417007446289,
      30.63113784790039,
      40.327693939208984,
      40.62893295288086,
      34.21827697753906,
      37.74207305908203,
      31.34787940979004,
      34.491092681884766,
      14.574814796447754,
      23.04524040222168,
      9.989636421203613,
      18.38773536682129,
      11.220035552978516,
      12.851738929748535
    ],
    [
      6.4407429695129395,
      29.08713722229004,
      13.031167030334473,
      18.171398162841797,
      28.613176345825195,
      27.28891372680664,
      45.83584213256836,
      34.21827697753906,
      75.19576263427734,
      67.32413482666016,
      61.70691680908203,
      54.78504943847656,
      17.14320945739746,
      26.887432098388672,
      8.664103507995605,
      21.402074813842773,
      11.112272262573242,
      12.596076011657715
    ],
    [
      5.318988800048828,
      33.584228515625,
      9.569628715515137,
      20.518434524536133,
      21.286365509033203,
      29.205778121948242,
      40.96845626831055,
      37.74207305908203,
      67.32413482666016,
      75.53169250488281,
      57.90867233276367,
      61.16102981567383,
      15.756853103637695,
      30.97677993774414,
      2.987100839614868,
      23.096315383911133,
      9.550460815429688,
      13.992535591125488
    ],
    [
      6.053028106689453,
      26.578163146972656,
      12.868875503540039,
      17.157123565673828,
      25.27245330810547,
      26.26499366760254,
      39.248130798339844,
      31.34787940979004,
      61.70691680908203,
      57.90867233276367,
      62.36302947998047,
      53.31551742553711,
      21.7218074798584,
      27.528472900390625,
      12.539182662963867,
      21.218671798706055,
      12.163993835449219,
      11.709092140197754
    ],
    [
      5.848877429962158,
      33.53190231323242,
      11.21923828125,
      19.753215789794922,
      21.19379234313965,
      29.11189842224121,
      36.40989303588867,
      34.491092681884766,
      54.78504943847656,
      61.16102981567383,
      53.31551742553711,
      58.975521087646484,
      19.579557418823242,
      33.91526794433594,
      7.95104455947876,
      25.316129684448242,
      12.570639610290527,
      14.981305122375488
    ],
    [
      7.77149772644043,
      15.663208961486816,
      9.306912422180176,
      10.477795600891113,
      14.403328895568848,
      15.01834487915039,
      16.01374626159668,
      14.574814796447754,
      17.14320945739746,
      15.756853103637695,
      21.7218074798584,
      19.579557418823242,
      44.578495025634766,
      28.021902084350586,
      36.91010665893555,
      25.269405364990234,
      26.392019271850586,
      16.557350158691406
    ],
    [
      7.269400596618652,
      33.13629150390625,
      9.3615083694458,
      15.634479522705078,
      15.323080062866211,
      20.551010131835938,
      22.448875427246094,
      23.04524040222168,
      26.887432098388672,
      30.97677993774414,
      27.528472900390625,
      33.91526794433594,
      28.021902084350586,
      43.77836608886719,
      20.71551513671875,
      38.652320861816406,
      30.132165908813477,
      29.53073501586914
    ],
    [
      7.7635884284973145,
      8.626826286315918,
      10.813483238220215,
      9.343244552612305,
      15.203107833862305,
      12.079520225524902,
      12.736899375915527,
      9.989636421203613,
      8.664103507995605,
      2.987100839614868,
      12.539182662963867,
      7.95104455947876,
      36.91010665893555,
      20.71551513671875,
      42.89702606201172,
      23.123876571655273,
      28.42350959777832,
      17.217594146728516
    ],
    [
      7.331823825836182,
      26.98346519470215,
      9.398475646972656,
      14.820979118347168,
      13.891615867614746,
      16.500808715820312,
      18.936445236206055,
      18.38773536682129,
      21.402074813842773,
      23.096315383911133,
      21.218671798706055,
      25.316129684448242,
      25.269405364990234,
      38.652320861816406,
      23.123876571655273,
      42.009490966796875,
      35.53742980957031,
      36.79838562011719
    ],
    [
      7.182501792907715,
      18.767059326171875,
      7.8360395431518555,
      10.59585189819336,
      11.366716384887695,
      10.515095710754395,
      12.454493522644043,
      11.220035552978516,
      11.112272262573242,
      9.550460815429688,
      12.163993835449219,
      12.570639610290527,
      26.392019271850586,
      30.132165908813477,
      28.42350959777832,
      35.53742980957031,
      39.2449951171875,
      34.42605209350586
    ],
    [
      5.703988075256348,
      18.730745315551758,
      6.02177619934082,
      12.111207008361816,
      9.159392356872559,
      10.477768898010254,
      12.45631217956543,
      12.851738929748535,
      12.596076011657715,
      13.992535591125488,
      11.709092140197754,
      14.981305122375488,
      16.557350158691406,
      29.53073501586914,
      17.217594146728516,
      36.79838562011719,
      34.42605209350586,
      41.43244934082031
    ]
  ],
  "covariance_short": [
    [
      43.97395706176758,
      10.454333305358887,
      12.358626365661621,
      8.296538352966309,
      7.950181484222412,
      7.712424278259277,
      7.7571024894714355,
      7.945882797241211,
      2.9109911918640137,
      2.2211015224456787,
      2.6952154636383057,
      3.3833281993865967,
      7.0393781661987305,
      6.3528594970703125,
      7.429791450500488,
      6.028619289398193,
      5.807174205780029,
      3.5128467082977295
    ],
    [
      10.454333305358887,
      65.38822937011719,
      15.07088565826416,
      31.152400970458984,
      19.738412857055664,
      29.613351821899414,
      30.09046745300293,
      30.192007064819336,
      26.50502586364746,
      31.935758590698242,
      27.033105850219727,
      35.9085807800293,
      20.381975173950195,
      33.283912658691406,
      20.679656982421875,
      25.38219451904297,
      14.96621322631836,
      15.75162410736084
    ],
    [
      12.358626365661621,
      15.07088565826416,
      30.781389236450195,
      18.563138961791992,
      20.071857452392578,
      15.889336585998535,
      18.139747619628906,
      13.907052993774414,
      16.134004592895508,
      12.791759490966797,
      15.564620971679688,
      14.73697566986084,
      11.32990837097168,
      12.582375526428223,
      16.00604820251465,
      13.195649147033691,
      10.251986503601074,
      9.387045860290527
    ],
    [
      8.296538352966309,
      31.152400970458984,
      18.563138961791992,
      52.258460998535156,
      24.403968811035156,
      34.19865036010742,
      28.434585571289062,
      31.06985855102539,
      22.128761291503906,
      27.004642486572266,
      22.107107162475586,
      27.831077575683594,
      16.129627227783203,
      22.858291625976562,
      15.400617599487305,
      19.198226928710938,
      12.499350547790527,
      13.792352676391602
    ],
    [
      7.950181484222412,
      19.738412857055664,
      20.071857452392578,
      24.403968811035156,
      47.5614128112793,
      35.29738998413086,
      40.77174758911133,
      31.649877548217773,
      35.838768005371094,
      27.607595443725586,
      33.117427825927734,
      28.744735717773438,
      20.733667373657227,
      21.74102210998535,
      24.34661865234375,
      19.247617721557617,
      16.245901107788086,
      12.612500190734863
    ],
    [
      7.712424278259277,
      29.613351821899414,
      15.889336585998535,
      34.19865036010742,
      35.29738998413086,
      52.1690673828125,
      37.53023147583008,
      39.641883850097656,
      30.506824493408203,
      36.046897888183594,
      30.757108688354492,
      36.98671340942383,
      21.898530960083008,
      29.132144927978516,
      19.988561630249023,
      23.801334381103516,
      15.54047679901123,
      15.236746788024902
    ],
    [
      7.7571024894714355,
      30.09046745300293,
      18.139747619628906,
      28.434585571289062,
      40.77174758911133,
      37.53023147583008,
      65.44091033935547,
      46.100563049316406,
      52.159217834472656,
      45.12581253051758,
      46.56544494628906,
      42.04508590698242,
      25.627248764038086,
      29.295913696289062,
      25.24445915222168,
      24.133480072021484,
      16.832550048828125,
      15.001663208007812
    ],
    [
      7.945882797241211,
      30.192007064819336,
      13.907052993774414,
      31.06985855102539,
      31.649877548217773,
      39.641883850097656,
      46.100563049316406,
      51.90824890136719,
      37.98784255981445,
      44.27838897705078,
      36.09111404418945,
      41.87664794921875,
      22.30986213684082,
      30.913427352905273,
      18.33707046508789,
      24.538562774658203,
      15.083209037780762,
      16.433792114257812
    ],
    [
      2.9109911918640137,
      26.50502586364746,
      16.134004592895508,
      22.128761291503906,
      35.838768005371094,
      30.506824493408203,
      52.159217834472656,
      37.98784255981445,
      88.17086791992188,
      70.80329895019531,
      73.28811645507812,
      60.66771697998047,
      31.51959800720215,
      34.89605712890625,
      24.759536743164062,
      27.21643829345703,
      14.715235710144043,
      16.111661911010742
    ],
    [
      2.2211015224456787,
      31.935758590698242,
      12.791759490966797,
      27.004642486572266,
      27.607595443725586,
      36.046897888183594,
      45.12581253051758,
      44.27838897705078,
      70.80329895019531,
      85.58954620361328,
      63.57857131958008,
      69.80772399902344,
      28.489295959472656,
      42.18709945678711,
      16.72490692138672,
      31.881711959838867,
      13.377311706542969,
      20.264528274536133
    ],
    [
      2.6952154636383057,
      27.033105850219727,
      15.564620971679688,
      22.107107162475586,
      33.117427825927734,
      30.757108688354492,
      46.56544494628906,
      36.09111404418945,
      73.28811645507812,
      63.57857131958008,
      79.62667846679688,
      61.471248626708984,
      39.04566955566406,
      38.87997817993164,
      31.514650344848633,
      30.457462310791016,
      19.852251052856445,
      17.99227523803711
    ],
    [
      3.3833281993865967,
      35.9085807800293,
      14.73697566986084,
      27.831077575683594,
      28.744735717773438,
      36.98671340942383,
      42.04508590698242,
      41.87664794921875,
      60.66771697998047,
      69.80772399902344,
      61.471248626708984,
      73.19004821777344,
      33.88777160644531,
      48.9791259765625,
      24.36195182800293,
      38.39249038696289,
      19.868743896484375,
      25.13125228881836
    ],
    [
      7.0393781661987305,
      20.381975173950195,
      11.32990837097168,
      16.129627227783203,
      20.733667373657227,
      21.898530960083008,
      25.627248764038086,
      22.30986213684082,
      31.51959800720215,
      28.489295959472656,
      39.04566955566406,
      33.88777160644531,
      61.828956604003906,
      45.151493072509766,
      57.471435546875,
      43.145423889160156,
      43.31631851196289,
      29.834875106811523
    ],
    [
      6.3528594970703125,
      33.283912658691406,
      12.582375526428223,
      22.858291625976562,
      21.74102210998535,
      29.132144927978516,
      29.295913696289062,
      30.913427352905273,
      34.89605712890625,
      42.18709945678711,
      38.87997817993164,
      48.9791259765625,
      45.151493072509766,
      66.2232894897461,
      47.23563003540039,
      59.766563415527344,
      42.15532302856445,
      44.573848724365234
    ],
    [
      7.429791450500488,
      20.679656982421875,
      16.00604820251465,
      15.400617599487305,
      24.34661865234375,
      19.988561630249023,
      25.24445915222168,
      18.33707046508789,
      24.759536743164062,
      16.72490692138672,
      31.514650344848633,
      24.36195182800293,
      57.471435546875,
      47.23563003540039,
      83.79544830322266,
      53.38594436645508,
      60.070640563964844,
      38.87158203125
    ],
    [
      6.028619289398193,
      25.38219451904297,
      13.195649147033691,
      19.198226928710938,
      19.247617721557617,
      23.801334381103516,
      24.133480072021484,
      24.538562774658203,
      27.21643829345703,
      31.881711959838867,
      30.457462310791016,
      38.39249038696289,
      43.145423889160156,
      59.766563415527344,
      53.38594436645508,
      66.97322082519531,
      51.98121643066406,
      55.375144958496094
    ],
    [
      5.807174205780029,
      14.96621322631836,
      10.251986503601074,
      12.499350547790527,
      16.245901107788086,
      15.54047679901123,
      16.832550048828125,
      15.083209037780762,
      14.715235710144043,
      13.377311706542969,
      19.852251052856445,
      19.868743896484375,
      43.31631851196289,
      42.15532302856445,
      60.070640563964844,
      51.98121643066406,
      60.24277114868164,
      49.29302215576172
    ],
    [
      3.5128467082977295,
      15.75162410736084,
      9.387045860290527,
      13.792352676391602,
      12.612500190734863,
      15.236746788024902,
      15.001663208007812,
      16.433792114257812,
      16.111661911010742,
      20.264528274536133,
      17.99227523803711,
      25.13125228881836,
      29.834875106811523,
      44.573848724365234,
      38.87158203125,
      55.375144958496094,
      49.29302215576172,
      58.35426330566406
    ]
  ],
  "damage": -19.085018157958984,
  "diff_bandwidth": 678.3148193359375,
  "dissonance": 7.580741661662733,
  "drr": 14.52354907989502,
  "dynamics": 3.331235885620117,
  "format": 1245190,
  "frames": 8723196,
  "freq_pan_to_db": [
    [
      -48.73398208618164,
      -48.75664520263672,
      -37.97298812866211,
      -32.84433364868164,
      -27.69661521911621,
      -27.48814582824707,
      -29.673141479492188,
      -35.711883544921875,
      -40.764060974121094,
      -47.40766525268555,
      -50.3620491027832
    ],
    [
      -33.213157653808594,
      -29.89199447631836,
      -28.918760299682617,
      -27.132736206054688,
      -23.574220657348633,
      -21.301898956298828,
      -23.898216247558594,
      -28.480783462524414,
      -30.70477867126465,
      -31.12938690185547,
      -34.04913330078125
    ],
    [
      -26.7036075592041,
      -25.82377815246582,
      -24.992719650268555,
      -24.71919059753418,
      -24.243371963500977,
      -23.891725540161133,
      -24.04087257385254,
      -24.648908615112305,
      -25.229202270507812,
      -26.736249923706055,
      -26.78074073791504
    ],
    [
      -29.57416534423828,
      -27.588159561157227,
      -27.39412498474121,
      -26.7774600982666,
      -27.322763442993164,
      -27.377532958984375,
      -27.817184448242188,
      -28.08499526977539,
      -28.8807373046875,
      -29.20771598815918,
      -29.048519134521484
    ],
    [
      -29.48956298828125,
      -28.79630470275879,
      -28.470108032226562,
      -28.328330993652344,
      -28.899906158447266,
      -29.206186294555664,
      -28.76131248474121,
      -28.491397857666016,
      -28.878677368164062,
      -29.6685848236084,
      -29.600406646728516
    ],
    [
      -29.26192283630371,
      -29.338850021362305,
      -27.694013595581055,
      -27.20041275024414,
      -26.430179595947266,
      -26.332164764404297,
      -26.66213035583496,
      -27.630619049072266,
      -28.56058120727539,
      -29.68265724182129,
      -30.356821060180664
    ],
    [
      -30.407323837280273,
      -30.090444564819336,
      -28.4867000579834,
      -26.93069076538086,
      -26.322206497192383,
      -26.475236892700195,
      -26.88329315185547,
      -27.59364128112793,
      -29.314577102661133,
      -30.38116455078125,
      -30.42643165588379
    ],
    [
      -30.371835708618164,
      -30.42394256591797,
      -30.142162322998047,
      -29.514108657836914,
      -27.799203872680664,
      -25.839113235473633,
      -28.069690704345703,
      -29.584856033325195,
      -29.538040161132812,
      -28.9695987701416,
      -28.897350311279297
    ],
    [
      -32.891761779785156,
      -31.57341194152832,
      -30.719528198242188,
      -29.432924270629883,
      -27.86060333251953,
      -27.334228515625,
      -28.678421020507812,
      -30.30352210998535,
      -30.978199005126953,
      -30.233001708984375,
      -30.051118850708008
    ],
    [
      -30.25571060180664,
      -28.469560623168945,
      -30.281646728515625,
      -29.790813446044922,
      -28.25324821472168,
      -27.699859619140625,
      -28.203481674194336,
      -28.967641830444336,
      -29.779809951782227,
      -29.68952178955078,
      -28.72822380065918
    ],
    [
      -29.695755004882812,
      -29.53130531311035,
      -30.940256118774414,
      -31.154827117919922,
      -30.27731704711914,
      -28.470855712890625,
      -29.13629722595215,
      -30.096975326538086,
      -30.364870071411133,
      -30.72817039489746,
      -30.69203758239746
    ],
    [
      -31.293304443359375,
      -33.416690826416016,
      -33.91266632080078,
      -32.719329833984375,
      -31.435409545898438,
      -29.49007797241211,
      -32.482173919677734,
      -33.58692169189453,
      -32.509849548339844,
      -32.459388732910156,
      -32.73881912231445
    ],
    [
      -34.234580993652344,
      -35.81061553955078,
      -35.78428268432617,
      -33.82675552368164,
      -31.539087295532227,
      -29.644744873046875,
      -32.60478210449219,
      -33.755760192871094,
      -34.70458984375,
      -35.907569885253906,
      -37.042362213134766
    ],
    [
      -32.28548812866211,
      -35.04336166381836,
      -33.455718994140625,
      -31.988534927368164,
      -30.151012420654297,
      -29.241424560546875,
      -33.03105163574219,
      -34.50975036621094,
      -36.14625549316406,
      -33.10710144042969,
      -32.05838394165039
    ],
    [
      -31.520673751831055,
      -34.18248748779297,
      -34.76087188720703,
      -34.55098342895508,
      -33.901947021484375,
      -29.991840362548828,
      -32.81098175048828,
      -36.14841079711914,
      -36.06376266479492,
      -35.555301666259766,
      -34.5064697265625
    ],
    [
      -33.7605094909668,
      -35.5661506652832,
      -36.64802932739258,
      -37.35975646972656,
      -34.261356353759766,
      -30.918359756469727,
      -33.44504928588867,
      -36.22200393676758,
      -36.75934600830078,
      -36.49349594116211,
      -36.040557861328125
    ],
    [
      -34.70048522949219,
      -36.17992401123047,
      -38.70543670654297,
      -38.376033782958984,
      -34.775997161865234,
      -33.759849548339844,
      -37.22418212890625,
      -38.55879211425781,
      -36.06199264526367,
      -35.209190368652344,
      -34.36861801147461
    ],
    [
      -34.7056884765625,
      -34.966548919677734,
      -37.722076416015625,
      -39.0658073425293,
      -37.44173049926758,
      -34.00969696044922,
      -37.78984069824219,
      -38.70161056518555,
      -36.986698150634766,
      -35.53229904174805,
      -33.354881286621094
    ],
    [
      -36.684932708740234,
      -36.8687858581543,
      -38.11362838745117,
      -40.41586685180664,
      -36.852909088134766,
      -34.804290771484375,
      -38.15251159667969,
      -38.260414123535156,
      -35.873138427734375,
      -37.7316780090332,
      -37.37345886230469
    ],
    [
      -33.76539993286133,
      -33.850128173828125,
      -34.60851287841797,
      -35.40977096557617,
      -34.18485641479492,
      -34.16604232788086,
      -35.61631393432617,
      -34.824607849121094,
      -35.15441131591797,
      -35.81068420410156,
      -39.17517852783203
    ],
    [
      -32.245201110839844,
      -34.296356201171875,
      -33.2371940612793,
      -34.24568557739258,
      -34.767723083496094,
      -35.14008331298828,
      -33.79129409790039,
      -34.57230758666992,
      -34.896968841552734,
      -34.63383865356445,
      -35.836997985839844
    ],
    [
      -31.1439208984375,
      -34.76482391357422,
      -35.32481002807617,
      -34.84437561035156,
      -35.40736389160156,
      -36.575313568115234,
      -35.34425354003906,
      -35.11875534057617,
      -35.65616226196289,
      -34.46354675292969,
      -29.10195541381836
    ],
    [
      -33.44218063354492,
      -34.587013244628906,
      -35.92230987548828,
      -36.751564025878906,
      -35.033199310302734,
      -36.091575622558594,
      -35.61750030517578,
      -36.702598571777344,
      -35.37226486206055,
      -35.53848648071289,
      -30.41436004638672
    ],
    [
      -32.71326446533203,
      -36.88114929199219,
      -37.303443908691406,
      -37.44258499145508,
      -37.09648513793945,
      -36.65496063232422,
      -36.85243225097656,
      -38.52714920043945,
      -38.49325942993164,
      -37.82754135131836,
      -35.159934997558594
    ],
    [
      -43.80519104003906,
      -42.278480529785156,
      -40.89997482299805,
      -39.800052642822266,
      -37.633792877197266,
      -36.84530258178711,
      -37.19635009765625,
      -39.38955307006836,
      -41.28417205810547,
      -42.69954299926758,
      -42.61641311645508
    ],
    [
      -35.537662506103516,
      -43.95751190185547,
      -43.42127990722656,
      -43.14706039428711,
      -41.79962158203125,
      -40.856353759765625,
      -40.93840026855469,
      -42.03633499145508,
      -43.655941009521484,
      -44.6080436706543,
      -45.27809143066406
    ],
    [
      -39.720001220703125,
      -41.806114196777344,
      -42.15742111206055,
      -42.75794219970703,
      -42.05917739868164,
      -41.2015495300293,
      -40.824119567871094,
      -42.29814910888672,
      -42.20970916748047,
      -40.97555923461914,
      -36.30237579345703
    ],
    [
      -44.839111328125,
      -45.64774703979492,
      -45.94696044921875,
      -45.136985778808594,
      -44.23794174194336,
      -43.21747970581055,
      -44.696327209472656,
      -45.20586013793945,
      -45.83382797241211,
      -44.618770599365234,
      -48.72035217285156
    ],
    [
      -45.31611251831055,
      -47.141380310058594,
      -47.61818313598633,
      -47.96500015258789,
      -47.688438415527344,
      -44.99945068359375,
      -47.68949508666992,
      -47.676265716552734,
      -47.59477996826172,
      -48.26615524291992,
      -50.47091293334961
    ],
    [
      -47.24713897705078,
      -48.877628326416016,
      -48.3238525390625,
      -48.6522216796875,
      -48.50346374511719,
      -42.547183990478516,
      -48.44424057006836,
      -48.644439697265625,
      -48.72959899902344,
      -47.87742614746094,
      -52.23823547363281
    ],
    [
      -46.729400634765625,
      -47.44761657714844,
      -48.878578186035156,
      -49.408935546875,
      -49.523799896240234,
      -41.98479080200195,
      -49.69155502319336,
      -49.637786865234375,
      -49.49802780151367,
      -47.687808990478516,
      -48.55023956298828
    ],
    [
      -370,
      -49.12020492553711,
      -49.564208984375,
      -50.31690216064453,
      -50.61603546142578,
      -44.61787796020508,
      -50.738948822021484,
      -50.9780387878418,
      -50.85670852661133,
      -52.40925216674805,
      -48.3599967956543
    ],
    [
      -56.26215362548828,
      -54.23786163330078,
      -49.6325569152832,
      -50.484561920166016,
      -51.43110656738281,
      -46.20493698120117,
      -51.243980407714844,
      -51.53104782104492,
      -51.840110778808594,
      -51.262935638427734,
      -370
    ],
    [
      -51.88857650756836,
      -49.672882080078125,
      -49.536094665527344,
      -49.84513473510742,
      -49.9542121887207,
      -45.96904373168945,
      -51.03790283203125,
      -51.90857696533203,
      -51.00365447998047,
      -52.77345657348633,
      -65.3834457397461
    ],
    [
      -370,
      -48.110408782958984,
      -48.82604217529297,
      -50.48560333251953,
      -50.574058532714844,
      -44.61064910888672,
      -49.70867919921875,
      -50.50395202636719,
      -51.06466293334961,
      -49.70024871826172,
      -48.16386795043945
    ],
    [
      -370,
      -46.60053634643555,
      -47.39103317260742,
      -52.693119049072266,
      -53.667625427246094,
      -47.225067138671875,
      -50.64503479003906,
      -49.44190979003906,
      -48.97309494018555,
      -47.85049057006836,
      -370
    ],
    [
      -47.05636215209961,
      -44.5537223815918,
      -50.074371337890625,
      -53.16224670410156,
      -54.384159088134766,
      -51.04763412475586,
      -52.84200668334961,
      -51.88193130493164,
      -51.571041107177734,
      -52.88954544067383,
      -370
    ],
    [
      -41.93479919433594,
      -43.803443908691406,
      -50.63789749145508,
      -55.05240249633789,
      -55.57465362548828,
      -54.10011291503906,
      -54.14305877685547,
      -53.96600341796875,
      -55.39339828491211,
      -53.066280364990234,
      -123.14176940917969
    ],
    [
      -370,
      -46.8624267578125,
      -52.28803634643555,
      -56.46185302734375,
      -56.50025177001953,
      -56.05590057373047,
      -54.29199981689453,
      -53.4392204284668,
      -54.619422912597656,
      -57.375946044921875,
      -370
    ],
    [
      -53.5774040222168,
      -48.68735122680664,
      -52.99736785888672,
      -57.07437515258789,
      -58.71430206298828,
      -58.80466842651367,
      -54.504600524902344,
      -52.76975631713867,
      -52.87274169921875,
      -54.066612243652344,
      -370
    ],
    [
      -370,
      -48.879859924316406,
      -53.508419036865234,
      -57.26060104370117,
      -60.904197692871094,
      -62.180538177490234,
      -56.773590087890625,
      -54.957889556884766,
      -54.85426712036133,
      -56.1964111328125,
      -53.985321044921875
    ],
    [
      -370,
      -52.74496078491211,
      -54.10417556762695,
      -58.9015007019043,
      -62.37519836425781,
      -66.03429412841797,
      -58.83989715576172,
      -54.66485595703125,
      -52.87261962890625,
      -55.03490447998047,
      -61.12887191772461
    ]
  ],
  "histogram": [
    {
      "db": -70,
      "frequency": 1
    },
    {
      "db": -69,
      "frequency": 0
    },
    {
      "db": -68,
      "frequency": 2
    },
    {
      "db": -67,
      "frequency": 1
    },
    {
      "db": -66,
      "frequency": 1
    },
    {
      "db": -65,
      "frequency": 2
    },
    {
      "db": -64,
      "frequency": 0
    },
    {
      "db": -63,
      "frequency": 2
    },
    {
      "db": -62,
      "frequency": 0
    },
    {
      "db": -61,
      "frequency": 2
    },
    {
      "db": -60,
      "frequency": 2
    },
    {
      "db": -59,
      "frequency": 0
    },
    {
      "db": -58,
      "frequency": 2
    },
    {
      "db": -57,
      "frequency": 1
    },
    {
      "db": -56,
      "frequency": 1
    },
    {
      "db": -55,
      "frequency": 3
    },
    {
      "db": -54,
      "frequency": 3
    },
    {
      "db": -53,
      "frequency": 3
    },
    {
      "db": -52,
      "frequency": 1
    },
    {
      "db": -51,
      "frequency": 2
    },
    {
      "db": -50,
      "frequency": 3
    },
    {
      "db": -49,
      "frequency": 1
    },
    {
      "db": -48,
      "frequency": 3
    },
    {
      "db": -47,
      "frequency": 6
    },
    {
      "db": -46,
      "frequency": 2
    },
    {
      "db": -45,
      "frequency": 1
    },
    {
      "db": -44,
      "frequency": 6
    },
    {
      "db": -43,
      "frequency": 4
    },
    {
      "db": -42,
      "frequency": 6
    },
    {
      "db": -41,
      "frequency": 8
    },
    {
      "db": -40,
      "frequency": 10
    },
    {
      "db": -39,
      "frequency": 6
    },
    {
      "db": -38,
      "frequency": 6
    },
    {
      "db": -37,
      "frequency": 3
    },
    {
      "db": -36,
      "frequency": 4
    },
    {
      "db": -35,
      "frequency": 5
    },
    {
      "db": -34,
      "frequency": 12
    },
    {
      "db": -33,
      "frequency": 4
    },
    {
      "db": -32,
      "frequency": 18
    },
    {
      "db": -31,
      "frequency": 20
    },
    {
      "db": -30,
      "frequency": 41
    },
    {
      "db": -29,
      "frequency": 68
    },
    {
      "db": -28,
      "frequency": 119
    },
    {
      "db": -27,
      "frequency": 205
    },
    {
      "db": -26,
      "frequency": 214
    },
    {
      "db": -25,
      "frequency": 243
    },
    {
      "db": -24,
      "frequency": 195
    },
    {
      "db": -23,
      "frequency": 157
    },
    {
      "db": -22,
      "frequency": 209
    },
    {
      "db": -21,
      "frequency": 213
    },
    {
      "db": -20,
      "frequency": 91
    },
    {
      "db": -19,
      "frequency": 45
    },
    {
      "db": -18,
      "frequency": 3
    },
    {
      "db": -17,
      "frequency": 0
    },
    {
      "db": -16,
      "frequency": 0
    },
    {
      "db": -15,
      "frequency": 0
    },
    {
      "db": -14,
      "frequency": 0
    },
    {
      "db": -13,
      "frequency": 0
    },
    {
      "db": -12,
      "frequency": 0
    },
    {
      "db": -11,
      "frequency": 0
    },
    {
      "db": -10,
      "frequency": 0
    },
    {
      "db": -9,
      "frequency": 0
    },
    {
      "db": -8,
      "frequency": 0
    },
    {
      "db": -7,
      "frequency": 0
    },
    {
      "db": -6,
      "frequency": 0
    },
    {
      "db": -5,
      "frequency": 0
    },
    {
      "db": -4,
      "frequency": 0
    },
    {
      "db": -3,
      "frequency": 0
    },
    {
      "db": -2,
      "frequency": 0
    },
    {
      "db": -1,
      "frequency": 0
    },
    {
      "db": 0,
      "frequency": 0
    },
    {
      "db": 1,
      "frequency": 0
    },
    {
      "db": 2,
      "frequency": 0
    },
    {
      "db": 3,
      "frequency": 0
    },
    {
      "db": 4,
      "frequency": 0
    },
    {
      "db": 5,
      "frequency": 0
    },
    {
      "db": 6,
      "frequency": 0
    },
    {
      "db": 7,
      "frequency": 0
    },
    {
