{
  "acoustic_entropy": 209.58656311035156,
  "bands": [
    {
      "high_freq": 148.1999969482422,
      "loudness": -34.02918243408203,
      "loudness_range": 8.437082290649414,
      "mid_mean": -30.44590187072754,
      "mid_to_side_loudness": -22.532482147216797,
      "mid_to_side_loudness_range": 23.24695587158203,
      "side_mean": -53.958309173583984
    },
    {
      "high_freq": 392.3793640136719,
      "loudness": -35.08060073852539,
      "loudness_range": 10.933149337768555,
      "low_freq": 148.1999969482422,
      "mid_mean": -32.12739181518555,
      "mid_to_side_loudness": -8.830392837524414,
      "mid_to_side_loudness_range": 13.216687202453613,
      "side_mean": -41.09601593017578
    },
    {
      "high_freq": 794.6976318359375,
      "loudness": -36.69017028808594,
      "loudness_range": 15.065994262695312,
      "low_freq": 392.3793640136719,
      "mid_mean": -33.842445373535156,
      "mid_to_side_loudness": -7.962020397186279,
      "mid_to_side_loudness_range": 10.392468452453613,
      "side_mean": -41.81991195678711
    },
    {
      "high_freq": 1457.5709228515625,
      "loudness": -40.3388557434082,
      "loudness_range": 19.45106315612793,
      "low_freq": 794.6976318359375,
      "mid_mean": -37.72647476196289,
      "mid_to_side_loudness": -6.568965435028076,
      "mid_to_side_loudness_range": 10.940438270568848,
      "side_mean": -44.33195114135742
    },
    {
      "high_freq": 2549.74365234375,
      "loudness": -40.08161163330078,
      "loudness_range": 22.37331199645996,
      "low_freq": 1457.5709228515625,
      "mid_mean": -37.41196823120117,
      "mid_to_side_loudness": -6.703904151916504,
      "mid_to_side_loudness_range": 10.6395902633667,
      "side_mean": -44.22985076904297
    },
    {
      "high_freq": 4349.24462890625,
      "loudness": -42.633609771728516,
      "loudness_range": 20.745092391967773,
      "low_freq": 2549.74365234375,
      "mid_mean": -40.023193359375,
      "mid_to_side_loudness": -6.181305408477783,
      "mid_to_side_loudness_range": 9.461928367614746,
      "side_mean": -46.30791473388672
    },
    {
      "high_freq": 7314.1640625,
      "loudness": -45.236202239990234,
      "loudness_range": 18.36663818359375,
      "low_freq": 4349.24462890625,
      "mid_mean": -42.95950698852539,
      "mid_to_side_loudness": -5.311590671539307,
      "mid_to_side_loudness_range": 10.849127769470215,
      "side_mean": -48.531490325927734
    },
    {
      "high_freq": 12199.2666015625,
      "loudness": -46.04724884033203,
      "loudness_range": 16.41244888305664,
      "low_freq": 7314.1640625,
      "mid_mean": -43.722679138183594,
      "mid_to_side_loudness": -5.648526191711426,
      "mid_to_side_loudness_range": 11.014375686645508,
      "side_mean": -50.40837860107422
    },
    {
      "loudness": -54.06199264526367,
      "loudness_range": 16.18646240234375,
      "low_freq": 12199.2666015625,
      "mid_mean": -52.550682067871094,
      "mid_to_side_loudness": -4.3083720207214355,
      "mid_to_side_loudness_range": 7.958822250366211,
      "side_mean": -56.4163818359375
    }
  ],
  "bands_short": [
    {
      "high_freq": 148.1999969482422,
      "loudness": -36.05636978149414,
      "loudness_range": 15.388420104980469,
      "mid_mean": -32.53520965576172,
      "mid_to_side_loudness": -27.51323699951172,
      "mid_to_side_loudness_range": 33.32236099243164,
      "side_mean": -61.096717834472656
    },
    {
      "high_freq": 392.3793640136719,
      "loudness": -35.01033401489258,
      "loudness_range": 13.34671401977539,
      "low_freq": 148.1999969482422,
      "mid_mean": -32.13295364379883,
      "mid_to_side_loudness": -10.07730770111084,
      "mid_to_side_loudness_range": 18.592357635498047,
      "side_mean": -42.3557243347168
    },
    {
      "high_freq": 794.6976318359375,
      "loudness": -37.817115783691406,
      "loudness_range": 18.558732986450195,
      "low_freq": 392.3793640136719,
      "mid_mean": -35.171382904052734,
      "mid_to_side_loudness": -7.574398994445801,
      "mid_to_side_loudness_range": 13.991719245910645,
      "side_mean": -42.79896545410156
    },
    {
      "high_freq": 1457.5709228515625,
      "loudness": -40.44163513183594,
      "loudness_range": 21.820087432861328,
      "low_freq": 794.6976318359375,
      "mid_mean": -37.888031005859375,
      "mid_to_side_loudness": -6.8835625648498535,
      "mid_to_side_loudness_range": 13.217094421386719,
      "side_mean": -44.86942672729492
    },
    {
      "high_freq": 2549.74365234375,
      "loudness": -40.98998260498047,
      "loudness_range": 24.513748168945312,
      "low_freq": 1457.5709228515625,
      "mid_mean": -38.57733917236328,
      "mid_to_side_loudness": -6.303954601287842,
      "mid_to_side_loudness_range": 14.37014389038086,
      "side_mean": -45.198402404785156
    },
    {
      "high_freq": 4349.24462890625,
      "loudness": -43.483211517333984,
      "loudness_range": 23.56044578552246,
      "low_freq": 2549.74365234375,
      "mid_mean": -41.19499206542969,
      "mid_to_side_loudness": -5.738283634185791,
      "mid_to_side_loudness_range": 13.285382270812988,
      "side_mean": -47.20439529418945
    },
    {
      "high_freq": 7314.1640625,
      "loudness": -47.12239074707031,
      "loudness_range": 21.302959442138672,
      "low_freq": 4349.24462890625,
      "mid_mean": -45.056671142578125,
      "mid_to_side_loudness": -4.967813968658447,
      "mid_to_side_loudness_range": 11.78238582611084,
      "side_mean": -50.95274353027344
    },
    {
      "high_freq": 12199.2666015625,
      "loudness": -48.73072814941406,
      "loudness_range": 22.36993408203125,
      "low_freq": 7314.1640625,
      "mid_mean": -46.851402282714844,
      "mid_to_side_loudness": -6.004016399383545,
      "mid_to_side_loudness_range": 15.606974601745605,
      "side_mean": -53.640281677246094
    },
    {
      "loudness": -58.60380172729492,
      "loudness_range": 26.564895629882812,
      "low_freq": 12199.2666015625,
      "mid_mean": -56.32767105102539,
      "mid_to_side_loudness": -6.201626777648926,
      "mid_to_side_loudness_range": 14.802231788635254,
      "side_mean": -60.90557861328125
    }
  ],
  "bandwidth": 624.2433471679688,
  "channels": 2,
  "covariance": [
    [
      17.797222137451172,
      14.632511138916016,
      7.468132019042969,
      7.906949996948242,
      8.224710464477539,
      8.886661529541016,
      8.568674087524414,
      7.946082592010498,
      5.111000061035156,
      4.231070518493652,
      5.043150424957275,
      5.159999847412109,
      7.663317680358887,
      7.25052547454834,
      6.076898097991943,
      7.520970821380615,
      7.338582515716553,
      5.992585182189941
    ],
    [
      14.632511138916016,
      70.73719024658203,
      10.159961700439453,
      23.738988876342773,
      16.088743209838867,
      24.441261291503906,
      26.75265121459961,
      25.541587829589844,
      24.908058166503906,
      29.168743133544922,
      23.01401138305664,
      29.05851936340332,
      13.986214637756348,
      23.90268325805664,
      6.592569351196289,
      25.089311599731445,
      18.514663696289062,
      18.953739166259766
    ],
    [
      7.468132019042969,
      10.159961700439453,
      19.504526138305664,
      14.607673645019531,
      14.553420066833496,
      12.482264518737793,
      13.464755058288574,
      10.01679515838623,
      11.449113845825195,
      7.904900550842285,
      11.64763069152832,
      10.148841857910156,
      8.75241756439209,
      9.187823295593262,
      9.12143325805664,
      9.971844673156738,
      8.045570373535156,
      6.30396842956543
    ],
    [
      7.906949996948242,
      23.738988876342773,
      14.607673645019531,
      31.476030349731445,
      15.737990379333496,
      20.54462242126465,
      18.492908477783203,
      20.310619354248047,
      15.787200927734375,
      17.940471649169922,
      15.332986831665039,
      17.783113479614258,
      9.686450004577637,
      15.024100303649902,
      7.471338272094727,
      13.97038745880127,
      10.533787727355957,
      12.445093154907227
    ],
    [
      8.224710464477539,
      16.088743209838867,
      14.553420066833496,
      15.737990379333496,
      32.093318939208984,
      25.67708396911621,
      29.172809600830078,
      22.171382904052734,
      24.96409034729004,
      17.834152221679688,
      22.756635665893555,
      19.170988082885742,
      13.396648406982422,
      15.007538795471191,
      12.238895416259766,
      14.24433708190918,
      11.412040710449219,
      9.47403335571289
    ],
    [
      8.886661529541016,
      24.441261291503906,
      12.482264518737793,
      20.54462242126465,
      25.67708396911621,
      34.13723373413086,
      28.43173599243164,
      28.318849563598633,
      23.58384895324707,
      25.517343521118164,
      23.40622901916504,
      26.337844848632812,
      14.061254501342773,
      19.890607833862305,
      10.549256324768066,
      15.777689933776855,
      10.565446853637695,
      11.039724349975586
    ],
    [
      8.568674087524414,
      26.75265121459961,
      13.464755058288574,
      18.492908477783203,
      29.172809600830078,
      28.43173599243164,
      49.768638610839844,
      35.34714126586914,
      38.60887908935547,
      34.39689636230469,
      33.89331817626953,
      31.98021697998047,
      14.268452644348145,
      20.874483108520508,
      9.187553405761719,
      17.727458953857422,
      12.07762622833252,
      12.625789642333984
    ],
    [
      7.946082592010498,
      25.541587829589844,
      10.01679515838623,
      20.310619354248047,
      22.171382904052734,
      28.318849563598633,
      35.34714126586914,
      36.84964370727539,
      28.137008666992188,
      32.217716217041016,
      26.65703010559082,
      30.24455451965332,
      12.759485244750977,
      21.703107833862305,
      7.086370944976807,
      16.685253143310547,
      10.99036693572998,
      13.14072036743164
    ],
    [
      5.111000061035156,
      24.908058166503906,
      11.449113845825195,
      15.787200927734375,
      24.96409034729004,
      23.58384895324707,
      38.60887908935547,
      28.137008666992188,
      62.60873794555664,
      55.85132598876953,
      52.36037063598633,
      46.81786346435547,
      14.667013168334961,
      23.131397247314453,
      6.170168399810791,
      19.658979415893555,
      11.322864532470703,
      12.767476081848145
    ],
    [
      4.231070518493652,
      29.168743133544922,
      7.904900550842285,
      17.940471649169922,
      17.834152221679688,
      25.517343521118164,
      34.39689636230469,
      32.217716217041016,
      55.85132598876953,
      64.42931365966797,
      48.745849609375,
      51.83074951171875,
      13.174428939819336,
      26.162195205688477,
      1.4981961250305176,
      20.102157592773438,
      9.83990478515625,
      14.272708892822266
    ],
    [
      5.043150424957275,
      23.01401138305664,
      11.64763069152832,
      15.332986831665039,
      22.756635665893555,
      23.40622901916504,
      33.89331817626953,
      26.65703010559082,
      52.36037063598633,
      48.745849609375,
      54.44978713989258,
      46.47987365722656,
      19.77337074279785,
      24.863813400268555,
      10.23658275604248,
      20.105003356933594,
      12.410889625549316,
      12.092511177062988
    ],
    [
      5.159999847412109,
      29.05851936340332,
      10.148841857910156,
      17.783113479614258,
      19.170988082885742,
      26.337844848632812,
      31.98021697998047,
      30.24455451965332,
      46.81786346435547,
      51.83074951171875,
      46.47987365722656,
      51.19712829589844,
      17.559406280517578,
      30.13819122314453,
      6.316549301147461,
      22.79180335998535,
      12.70489501953125,
      15.256625175476074
    ],
    [
      7.663317680358887,
      13.986214637756348,
      8.75241756439209,
      9.686450004577637,
      13.396648406982422,
      14.061254501342773,
      14.268452644348145,
      12.759485244750977,
      14.667013168334961,
      13.174428939819336,
      19.77337074279785,
      17.559406280517578,
      42.86016082763672,
      27.596832275390625,
      33.12049102783203,
      26.72287368774414,
      26.140953063964844,
      17.183351516723633
    ],
    [
      7.25052547454834,
      23.90268325805664,
      9.187823295593262,
      15.024100303649902,
      15.007538795471191,
      19.890607833862305,
      20.874483108520508,
      21.703107833862305,
      23.131397247314453,
      26.162195205688477,
      24.863813400268555,
      30.13819122314453,
      27.596832275390625,
      36.53795623779297,
      18.918682098388672,
      32.48583984375,
      25.784040451049805,
      26.785009384155273
    ],
    [
      6.076898097991943,
      6.592569351196289,
      9.12143325805664,
      7.471338272094727,
      12.238895416259766,
      10.549256324768066,
      9.187553405761719,
      7.086370944976807,
      6.170168399810791,
      1.4981961250305176,
      10.23658275604248,
      6.316549301147461,
      33.12049102783203,
      18.918682098388672,
      37.71942138671875,
      23.084108352661133,
      25.6654109954834,
      15.993147850036621
    ],
    [
      7.520970821380615,
      25.089311599731445,
      9.971844673156738,
      13.97038745880127,
      14.24433708190918,
      15.777689933776855,
      17.727458953857422,
      16.685253143310547,
      19.658979415893555,
      20.102157592773438,
      20.105003356933594,
      22.79180335998535,
      26.72287368774414,
      32.48583984375,
      23.084108352661133,
      44.847137451171875,
      39.62443923950195,
      39.01007080078125
    ],
    [
      7.338582515716553,
      18.514663696289062,
      8.045570373535156,
      10.533787727355957,
      11.412040710449219,
      10.565446853637695,
      12.07762622833252,
      10.99036693572998,
      11.322864532470703,
      9.83990478515625,
      12.410889625549316,
      12.70489501953125,
      26.140953063964844,
      25.784040451049805,
      25.6654109954834,
      39.62443923950195,
      42.55410385131836,
      37.96882247924805
    ],
    [
      5.992585182189941,
      18.953739166259766,
      6.30396842956543,
      12.445093154907227,
      9.47403335571289,
      11.039724349975586,
      12.625789642333984,
      13.14072036743164,
      12.767476081848145,
      14.272708892822266,
      12.092511177062988,
      15.256625175476074,
      17.183351516723633,
      26.785009384155273,
      15.993147850036621,
      39.01007080078125,
      37.96882247924805,
      45.56745529174805
    ]
  ],
  "covariance_short": [
    [
      43.43045425415039,
      9.90750789642334,
      11.82321548461914,
      8.369954109191895,
      7.207775592803955,
      7.801952362060547,
      7.177369594573975,
      7.489746570587158,
      2.353827953338623,
      1.9727439880371094,
      2.2072553634643555,
      3.1346592903137207,
      6.859140396118164,
      6.561192035675049,
      6.1168975830078125,
      6.484599590301514,
      6.130239963531494,
      3.7259116172790527
    ],
    [
      9.90750789642334,
      52.27231979370117,
      13.280091285705566,
      26.448261260986328,
      17.243175506591797,
      26.013717651367188,
      26.114952087402344,
      25.80350685119629,
      22.109880447387695,
      26.648860931396484,
      22.972332000732422,
      30.0321044921875,
      17.493736267089844,
      29.519275665283203,
      12.21760368347168,
      23.24380874633789,
      14.78395938873291,
      16.286827087402344
    ],
    [
      11.82321548461914,
      13.280091285705566,
      30.371868133544922,
      18.460752487182617,
      19.285667419433594,
      15.61376667022705,
      17.095760345458984,
      12.989127159118652,
      14.721328735351562,
      11.395882606506348,
      14.627345085144043,
      13.797811508178711,
      10.706855773925781,
      12.67464828491211,
      13.673171997070312,
      14.105500221252441,
      11.26655387878418,
      10.299178123474121
    ],
    [
      8.369954109191895,
      26.448261260986328,
      18.460752487182617,
      50.870967864990234,
      23.17737579345703,
      32.928565979003906,
      26.462650299072266,
      29.296628952026367,
      19.778648376464844,
      24.71674919128418,
      20.05301856994629,
      25.801132202148438,
      14.706802368164062,
      22.602712631225586,
      13.267361640930176,
      19.04908561706543,
      13.181207656860352,
      15.22799015045166
    ],
    [
      7.207775592803955,
      17.243175506591797,
      19.285667419433594,
      23.17737579345703,
      45.07668685913086,
      33.30667495727539,
      37.46342468261719,
      28.79703140258789,
      32.15481948852539,
      24.373289108276367,
      30.37732696533203,
      26.529253005981445,
      19.052766799926758,
      21.487455368041992,
      21.542102813720703,
      20.06270408630371,
      17.142053604125977,
      14.020819664001465
    ],
    [
      7.801952362060547,
      26.013717651367188,
      15.61376667022705,
      32.928565979003906,
      33.30667495727539,
      49.991580963134766,
      34.67934036254883,
      37.28582763671875,
      27.146923065185547,
      32.981258392333984,
      27.95090103149414,
      34.32673645019531,
      20.13221549987793,
      28.80244255065918,
      17.402801513671875,
      23.79559898376465,
      16.1378116607666,
      17.174602508544922
    ],
    [
      7.177369594573975,
      26.114952087402344,
      17.095760345458984,
      26.462650299072266,
      37.46342468261719,
      34.67934036254883,
      59.9279899597168,
      41.728660583496094,
      45.61833190917969,
      39.531612396240234,
      41.75313949584961,
      38.057952880859375,
      23.015201568603516,
      28.520137786865234,
      21.20732879638672,
      24.490070343017578,
      17.680152893066406,
      16.992279052734375
    ],
    [
      7.489746570587158,
      25.80350685119629,
      12.989127159118652,
      29.296628952026367,
      28.79703140258789,
      37.28582763671875,
      41.728660583496094,
      48.26963806152344,
      32.33155059814453,
      39.44160461425781,
      31.492942810058594,
      37.76728439331055,
      19.51486587524414,
      29.961471557617188,
      14.898438453674316,
      23.93505859375,
      15.556706428527832,
      18.31791114807129
    ],
    [
      2.353827953338623,
      22.109880447387695,
      14.721328735351562,
      19.778648376464844,
      32.15481948852539,
      27.146923065185547,
      45.61833190917969,
      32.33155059814453,
      75.93353271484375,
      60.01398468017578,
      63.87147521972656,
      52.638675689697266,
      27.717031478881836,
      32.92071533203125,
      19.645055770874023,
      26.491188049316406,
      15.96510124206543,
      17.841434478759766
    ],
    [
      1.9727439880371094,
      26.648860931396484,
      11.395882606506348,
      24.71674919128418,
      24.373289108276367,
      32.981258392333984,
      39.531612396240234,
      39.44160461425781,
      60.01398468017578,
      75.35839080810547,
      54.86906051635742,
      61.32919692993164,
      24.455589294433594,
      40.3287239074707,
      11.504878044128418,
      30.298582077026367,
      14.613631248474121,
      22.63235092163086
    ],
    [
      2.2072553634643555,
      22.972332000732422,
      14.627345085144043,
      20.05301856994629,
      30.37732696533203,
      27.95090103149414,
      41.75313949584961,
      31.492942810058594,
      63.87147521972656,
      54.86906051635742,
      71.89591217041016,
      54.78711700439453,
      36.16156768798828,
      37.63575744628906,
      27.36480712890625,
      30.606599807739258,
      21.596410751342773,
      20.419204711914062
    ],
    [
      3.1346592903137207,
      30.0321044921875,
      13.797811508178711,
      25.801132202148438,
      26.529253005981445,
      34.32673645019531,
      38.057952880859375,
      37.76728439331055,
      52.638675689697266,
      61.32919692993164,
      54.78711700439453,
      65.56110382080078,
      30.47666358947754,
      47.002986907958984,
      19.274974822998047,
      37.42306900024414,
      21.439491271972656,
      27.938669204711914
    ],
    [
      6.859140396118164,
      17.493736267089844,
      10.706855773925781,
      14.706802368164062,
      19.052766799926758,
      20.13221549987793,
      23.015201568603516,
      19.51486587524414,
      27.717031478881836,
      24.455589294433594,
      36.16156768798828,
      30.47666358947754,
      59.578338623046875,
      44.38368225097656,
      53.57566452026367,
      45.02748489379883,
      44.96849060058594,
      33.04050064086914
    ],
    [
      6.561192035675049,
      29.519275665283203,
      12.67464828491211,
      22.602712631225586,
      21.487455368041992,
      28.80244255065918,
      28.520137786865234,
      29.961471557617188,
      32.92071533203125,
      40.3287239074707,
      37.63575744628906,
      47.002986907958984,
      44.38368225097656,
      68.8354263305664,
      37.87828063964844,
      63.73965072631836,
      47.07033920288086,
      50.69968032836914
    ],
    [
      6.1168975830078125,
      12.21760368347168,
      13.673171997070312,
      13.267361640930176,
      21.542102813720703,
      17.402801513671875,
      21.20732879638672,
      14.898438453674316,
      19.645055770874023,
      11.504878044128418,
      27.36480712890625,
      19.274974822998047,
      53.57566452026367,
      37.87828063964844,
      71.33978271484375,
      49.129825592041016,
      56.4384651184082,
      38.604408264160156
    ],
    [
      6.484599590301514,
      23.24380874633789,
      14.105500221252441,
      19.04908561706543,
      20.06270408630371,
      23.79559898376465,
      24.490070343017578,
      23.93505859375,
      26.491188049316406,
      30.298582077026367,
      30.606599807739258,
      37.42306900024414,
      45.02748489379883,
      63.73965072631836,
      49.129825592041016,
      73.65155029296875,
      59.361968994140625,
      62.12848663330078
    ],
    [
      6.130239963531494,
      14.78395938873291,
      11.26655387878418,
      13.181207656860352,
      17.142053604125977,
      16.1378116607666,
      17.680152893066406,
      15.556706428527832,
      15.96510124206543,
      14.613631248474121,
      21.596410751342773,
      21.439491271972656,
      44.96849060058594,
      47.07033920288086,
      56.4384651184082,
      59.361968994140625,
      67.8491439819336,
      57.139251708984375
    ],
    [
      3.7259116172790527,
      16.286827087402344,
      10.299178123474121,
      15.22799015045166,
      14.020819664001465,
      17.174602508544922,
      16.992279052734375,
      18.31791114807129,
      17.841434478759766,
      22.63235092163086,
      20.419204711914062,
      27.938669204711914,
      33.04050064086914,
      50.69968032836914,
      38.604408264160156,
      62.12848663330078,
      57.139251708984375,
      68.5613021850586
    ]
  ],
  "damage": -19.448577880859375,
  "diff_bandwidth": 728.9603881835938,
  "dissonance": 8.035329526345741,
  "drr": 16.129459381103516,
  "dynamics": 3.1813769340515137,
  "format": 1245190,
  "frames": 8723196,
  "freq_pan_to_db": [
    [
      -52.46510314941406,
      -47.046749114990234,
      -41.763423919677734,
      -33.775604248046875,
      -28.585777282714844,
      -27.901878356933594,
      -29.873249053955078,
      -37.97762680053711,
      -43.64398193359375,
      -50.5622673034668,
      -53.50711441040039
    ],
    [
      -41.08548355102539,
      -34.912113189697266,
      -29.40641975402832,
      -28.288043975830078,
      -24.86064910888672,
      -21.74292755126953,
      -24.88352394104004,
      -30.388858795166016,
      -30.730342864990234,
      -33.2685661315918,
      -35.45940399169922
    ],
    [
      -29.27108383178711,
      -27.821210861206055,
      -25.921979904174805,
      -25.22883415222168,
      -24.63080596923828,
      -24.269256591796875,
      -24.602075576782227,
      -25.18312644958496,
      -26.257410049438477,
      -27.807239532470703,
      -28.63584327697754
    ],
    [
      -31.46616554260254,
      -30.09174919128418,
      -28.083084106445312,
      -27.89377784729004,
      -27.38238525390625,
      -27.980649948120117,
      -28.228979110717773,
      -28.976320266723633,
      -29.579570770263672,
      -30.248926162719727,
      -31.207077026367188
    ],
    [
      -31.334909439086914,
      -30.166658401489258,
      -29.785175323486328,
      -29.001277923583984,
      -29.196998596191406,
      -29.462139129638672,
      -29.22874641418457,
      -29.3356876373291,
      -30.37041473388672,
      -30.843969345092773,
      -31.523923873901367
    ],
    [
      -31.05394172668457,
      -30.88504409790039,
      -29.872766494750977,
      -27.93425178527832,
      -26.95751953125,
      -26.542766571044922,
      -27.092676162719727,
      -28.901596069335938,
      -30.427242279052734,
      -31.247474670410156,
      -32.21075439453125
    ],
    [
      -32.474212646484375,
      -31.945213317871094,
      -30.00533103942871,
      -28.299800872802734,
      -26.762113571166992,
      -26.73586654663086,
      -27.357994079589844,
      -29.133264541625977,
      -31.13758087158203,
      -31.742773056030273,
      -31.87302589416504
    ],
    [
      -31.836196899414062,
      -31.61699867248535,
      -31.046300888061523,
      -30.535968780517578,
      -28.797494888305664,
      -26.474552154541016,
      -28.9222469329834,
      -30.32278823852539,
      -29.70720672607422,
      -30.28960418701172,
      -30.17479133605957
    ],
    [
      -34.2927131652832,
      -32.760440826416016,
      -31.83104705810547,
      -31.165363311767578,
      -28.30721092224121,
      -27.964046478271484,
      -29.66179847717285,
      -30.96201515197754,
      -30.959775924682617,
      -31.08444595336914,
      -31.110153198242188
    ],
    [
      -31.128122329711914,
      -29.160436630249023,
      -30.46906089782715,
      -30.89986801147461,
      -28.833730697631836,
      -27.930448532104492,
      -28.68645668029785,
      -29.844783782958984,
      -30.07990837097168,
      -30.02156639099121,
      -30.11469268798828
    ],
    [
      -30.14432716369629,
      -29.72446060180664,
      -31.605560302734375,
      -31.528404235839844,
      -30.643035888671875,
      -28.62303924560547,
      -29.41349983215332,
      -30.920738220214844,
      -31.034942626953125,
      -31.028093338012695,
      -31.845008850097656
    ],
    [
      -31.373823165893555,
      -33.61777877807617,
      -34.1486930847168,
      -32.96800994873047,
      -31.78471565246582,
      -29.67448616027832,
      -33.483699798583984,
      -33.645965576171875,
      -32.35920333862305,
      -33.083885192871094,
      -33.99207305908203
    ],
    [
      -35.796142578125,
      -36.17173767089844,
      -34.58123016357422,
      -34.427101135253906,
      -31.557098388671875,
      -29.54534912109375,
      -32.66215133666992,
      -33.78976821899414,
      -34.752559661865234,
      -36.19010543823242,
      -37.84718704223633
    ],
    [
      -32.17776870727539,
      -33.61809539794922,
      -32.32044219970703,
      -32.07539749145508,
      -30.043277740478516,
      -29.232439041137695,
      -32.91767120361328,
      -33.97636795043945,
      -36.15808868408203,
      -32.592342376708984,
      -32.53057098388672
    ],
    [
      -31.683198928833008,
      -34.34626007080078,
      -33.56514358520508,
      -33.632850646972656,
      -33.571807861328125,
      -29.959199905395508,
      -32.753658294677734,
      -35.799678802490234,
      -35.825294494628906,
      -35.2547492980957,
      -35.18534851074219
    ],
    [
      -34.02457809448242,
      -35.019805908203125,
      -35.89788055419922,
      -36.5849494934082,
      -33.40144729614258,
      -30.709999084472656,
      -33.3631591796875,
      -35.7581901550293,
      -35.6329460144043,
      -36.219303131103516,
      -35.61494064331055
    ],
    [
      -33.954139709472656,
      -35.47260284423828,
      -37.9411735534668,
      -37.50361251831055,
      -34.06736373901367,
      -33.343502044677734,
      -36.6204833984375,
      -37.997859954833984,
      -35.00204849243164,
      -34.325714111328125,
      -33.83831787109375
    ],
    [
      -34.19035339355469,
      -34.48844909667969,
      -37.26411437988281,
      -38.154754638671875,
      -36.63441848754883,
      -33.517486572265625,
      -37.40841293334961,
      -38.312862396240234,
      -36.601234436035156,
      -35.123374938964844,
      -33.08848571777344
    ],
    [
      -36.61140060424805,
      -36.428890228271484,
      -37.806602478027344,
      -39.362632751464844,
      -36.35166549682617,
      -34.45215606689453,
      -37.81653594970703,
      -37.48127365112305,
      -35.41305923461914,
      -37.453277587890625,
      -36.753997802734375
    ],
    [
      -33.33636474609375,
      -33.693359375,
      -33.885032653808594,
      -35.075382232666016,
      -33.60922622680664,
      -33.959999084472656,
      -35.077964782714844,
      -34.86143112182617,
      -35.051692962646484,
      -35.93624496459961,
      -39.19279098510742
    ],
    [
      -33.136085510253906,
      -34.62187576293945,
      -33.31603240966797,
      -34.4226188659668,
      -34.53822708129883,
      -34.928466796875,
      -33.7943000793457,
      -34.40080642700195,
      -34.854766845703125,
      -34.45476150512695,
      -36.75352096557617
    ],
    [
      -31.47566032409668,
      -34.860595703125,
      -35.15242004394531,
      -34.86631393432617,
      -35.15691375732422,
      -36.47411346435547,
      -35.36038589477539,
      -35.171470642089844,
      -35.57107162475586,
      -35.05875015258789,
      -31.292675018310547
    ],
    [
      -34.8983039855957,
      -35.1340446472168,
      -36.08970642089844,
      -37.21867370605469,
      -34.97556686401367,
      -36.42987823486328,
      -35.86316680908203,
      -36.96757125854492,
      -35.803043365478516,
      -35.58531951904297,
      -32.92289733886719
    ],
    [
      -33.09688186645508,
      -37.47129440307617,
      -37.79595184326172,
      -37.903587341308594,
      -37.58642578125,
      -37.134525299072266,
      -37.399383544921875,
      -39.013954162597656,
      -38.96930694580078,
      -38.23298645019531,
      -37.207244873046875
    ],
    [
      -40.90553283691406,
      -42.31310272216797,
      -41.5576057434082,
      -40.3739128112793,
      -38.34984588623047,
      -37.77387619018555,
      -38.05873107910156,
      -39.93612289428711,
      -41.7590217590332,
      -43.18818664550781,
      -45.217288970947266
    ],
    [
      -36.52655029296875,
      -44.79356002807617,
      -43.941280364990234,
      -43.688148498535156,
      -42.58642578125,
      -41.71907424926758,
      -41.74677276611328,
      -42.904335021972656,
      -44.14691162109375,
      -44.91080093383789,
      -46.97318649291992
    ],
    [
      -39.2921142578125,
      -42.50218963623047,
      -42.94887161254883,
      -43.278141021728516,
      -42.47105407714844,
      -41.89394760131836,
      -41.58038330078125,
      -42.96556091308594,
      -42.81916046142578,
      -41.4969482421875,
      -39.1723518371582
    ],
    [
      -49.44784164428711,
      -45.13926696777344,
      -45.38720703125,
      -44.8444709777832,
      -44.23941421508789,
      -43.00122833251953,
      -44.54887771606445,
      -44.9138069152832,
      -45.691776275634766,
      -44.77766036987305,
      -52.83859634399414
    ],
    [
      -48.73564910888672,
      -45.8647575378418,
      -45.95017623901367,
      -46.683128356933594,
      -46.06306076049805,
      -43.24885177612305,
      -45.97570037841797,
      -45.910400390625,
      -46.27846145629883,
      -46.633296966552734,
      -62.168251037597656
    ],
    [
      -49.04047775268555,
      -46.85936737060547,
      -46.38249588012695,
      -46.6669807434082,
      -46.44993591308594,
      -40.545047760009766,
      -46.37957763671875,
      -46.55650329589844,
      -46.644039154052734,
      -46.507511138916016,
      -51.83926773071289
    ],
    [
      -50.488365173339844,
      -44.983917236328125,
      -46.93031311035156,
      -47.52629852294922,
      -47.35142135620117,
      -40.0677604675293,
      -47.48345947265625,
      -47.49199676513672,
      -47.23199462890625,
      -45.34722137451172,
      -53.469051361083984
    ],
    [
      -134.98556518554688,
      -46.4426155090332,
      -47.48294448852539,
      -48.508445739746094,
      -48.396018981933594,
      -42.630191802978516,
      -48.633018493652344,
      -48.909324645996094,
      -48.4362907409668,
      -49.042015075683594,
      -81.39657592773438
    ],
    [
      -54.80429458618164,
      -53.18681335449219,
      -47.408714294433594,
      -48.30935287475586,
      -48.66622543334961,
      -43.96123123168945,
      -48.77777099609375,
      -49.05131912231445,
      -49.26884460449219,
      -46.08686065673828,
      -56.98347091674805
    ],
    [
      -65.13312530517578,
      -47.180015563964844,
      -46.696807861328125,
      -46.86397171020508,
      -46.99216842651367,
      -43.29222106933594,
      -47.883750915527344,
      -49.06673049926758,
      -47.99966812133789,
      -51.78788375854492,
      -132.83689880371094
    ],
    [
      -136.42738342285156,
      -47.805809020996094,
      -46.48994064331055,
      -47.767677307128906,
      -47.22695541381836,
      -41.93367385864258,
      -46.58971405029297,
      -47.56631851196289,
      -47.70594024658203,
      -47.394535064697266,
      -50.85724639892578
    ],
    [
      -61.099632263183594,
      -44.57040023803711,
      -47.294105529785156,
      -48.92277526855469,
      -50.220359802246094,
      -44.57591247558594,
      -47.335575103759766,
      -46.40055847167969,
      -45.81312561035156,
      -45.34334182739258,
      -133.028564453125
    ],
    [
      -137.31939697265625,
      -52.79386520385742,
      -47.87495803833008,
      -50.6855354309082,
      -51.38759231567383,
      -48.23222732543945,
      -49.617523193359375,
      -48.906280517578125,
      -49.0089111328125,
      -48.98059844970703,
      -63.80015563964844
    ],
    [
      -136.70489501953125,
      -44.76174545288086,
      -47.89680099487305,
      -52.0953369140625,
      -53.15531921386719,
      -51.207305908203125,
      -51.18567657470703,
      -50.97010040283203,
      -52.620361328125,
      -51.82455062866211,
      -129.99049377441406
    ],
    [
      -137.95851135253906,
      -47.63235092163086,
      -51.10944366455078,
      -53.38718032836914,
      -54.074764251708984,
      -53.296714782714844,
      -51.47227478027344,
      -50.90822982788086,
      -51.46742630004883,
      -53.69778823852539,
      -129.7275390625
    ],
    [
      -55.76070022583008,
      -48.01742172241211,
      -51.271976470947266,
      -54.370330810546875,
      -55.88121795654297,
      -55.96813201904297,
      -51.94598388671875,
      -50.0115966796875,
      -50.21335983276367,
      -50.78244400024414,
      -128.5884246826172
    ],
    [
      -54.84185791015625,
      -46.591487884521484,
      -50.91791534423828,
      -54.764915466308594,
      -58.333824157714844,
      -59.4853401184082,
      -54.010189056396484,
      -52.11931228637695,
      -52.24869155883789,
      -54.535160064697266,
      -59.10007858276367
    ],
    [
      -136.92198181152344,
      -51.29615783691406,
      -52.1878547668457,
      -55.83957290649414,
      -60.147830963134766,
      -63.52193832397461,
      -55.71794509887695,
      -51.99370574951172,
      -50.23271560668945,
      -53.07923889160156,
      -66.4088134765625
    ]
  ],
  "histogram": [
    {
      "db": -70,
      "frequency": 1
    },
    {
      "db": -69,
      "frequency": 0
    },
    {
      "db": -68,
      "frequency": 0
    },
    {
      "db": -67,
      "frequency": 1
    },
    {
      "db": -66,
      "frequency": 0
    },
    {
      "db": -65,
      "frequency": 1
    },
    {
      "db": -64,
      "frequency": 0
    },
    {
      "db": -63,
      "frequency": 2
    },
    {
      "db": -62,
      "frequency": 1
    },
    {
      "db": -61,
      "frequency": 2
    },
    {
      "db": -60,
      "frequency": 1
    },
    {
      "db": -59,
      "frequency": 2
    },
    {
      "db": -58,
      "frequency": 0
    },
    {
      "db": -57,
      "frequency": 3
    },
    {
      "db": -56,
      "frequency": 1
    },
    {
      "db": -55,
      "frequency": 1
    },
    {
      "db": -54,
      "frequency": 2
    },
    {
      "db": -53,
      "frequency": 1
    },
    {
      "db": -52,
      "frequency": 3
    },
    {
      "db": -51,
      "frequency": 4
    },
    {
      "db": -50,
      "frequency": 2
    },
    {
      "db": -49,
      "frequency": 2
    },
    {
      "db": -48,
      "frequency": 3
    },
    {
      "db": -47,
      "frequency": 2
    },
    {
      "db": -46,
      "frequency": 3
    },
    {
      "db": -45,
      "frequency": 6
    },
    {
      "db": -44,
      "frequency": 2
    },
    {
      "db": -43,
      "frequency": 1
    },
    {
      "db": -42,
      "frequency": 7
    },
    {
      "db": -41,
      "frequency": 9
    },
    {
      "db": -40,
      "frequency": 6
    },
    {
      "db": -39,
      "frequency": 12
    },
    {
      "db": -38,
      "frequency": 6
    },
    {
      "db": -37,
      "frequency": 7
    },
    {
      "db": -36,
      "frequency": 3
    },
    {
      "db": -35,
      "frequency": 5
    },
    {
      "db": -34,
      "frequency": 5
    },
    {
      "db": -33,
      "frequency": 13
    },
    {
      "db": -32,
      "frequency": 8
    },
    {
      "db": -31,
      "frequency": 26
    },
    {
      "db": -30,
      "frequency": 29
    },
    {
      "db": -29,
      "frequency": 66
    },
    {
      "db": -28,
      "frequency": 118
    },
    {
      "db": -27,
      "frequency": 192
    },
    {
      "db": -26,
      "frequency": 217
    },
    {
      "db": -25,
      "frequency": 238
    },
    {
      "db": -24,
      "frequency": 212
    },
    {
      "db": -23,
      "frequency": 198
    },
    {
      "db": -22,
      "frequency": 234
    },
    {
      "db": -21,
      "frequency": 210
    },
    {
      "db": -20,
      "frequency": 79
    },
    {
      "db": -19,
      "frequency": 15
    },
    {
      "db": -18,
      "frequency": 0
    },
    {
      "db": -17,
      "frequency": 0
    },
    {
      "db": -16,
      "frequency": 0
    },
    {
      "db": -15,
      "frequency": 0
    },
    {
      "db": -14,
      "frequency": 0
    },
    {
      "db": -13,
      "frequency": 0
    },
    {
      "db": -12,
      "frequency": 0
    },
    {
      "db": -11,
      "frequency": 0
    },
    {
      "db": -10,
      "frequency": 0
    },
    {
      "db": -9,
      "frequency": 0
    },
    {
      "db": -8,
      "frequency": 0
    },
    {
      "db": -7,
      "frequency": 0
    },
    {
      "db": -6,
      "frequency": 0
    },
    {
      "db": -5,
      "frequency": 0
    },
    {
      "db": -4,
      "frequency": 0
    },
    {
      "db": -3,
      "frequency": 0
    },
    {
      "db": -2,
      "frequency": 0
    },
    {
      "db": -1,
      "frequency": 0
    },
    {
      "db": 0,
      "frequency": 0
    },
    {
      "db": 1,
      "frequency": 0
    },
    {
      "db": 2,
      "frequency": 0
    },
    {
      "db": 3,
      "frequency": 0
    },
    {
      "db": 4,
      "frequency": 0
    },
    {
      "db": 5,
      "frequency": 0
