{
  "acoustic_entropy": 199.78036499023438,
  "bands": [
    {
      "high_freq": 148.1999969482422,
      "loudness": -33.717369079589844,
      "loudness_range": 8.70962905883789,
      "mid_mean": -30.272993087768555,
      "mid_to_side_loudness": -16.337129592895508,
      "mid_to_side_loudness_range": 23.875307083129883,
      "side_mean": -47.786163330078125
    },
    {
      "high_freq": 392.3793640136719,
      "loudness": -33.90415573120117,
      "loudness_range": 10.801263809204102,
      "low_freq": 148.1999969482422,
      "mid_mean": -32.24164962768555,
      "mid_to_side_loudness": -3.589439630508423,
      "mid_to_side_loudness_range": 13.901505470275879,
      "side_mean": -35.98894500732422
    },
    {
      "high_freq": 794.6976318359375,
      "loudness": -36.86848449707031,
      "loudness_range": 15.61004638671875,
      "low_freq": 392.3793640136719,
      "mid_mean": -34.771602630615234,
      "mid_to_side_loudness": -4.723761081695557,
      "mid_to_side_loudness_range": 10.480243682861328,
      "side_mean": -39.50294876098633
    },
    {
      "high_freq": 1457.5709228515625,
      "loudness": -42.4713020324707,
      "loudness_range": 20.871627807617188,
      "low_freq": 794.6976318359375,
      "mid_mean": -40.45111846923828,
      "mid_to_side_loudness": -4.34423828125,
      "mid_to_side_loudness_range": 10.996466636657715,
      "side_mean": -44.840396881103516
    },
    {
      "high_freq": 2549.74365234375,
      "loudness": -41.943668365478516,
      "loudness_range": 26.136722564697266,
      "low_freq": 1457.5709228515625,
      "mid_mean": -39.48726272583008,
      "mid_to_side_loudness": -5.64473295211792,
      "mid_to_side_loudness_range": 10.783567428588867,
      "side_mean": -45.33696365356445
    },
    {
      "high_freq": 4349.24462890625,
      "loudness": -42.52064514160156,
      "loudness_range": 23.36199188232422,
      "low_freq": 2549.74365234375,
      "mid_mean": -39.81674575805664,
      "mid_to_side_loudness": -6.750687122344971,
      "mid_to_side_loudness_range": 10.28904914855957,
      "side_mean": -46.71930694580078
    },
    {
      "high_freq": 7314.1640625,
      "loudness": -49.21407699584961,
      "loudness_range": 18.605304718017578,
      "low_freq": 4349.24462890625,
      "mid_mean": -47.14133834838867,
      "mid_to_side_loudness": -4.995031833648682,
      "mid_to_side_loudness_range": 11.894396781921387,
      "side_mean": -52.639015197753906
    },
    {
      "high_freq": 12199.2666015625,
      "loudness": -51.93472671508789,
      "loudness_range": 17.338069915771484,
      "low_freq": 7314.1640625,
      "mid_mean": -50.77513122558594,
      "mid_to_side_loudness": -5.587268829345703,
      "mid_to_side_loudness_range": 14.646692276000977,
      "side_mean": -56.10384750366211
    },
    {
      "loudness": -59.582298278808594,
      "loudness_range": 17.38064956665039,
      "low_freq": 12199.2666015625,
      "mid_mean": -57.929954528808594,
      "mid_to_side_loudness": -3.199237108230591,
      "mid_to_side_loudness_range": 8.517335891723633,
      "side_mean": -60.41984939575195
    }
  ],
  "bands_short": [
    {
      "high_freq": 148.1999969482422,
      "loudness": -35.80779266357422,
      "loudness_range": 15.298175811767578,
      "mid_mean": -32.34849548339844,
      "mid_to_side_loudness": -21.229612350463867,
      "mid_to_side_loudness_range": 33.603145599365234,
      "side_mean": -56.44512939453125
    },
    {
      "high_freq": 392.3793640136719,
      "loudness": -33.783119201660156,
      "loudness_range": 12.800403594970703,
      "low_freq": 148.1999969482422,
      "mid_mean": -32.13224411010742,
      "mid_to_side_loudness": -4.682491779327393,
      "mid_to_side_loudness_range": 19.325687408447266,
      "side_mean": -37.021488189697266
    },
    {
      "high_freq": 794.6976318359375,
      "loudness": -37.72099304199219,
      "loudness_range": 18.692466735839844,
      "low_freq": 392.3793640136719,
      "mid_mean": -36.01400375366211,
      "mid_to_side_loudness": -4.174560546875,
      "mid_to_side_loudness_range": 14.227615356445312,
      "side_mean": -40.21167755126953
    },
    {
      "high_freq": 1457.5709228515625,
      "loudness": -42.4603157043457,
      "loudness_range": 22.990325927734375,
      "low_freq": 794.6976318359375,
      "mid_mean": -40.48713302612305,
      "mid_to_side_loudness": -4.650217056274414,
      "mid_to_side_loudness_range": 12.979314804077148,
      "side_mean": -45.24805450439453
    },
    {
      "high_freq": 2549.74365234375,
      "loudness": -42.82217025756836,
      "loudness_range": 28.070945739746094,
      "low_freq": 1457.5709228515625,
      "mid_mean": -40.7044563293457,
      "mid_to_side_loudness": -5.163128852844238,
      "mid_to_side_loudness_range": 14.520777702331543,
      "side_mean": -46.22993087768555
    },
    {
      "high_freq": 4349.24462890625,
      "loudness": -43.398258209228516,
      "loudness_range": 25.97272300720215,
      "low_freq": 2549.74365234375,
      "mid_mean": -40.952171325683594,
      "mid_to_side_loudness": -6.282962322235107,
      "mid_to_side_loudness_range": 13.805241584777832,
      "side_mean": -47.608863830566406
    },
    {
      "high_freq": 7314.1640625,
      "loudness": -51.11027145385742,
      "loudness_range": 21.651397705078125,
      "low_freq": 4349.24462890625,
      "mid_mean": -49.505035400390625,
      "mid_to_side_loudness": -4.634294033050537,
      "mid_to_side_loudness_range": 12.036290168762207,
      "side_mean": -54.42365646362305
    },
    {
      "high_freq": 12199.2666015625,
      "loudness": -54.59880447387695,
      "loudness_range": 22.70183563232422,
      "low_freq": 7314.1640625,
      "mid_mean": -53.453853607177734,
      "mid_to_side_loudness": -5.976038932800293,
      "mid_to_side_loudness_range": 17.40667152404785,
      "side_mean": -58.97761535644531
    },
    {
      "loudness": -63.98398971557617,
      "loudness_range": 26.770816802978516,
      "low_freq": 12199.2666015625,
      "mid_mean": -61.10837173461914,
      "mid_to_side_loudness": -5.211672782897949,
      "mid_to_side_loudness_range": 15.139779090881348,
      "side_mean": -63.90604019165039
    }
  ],
  "bandwidth": 555.3190307617188,
  "channels": 2,
  "covariance": [
    [
      17.686914443969727,
      14.690006256103516,
      8.12501049041748,
      7.092947006225586,
      8.247657775878906,
      8.027904510498047,
      8.558255195617676,
      7.810859680175781,
      4.921796798706055,
      3.671464443206787,
      4.558749675750732,
      4.325052261352539,
      7.139441013336182,
      6.07934045791626,
      7.5170087814331055,
      5.693212985992432,
      5.811712741851807,
      4.298007488250732
    ],
    [
      14.690006256103516,
      79.32096099853516,
      11.167851448059082,
      26.294414520263672,
      17.52837562561035,
      26.852811813354492,
      30.582345962524414,
      29.720964431762695,
      29.567476272583008,
      34.60776901245117,
      27.22844886779785,
      34.15073013305664,
      16.51810646057129,
      26.440113067626953,
      14.156993865966797,
      20.87795066833496,
      12.033507347106934,
      13.065606117248535
    ],
    [
      8.12501049041748,
      11.167851448059082,
      20.707149505615234,
      14.54502010345459,
      15.589879035949707,
      12.604214668273926,
      15.116961479187012,
      11.100330352783203,
      12.765438079833984,
      9.046083450317383,
      12.304967880249023,
      10.447430610656738,
      9.361824035644531,
      8.686466217041016,
      12.740196228027344,
      8.29200553894043,
      6.946925640106201,
      5.286230087280273
    ],
    [
      7.092947006225586,
      26.294414520263672,
      14.54502010345459,
      32.58904266357422,
      15.77708911895752,
      20.724628448486328,
      20.444711685180664,
      22.313377380371094,
      18.599958419799805,
      20.910324096679688,
      17.230487823486328,
      19.87574005126953,
      10.673480033874512,
      15.342029571533203,
      10.618264198303223,
      14.466971397399902,
      9.653116226196289,
      10.990460395812988
    ],
    [
      8.247657775878906,
      17.52837562561035,
      15.589879035949707,
      15.77708911895752,
      33.834930419921875,
      26.73756217956543,
      32.57985305786133,
      25.047414779663086,
      29.25223159790039,
      22.07117462158203,
      24.988758087158203,
      21.145721435546875,
      13.887079238891602,
      14.417778968811035,
      15.94096851348877,
      12.674159049987793,
      9.883256912231445,
      8.129141807556152
    ],
    [
      8.027904510498047,
      26.852811813354492,
      12.604214668273926,
      20.724628448486328,
      26.73756217956543,
      35.178436279296875,
      31.86005210876465,
      30.57729148864746,
      28.080415725708008,
      30.223804473876953,
      26.351154327392578,
      29.763872146606445,
      14.474905967712402,
      20.056716918945312,
      12.101025581359863,
      16.09908103942871,
      9.2824125289917,
      9.323704719543457
    ],
    [
      8.558255195617676,
      30.582345962524414,
      15.116961479187012,
      20.444711685180664,
      32.57985305786133,
      31.86005210876465,
      58.56758499145508,
      42.31998062133789,
      49.82472610473633,
      45.422645568847656,
      41.28911590576172,
      39.10901641845703,
      16.0456485748291,
      22.481924057006836,
      14.473008155822754,
      18.817686080932617,
      10.828118324279785,
      11.21506118774414
    ],
    [
      7.810859680175781,
      29.720964431762695,
      11.100330352783203,
      22.313377380371094,
      25.047414779663086,
      30.57729148864746,
      42.31998062133789,
      42.372989654541016,
      38.015316009521484,
      41.55522155761719,
      33.86469650268555,
      37.40782165527344,
      15.162837028503418,
      23.516494750976562,
      10.815340995788574,
      19.055967330932617,
      10.271162033081055,
      11.887809753417969
    ],
    [
      4.921796798706055,
      29.567476272583008,
      12.765438079833984,
      18.599958419799805,
      29.25223159790039,
      28.080415725708008,
      49.82472610473633,
      38.015316009521484,
      84.81354522705078,
      76.82678985595703,
      68.62077331542969,
      60.973663330078125,
      18.41375160217285,
      27.630517959594727,
      12.727529525756836,
      21.66971206665039,
      8.761124610900879,
      11.147177696228027
    ],
    [
      3.671464443206787,
      34.60776901245117,
      9.046083450317383,
      20.910324096679688,
      22.07117462158203,
      30.223804473876953,
      45.422645568847656,
      41.55522155761719,
      76.82678985595703,
      85.2373275756836,
      64.95372772216797,
      68.0677719116211,
      17.1855525970459,
      33.05478286743164,
      7.82880973815918,
      25.09034538269043,
      8.424043655395508,
      13.093162536621094
    ],
    [
      4.558749675750732,
      27.22844886779785,
      12.304967880249023,
      17.230487823486328,
      24.988758087158203,
      26.351154327392578,
      41.28911590576172,
      33.86469650268555,
      68.62077331542969,
      64.95372772216797,
      67.11510467529297,
      58.264305114746094,
      22.64160919189453,
      28.304550170898438,
      15.924840927124023,
      21.350561141967773,
      10.285113334655762,
      10.663267135620117
    ],
    [
      4.325052261352539,
      34.15073013305664,
      10.447430610656738,
      19.87574005126953,
      21.145721435546875,
      29.763872146606445,
      39.10901641845703,
      37.40782165527344,
      60.973663330078125,
      68.0677719116211,
      58.264305114746094,
      64.52056121826172,
      20.601659774780273,
      34.94986343383789,
      11.722920417785645,
      26.14115333557129,
      10.785329818725586,
      13.769283294677734
    ],
    [
      7.139441013336182,
      16.51810646057129,
      9.361824035644531,
      10.673480033874512,
      13.887079238891602,
      14.474905967712402,
      16.0456485748291,
      15.162837028503418,
      18.41375160217285,
      17.1855525970459,
      22.64160919189453,
      20.601659774780273,
      45.47419738769531,
      28.09328842163086,
      39.813480377197266,
      23.319063186645508,
      25.430118560791016,
      15.68112564086914
    ],
    [
      6.07934045791626,
      26.440113067626953,
      8.686466217041016,
      15.342029571533203,
      14.417778968811035,
      20.056716918945312,
      22.481924057006836,
      23.516494750976562,
      27.630517959594727,
      33.05478286743164,
      28.304550170898438,
      34.94986343383789,
      28.09328842163086,
      41.81821823120117,
      31.005313873291016,
      35.800445556640625,
      26.4901065826416,
      26.188411712646484
    ],
    [
      7.5170087814331055,
      14.156993865966797,
      12.740196228027344,
      10.618264198303223,
      15.94096851348877,
      12.101025581359863,
      14.473008155822754,
      10.815340995788574,
      12.727529525756836,
      7.82880973815918,
      15.924840927124023,
      11.722920417785645,
      39.813480377197266,
      31.005313873291016,
      57.380496978759766,
      30.724964141845703,
      36.222293853759766,
      23.41916847229004
    ],
    [
      5.693212985992432,
      20.87795066833496,
      8.29200553894043,
      14.466971397399902,
      12.674159049987793,
      16.09908103942871,
      18.817686080932617,
      19.055967330932617,
      21.66971206665039,
      25.09034538269043,
      21.350561141967773,
      26.14115333557129,
      23.319063186645508,
      35.800445556640625,
      30.724964141845703,
      38.12520217895508,
      30.45195960998535,
      32.61430740356445
    ],
    [
      5.811712741851807,
      12.033507347106934,
      6.946925640106201,
      9.653116226196289,
      9.883256912231445,
      9.2824125289917,
      10.828118324279785,
      10.271162033081055,
      8.761124610900879,
      8.424043655395508,
      10.285113334655762,
      10.785329818725586,
      25.430118560791016,
      26.4901065826416,
      36.222293853759766,
      30.45195960998535,
      34.65445327758789,
      30.0377197265625
    ],
    [
      4.298007488250732,
      13.065606117248535,
      5.286230087280273,
      10.990460395812988,
      8.129141807556152,
      9.323704719543457,
      11.21506118774414,
      11.887809753417969,
      11.147177696228027,
      13.093162536621094,
      10.663267135620117,
      13.769283294677734,
      15.68112564086914,
      26.188411712646484,
      23.41916847229004,
      32.61430740356445,
      30.0377197265625,
      35.3864631652832
    ]
  ],
  "covariance_short": [
    [
      43.738685607910156,
      10.486154556274414,
      11.754096984863281,
      6.44072151184082,
      6.395753860473633,
      5.5674214363098145,
      5.850798606872559,
      6.2983832359313965,
      0.5669669508934021,
      0.24713562428951263,
      0.4974101483821869,
      1.3823405504226685,
      5.599120140075684,
      4.757406234741211,
      5.72104024887085,
      4.297713279724121,
      4.297101974487305,
      2.4652509689331055
    ],
    [
      10.486154556274414,
      78.60965728759766,
      15.844223022460938,
      35.35614776611328,
      22.048786163330078,
      32.98161697387695,
      34.04938888549805,
      34.721153259277344,
      31.26052474975586,
      37.91014099121094,
      31.0928897857666,
      42.004859924316406,
      26.087759017944336,
      36.90150451660156,
      21.515216827392578,
      27.116466522216797,
      14.693387985229492,
      15.386972427368164
    ],
    [
      11.754096984863281,
      15.844223022460938,
      30.201820373535156,
      17.110332489013672,
      19.184478759765625,
      14.686233520507812,
      17.1522159576416,
      13.048378944396973,
      14.79559326171875,
      11.770247459411621,
      14.153468132019043,
      13.493762969970703,
      10.93693733215332,
      11.084075927734375,
      14.47028636932373,
      11.119220733642578,
      8.09974193572998,
      7.615640640258789
    ],
    [
      6.44072151184082,
      35.35614776611328,
      17.110332489013672,
      52.11418914794922,
      23.49565315246582,
      33.677825927734375,
      28.274097442626953,
      31.238744735717773,
      22.21102523803711,
      27.506202697753906,
      21.627239227294922,
      28.096914291381836,
      16.557634353637695,
      21.97571563720703,
      13.9903564453125,
      18.021526336669922,
      10.619500160217285,
      11.79051399230957
    ],
    [
      6.395753860473633,
      22.048786163330078,
      19.184478759765625,
      23.49565315246582,
      46.98043441772461,
      34.43639373779297,
      40.65777587890625,
      31.96563720703125,
      35.999576568603516,
      28.775901794433594,
      32.47394943237305,
      29.065683364868164,
      21.20163917541504,
      20.83416748046875,
      22.616058349609375,
      17.644855499267578,
      13.640087127685547,
      10.834547996520996
    ],
    [
      5.5674214363098145,
      32.98161697387695,
      14.686233520507812,
      33.677825927734375,
      34.43639373779297,
      51.2845458984375,
      37.0479850769043,
      39.40062713623047,
      30.537750244140625,
      36.763641357421875,
      30.163921356201172,
      37.506439208984375,
      22.518939971923828,
      27.975448608398438,
      18.191072463989258,
      22.221691131591797,
      13.271578788757324,
      12.953353881835938
    ],
    [
      5.850798606872559,
      34.04938888549805,
      17.1522159576416,
      28.274097442626953,
      40.65777587890625,
      37.0479850769043,
      67.44660949707031,
      48.03348922729492,
      55.34003829956055,
      49.35121154785156,
      48.122779846191406,
      44.80717086791992,
      27.266374588012695,
      29.411073684692383,
      23.608171463012695,
      23.372257232666016,
      14.26745319366455,
      12.968523979187012
    ],
    [
      6.2983832359313965,
      34.721153259277344,
      13.048378944396973,
      31.238744735717773,
      31.96563720703125,
      39.40062713623047,
      48.03348922729492,
      53.37992477416992,
      41.079193115234375,
      47.698970794677734,
      38.10173416137695,
      44.51435852050781,
      24.339094161987305,
      30.913448333740234,
      17.26311683654785,
      24.02885627746582,
      13.235174179077148,
      14.315695762634277
    ],
    [
      0.5669669508934021,
      31.26052474975586,
      14.79559326171875,
      22.21102523803711,
      35.999576568603516,
      30.537750244140625,
      55.34003829956055,
      41.079193115234375,
      98.04570770263672,
      80.55130767822266,
      79.7222900390625,
      67.66754913330078,
      34.400352478027344,
      36.593772888183594,
      22.258031845092773,
      27.487483978271484,
      11.986889839172363,
      14.138855934143066
    ],
    [
      0.24713562428951263,
      37.91014099121094,
      11.770247459411621,
      27.506202697753906,
      28.775901794433594,
      36.763641357421875,
      49.35121154785156,
      47.698970794677734,
      80.55130767822266,
      94.59932708740234,
      70.58077239990234,
      77.0655517578125,
      33.460750579833984,
      43.77934646606445,
      14.887043952941895,
      32.34421920776367,
      11.457076072692871,
      17.693382263183594
    ],
    [
      0.4974101483821869,
      31.0928897857666,
      14.153468132019043,
      21.627239227294922,
      32.47394943237305,
      30.163921356201172,
      48.122779846191406,
      38.10173416137695,
      79.7222900390625,
      70.58077239990234,
      84.00908660888672,
      66.64230346679688,
      40.58590316772461,
      39.46084976196289,
      28.408578872680664,
      29.594587326049805,
      16.4505672454834,
      15.550296783447266
    ],
    [
      1.3823405504226685,
      42.004859924316406,
      13.493762969970703,
      28.096914291381836,
      29.065683364868164,
      37.506439208984375,
      44.80717086791992,
      44.51435852050781,
      67.66754913330078,
      77.0655517578125,
      66.64230346679688,
      79.27386474609375,
      38.50487518310547,
      49.866424560546875,
      21.950218200683594,
      37.77978515625,
      17.2260799407959,
      22.091440200805664
    ],
    [
      5.599120140075684,
      26.087759017944336,
      10.93693733215332,
      16.557634353637695,
      21.20163917541504,
      22.518939971923828,
      27.266374588012695,
      24.339094161987305,
      34.400352478027344,
      33.460750579833984,
      40.58590316772461,
      38.50487518310547,
      66.16439056396484,
      48.082977294921875,
      59.08140182495117,
      42.07735061645508,
      41.166038513183594,
      27.954742431640625
    ],
    [
      4.757406234741211,
      36.90150451660156,
      11.084075927734375,
      21.97571563720703,
      20.83416748046875,
      27.975448608398438,
      29.411073684692383,
      30.913448333740234,
      36.593772888183594,
      43.77934646606445,
      39.46084976196289,
      49.866424560546875,
      48.082977294921875,
      62.39768600463867,
      42.12329864501953,
      53.83977127075195,
      36.472633361816406,
      38.17232894897461
    ],
    [
      5.72104024887085,
      21.515216827392578,
      14.47028636932373,
      13.9903564453125,
      22.616058349609375,
      18.191072463989258,
      23.608171463012695,
      17.26311683654785,
      22.258031845092773,
      14.887043952941895,
      28.408578872680664,
      21.950218200683594,
      59.08140182495117,
      42.12329864501953,
      76.41397094726562,
      45.00994873046875,
      51.86672592163086,
      33.372901916503906
    ],
    [
      4.297713279724121,
      27.116466522216797,
      11.119220733642578,
      18.021526336669922,
      17.644855499267578,
      22.221691131591797,
      23.372257232666016,
      24.02885627746582,
      27.487483978271484,
      32.34421920776367,
      29.594587326049805,
      37.77978515625,
      42.07735061645508,
      53.83977127075195,
      45.00994873046875,
      58.41697311401367,
      43.83115005493164,
      46.967159271240234
    ],
    [
      4.297101974487305,
      14.693387985229492,
      8.09974193572998,
      10.619500160217285,
      13.640087127685547,
      13.271578788757324,
      14.26745319366455,
      13.235174179077148,
      11.986889839172363,
      11.457076072692871,
      16.4505672454834,
      17.2260799407959,
      41.166038513183594,
      36.472633361816406,
      51.86672592163086,
      43.83115005493164,
      51.12006378173828,
      41.66615676879883
    ],
    [
      2.4652509689331055,
      15.386972427368164,
      7.615640640258789,
      11.79051399230957,
      10.834547996520996,
      12.953353881835938,
      12.968523979187012,
      14.315695762634277,
      14.138855934143066,
      17.693382263183594,
      15.550296783447266,
      22.091440200805664,
      27.954742431640625,
      38.17232894897461,
      33.372901916503906,
      46.967159271240234,
      41.66615676879883,
      47.77546691894531
    ]
  ],
  "damage": -19.1140193939209,
  "diff_bandwidth": 654.61279296875,
  "dissonance": 7.350963496913446,
  "drr": 12.906061172485352,
  "dynamics": 3.2595713138580322,
  "format": 1245190,
  "frames": 8723196,
  "freq_pan_to_db": [
    [
      -42.64552688598633,
      -40.50205993652344,
      -33.3942756652832,
      -28.550220489501953,
      -27.282352447509766,
      -27.651611328125,
      -28.870302200317383,
      -31.859540939331055,
      -34.75566482543945,
      -40.99866485595703,
      -46.22358703613281
    ],
    [
      -29.51768684387207,
      -29.13136863708496,
      -27.316070556640625,
      -25.847082138061523,
      -22.489940643310547,
      -21.25821304321289,
      -23.07304573059082,
      -26.131996154785156,
      -29.12531852722168,
      -30.816205978393555,
      -31.635150909423828
    ],
    [
      -25.110408782958984,
      -24.990463256835938,
      -24.766977310180664,
      -24.525524139404297,
      -24.44072151184082,
      -24.050914764404297,
      -24.204442977905273,
      -24.749122619628906,
      -25.287199020385742,
      -25.73199462890625,
      -25.35858726501465
    ],
    [
      -27.74748992919922,
      -26.41658592224121,
      -26.807193756103516,
      -27.19696617126465,
      -27.548921585083008,
      -27.878311157226562,
      -27.972394943237305,
      -27.85051727294922,
      -28.134565353393555,
      -28.00286102294922,
      -27.621244430541992
    ],
    [
      -27.863157272338867,
      -27.75046730041504,
      -27.75690269470215,
      -28.11970329284668,
      -28.780906677246094,
      -29.015926361083984,
      -28.587087631225586,
      -28.015262603759766,
      -27.837554931640625,
      -28.17491912841797,
      -28.07541847229004
    ],
    [
      -27.48859214782715,
      -27.238582611083984,
      -26.747583389282227,
      -26.442672729492188,
      -26.26970100402832,
      -26.173477172851562,
      -26.34153938293457,
      -26.581565856933594,
      -27.609851837158203,
      -28.03849220275879,
      -28.616958618164062
    ],
    [
      -28.375232696533203,
      -27.878067016601562,
      -26.93132781982422,
      -26.201684951782227,
      -26.145034790039062,
      -26.525550842285156,
      -26.588674545288086,
      -26.89295768737793,
      -27.40195655822754,
      -28.438289642333984,
      -29.220434188842773
    ],
    [
      -29.154552459716797,
      -29.22992706298828,
      -28.762422561645508,
      -28.35887908935547,
      -26.91136932373047,
      -25.757022857666016,
      -27.065078735351562,
      -28.18972396850586,
      -29.19925308227539,
      -28.77431297302246,
      -27.576045989990234
    ],
    [
      -31.13400650024414,
      -30.104921340942383,
      -29.622570037841797,
      -28.629858016967773,
      -27.6893310546875,
      -27.47832679748535,
      -28.416837692260742,
      -29.73067283630371,
      -30.340106964111328,
      -30.263484954833984,
      -29.11371612548828
    ],
    [
      -29.155517578125,
      -28.2852840423584,
      -29.865596771240234,
      -28.917936325073242,
      -28.260759353637695,
      -27.856611251831055,
      -28.002639770507812,
      -28.95001983642578,
      -29.098421096801758,
      -29.446849822998047,
      -28.20087432861328
    ],
    [
      -28.66839599609375,
      -29.346195220947266,
      -30.674272537231445,
      -30.927339553833008,
      -30.11191749572754,
      -28.3944034576416,
      -29.001834869384766,
      -30.096044540405273,
      -30.288787841796875,
      -30.338119506835938,
      -29.852218627929688
    ],
    [
      -30.858125686645508,
      -33.482421875,
      -33.4629020690918,
      -32.15472412109375,
      -31.14534568786621,
      -29.775211334228516,
      -31.96272850036621,
      -33.75296401977539,
      -33.05825424194336,
      -32.94305419921875,
      -32.51323318481445
    ],
    [
      -34.045623779296875,
      -35.29978942871094,
      -36.18842697143555,
      -33.38351058959961,
      -31.85218048095703,
      -30.00789451599121,
      -32.825050354003906,
      -33.950069427490234,
      -34.5197868347168,
      -35.32707214355469,
      -36.14711380004883
    ],
    [
      -32.828121185302734,
      -35.280277252197266,
      -34.79324722290039,
      -32.00826644897461,
      -30.55728530883789,
      -29.974281311035156,
      -33.361114501953125,
      -35.23099136352539,
      -36.16616439819336,
      -34.192691802978516,
      -34.17097473144531
    ],
    [
      -30.848350524902344,
      -34.152523040771484,
      -35.376678466796875,
      -35.489990234375,
      -34.53166198730469,
      -30.7568359375,
      -33.49073028564453,
      -37.07719039916992,
      -36.685829162597656,
      -36.67996597290039,
      -35.1407585144043
    ],
    [
      -33.603546142578125,
      -36.47401428222656,
      -37.33787155151367,
      -37.87236022949219,
      -34.83158874511719,
      -31.79573631286621,
      -34.16252899169922,
      -37.02012634277344,
      -37.35712432861328,
      -37.03653335571289,
      -36.5400390625
    ],
    [
      -34.6132698059082,
      -36.602420806884766,
      -39.89995193481445,
      -38.65093231201172,
      -35.53009796142578,
      -34.8624153137207,
      -37.9929313659668,
      -39.446533203125,
      -37.613014221191406,
      -36.09054946899414,
      -35.453880310058594
    ],
    [
      -35.357479095458984,
      -35.502647399902344,
      -38.591712951660156,
      -40.20379638671875,
      -38.25071716308594,
      -35.10391616821289,
      -38.392459869384766,
      -39.12090301513672,
      -37.8172607421875,
      -36.17713928222656,
      -35.09770584106445
    ],
    [
      -36.61468505859375,
      -36.984989166259766,
      -38.71013259887695,
      -41.070438385009766,
      -37.487525939941406,
      -35.67628860473633,
      -38.62815475463867,
      -38.89613342285156,
      -36.50138854980469,
      -38.042118072509766,
      -38.06232833862305
    ],
    [
      -32.30534362792969,
      -34.49100875854492,
      -35.186912536621094,
      -35.51169967651367,
      -34.549320220947266,
      -34.68056869506836,
      -35.59939956665039,
      -34.814857482910156,
      -35.70759201049805,
      -36.197139739990234,
      -39.33958053588867
    ],
    [
      -33.26181411743164,
      -33.974308013916016,
      -33.07046890258789,
      -34.575252532958984,
      -35.018795013427734,
      -35.322959899902344,
      -34.493751525878906,
      -34.63056945800781,
      -34.90116882324219,
      -34.886024475097656,
      -36.78786087036133
    ],
    [
      -31.269554138183594,
      -34.74344253540039,
      -35.55900955200195,
      -34.93535232543945,
      -34.970054626464844,
      -36.77882385253906,
      -35.294525146484375,
      -35.0922966003418,
      -35.53602600097656,
      -34.69104766845703,
      -29.831619262695312
    ],
    [
      -31.01340675354004,
      -34.55674362182617,
      -35.711647033691406,
      -36.837799072265625,
      -34.664432525634766,
      -35.97483825683594,
      -35.5560302734375,
      -36.58844757080078,
      -35.585697174072266,
      -35.19354248046875,
      -29.396930694580078
    ],
    [
      -32.68357849121094,
      -36.06975555419922,
      -37.22675704956055,
      -36.90043640136719,
      -36.72981262207031,
      -36.241268157958984,
      -36.44389343261719,
      -38.342220306396484,
      -38.09734344482422,
      -37.59559631347656,
      -36.828372955322266
    ],
    [
      -40.75056076049805,
      -41.77952575683594,
      -40.75138473510742,
      -38.95241928100586,
      -37.013004302978516,
      -36.19648742675781,
      -36.91183853149414,
      -38.67070770263672,
      -40.799163818359375,
      -42.53616714477539,
      -43.72853088378906
    ],
    [
      -35.74233627319336,
      -43.23500442504883,
      -42.86546325683594,
      -42.4100227355957,
      -41.005516052246094,
      -40.25139236450195,
      -40.3552360534668,
      -41.71931076049805,
      -43.350521087646484,
      -43.81672668457031,
      -48.6843147277832
    ],
    [
      -38.53807830810547,
      -41.5688591003418,
      -41.467620849609375,
      -42.38941192626953,
      -41.43511962890625,
      -40.632957458496094,
      -40.40565490722656,
      -41.98537826538086,
      -41.40409851074219,
      -40.60027313232422,
      -38.381282806396484
    ],
    [
      -45.43898391723633,
      -45.9821662902832,
      -45.96855545043945,
      -45.2758674621582,
      -44.40180969238281,
      -43.39318084716797,
      -44.40050506591797,
      -45.48941421508789,
      -46.015506744384766,
      -45.82564163208008,
      -51.038047790527344
    ],
    [
      -57.49814987182617,
      -48.80297088623047,
      -49.174625396728516,
      -49.416812896728516,
      -49.04654312133789,
      -46.5055046081543,
      -49.180458068847656,
      -49.109806060791016,
      -48.850337982177734,
      -50.02503204345703,
      -54.632144927978516
    ],
    [
      -48.07294464111328,
      -50.631656646728516,
      -50.57198715209961,
      -50.5283088684082,
      -50.44317626953125,
      -44.40153121948242,
      -50.35918426513672,
      -50.47787857055664,
      -50.78862380981445,
      -50.96782302856445,
      -51.66193389892578
    ],
    [
      -77.55284118652344,
      -48.780574798583984,
      -50.85496139526367,
      -51.59168243408203,
      -51.331546783447266,
      -43.82105255126953,
      -51.70591354370117,
      -51.618064880371094,
      -51.51319122314453,
      -50.18897247314453,
      -55.249412536621094
    ],
    [
      -56.61178207397461,
      -49.86239242553711,
      -51.716548919677734,
      -52.56000900268555,
      -52.5349235534668,
      -46.47515106201172,
      -52.7894401550293,
      -53.11121368408203,
      -53.01924514770508,
      -49.685943603515625,
      -136.4498748779297
    ],
    [
      -59.07404708862305,
      -54.193695068359375,
      -51.926876068115234,
      -53.134559631347656,
      -53.67961502075195,
      -48.3072624206543,
      -53.8287239074707,
      -53.73859405517578,
      -54.413978576660156,
      -57.64406967163086,
      -66.05216217041016
    ],
    [
      -65.93485260009766,
      -54.35458755493164,
      -51.578521728515625,
      -52.88709259033203,
      -52.89809799194336,
      -48.58280563354492,
      -54.094322204589844,
      -54.74652099609375,
      -53.35370635986328,
      -62.946083068847656,
      -135.7961883544922
    ],
    [
      -370,
      -50.79122543334961,
      -51.8463249206543,
      -53.4299201965332,
      -53.1683235168457,
      -47.363426208496094,
      -52.56169891357422,
      -53.476234436035156,
      -53.68355178833008,
      -51.92010498046875,
      -55.15216064453125
    ],
    [
      -57.37033462524414,
      -48.797828674316406,
      -50.567405700683594,
      -55.4931526184082,
      -56.24446487426758,
      -49.9320182800293,
      -53.46271514892578,
      -52.466278076171875,
      -51.75123977661133,
      -49.990631103515625,
      -136.95791625976562
    ],
    [
      -45.22191619873047,
      -48.487491607666016,
      -52.817466735839844,
      -55.69852828979492,
      -57.45561981201172,
      -53.74940872192383,
      -55.75213623046875,
      -54.9530143737793,
      -54.873695373535156,
      -54.4985466003418,
      -135.89161682128906
    ],
    [
      -45.3105354309082,
      -46.57256317138672,
      -53.46918487548828,
      -57.19557571411133,
      -58.571617126464844,
      -56.8330192565918,
      -56.83143615722656,
      -56.929683685302734,
      -57.5172119140625,
      -58.90384292602539,
      -131.63296508789062
    ],
    [
      -48.588687896728516,
      -53.06645584106445,
      -53.56779861450195,
      -59.49659729003906,
      -59.04275894165039,
      -58.59209442138672,
      -56.9817008972168,
      -56.11731719970703,
      -57.390655517578125,
      -56.25000762939453,
      -58.432376861572266
    ],
    [
      -50.261653900146484,
      -52.11479187011719,
      -55.08281707763672,
      -60.13301086425781,
      -61.225440979003906,
      -61.272586822509766,
      -57.23394775390625,
      -55.42539596557617,
      -54.670623779296875,
      -54.90830993652344,
      -75.66552734375
    ],
    [
      -370,
      -51.719505310058594,
      -55.71472930908203,
      -60.47556686401367,
      -63.27150344848633,
      -64.61068725585938,
      -59.25245666503906,
      -57.72328186035156,
      -56.911407470703125,
      -61.95826721191406,
      -60.31312561035156
    ],
    [
      -77.53373718261719,
      -56.55213928222656,
      -56.350990295410156,
      -61.10324478149414,
      -66.12227630615234,
      -67.89234924316406,
      -61.60618591308594,
      -57.525840759277344,
      -55.53804016113281,
      -59.76465606689453,
      -65.73157501220703
    ]
  ],
  "histogram": [
    {
      "db": -70,
      "frequency": 1
    },
    {
      "db": -69,
      "frequency": 1
    },
    {
      "db": -68,
      "frequency": 2
    },
    {
      "db": -67,
      "frequency": 0
    },
    {
      "db": -66,
      "frequency": 1
    },
    {
      "db": -65,
      "frequency": 1
    },
    {
      "db": -64,
      "frequency": 1
    },
    {
      "db": -63,
      "frequency": 1
    },
    {
      "db": -62,
      "frequency": 2
    },
    {
      "db": -61,
      "frequency": 1
    },
    {
      "db": -60,
      "frequency": 2
    },
    {
      "db": -59,
      "frequency": 0
    },
    {
      "db": -58,
      "frequency": 1
    },
    {
      "db": -57,
      "frequency": 3
    },
    {
      "db": -56,
      "frequency": 3
    },
    {
      "db": -55,
      "frequency": 1
    },
    {
      "db": -54,
      "frequency": 2
    },
    {
      "db": -53,
      "frequency": 2
    },
    {
      "db": -52,
      "frequency": 3
    },
    {
      "db": -51,
      "frequency": 1
    },
    {
      "db": -50,
      "frequency": 2
    },
    {
      "db": -49,
      "frequency": 4
    },
    {
      "db": -48,
      "frequency": 4
    },
    {
      "db": -47,
      "frequency": 2
    },
    {
      "db": -46,
      "frequency": 1
    },
    {
      "db": -45,
      "frequency": 6
    },
    {
      "db": -44,
      "frequency": 4
    },
    {
      "db": -43,
      "frequency": 6
    },
    {
      "db": -42,
      "frequency": 5
    },
    {
      "db": -41,
      "frequency": 7
    },
    {
      "db": -40,
      "frequency": 10
    },
    {
      "db": -39,
      "frequency": 3
    },
    {
      "db": -38,
      "frequency": 7
    },
    {
      "db": -37,
      "frequency": 2
    },
    {
      "db": -36,
      "frequency": 6
    },
    {
      "db": -35,
      "frequency": 4
    },
    {
      "db": -34,
      "frequency": 12
    },
    {
      "db": -33,
      "frequency": 2
    },
    {
      "db": -32,
      "frequency": 20
    },
    {
      "db": -31,
      "frequency": 24
    },
    {
      "db": -30,
      "frequency": 37
    },
    {
      "db": -29,
      "frequency": 59
    },
    {
      "db": -28,
      "frequency": 119
    },
    {
      "db": -27,
      "frequency": 188
    },
    {
      "db": -26,
      "frequency": 234
    },
    {
      "db": -25,
      "frequency": 240
    },
    {
      "db": -24,
      "frequency": 193
    },
    {
      "db": -23,
      "frequency": 168
    },
    {
      "db": -22,
      "frequency": 211
    },
    {
      "db": -21,
      "frequency": 229
    },
    {
      "db": -20,
      "frequency": 101
    },
    {
      "db": -19,
      "frequency": 18
    },
    {
      "db": -18,
      "frequency": 0
    },
    {
      "db": -17,
      "frequency": 0
    },
    {
      "db": -16,
      "frequency": 0
    },
    {
      "db": -15,
      "frequency": 0
    },
    {
      "db": -14,
      "frequency": 0
    },
    {
      "db": -13,
      "frequency": 0
    },
    {
      "db": -12,
      "frequency": 0
    },
    {
      "db": -11,
      "frequency": 0
    },
    {
      "db": -10,
      "frequency": 0
    },
    {
      "db": -9,
      "frequency": 0
    },
    {
      "db": -8,
      "frequency": 0
    },
    {
      "db": -7,
      "frequency": 0
    },
    {
      "db": -6,
      "frequency": 0
    },
    {
      "db": -5,
      "frequency": 0
    },
    {
      "db": -4,
      "frequency": 0
    },
    {
      "db": -3,
      "frequency": 0
    },
    {
      "db": -2,
      "frequency": 0
    },
    {
      "db": -1,
      "frequency": 0
    },
    {
      "db": 0,
      "frequency": 0
    },
    {
      "db": 1,
      "frequency": 0
    },
    {
      "db": 2,
      "frequency": 0
    },
    {
      "db": 3,
      "frequency": 0
    },
    {
      "db": 4,
      "frequency": 0
    },
    {
      "db": 5,
      "frequency": 0
    },
    {
