{
  "acoustic_entropy": 198.93130493164062,
  "bands": [
    {
      "high_freq": 148.1999969482422,
      "loudness": -33.66692352294922,
      "loudness_range": 9.36966323852539,
      "mid_mean": -30.215320587158203,
      "mid_to_side_loudness": -16.597944259643555,
      "mid_to_side_loudness_range": 24.382322311401367,
      "side_mean": -47.99211502075195
    },
    {
      "high_freq": 392.3793640136719,
      "loudness": -33.92335510253906,
      "loudness_range": 10.967950820922852,
      "low_freq": 148.1999969482422,
      "mid_mean": -32.243839263916016,
      "mid_to_side_loudness": -3.6711463928222656,
      "mid_to_side_loudness_range": 13.845622062683105,
      "side_mean": -36.04955291748047
    },
    {
      "high_freq": 794.6976318359375,
      "loudness": -36.930667877197266,
      "loudness_range": 16.234148025512695,
      "low_freq": 392.3793640136719,
      "mid_mean": -34.82588195800781,
      "mid_to_side_loudness": -4.756385803222656,
      "mid_to_side_loudness_range": 10.526721954345703,
      "side_mean": -39.589900970458984
    },
    {
      "high_freq": 1457.5709228515625,
      "loudness": -42.57508850097656,
      "loudness_range": 21.636035919189453,
      "low_freq": 794.6976318359375,
      "mid_mean": -40.54362487792969,
      "mid_to_side_loudness": -4.402835369110107,
      "mid_to_side_loudness_range": 11.199195861816406,
      "side_mean": -44.99105453491211
    },
    {
      "high_freq": 2549.74365234375,
      "loudness": -42.028778076171875,
      "loudness_range": 26.402040481567383,
      "low_freq": 1457.5709228515625,
      "mid_mean": -39.558231353759766,
      "mid_to_side_loudness": -5.759831428527832,
      "mid_to_side_loudness_range": 11.137941360473633,
      "side_mean": -45.51856994628906
    },
    {
      "high_freq": 4349.24462890625,
      "loudness": -42.602359771728516,
      "loudness_range": 23.607595443725586,
      "low_freq": 2549.74365234375,
      "mid_mean": -39.887794494628906,
      "mid_to_side_loudness": -6.925681114196777,
      "mid_to_side_loudness_range": 10.880069732666016,
      "side_mean": -46.997779846191406
    },
    {
      "high_freq": 7314.1640625,
      "loudness": -49.396018981933594,
      "loudness_range": 18.600608825683594,
      "low_freq": 4349.24462890625,
      "mid_mean": -47.306976318359375,
      "mid_to_side_loudness": -5.101126670837402,
      "mid_to_side_loudness_range": 12.098630905151367,
      "side_mean": -52.90711975097656
    },
    {
      "high_freq": 12199.2666015625,
      "loudness": -52.11265563964844,
      "loudness_range": 17.537551879882812,
      "low_freq": 7314.1640625,
      "mid_mean": -50.9317626953125,
      "mid_to_side_loudness": -5.760756015777588,
      "mid_to_side_loudness_range": 15.457006454467773,
      "side_mean": -56.421234130859375
    },
    {
      "loudness": -59.797454833984375,
      "loudness_range": 17.313762664794922,
      "low_freq": 12199.2666015625,
      "mid_mean": -58.105472564697266,
      "mid_to_side_loudness": -3.2880923748016357,
      "mid_to_side_loudness_range": 8.548955917358398,
      "side_mean": -60.62886047363281
    }
  ],
  "bands_short": [
    {
      "high_freq": 148.1999969482422,
      "loudness": -35.87664031982422,
      "loudness_range": 15.712081909179688,
      "mid_mean": -32.422569274902344,
      "mid_to_side_loudness": -21.503023147583008,
      "mid_to_side_loudness_range": 34.205322265625,
      "side_mean": -56.772605895996094
    },
    {
      "high_freq": 392.3793640136719,
      "loudness": -33.85380935668945,
      "loudness_range": 13.300849914550781,
      "low_freq": 148.1999969482422,
      "mid_mean": -32.209686279296875,
      "mid_to_side_loudness": -4.691997528076172,
      "mid_to_side_loudness_range": 19.33652687072754,
      "side_mean": -37.109947204589844
    },
    {
      "high_freq": 794.6976318359375,
      "loudness": -37.80669403076172,
      "loudness_range": 19.272031784057617,
      "low_freq": 392.3793640136719,
      "mid_mean": -36.099796295166016,
      "mid_to_side_loudness": -4.191247463226318,
      "mid_to_side_loudness_range": 14.207788467407227,
      "side_mean": -40.312191009521484
    },
    {
      "high_freq": 1457.5709228515625,
      "loudness": -42.57317352294922,
      "loudness_range": 23.56924057006836,
      "low_freq": 794.6976318359375,
      "mid_mean": -40.60048294067383,
      "mid_to_side_loudness": -4.692028045654297,
      "mid_to_side_loudness_range": 13.077661514282227,
      "side_mean": -45.41447448730469
    },
    {
      "high_freq": 2549.74365234375,
      "loudness": -42.91476058959961,
      "loudness_range": 28.427274703979492,
      "low_freq": 1457.5709228515625,
      "mid_mean": -40.80265426635742,
      "mid_to_side_loudness": -5.257562637329102,
      "mid_to_side_loudness_range": 14.812398910522461,
      "side_mean": -46.42436981201172
    },
    {
      "high_freq": 4349.24462890625,
      "loudness": -43.49455261230469,
      "loudness_range": 26.314985275268555,
      "low_freq": 2549.74365234375,
      "mid_mean": -41.03596878051758,
      "mid_to_side_loudness": -6.444645881652832,
      "mid_to_side_loudness_range": 14.345599174499512,
      "side_mean": -47.883792877197266
    },
    {
      "high_freq": 7314.1640625,
      "loudness": -51.304107666015625,
      "loudness_range": 21.903522491455078,
      "low_freq": 4349.24462890625,
      "mid_mean": -50.01809310913086,
      "mid_to_side_loudness": -4.773401260375977,
      "mid_to_side_loudness_range": 12.535628318786621,
      "side_mean": -54.71734619140625
    },
    {
      "high_freq": 12199.2666015625,
      "loudness": -54.79021072387695,
      "loudness_range": 22.97695541381836,
      "low_freq": 7314.1640625,
      "mid_mean": -53.61345291137695,
      "mid_to_side_loudness": -6.21052885055542,
      "mid_to_side_loudness_range": 18.410364151000977,
      "side_mean": -59.34120178222656
    },
    {
      "loudness": -64.17869567871094,
      "loudness_range": 26.772586822509766,
      "low_freq": 12199.2666015625,
      "mid_mean": -61.25904083251953,
      "mid_to_side_loudness": -5.430863380432129,
      "mid_to_side_loudness_range": 16.108312606811523,
      "side_mean": -64.09954071044922
    }
  ],
  "bandwidth": 558.565185546875,
  "channels": 2,
  "covariance": [
    [
      18.44715690612793,
      15.601896286010742,
      8.852312088012695,
      7.848685264587402,
      9.363968849182129,
      8.999480247497559,
      10.196699142456055,
      9.187726020812988,
      6.867725849151611,
      5.396573066711426,
      6.343537330627441,
      5.758068084716797,
      7.813839435577393,
      6.847085475921631,
      8.035517692565918,
      6.352939128875732,
      6.295458793640137,
      4.781196594238281
    ],
    [
      15.601896286010742,
      82.09678649902344,
      12.303719520568848,
      26.86846923828125,
      18.219646453857422,
      27.581445693969727,
      31.829849243164062,
      30.59496307373047,
      31.28833770751953,
      36.0831298828125,
      28.866029739379883,
      36.036624908447266,
      17.351221084594727,
      27.230918884277344,
      14.51208782196045,
      21.187036514282227,
      12.176803588867188,
      13.140128135681152
    ],
    [
      8.852312088012695,
      12.303719520568848,
      21.172163009643555,
      15.272127151489258,
      16.65524673461914,
      13.566508293151855,
      16.68797492980957,
      12.369482040405273,
      14.487137794494629,
      10.662878036499023,
      13.855870246887207,
      11.922996520996094,
      10.093406677246094,
      9.540548324584961,
      13.276528358459473,
      8.698041915893555,
      7.455806732177734,
      5.663567066192627
    ],
    [
      7.848685264587402,
      26.86846923828125,
      15.272127151489258,
      33.13351821899414,
      17.00641441345215,
      21.756868362426758,
      21.805315017700195,
      23.12677574157715,
      20.134469985961914,
      22.26529312133789,
      18.503684997558594,
      21.059452056884766,
      10.951495170593262,
      15.623824119567871,
      10.74015998840332,
      14.663885116577148,
      9.755972862243652,
      11.070470809936523
    ],
    [
      9.363968849182129,
      18.219646453857422,
      16.65524673461914,
      17.00641441345215,
      35.55961227416992,
      28.40306282043457,
      35.035980224609375,
      26.62078857421875,
      31.596891403198242,
      23.531034469604492,
      27.14317512512207,
      22.18478012084961,
      14.676377296447754,
      14.868303298950195,
      16.66225242614746,
      12.623271942138672,
      10.352397918701172,
      8.300908088684082
    ],
    [
      8.999480247497559,
      27.581445693969727,
      13.566508293151855,
      21.756868362426758,
      28.40306282043457,
      36.84430694580078,
      33.9818229675293,
      32.091957092285156,
      30.326181411743164,
      31.82538414001465,
      28.453811645507812,
      31.00841522216797,
      15.225388526916504,
      20.543243408203125,
      12.79024600982666,
      16.22287368774414,
      9.71081829071045,
      9.46223258972168
    ],
    [
      10.196699142456055,
      31.829849243164062,
      16.68797492980957,
      21.805315017700195,
      35.035980224609375,
      33.9818229675293,
      61.56263732910156,
      44.473304748535156,
      52.69763946533203,
      46.92627716064453,
      44.1021728515625,
      40.095062255859375,
      17.232934951782227,
      23.05537223815918,
      15.626714706420898,
      18.732763290405273,
      11.485746383666992,
      11.459643363952637
    ],
    [
      9.187726020812988,
      30.59496307373047,
      12.369482040405273,
      23.12677574157715,
      26.62078857421875,
      32.091957092285156,
      44.473304748535156,
      44.09990692138672,
      40.24430847167969,
      43.030426025390625,
      35.99311065673828,
      38.49781036376953,
      16.02190399169922,
      24.03328514099121,
      11.576058387756348,
      19.182504653930664,
      10.69272518157959,
      12.063091278076172
    ],
    [
      6.867725849151611,
      31.28833770751953,
      14.487137794494629,
      20.134469985961914,
      31.596891403198242,
      30.326181411743164,
      52.69763946533203,
      40.24430847167969,
      88.0683822631836,
      79.20034790039062,
      71.63509368896484,
      62.80677795410156,
      19.769214630126953,
      28.292688369750977,
      13.917892456054688,
      21.771921157836914,
      9.488321304321289,
      11.430628776550293
    ],
    [
      5.396573066711426,
      36.0831298828125,
      10.662878036499023,
      22.26529312133789,
      23.531034469604492,
      31.82538414001465,
      46.92627716064453,
      43.030426025390625,
      79.20034790039062,
      87.69269561767578,
      67.24053192138672,
      69.98927307128906,
      18.181604385375977,
      33.633968353271484,
      8.423588752746582,
      25.373279571533203,
      8.783193588256836,
      13.241198539733887
    ],
    [
      6.343537330627441,
      28.866029739379883,
      13.855870246887207,
      18.503684997558594,
      27.14317512512207,
      28.453811645507812,
      44.1021728515625,
      35.99311065673828,
      71.63509368896484,
      67.24053192138672,
      70.02983093261719,
      59.86945724487305,
      23.8304386138916,
      28.90118980407715,
      17.02689552307129,
      21.30025863647461,
      10.937326431274414,
      10.790302276611328
    ],
    [
      5.758068084716797,
      36.036624908447266,
      11.922996520996094,
      21.059452056884766,
      22.18478012084961,
      31.00841522216797,
      40.095062255859375,
      38.49781036376953,
      62.80677795410156,
      69.98927307128906,
      59.86945724487305,
      66.44593048095703,
      21.57181739807129,
      35.939762115478516,
      12.637152671813965,
      26.561208724975586,
      11.350770950317383,
      13.958106994628906
    ],
    [
      7.813839435577393,
      17.351221084594727,
      10.093406677246094,
      10.951495170593262,
      14.676377296447754,
      15.225388526916504,
      17.232934951782227,
      16.02190399169922,
      19.769214630126953,
      18.181604385375977,
      23.8304386138916,
      21.57181739807129,
      45.92611312866211,
      28.232492446899414,
      40.1215934753418,
      23.087766647338867,
      25.519641876220703,
      15.567808151245117
    ],
    [
      6.847085475921631,
      27.230918884277344,
      9.540548324584961,
      15.623824119567871,
      14.868303298950195,
      20.543243408203125,
      23.05537223815918,
      24.03328514099121,
      28.292688369750977,
      33.633968353271484,
      28.90118980407715,
      35.939762115478516,
      28.232492446899414,
      41.968997955322266,
      30.77103042602539,
      35.8468132019043,
      26.360790252685547,
      26.066612243652344
    ],
    [
      8.035517692565918,
      14.51208782196045,
      13.276528358459473,
      10.74015998840332,
      16.66225242614746,
      12.79024600982666,
      15.626714706420898,
      11.576058387756348,
      13.917892456054688,
      8.423588752746582,
      17.02689552307129,
      12.637152671813965,
      40.1215934753418,
      30.77103042602539,
      57.47551727294922,
      29.804506301879883,
      36.04092025756836,
      22.982158660888672
    ],
    [
      6.352939128875732,
      21.187036514282227,
      8.698041915893555,
      14.663885116577148,
      12.623271942138672,
      16.22287368774414,
      18.732763290405273,
      19.182504653930664,
      21.771921157836914,
      25.373279571533203,
      21.30025863647461,
      26.561208724975586,
      23.087766647338867,
      35.8468132019043,
      29.804506301879883,
      38.45311737060547,
      30.164785385131836,
      32.87370681762695
    ],
    [
      6.295458793640137,
      12.176803588867188,
      7.455806732177734,
      9.755972862243652,
      10.352397918701172,
      9.71081829071045,
      11.485746383666992,
      10.69272518157959,
      9.488321304321289,
      8.783193588256836,
      10.937326431274414,
      11.350770950317383,
      25.519641876220703,
      26.360790252685547,
      36.04092025756836,
      30.164785385131836,
      34.34654235839844,
      29.64464569091797
    ],
    [
      4.781196594238281,
      13.140128135681152,
      5.663567066192627,
      11.070470809936523,
      8.300908088684082,
      9.46223258972168,
      11.459643363952637,
      12.063091278076172,
      11.430628776550293,
      13.241198539733887,
      10.790302276611328,
      13.958106994628906,
      15.567808151245117,
      26.066612243652344,
      22.982158660888672,
      32.87370681762695,
      29.64464569091797,
      35.355552673339844
    ]
  ],
  "covariance_short": [
    [
      44.541587829589844,
      10.18640422821045,
      12.9921875,
      7.1135358810424805,
      7.360240459442139,
      6.378336429595947,
      7.133697986602783,
      7.356843948364258,
      2.1993565559387207,
      1.6241765022277832,
      2.0015878677368164,
      2.6155240535736084,
      6.382050514221191,
      5.468417644500732,
      6.362654685974121,
      4.895089149475098,
      4.820072174072266,
      2.9579036235809326
    ],
    [
      10.18640422821045,
      79.1778793334961,
      16.385461807250977,
      35.65029525756836,
      21.954431533813477,
      32.79225540161133,
      33.980918884277344,
      34.61048126220703,
      31.367340087890625,
      37.769813537597656,
      31.241621017456055,
      42.08652114868164,
      29.97734832763672,
      36.482215881347656,
      21.01277732849121,
      26.087491989135742,
      14.16197395324707,
      14.64222240447998
    ],
    [
      12.9921875,
      16.385461807250977,
      31.53832244873047,
      18.193111419677734,
      20.48335075378418,
      15.882610321044922,
      18.776247024536133,
      14.334257125854492,
      16.672042846679688,
      13.35068130493164,
      15.802955627441406,
      14.941922187805176,
      11.905445098876953,
      12.031492233276367,
      15.260475158691406,
      11.643406867980957,
      8.783829689025879,
      8.09127140045166
    ],
    [
      7.1135358810424805,
      35.65029525756836,
      18.193111419677734,
      53.2929801940918,
      24.797117233276367,
      34.83721160888672,
      29.898515701293945,
      32.44776153564453,
      24.078203201293945,
      28.931428909301758,
      23.31570816040039,
      29.33287239074707,
      17.49286460876465,
      22.580562591552734,
      14.744792938232422,
      18.340316772460938,
      11.10002613067627,
      11.998635292053223
    ],
    [
      7.360240459442139,
      21.954431533813477,
      20.48335075378418,
      24.797117233276367,
      48.97541427612305,
      36.17675018310547,
      42.992515563964844,
      33.55842590332031,
      38.4104118347168,
      30.074419021606445,
      34.735164642333984,
      29.993881225585938,
      22.35184669494629,
      21.19236183166504,
      23.63216209411621,
      17.18770408630371,
      14.274337768554688,
      10.787633895874023
    ],
    [
      6.378336429595947,
      32.79225540161133,
      15.882610321044922,
      34.83721160888672,
      36.17675018310547,
      53.104248046875,
      39.171142578125,
      40.99014663696289,
      32.79486846923828,
      38.31135559082031,
      32.255714416503906,
      38.65632247924805,
      23.542097091674805,
      28.378215789794922,
      19.09972381591797,
      22.07668113708496,
      13.846343040466309,
      12.884355545043945
    ],
    [
      7.133697986602783,
      33.980918884277344,
      18.776247024536133,
      29.898515701293945,
      42.992515563964844,
      39.171142578125,
      70.15938568115234,
      50.008487701416016,
      58.08129119873047,
      50.570674896240234,
      50.83907699584961,
      45.441646575927734,
      28.67516326904297,
      29.54188346862793,
      24.867816925048828,
      22.459430694580078,
      14.971966743469238,
      12.749937057495117
    ],
    [
      7.356843948364258,
      34.61048126220703,
      14.334257125854492,
      32.44776153564453,
      33.55842590332031,
      40.99014663696289,
      50.008487701416016,
      55.13185119628906,
      43.22594451904297,
      49.115379333496094,
      40.13081359863281,
      45.50295639038086,
      25.345108032226562,
      31.218406677246094,
      18.087411880493164,
      23.642934799194336,
      13.673580169677734,
      14.136319160461426
    ],
    [
      2.1993565559387207,
      31.367340087890625,
      16.672042846679688,
      24.078203201293945,
      38.4104118347168,
      32.79486846923828,
      58.08129119873047,
      43.22594451904297,
      101.38653564453125,
      82.69995880126953,
      82.74065399169922,
      68.97394561767578,
      35.94797134399414,
      36.847286224365234,
      23.542598724365234,
      26.784637451171875,
      12.660433769226074,
      13.986190795898438
    ],
    [
      1.6241765022277832,
      37.769813537597656,
      13.35068130493164,
      28.931428909301758,
      30.074419021606445,
      38.31135559082031,
      50.570674896240234,
      49.115379333496094,
      82.69995880126953,
      96.91604614257812,
      72.68138122558594,
      78.72776794433594,
      34.67995071411133,
      44.07981491088867,
      15.427718162536621,
      32.062931060791016,
      11.678192138671875,
      17.445096969604492
    ],
    [
      2.0015878677368164,
      31.241621017456055,
      15.802955627441406,
      23.31570816040039,
      34.735164642333984,
      32.255714416503906,
      50.83907699584961,
      40.13081359863281,
      82.74065399169922,
      72.68138122558594,
      86.9767074584961,
      68.0120620727539,
      41.84450912475586,
      39.63959884643555,
      29.475196838378906,
      28.758007049560547,
      16.97876739501953,
      15.17690372467041
    ],
    [
      2.6155240535736084,
      42.08652114868164,
      14.941922187805176,
      29.33287239074707,
      29.993881225585938,
      38.65632247924805,
      45.441646575927734,
      45.50295639038086,
      68.97394561767578,
      78.72776794433594,
      68.0120620727539,
      80.83990478515625,
      39.50861358642578,
      50.43470764160156,
      22.363645553588867,
      37.575069427490234,
      17.411474227905273,
      21.778778076171875
    ],
    [
      6.382050514221191,
      29.97734832763672,
      11.905445098876953,
      17.49286460876465,
      22.35184669494629,
      23.542097091674805,
      28.67516326904297,
      25.345108032226562,
      35.94797134399414,
      34.67995071411133,
      41.84450912475586,
      39.50861358642578,
      72.40009307861328,
      52.19963455200195,
      64.01567840576172,
      44.042293548583984,
      43.38918685913086,
      28.8438720703125
    ],
    [
      5.468417644500732,
      36.482215881347656,
      12.031492233276367,
      22.580562591552734,
      21.19236183166504,
      28.378215789794922,
      29.54188346862793,
      31.218406677246094,
      36.847286224365234,
      44.07981491088867,
      39.63959884643555,
      50.43470764160156,
      52.19963455200195,
      62.45389175415039,
      41.47951126098633,
      53.65278244018555,
      35.99051284790039,
      37.77143478393555
    ],
    [
      6.362654685974121,
      21.01277732849121,
      15.260475158691406,
      14.744792938232422,
      23.63216209411621,
      19.09972381591797,
      24.867816925048828,
      18.087411880493164,
      23.542598724365234,
      15.427718162536621,
      29.475196838378906,
      22.363645553588867,
      64.01567840576172,
      41.47951126098633,
      76.51200866699219,
      43.206722259521484,
      51.55416488647461,
      32.35224533081055
    ],
    [
      4.895089149475098,
      26.087491989135742,
      11.643406867980957,
      18.340316772460938,
      17.18770408630371,
      22.07668113708496,
      22.459430694580078,
      23.642934799194336,
      26.784637451171875,
      32.062931060791016,
      28.758007049560547,
      37.575069427490234,
      44.042293548583984,
      53.65278244018555,
      43.206722259521484,
      58.2591667175293,
      42.877872467041016,
      46.793087005615234
    ],
    [
      4.820072174072266,
      14.16197395324707,
      8.783829689025879,
      11.10002613067627,
      14.274337768554688,
      13.846343040466309,
      14.971966743469238,
      13.673580169677734,
      12.660433769226074,
      11.678192138671875,
      16.97876739501953,
      17.411474227905273,
      43.38918685913086,
      35.99051284790039,
      51.55416488647461,
      42.877872467041016,
      50.5557975769043,
      40.68354415893555
    ],
    [
      2.9579036235809326,
      14.64222240447998,
      8.09127140045166,
      11.998635292053223,
      10.787633895874023,
      12.884355545043945,
      12.749937057495117,
      14.136319160461426,
      13.986190795898438,
      17.445096969604492,
      15.17690372467041,
      21.778778076171875,
      28.8438720703125,
      37.77143478393555,
      32.35224533081055,
      46.793087005615234,
      40.68354415893555,
      47.234619140625
    ]
  ],
  "damage": -19.022985458374023,
  "diff_bandwidth": 652.2549438476562,
  "dissonance": 7.365341691077934,
  "drr": 14.288130760192871,
  "dynamics": 3.4297049045562744,
  "format": 1245190,
  "frames": 8723196,
  "freq_pan_to_db": [
    [
      -46.342350006103516,
      -41.60536193847656,
      -34.39793014526367,
      -29.66294288635254,
      -27.29349136352539,
      -27.39198875427246,
      -29.769216537475586,
      -32.75437545776367,
      -36.82293701171875,
      -42.72145080566406,
      -47.59447479248047
    ],
    [
      -29.67825698852539,
      -29.401826858520508,
      -27.599224090576172,
      -25.771991729736328,
      -22.723644256591797,
      -21.187692642211914,
      -23.30112075805664,
      -26.25105857849121,
      -29.351957321166992,
      -30.178373336791992,
      -32.078399658203125
    ],
    [
      -25.173765182495117,
      -24.998886108398438,
      -24.72313117980957,
      -24.396718978881836,
      -24.474388122558594,
      -23.788232803344727,
      -23.940460205078125,
      -24.38880157470703,
      -25.277469635009766,
      -25.71402359008789,
      -25.35926628112793
    ],
    [
      -27.87371063232422,
      -26.245098114013672,
      -26.71070671081543,
      -26.64226722717285,
      -27.292381286621094,
      -27.10428810119629,
      -27.524150848388672,
      -27.888456344604492,
      -28.01960563659668,
      -27.822980880737305,
      -27.520219802856445
    ],
    [
      -27.901472091674805,
      -27.6362247467041,
      -27.814966201782227,
      -27.9968318939209,
      -28.612489700317383,
      -28.834505081176758,
      -28.522367477416992,
      -27.85310173034668,
      -27.87636947631836,
      -27.906370162963867,
      -28.026071548461914
    ],
    [
      -27.546058654785156,
      -27.246397018432617,
      -26.72681427001953,
      -26.542402267456055,
      -26.30350112915039,
      -26.297199249267578,
      -26.5208683013916,
      -26.675844192504883,
      -27.57265853881836,
      -27.993200302124023,
      -28.576982498168945
    ],
    [
      -28.412513732910156,
      -28.012306213378906,
      -27.005830764770508,
      -26.158077239990234,
      -26.2721004486084,
      -26.468660354614258,
      -26.689453125,
      -26.988384246826172,
      -27.375408172607422,
      -28.37159538269043,
      -29.292612075805664
    ],
    [
      -29.18465232849121,
      -29.2880859375,
      -28.77451515197754,
      -28.280183792114258,
      -26.796432495117188,
      -25.841712951660156,
      -26.74441146850586,
      -28.155515670776367,
      -29.17645835876465,
      -28.758846282958984,
      -27.595407485961914
    ],
    [
      -31.075531005859375,
      -30.0163516998291,
      -29.758800506591797,
      -28.575740814208984,
      -27.268522262573242,
      -27.033588409423828,
      -27.90797233581543,
      -29.49907875061035,
      -30.334138870239258,
      -30.39804458618164,
      -29.067527770996094
    ],
    [
      -29.056201934814453,
      -28.321680068969727,
      -29.73784065246582,
      -28.563472747802734,
      -28.26207160949707,
      -27.548484802246094,
      -27.844970703125,
      -28.6036376953125,
      -28.784442901611328,
      -29.150484085083008,
      -28.19862937927246
    ],
    [
      -29.03683090209961,
      -29.15202522277832,
      -30.71459197998047,
      -30.810766220092773,
      -30.092178344726562,
      -28.40540885925293,
      -28.854658126831055,
      -30.02597427368164,
      -29.921165466308594,
      -30.129499435424805,
      -29.54490089416504
    ],
    [
      -30.861772537231445,
      -33.21357727050781,
      -33.50137710571289,
      -32.08830261230469,
      -31.093666076660156,
      -29.493562698364258,
      -31.9188289642334,
      -33.45643997192383,
      -32.91731643676758,
      -32.60234069824219,
      -32.449710845947266
    ],
    [
      -34.094486236572266,
      -35.40388488769531,
      -36.09444808959961,
      -33.35629653930664,
      -31.72022247314453,
      -29.833650588989258,
      -32.66182327270508,
      -33.87644577026367,
      -34.700984954833984,
      -35.82307815551758,
      -35.90122985839844
    ],
    [
      -32.41472625732422,
      -35.08192443847656,
      -35.107479095458984,
      -32.47635269165039,
      -30.11863136291504,
      -29.476083755493164,
      -33.087703704833984,
      -35.05379867553711,
      -36.15631866455078,
      -33.99658966064453,
      -33.96436309814453
    ],
    [
      -31.515213012695312,
      -33.832088470458984,
      -35.78992462158203,
      -35.29196548461914,
      -34.08515167236328,
      -30.233325958251953,
      -32.8857307434082,
      -36.96268081665039,
      -37.33403396606445,
      -36.800025939941406,
      -34.8821907043457
    ],
    [
      -33.88359832763672,
      -36.25316619873047,
      -37.61935043334961,
      -37.95145034790039,
      -34.73432159423828,
      -31.31532096862793,
      -33.90134811401367,
      -36.794071197509766,
      -37.398353576660156,
      -37.183589935302734,
      -36.442626953125
    ],
    [
      -34.75421142578125,
      -36.792049407958984,
      -39.94502639770508,
      -38.83077621459961,
      -35.70820999145508,
      -34.39622116088867,
      -37.989383697509766,
      -39.20552444458008,
      -37.14752960205078,
      -35.920654296875,
      -34.81235122680664
    ],
    [
      -35.389251708984375,
      -35.503421783447266,
      -38.14243698120117,
      -39.89206314086914,
      -38.21708297729492,
      -34.660011291503906,
      -38.3564567565918,
      -39.34736633300781,
      -37.76371383666992,
      -36.0841064453125,
      -34.81450653076172
    ],
    [
      -36.921688079833984,
      -37.039764404296875,
      -38.7357063293457,
      -41.208560943603516,
      -37.62376403808594,
      -35.21872329711914,
      -38.7425422668457,
      -39.25063705444336,
      -36.26130294799805,
      -37.81146240234375,
      -38.28822326660156
    ],
    [
      -33.16737747192383,
      -34.45893859863281,
      -35.084041595458984,
      -35.679344177246094,
      -34.63334274291992,
      -34.441444396972656,
      -35.62868118286133,
      -34.92799377441406,
      -35.4947509765625,
      -35.96412658691406,
      -38.642948150634766
    ],
    [
      -32.38813018798828,
      -34.312896728515625,
      -32.955814361572266,
      -34.334983825683594,
      -34.6046028137207,
      -35.2873420715332,
      -33.77439880371094,
      -34.7056884765625,
      -34.920318603515625,
      -34.32012176513672,
      -32.81060791015625
    ],
    [
      -31.154916763305664,
      -34.76119613647461,
      -35.487220764160156,
      -34.83131790161133,
      -35.20481491088867,
      -36.57370376586914,
      -34.80413055419922,
      -34.96177673339844,
      -35.7114143371582,
      -34.34877014160156,
      -29.600204467773438
    ],
    [
      -31.13790512084961,
      -34.49211883544922,
      -35.63677215576172,
      -36.6771354675293,
      -34.64545440673828,
      -35.629337310791016,
      -35.1762809753418,
      -36.755435943603516,
      -35.32701873779297,
      -35.0890998840332,
      -29.24370765686035
    ],
    [
      -32.359375,
      -36.0693473815918,
      -37.21137619018555,
      -37.051944732666016,
      -36.720489501953125,
      -36.153751373291016,
      -36.299808502197266,
      -37.66851806640625,
      -38.007476806640625,
      -37.26947784423828,
      -36.774356842041016
    ],
    [
      -42.940067291259766,
      -41.76306915283203,
      -40.48029327392578,
      -39.080196380615234,
      -37.1836051940918,
      -36.00639343261719,
      -36.52619934082031,
      -38.43989562988281,
      -40.58588790893555,
      -42.93149185180664,
      -42.38037109375
    ],
    [
      -34.211570739746094,
      -43.2575798034668,
      -43.2496223449707,
      -42.36098861694336,
      -40.95573425292969,
      -40.088890075683594,
      -40.2572135925293,
      -41.54959487915039,
      -43.05109405517578,
      -44.1524543762207,
      -42.12939453125
    ],
    [
      -39.6072883605957,
      -41.58341598510742,
      -41.4716682434082,
      -42.355709075927734,
      -41.390892028808594,
      -40.49444580078125,
      -40.36013412475586,
      -41.85174560546875,
      -41.48212814331055,
      -40.695308685302734,
      -38.200496673583984
    ],
    [
      -46.14825439453125,
      -46.005672454833984,
      -46.28699493408203,
      -45.27171325683594,
      -44.51240921020508,
      -43.27963638305664,
      -44.54713821411133,
      -45.407737731933594,
      -45.986045837402344,
      -45.141510009765625,
      -49.51709747314453
    ],
    [
      -48.959564208984375,
      -48.36927032470703,
      -49.26195526123047,
      -49.63046646118164,
      -49.24612808227539,
      -46.681427001953125,
      -49.28731918334961,
      -49.3497428894043,
      -49.08916091918945,
      -49.679359436035156,
      -49.52228546142578
    ],
    [
      -63.69243621826172,
      -50.41899871826172,
      -50.82859420776367,
      -50.62860107421875,
      -50.713836669921875,
      -44.66508102416992,
      -50.52912902832031,
      -50.81573486328125,
      -50.88778305053711,
      -50.84916687011719,
      -48.637569427490234
    ],
    [
      -52.009254455566406,
      -48.78749465942383,
      -50.79598617553711,
      -51.91508102416992,
      -51.63751220703125,
      -44.1276741027832,
      -51.98905944824219,
      -51.73334503173828,
      -51.62432861328125,
      -50.634159088134766,
      -49.01205062866211
    ],
    [
      -56.03813552856445,
      -50.764888763427734,
      -51.473365783691406,
      -52.63682556152344,
      -53.043556213378906,
      -46.688358306884766,
      -53.11834716796875,
      -53.341094970703125,
      -53.02711486816406,
      -49.695152282714844,
      -148.33692932128906
    ],
    [
      -60.75069046020508,
      -56.348548889160156,
      -51.820281982421875,
      -53.20296096801758,
      -53.972347259521484,
      -48.54604721069336,
      -54.10197448730469,
      -54.045310974121094,
      -54.01567459106445,
      -53.09318542480469,
      -59.97916030883789
    ],
    [
      -66.62451171875,
      -53.2126579284668,
      -51.76272964477539,
      -52.89463424682617,
      -53.316558837890625,
      -48.785213470458984,
      -54.22540283203125,
      -54.826927185058594,
      -53.9606819152832,
      -64.47210693359375,
      -136.42491149902344
    ],
    [
      -149.74705505371094,
      -49.80741500854492,
      -51.301788330078125,
      -53.89834213256836,
      -53.83164978027344,
      -47.459442138671875,
      -53.23918914794922,
      -53.51934051513672,
      -54.8090934753418,
      -51.6312370300293,
      -53.6744270324707
    ],
    [
      -151.32469177246094,
      -47.81076431274414,
      -50.34004211425781,
      -55.88835144042969,
      -57.104827880859375,
      -50.058815002441406,
      -53.82738494873047,
      -52.595855712890625,
      -52.066810607910156,
      -50.224727630615234,
      -134.8243865966797
    ],
    [
      -47.930259704589844,
      -48.87828063964844,
      -52.64459228515625,
      -56.15180206298828,
      -57.35406494140625,
      -53.989566802978516,
      -55.974090576171875,
      -55.00471878051758,
      -54.94669723510742,
      -54.810482025146484,
      -137.29515075683594
    ],
    [
      -48.02627182006836,
      -47.44233703613281,
      -53.02934646606445,
      -57.69679641723633,
      -58.60520553588867,
      -57.04972457885742,
      -56.994388580322266,
      -57.150474548339844,
      -57.28669738769531,
      -58.0647087097168,
      -143.59083557128906
    ],
    [
      -48.40605926513672,
      -49.191402435302734,
      -54.479270935058594,
      -59.66667556762695,
      -59.18060302734375,
      -58.83534622192383,
      -57.07892990112305,
      -56.27817153930664,
      -57.26494598388672,
      -56.91804504394531,
      -141.49986267089844
    ],
    [
      -52.045654296875,
      -51.764915466308594,
      -55.043792724609375,
      -60.22940444946289,
      -61.578556060791016,
      -61.540245056152344,
      -57.335262298583984,
      -55.498374938964844,
      -55.30837631225586,
      -55.48100280761719,
      -136.6361083984375
    ],
    [
      -153.8480682373047,
      -51.010009765625,
      -56.612831115722656,
      -60.02884292602539,
      -63.6561164855957,
      -64.89762878417969,
      -59.4581413269043,
      -57.770347595214844,
      -57.36793518066406,
      -59.593692779541016,
      -57.49943542480469
    ],
    [
      -370,
      -56.70034408569336,
      -56.80672836303711,
      -61.033931732177734,
      -66.15093994140625,
      -68.0784912109375,
      -62.146263122558594,
      -57.643409729003906,
      -55.76866149902344,
      -58.907615661621094,
      -65.98792266845703
    ]
  ],
  "histogram": [
    {
      "db": -70,
      "frequency": 1
    },
    {
      "db": -69,
      "frequency": 1
    },
    {
      "db": -68,
      "frequency": 2
    },
    {
      "db": -67,
      "frequency": 1
    },
    {
      "db": -66,
      "frequency": 1
    },
    {
      "db": -65,
      "frequency": 0
    },
    {
      "db": -64,
      "frequency": 1
    },
    {
      "db": -63,
      "frequency": 2
    },
    {
      "db": -62,
      "frequency": 1
    },
    {
      "db": -61,
      "frequency": 2
    },
    {
      "db": -60,
      "frequency": 1
    },
    {
      "db": -59,
      "frequency": 0
    },
    {
      "db": -58,
      "frequency": 1
    },
    {
      "db": -57,
      "frequency": 3
    },
    {
      "db": -56,
      "frequency": 3
    },
    {
      "db": -55,
      "frequency": 2
    },
    {
      "db": -54,
      "frequency": 2
    },
    {
      "db": -53,
      "frequency": 1
    },
    {
      "db": -52,
      "frequency": 3
    },
    {
      "db": -51,
      "frequency": 2
    },
    {
      "db": -50,
      "frequency": 1
    },
    {
      "db": -49,
      "frequency": 6
    },
    {
      "db": -48,
      "frequency": 3
    },
    {
      "db": -47,
      "frequency": 1
    },
    {
      "db": -46,
      "frequency": 2
    },
    {
      "db": -45,
      "frequency": 6
    },
    {
      "db": -44,
      "frequency": 4
    },
    {
      "db": -43,
      "frequency": 5
    },
    {
      "db": -42,
      "frequency": 7
    },
    {
      "db": -41,
      "frequency": 8
    },
    {
      "db": -40,
      "frequency": 7
    },
    {
      "db": -39,
      "frequency": 4
    },
    {
      "db": -38,
      "frequency": 6
    },
    {
      "db": -37,
      "frequency": 3
    },
    {
      "db": -36,
      "frequency": 6
    },
    {
      "db": -35,
      "frequency": 4
    },
    {
      "db": -34,
      "frequency": 12
    },
    {
      "db": -33,
      "frequency": 4
    },
    {
      "db": -32,
      "frequency": 20
    },
    {
      "db": -31,
      "frequency": 28
    },
    {
      "db": -30,
      "frequency": 39
    },
    {
      "db": -29,
      "frequency": 66
    },
    {
      "db": -28,
      "frequency": 127
    },
    {
      "db": -27,
      "frequency": 196
    },
    {
      "db": -26,
      "frequency": 233
    },
    {
      "db": -25,
      "frequency": 235
    },
    {
      "db": -24,
      "frequency": 176
    },
    {
      "db": -23,
      "frequency": 143
    },
    {
      "db": -22,
      "frequency": 197
    },
    {
      "db": -21,
      "frequency": 201
    },
    {
      "db": -20,
      "frequency": 109
    },
    {
      "db": -19,
      "frequency": 60
    },
    {
      "db": -18,
      "frequency": 8
    },
    {
      "db": -17,
      "frequency": 0
    },
    {
      "db": -16,
      "frequency": 0
    },
    {
      "db": -15,
      "frequency": 0
    },
    {
      "db": -14,
      "frequency": 0
    },
    {
      "db": -13,
      "frequency": 0
    },
    {
      "db": -12,
      "frequency": 0
    },
    {
      "db": -11,
      "frequency": 0
    },
    {
      "db": -10,
      "frequency": 0
    },
    {
      "db": -9,
      "frequency": 0
    },
    {
      "db": -8,
      "frequency": 0
    },
    {
      "db": -7,
      "frequency": 0
    },
    {
      "db": -6,
      "frequency": 0
    },
    {
      "db": -5,
      "frequency": 0
    },
    {
      "db": -4,
      "frequency": 0
    },
    {
      "db": -3,
      "frequency": 0
    },
    {
      "db": -2,
      "frequency": 0
    },
    {
      "db": -1,
      "frequency": 0
    },
    {
      "db": 0,
      "frequency": 0
    },
    {
      "db": 1,
      "frequency": 0
    },
    {
      "db": 2,
      "frequency": 0
    },
    {
      "db": 3,
      "frequency": 0
    },
    {
      "db": 4,
      "frequency": 0
    },
    {
      "db": 5,
      "frequency": 0
    },
    {
