{
  "acoustic_entropy": 204.97479248046875,
  "bands": [
    {
      "high_freq": 148.1999969482422,
      "loudness": -33.75371551513672,
      "loudness_range": 8.622476577758789,
      "mid_mean": -30.190797805786133,
      "mid_to_side_loudness": -19.737436294555664,
      "mid_to_side_loudness_range": 23.46563720703125,
      "side_mean": -51.24031066894531
    },
    {
      "high_freq": 392.3793640136719,
      "loudness": -34.51333999633789,
      "loudness_range": 10.815820693969727,
      "low_freq": 148.1999969482422,
      "mid_mean": -31.998271942138672,
      "mid_to_side_loudness": -6.468239784240723,
      "mid_to_side_loudness_range": 13.501005172729492,
      "side_mean": -38.61735916137695
    },
    {
      "high_freq": 794.6976318359375,
      "loudness": -36.74478530883789,
      "loudness_range": 15.36668586730957,
      "low_freq": 392.3793640136719,
      "mid_mean": -34.212799072265625,
      "mid_to_side_loudness": -6.474167823791504,
      "mid_to_side_loudness_range": 10.400110244750977,
      "side_mean": -40.69702911376953
    },
    {
      "high_freq": 1457.5709228515625,
      "loudness": -41.35822677612305,
      "loudness_range": 20.178775787353516,
      "low_freq": 794.6976318359375,
      "mid_mean": -39.039424896240234,
      "mid_to_side_loudness": -5.463425159454346,
      "mid_to_side_loudness_range": 11.000716209411621,
      "side_mean": -44.52047348022461
    },
    {
      "high_freq": 2549.74365234375,
      "loudness": -41.01866912841797,
      "loudness_range": 24.20073699951172,
      "low_freq": 1457.5709228515625,
      "mid_mean": -38.44969177246094,
      "mid_to_side_loudness": -6.168192386627197,
      "mid_to_side_loudness_range": 10.666687965393066,
      "side_mean": -44.73909378051758
    },
    {
      "high_freq": 4349.24462890625,
      "loudness": -42.550445556640625,
      "loudness_range": 22.054641723632812,
      "low_freq": 2549.74365234375,
      "mid_mean": -39.895774841308594,
      "mid_to_side_loudness": -6.456460475921631,
      "mid_to_side_loudness_range": 9.825584411621094,
      "side_mean": -46.497249603271484
    },
    {
      "high_freq": 7314.1640625,
      "loudness": -47.151329040527344,
      "loudness_range": 18.397289276123047,
      "low_freq": 4349.24462890625,
      "mid_mean": -44.99469757080078,
      "mid_to_side_loudness": -5.1497416496276855,
      "mid_to_side_loudness_range": 11.391660690307617,
      "side_mean": -50.76911163330078
    },
    {
      "high_freq": 12199.2666015625,
      "loudness": -48.944095611572266,
      "loudness_range": 16.80803680419922,
      "low_freq": 7314.1640625,
      "mid_mean": -46.833892822265625,
      "mid_to_side_loudness": -5.675049781799316,
      "mid_to_side_loudness_range": 13.172220230102539,
      "side_mean": -53.25676727294922
    },
    {
      "loudness": -56.721168518066406,
      "loudness_range": 16.656391143798828,
      "low_freq": 12199.2666015625,
      "mid_mean": -55.24671936035156,
      "mid_to_side_loudness": -3.7525901794433594,
      "mid_to_side_loudness_range": 8.192598342895508,
      "side_mean": -58.438690185546875
    }
  ],
  "bands_short": [
    {
      "high_freq": 148.1999969482422,
      "loudness": -35.75956726074219,
      "loudness_range": 15.411149978637695,
      "mid_mean": -32.26651382446289,
      "mid_to_side_loudness": -24.703155517578125,
      "mid_to_side_loudness_range": 33.31251525878906,
      "side_mean": -58.91500473022461
    },
    {
      "high_freq": 392.3793640136719,
      "loudness": -34.3989372253418,
      "loudness_range": 13.024541854858398,
      "low_freq": 148.1999969482422,
      "mid_mean": -31.947092056274414,
      "mid_to_side_loudness": -7.650543212890625,
      "mid_to_side_loudness_range": 18.800979614257812,
      "side_mean": -39.7623291015625
    },
    {
      "high_freq": 794.6976318359375,
      "loudness": -37.759822845458984,
      "loudness_range": 18.660865783691406,
      "low_freq": 392.3793640136719,
      "mid_mean": -35.490665435791016,
      "mid_to_side_loudness": -6.021332263946533,
      "mid_to_side_loudness_range": 14.009319305419922,
      "side_mean": -41.550086975097656
    },
    {
      "high_freq": 1457.5709228515625,
      "loudness": -41.424285888671875,
      "loudness_range": 22.4595947265625,
      "low_freq": 794.6976318359375,
      "mid_mean": -39.121273040771484,
      "mid_to_side_loudness": -5.777569770812988,
      "mid_to_side_loudness_range": 13.084558486938477,
      "side_mean": -45.000709533691406
    },
    {
      "high_freq": 2549.74365234375,
      "loudness": -41.89226150512695,
      "loudness_range": 26.212377548217773,
      "low_freq": 1457.5709228515625,
      "mid_mean": -39.6128044128418,
      "mid_to_side_loudness": -5.730228424072266,
      "mid_to_side_loudness_range": 14.435707092285156,
      "side_mean": -45.66218948364258
    },
    {
      "high_freq": 4349.24462890625,
      "loudness": -43.42231369018555,
      "loudness_range": 24.785757064819336,
      "low_freq": 2549.74365234375,
      "mid_mean": -41.04883575439453,
      "mid_to_side_loudness": -6.001471042633057,
      "mid_to_side_loudness_range": 13.550797462463379,
      "side_mean": -47.36277770996094
    },
    {
      "high_freq": 7314.1640625,
      "loudness": -49.075679779052734,
      "loudness_range": 21.452632904052734,
      "low_freq": 4349.24462890625,
      "mid_mean": -47.117488861083984,
      "mid_to_side_loudness": -4.799374103546143,
      "mid_to_side_loudness_range": 11.942867279052734,
      "side_mean": -52.66737365722656
    },
    {
      "high_freq": 12199.2666015625,
      "loudness": -51.60431671142578,
      "loudness_range": 22.570709228515625,
      "low_freq": 7314.1640625,
      "mid_mean": -50.59168243408203,
      "mid_to_side_loudness": -6.0382561683654785,
      "mid_to_side_loudness_range": 16.473302841186523,
      "side_mean": -56.36833953857422
    },
    {
      "loudness": -61.34047317504883,
      "loudness_range": 26.85790252685547,
      "low_freq": 12199.2666015625,
      "mid_mean": -58.78959274291992,
      "mid_to_side_loudness": -5.723076343536377,
      "mid_to_side_loudness_range": 14.949033737182617,
      "side_mean": -62.47460174560547
    }
  ],
  "bandwidth": 578.725830078125,
  "channels": 2,
  "covariance": [
    [
      17.93790626525879,
      15.07606315612793,
      7.782337188720703,
      7.92501974105835,
      8.309416770935059,
      8.597016334533691,
      8.683368682861328,
      7.951687812805176,
      5.305513858795166,
      4.331233024597168,
      5.009243488311768,
      5.005148887634277,
      7.327075004577637,
      6.7851691246032715,
      7.418789863586426,
      6.893426418304443,
      6.831998825073242,
      5.3670454025268555
    ],
    [
      15.07606315612793,
      79.993408203125,
      10.832941055297852,
      25.51103973388672,
      17.07752227783203,
      26.13939666748047,
      29.3488712310791,
      28.050132751464844,
      28.237241744995117,
      32.755924224853516,
      25.678062438964844,
      32.75018310546875,
      15.257291793823242,
      32.8630485534668,
      8.512080192565918,
      26.909639358520508,
      18.801088333129883,
      18.859079360961914
    ],
    [
      7.782337188720703,
      10.832941055297852,
      19.725120544433594,
      14.635993957519531,
      14.890838623046875,
      12.318735122680664,
      14.115255355834961,
      10.505592346191406,
      12.058215141296387,
      8.623259544372559,
      11.93286418914795,
      10.346059799194336,
      8.803374290466309,
      8.806663513183594,
      10.370498657226562,
      9.024857521057129,
      7.461824893951416,
      5.76585578918457
    ],
    [
      7.92501974105835,
      25.51103973388672,
      14.635993957519531,
      31.953166961669922,
      16.014314651489258,
      20.935222625732422,
      19.513437271118164,
      21.286468505859375,
      17.136611938476562,
      19.54330825805664,
      16.17627716064453,
      18.93526840209961,
      10.010025024414062,
      15.211392402648926,
      8.95641803741455,
      14.441081047058105,
      10.30495548248291,
      11.895072937011719
    ],
    [
      8.309416770935059,
      17.07752227783203,
      14.890838623046875,
      16.014314651489258,
      33.027008056640625,
      26.010272979736328,
      31.143287658691406,
      23.686859130859375,
      27.164209365844727,
      20.297378540039062,
      23.829071044921875,
      20.39084243774414,
      13.709659576416016,
      14.816258430480957,
      14.493840217590332,
      13.626349449157715,
      10.890296936035156,
      8.953953742980957
    ],
    [
      8.597016334533691,
      26.13939666748047,
      12.318735122680664,
      20.935222625732422,
      26.010272979736328,
      34.86944580078125,
      30.192508697509766,
      29.690553665161133,
      26.021879196166992,
      28.17589569091797,
      24.982826232910156,
      28.297609329223633,
      14.529298782348633,
      20.15400505065918,
      11.644713401794434,
      16.279348373413086,
      10.23366641998291,
      10.404594421386719
    ],
    [
      8.683368682861328,
      29.3488712310791,
      14.115255355834961,
      19.513437271118164,
      31.143287658691406,
      30.192508697509766,
      54.2886848449707,
      38.87162780761719,
      44.097198486328125,
      39.945762634277344,
      37.51719665527344,
      35.6572265625,
      15.202679634094238,
      21.90095329284668,
      11.828407287597656,
      18.683462142944336,
      11.911066055297852,
      12.239245414733887
    ],
    [
      7.951687812805176,
      28.050132751464844,
      10.505592346191406,
      21.286468505859375,
      23.686859130859375,
      29.690553665161133,
      38.87162780761719,
      39.47236251831055,
      32.87678527832031,
      36.764442443847656,
      30.035585403442383,
      33.740562438964844,
      13.995500564575195,
      22.589126586914062,
      9.42078685760498,
      18.105480194091797,
      10.860559463500977,
      12.692242622375488
    ],
    [
      5.305513858795166,
      28.237241744995117,
      12.058215141296387,
      17.136611938476562,
      27.164209365844727,
      26.021879196166992,
      44.097198486328125,
      32.87678527832031,
      73.36345672607422,
      65.99288177490234,
      60.098636627197266,
      53.83046340942383,
      16.38031005859375,
      26.35573959350586,
      7.75792932510376,
      21.040279388427734,
      10.53547477722168,
      12.335862159729004
    ],
    [
      4.331233024597168,
      32.755924224853516,
      8.623259544372559,
      19.54330825805664,
      20.297378540039062,
      28.17589569091797,
      39.945762634277344,
      36.764442443847656,
      65.99288177490234,
      73.97834014892578,
      56.53291702270508,
      60.01961135864258,
      15.117249488830566,
      30.4768009185791,
      2.440516471862793,
      22.682296752929688,
      9.206884384155273,
      13.80630111694336
    ],
    [
      5.009243488311768,
      25.678062438964844,
      11.93286418914795,
      16.17627716064453,
      23.829071044921875,
      24.982826232910156,
      37.51719665527344,
      30.035585403442383,
      60.098636627197266,
      56.53291702270508,
      60.653141021728516,
      52.228878021240234,
      20.95717430114746,
      27.033905029296875,
      11.615472793579102,
      20.9366455078125,
      11.661466598510742,
      11.593445777893066
    ],
    [
      5.005148887634277,
      32.75018310546875,
      10.346059799194336,
      18.93526840209961,
      20.39084243774414,
      28.297609329223633,
      35.6572265625,
      33.740562438964844,
      53.83046340942383,
      60.01961135864258,
      52.228878021240234,
      57.99864959716797,
      19.002973556518555,
      33.4533576965332,
      7.438536167144775,
      25.032686233520508,
      12.289565086364746,
      14.952696800231934
    ],
    [
      7.327075004577637,
      15.257291793823242,
      8.803374290466309,
      10.010025024414062,
      13.709659576416016,
      14.529298782348633,
      15.202679634094238,
      13.995500564575195,
      16.38031005859375,
      15.117249488830566,
      20.95717430114746,
      19.002973556518555,
      44.175479888916016,
      27.820878982543945,
      36.46474838256836,
      25.18851661682129,
      26.228788375854492,
      16.607202529907227
    ],
    [
      6.7851691246032715,
      32.8630485534668,
      8.806663513183594,
      15.211392402648926,
      14.816258430480957,
      20.15400505065918,
      21.90095329284668,
      22.589126586914062,
      26.35573959350586,
      30.4768009185791,
      27.033905029296875,
      33.4533576965332,
      27.820878982543945,
      43.60788345336914,
      20.463186264038086,
      38.495479583740234,
      30.10993194580078,
      29.534971237182617
    ],
    [
      7.418789863586426,
      8.512080192565918,
      10.370498657226562,
      8.95641803741455,
      14.493840217590332,
      11.644713401794434,
      11.828407287597656,
      9.42078685760498,
      7.75792932510376,
      2.440516471862793,
      11.615472793579102,
      7.438536167144775,
      36.46474838256836,
      20.463186264038086,
      42.30154037475586,
      23.023536682128906,
      28.144264221191406,
      17.20453643798828
    ],
    [
      6.893426418304443,
      26.909639358520508,
      9.024857521057129,
      14.441081047058105,
      13.626349449157715,
      16.279348373413086,
      18.683462142944336,
      18.105480194091797,
      21.040279388427734,
      22.682296752929688,
      20.9366455078125,
      25.032686233520508,
      25.18851661682129,
      38.495479583740234,
      23.023536682128906,
      41.7830810546875,
      35.58254623413086,
      36.59021759033203
    ],
    [
      6.831998825073242,
      18.801088333129883,
      7.461824893951416,
      10.30495548248291,
      10.890296936035156,
      10.23366641998291,
      11.911066055297852,
      10.860559463500977,
      10.53547477722168,
      9.206884384155273,
      11.661466598510742,
      12.289565086364746,
      26.228788375854492,
      30.10993194580078,
      28.144264221191406,
      35.58254623413086,
      39.34040451049805,
      34.59152603149414
    ],
    [
      5.3670454025268555,
      18.859079360961914,
      5.76585578918457,
      11.895072937011719,
      8.953953742980957,
      10.404594421386719,
      12.239245414733887,
      12.692242622375488,
      12.335862159729004,
      13.80630111694336,
      11.593445777893066,
      14.952696800231934,
      16.607202529907227,
      29.534971237182617,
      17.20453643798828,
      36.59021759033203,
      34.59152603149414,
      41.205963134765625
    ]
  ],
  "covariance_short": [
    [
      43.73520278930664,
      10.782505989074707,
      11.738544464111328,
      7.866911888122559,
      7.246097564697266,
      7.186692237854004,
      6.994006156921387,
      7.339256763458252,
      1.9514179229736328,
      1.4984053373336792,
      1.8273587226867676,
      2.7195658683776855,
      6.623065948486328,
      6.020447731018066,
      7.016222953796387,
      5.716886520385742,
      5.427797317504883,
      3.2336716651916504
    ],
    [
      10.782505989074707,
      65.3003158569336,
      14.851469039916992,
      31.03927993774414,
      19.96392250061035,
      29.92624282836914,
      30.306978225708008,
      30.499652862548828,
      26.8206844329834,
      32.32759094238281,
      27.250585556030273,
      36.15275573730469,
      20.44745635986328,
      33.68690490722656,
      21.020166397094727,
      25.9619140625,
      15.296555519104004,
      16.326841354370117
    ],
    [
      11.738544464111328,
      14.851469039916992,
      30.044891357421875,
      17.85784339904785,
      19.18124008178711,
      15.136473655700684,
      17.11713409423828,
      13.14026927947998,
      15.080777168273926,
      11.827923774719238,
      14.538969039916992,
      13.826151847839355,
      10.649003028869629,
      11.949307441711426,
      15.444841384887695,
      12.71891975402832,
      9.760543823242188,
      9.045085906982422
    ],
    [
      7.866911888122559,
      31.03927993774414,
      17.85784339904785,
      51.35672378540039,
      23.494869232177734,
      33.346954345703125,
      27.365543365478516,
      30.30293083190918,
      21.022579193115234,
      26.08746910095215,
      21.032384872436523,
      26.998676300048828,
      15.403299331665039,
      22.355016708374023,
      14.832279205322266,
      18.797094345092773,
      12.085686683654785,
      13.5872802734375
    ],
    [
      7.246097564697266,
      19.96392250061035,
      19.18124008178711,
      23.494869232177734,
      46.1241455078125,
      33.998260498046875,
      39.09926223754883,
      30.525033950805664,
      34.265907287597656,
      26.72517204284668,
      31.636266708374023,
      27.976661682128906,
      19.816049575805664,
      21.310121536254883,
      23.5284481048584,
      19.15595054626465,
      15.70995044708252,
      12.587358474731445
    ],
    [
      7.186692237854004,
      29.92624282836914,
      15.136473655700684,
      33.346954345703125,
      33.998260498046875,
      50.8505973815918,
      36.02760696411133,
      38.55839538574219,
      29.08109474182129,
      35.02019500732422,
      29.375232696533203,
      36.10321807861328,
      21.01374053955078,
      28.6446590423584,
      19.210163116455078,
      23.53021812438965,
      15.032085418701172,
      15.231748580932617
    ],
    [
      6.994006156921387,
      30.306978225708008,
      17.11713409423828,
      27.365543365478516,
      39.09926223754883,
      36.02760696411133,
      63.5313835144043,
      44.71875,
      50.4056282043457,
      44.184329986572266,
      44.87484359741211,
      41.340213775634766,
      24.571643829345703,
      28.946155548095703,
      24.296178817749023,
      24.241735458374023,
      16.241735458374023,
      15.085886001586914
    ],
    [
      7.339256763458252,
      30.499652862548828,
      13.14026927947998,
      30.30293083190918,
      30.525033950805664,
      38.55839538574219,
      44.71875,
      50.770259857177734,
      36.670196533203125,
      43.37077331542969,
      34.83652114868164,
      41.10533905029297,
      21.464862823486328,
      30.524749755859375,
      17.688859939575195,
      24.451108932495117,
      14.69740104675293,
      16.491844177246094
    ],
    [
      1.9514179229736328,
      26.8206844329834,
      15.080777168273926,
      21.022579193115234,
      34.265907287597656,
      29.08109474182129,
      50.4056282043457,
      36.670196533203125,
      86.1878433227539,
      69.51104736328125,
      71.4922866821289,
      59.71686935424805,
      30.450332641601562,
      34.57398223876953,
      23.949565887451172,
      27.259572982788086,
      14.221882820129395,
      16.16600799560547
    ],
    [
      1.4984053373336792,
      32.32759094238281,
      11.827923774719238,
      26.08746910095215,
      26.72517204284668,
      35.02019500732422,
      44.184329986572266,
      43.37077331542969,
      69.51104736328125,
      84.04414367675781,
      62.29133987426758,
      68.68587493896484,
      27.667783737182617,
      41.79271697998047,
      16.306150436401367,
      31.697479248046875,
      13.148482322692871,
      20.315336227416992
    ],
    [
      1.8273587226867676,
      27.250585556030273,
      14.538969039916992,
      21.032384872436523,
      31.636266708374023,
      29.375232696533203,
      44.87484359741211,
      34.83652114868164,
      71.4922866821289,
      62.29133987426758,
      77.82173919677734,
      60.50189971923828,
      38.05590057373047,
      38.55062484741211,
      30.69363784790039,
      30.53865623474121,
      19.39154815673828,
      18.191715240478516
    ],
    [
      2.7195658683776855,
      36.15275573730469,
      13.826151847839355,
      26.998676300048828,
      27.976661682128906,
      36.10321807861328,
      41.340213775634766,
      41.10533905029297,
      59.71686935424805,
      68.68587493896484,
      60.50189971923828,
      72.0982894897461,
      33.09620666503906,
      48.46918869018555,
      23.944887161254883,
      38.1626091003418,
      19.626449584960938,
      25.274160385131836
    ],
    [
      6.623065948486328,
      20.44745635986328,
      10.649003028869629,
      15.403299331665039,
      19.816049575805664,
      21.01374053955078,
      24.571643829345703,
      21.464862823486328,
      30.450332641601562,
      27.667783737182617,
      38.05590057373047,
      33.09620666503906,
      61.08106231689453,
      44.88772201538086,
      56.82535934448242,
      43.207645416259766,
      43.06774139404297,
      30.205341339111328
    ],
    [
      6.020447731018066,
      33.68690490722656,
      11.949307441711426,
      22.355016708374023,
      21.310121536254883,
      28.6446590423584,
      28.946155548095703,
      30.524749755859375,
      34.57398223876953,
      41.79271697998047,
      38.55062484741211,
      48.46918869018555,
      44.88772201538086,
      66.0251235961914,
      47.43216323852539,
      59.60518264770508,
      42.30165100097656,
      44.764427185058594
    ],
    [
      7.016222953796387,
      21.020166397094727,
      15.444841384887695,
      14.832279205322266,
      23.5284481048584,
      19.210163116455078,
      24.296178817749023,
      17.688859939575195,
      23.949565887451172,
      16.306150436401367,
      30.69363784790039,
      23.944887161254883,
      56.82535934448242,
      47.43216323852539,
      83.48170471191406,
      54.11126708984375,
      60.11528015136719,
      39.62921142578125
    ],
    [
      5.716886520385742,
      25.9619140625,
      12.71891975402832,
      18.797094345092773,
      19.15595054626465,
      23.53021812438965,
      24.241735458374023,
      24.451108932495117,
      27.259572982788086,
      31.697479248046875,
      30.53865623474121,
      38.1626091003418,
      43.207645416259766,
      59.60518264770508,
      54.11126708984375,
      66.76139068603516,
      52.334957122802734,
      55.39146041870117
    ],
    [
      5.427797317504883,
      15.296555519104004,
      9.760543823242188,
      12.085686683654785,
      15.70995044708252,
      15.032085418701172,
      16.241735458374023,
      14.69740104675293,
      14.221882820129395,
      13.148482322692871,
      19.39154815673828,
      19.626449584960938,
      43.06774139404297,
      42.30165100097656,
      60.11528015136719,
      52.334957122802734,
      60.4727897644043,
      49.946929931640625
    ],
    [
      3.2336716651916504,
      16.326841354370117,
      9.045085906982422,
      13.5872802734375,
      12.587358474731445,
      15.231748580932617,
      15.085886001586914,
      16.491844177246094,
      16.16600799560547,
      20.315336227416992,
      18.191715240478516,
      25.274160385131836,
      30.205341339111328,
      44.764427185058594,
      39.62921142578125,
      55.39146041870117,
      49.946929931640625,
      58.52960205078125
    ]
  ],
  "damage": -19.136592864990234,
  "diff_bandwidth": 680.3123168945312,
  "dissonance": 7.587034385066501,
  "drr": 14.96062183380127,
  "dynamics": 3.2101316452026367,
  "format": 1245190,
  "frames": 8723196,
  "freq_pan_to_db": [
    [
      -46.92625045776367,
      -43.34403610229492,
      -37.56849670410156,
      -30.953861236572266,
      -27.44645118713379,
      -27.65288734436035,
      -28.9088077545166,
      -34.16582107543945,
      -40.136173248291016,
      -46.39377975463867,
      -50.26824951171875
    ],
    [
      -32.981380462646484,
      -29.771217346191406,
      -28.70229721069336,
      -26.920257568359375,
      -23.411163330078125,
      -21.33880615234375,
      -23.64093589782715,
      -28.426340103149414,
      -30.885238647460938,
      -30.939294815063477,
      -33.827457427978516
    ],
    [
      -26.646259307861328,
      -25.859703063964844,
      -24.9335880279541,
      -24.705842971801758,
      -24.328092575073242,
      -24.012653350830078,
      -24.153432846069336,
      -24.764297485351562,
      -25.30113983154297,
      -26.61189842224121,
      -26.902555465698242
    ],
    [
      -29.529382705688477,
      -27.52128791809082,
      -27.61570930480957,
      -26.957677841186523,
      -27.411527633666992,
      -27.793912887573242,
      -27.95193099975586,
      -28.284292221069336,
      -28.94283103942871,
      -29.266422271728516,
      -29.121490478515625
    ],
    [
      -29.362815856933594,
      -28.854995727539062,
      -28.46968650817871,
      -28.33342933654785,
      -28.995330810546875,
      -29.28545379638672,
      -28.85634422302246,
      -28.564044952392578,
      -29.037860870361328,
      -29.714092254638672,
      -29.63577651977539
    ],
    [
      -29.23406410217285,
      -29.39150619506836,
      -27.672483444213867,
      -27.159955978393555,
      -26.361465454101562,
      -26.263242721557617,
      -26.507675170898438,
      -27.629121780395508,
      -28.61345863342285,
      -29.689228057861328,
      -30.413455963134766
    ],
    [
      -30.416549682617188,
      -29.94868278503418,
      -28.46528434753418,
      -26.975740432739258,
      -26.23370361328125,
      -26.52604103088379,
      -26.796876907348633,
      -27.518735885620117,
      -29.35666847229004,
      -30.307952880859375,
      -30.432344436645508
    ],
    [
      -30.430686950683594,
      -30.314407348632812,
      -30.0067138671875,
      -29.574066162109375,
      -27.86164665222168,
      -25.914697647094727,
      -28.068832397460938,
      -29.800338745117188,
      -29.500396728515625,
      -28.93826675415039,
      -28.871421813964844
    ],
    [
      -32.434654235839844,
      -31.876657485961914,
      -30.598587036132812,
      -29.651920318603516,
      -28.14202308654785,
      -27.63050651550293,
      -28.894262313842773,
      -30.385826110839844,
      -30.882158279418945,
      -30.275020599365234,
      -30.044208526611328
    ],
    [
      -29.885284423828125,
      -28.59351921081543,
      -30.242616653442383,
      -29.767370223999023,
      -28.444473266601562,
      -27.845067977905273,
      -28.35268783569336,
      -29.088260650634766,
      -29.914039611816406,
      -29.79121208190918,
      -28.849140167236328
    ],
    [
      -29.70016098022461,
      -29.678199768066406,
      -30.94519805908203,
      -31.27457046508789,
      -30.273527145385742,
      -28.486238479614258,
      -29.239892959594727,
      -30.250947952270508,
      -30.577194213867188,
      -30.80902862548828,
      -30.634382247924805
    ],
    [
      -31.258413314819336,
      -33.43293762207031,
      -33.836429595947266,
      -32.74646759033203,
      -31.503433227539062,
      -29.673080444335938,
      -32.540287017822266,
      -34.02620315551758,
      -32.62971878051758,
      -32.58015823364258,
      -33.152923583984375
    ],
    [
      -34.13361740112305,
      -35.63475036621094,
      -35.90200424194336,
      -33.662818908691406,
      -31.625770568847656,
      -29.751501083374023,
      -32.772552490234375,
      -33.753475189208984,
      -34.58543395996094,
      -35.76203155517578,
      -37.09181594848633
    ],
    [
      -32.034339904785156,
      -35.14307403564453,
      -33.23670196533203,
      -32.072410583496094,
      -30.41838836669922,
      -29.540605545043945,
      -33.19426727294922,
      -34.45405960083008,
      -36.07667541503906,
      -33.0670280456543,
      -32.601985931396484
    ],
    [
      -31.01409912109375,
      -34.109649658203125,
      -34.94102478027344,
      -34.57573318481445,
      -34.018733978271484,
      -30.35606575012207,
      -33.154422760009766,
      -36.2204704284668,
      -36.148475646972656,
      -35.37984085083008,
      -34.76405715942383
    ],
    [
      -33.867191314697266,
      -35.446617126464844,
      -36.660301208496094,
      -37.237335205078125,
      -34.034461975097656,
      -31.253110885620117,
      -33.6982307434082,
      -36.445682525634766,
      -36.800636291503906,
      -36.559356689453125,
      -35.9871940612793
    ],
    [
      -35.00192642211914,
      -36.039119720458984,
      -38.83234786987305,
      -38.2237434387207,
      -34.70566177368164,
      -34.05746078491211,
      -37.2536735534668,
      -38.97682189941406,
      -36.337764739990234,
      -35.24520492553711,
      -34.67377853393555
    ],
    [
      -34.841888427734375,
      -35.03982925415039,
      -37.62180709838867,
      -39.168006896972656,
      -37.39815902709961,
      -34.25367736816406,
      -38.1107177734375,
      -38.853111267089844,
      -37.07856369018555,
      -35.80231475830078,
      -33.693424224853516
    ],
    [
      -36.41082763671875,
      -36.891029357910156,
      -38.27531433105469,
      -40.36663055419922,
      -36.9876708984375,
      -35.058712005615234,
      -38.02200698852539,
      -38.10491180419922,
      -35.95144271850586,
      -37.755836486816406,
      -37.716285705566406
    ],
    [
      -32.78849411010742,
      -33.95584487915039,
      -34.44408416748047,
      -35.609649658203125,
      -34.11132049560547,
      -34.299129486083984,
      -35.53822708129883,
      -35.06607437133789,
      -35.24837112426758,
      -35.89585494995117,
      -39.09186935424805
    ],
    [
      -32.55664825439453,
      -34.29383850097656,
      -33.40610122680664,
      -34.414955139160156,
      -34.9083251953125,
      -35.186100006103516,
      -33.89261245727539,
      -34.77401351928711,
      -35.00223159790039,
      -34.61266326904297,
      -35.81024169921875
    ],
    [
      -31.230648040771484,
      -34.735877990722656,
      -35.31081771850586,
      -34.977169036865234,
      -35.2427864074707,
      -36.65231704711914,
      -35.42515563964844,
      -35.15255355834961,
      -35.88399887084961,
      -34.59495162963867,
      -29.41716194152832
    ],
    [
      -33.737796783447266,
      -34.74906921386719,
      -35.85498046875,
      -36.96709442138672,
      -34.870628356933594,
      -36.2083625793457,
      -35.76530456542969,
      -36.90242385864258,
      -35.65774154663086,
      -35.4728889465332,
      -31.69342803955078
    ],
    [
      -32.170249938964844,
      -37.03983688354492,
      -37.32154083251953,
      -37.60084915161133,
      -37.12446975708008,
      -36.68315505981445,
      -36.970115661621094,
      -38.61570358276367,
      -38.43401336669922,
      -37.95463943481445,
      -35.32733154296875
    ],
    [
      -41.48101806640625,
      -41.95846939086914,
      -40.889244079589844,
      -39.5419921875,
      -37.76759719848633,
      -36.9868049621582,
      -37.404788970947266,
      -39.20650863647461,
      -41.213768005371094,
      -42.684349060058594,
      -43.46961975097656
    ],
    [
      -34.451171875,
      -44.1237678527832,
      -43.47016143798828,
      -43.0281867980957,
      -41.74471664428711,
      -40.953697204589844,
      -40.971126556396484,
      -42.31129837036133,
      -43.580955505371094,
      -44.3507194519043,
      -46.08637237548828
    ],
    [
      -38.33223342895508,
      -42.02501678466797,
      -42.32706069946289,
      -42.79735565185547,
      -41.86957931518555,
      -41.23467254638672,
      -40.87334060668945,
      -42.45979309082031,
      -42.25355911254883,
      -41.066978454589844,
      -36.26969528198242
    ],
    [
      -46.47072219848633,
      -45.62348937988281,
      -45.60589599609375,
      -45.13605499267578,
      -44.37226486206055,
      -43.24292755126953,
      -44.74839401245117,
      -45.1408805847168,
      -45.993404388427734,
      -44.68379211425781,
      -53.385555267333984
    ],
    [
      -48.15932846069336,
      -47.42347717285156,
      -47.55356979370117,
      -47.99358367919922,
      -47.58735275268555,
      -44.8605842590332,
      -47.62770080566406,
      -47.60163879394531,
      -47.56401062011719,
      -48.28444290161133,
      -70.38240051269531
    ],
    [
      -46.36005783081055,
      -48.91507339477539,
      -48.136680603027344,
      -48.52861404418945,
      -48.36439895629883,
      -42.398284912109375,
      -48.43461990356445,
      -48.510406494140625,
      -48.63282012939453,
      -47.73439025878906,
      -52.43901824951172
    ],
    [
      -53.94480514526367,
      -47.27583694458008,
      -48.865325927734375,
      -49.384132385253906,
      -49.344635009765625,
      -41.84664535522461,
      -49.37931823730469,
      -49.48950958251953,
      -49.25844955444336,
      -47.267635345458984,
      -51.81318664550781
    ],
    [
      -43.492584228515625,
      -48.46580505371094,
      -49.47629928588867,
      -50.33891296386719,
      -50.304664611816406,
      -44.49412155151367,
      -50.58924102783203,
      -50.889156341552734,
      -50.436309814453125,
      -50.91840744018555,
      -68.00257873535156
    ],
    [
      -51.03261184692383,
      -54.118675231933594,
      -49.97150802612305,
      -50.561710357666016,
      -50.96806716918945,
      -46.080223083496094,
      -51.19621658325195,
      -51.55515670776367,
      -51.3895378112793,
      -48.72555923461914,
      -139.96749877929688
    ],
    [
      -63.59441375732422,
      -49.561458587646484,
      -49.1303596496582,
      -49.84915542602539,
      -49.89197540283203,
      -45.83238983154297,
      -50.91628646850586,
      -52.151641845703125,
      -50.42989730834961,
      -52.58201217651367,
      -136.82630920410156
    ],
    [
      -50.272071838378906,
      -49.66292953491211,
      -48.95989990234375,
      -50.50181579589844,
      -50.25405502319336,
      -44.544368743896484,
      -49.593284606933594,
      -50.55469512939453,
      -50.8089714050293,
      -49.9675178527832,
      -49.736228942871094
    ],
    [
      -370,
      -46.99155807495117,
      -48.08563995361328,
      -52.21542739868164,
      -53.20789337158203,
      -47.1671028137207,
      -50.412532806396484,
      -49.416847229003906,
      -48.80923080444336,
      -47.71075439453125,
      -134.68768310546875
    ],
    [
      -370,
      -44.64576721191406,
      -50.9335823059082,
      -53.027671813964844,
      -54.39179992675781,
      -50.88859558105469,
      -52.660369873046875,
      -51.87471389770508,
      -52.16758346557617,
      -50.442962646484375,
      -136.39256286621094
    ],
    [
      -42.444190979003906,
      -47.40035629272461,
      -50.35458755493164,
      -54.78694152832031,
      -55.65911865234375,
      -53.93605422973633,
      -54.00031280517578,
      -53.97832489013672,
      -55.34348678588867,
      -54.17247009277344,
      -132.6665496826172
    ],
    [
      -370,
      -46.97898864746094,
      -52.50577163696289,
      -56.232872009277344,
      -56.409305572509766,
      -55.94068908691406,
      -54.17734146118164,
      -53.407691955566406,
      -54.21120071411133,
      -55.49264144897461,
      -132.49497985839844
    ],
    [
      -52.79323196411133,
      -50.95868682861328,
      -53.31410598754883,
      -57.04019546508789,
      -58.539886474609375,
      -58.584571838378906,
      -54.46579360961914,
      -52.59730529785156,
      -52.71139907836914,
      -53.83061218261719,
      -133.59133911132812
    ],
    [
      -52.539268493652344,
      -47.67635726928711,
      -53.79666519165039,
      -57.47909927368164,
      -60.67552947998047,
      -62.04331588745117,
      -56.67607879638672,
      -54.77276611328125,
      -54.847137451171875,
      -56.20370864868164,
      -57.7489128112793
    ],
    [
      -370,
      -53.68074035644531,
      -54.416744232177734,
      -58.2043571472168,
      -62.65920639038086,
      -65.73023223876953,
      -58.57529067993164,
      -54.57525634765625,
      -52.7584114074707,
      -55.71016311645508,
      -62.84919357299805
    ]
  ],
  "histogram": [
    {
      "db": -70,
      "frequency": 1
    },
    {
      "db": -69,
      "frequency": 0
    },
    {
      "db": -68,
      "frequency": 1
    },
    {
      "db": -67,
      "frequency": 2
    },
    {
      "db": -66,
      "frequency": 1
    },
    {
      "db": -65,
      "frequency": 2
    },
    {
      "db": -64,
      "frequency": 0
    },
    {
      "db": -63,
      "frequency": 1
    },
    {
      "db": -62,
      "frequency": 1
    },
    {
      "db": -61,
      "frequency": 1
    },
    {
      "db": -60,
      "frequency": 2
    },
    {
      "db": -59,
      "frequency": 1
    },
    {
      "db": -58,
      "frequency": 2
    },
    {
      "db": -57,
      "frequency": 1
    },
    {
      "db": -56,
      "frequency": 1
    },
    {
      "db": -55,
      "frequency": 2
    },
    {
      "db": -54,
      "frequency": 4
    },
    {
      "db": -53,
      "frequency": 2
    },
    {
      "db": -52,
      "frequency": 2
    },
    {
      "db": -51,
      "frequency": 1
    },
    {
      "db": -50,
      "frequency": 3
    },
    {
      "db": -49,
      "frequency": 2
    },
    {
      "db": -48,
      "frequency": 2
    },
    {
      "db": -47,
      "frequency": 5
    },
    {
      "db": -46,
      "frequency": 3
    },
    {
      "db": -45,
      "frequency": 2
    },
    {
      "db": -44,
      "frequency": 5
    },
    {
      "db": -43,
      "frequency": 4
    },
    {
      "db": -42,
      "frequency": 7
    },
    {
      "db": -41,
      "frequency": 6
    },
    {
      "db": -40,
      "frequency": 8
    },
    {
      "db": -39,
      "frequency": 9
    },
    {
      "db": -38,
      "frequency": 3
    },
    {
      "db": -37,
      "frequency": 6
    },
    {
      "db": -36,
      "frequency": 4
    },
    {
      "db": -35,
      "frequency": 5
    },
    {
      "db": -34,
      "frequency": 10
    },
    {
      "db": -33,
      "frequency": 7
    },
    {
      "db": -32,
      "frequency": 12
    },
    {
      "db": -31,
      "frequency": 23
    },
    {
      "db": -30,
      "frequency": 35
    },
    {
      "db": -29,
      "frequency": 69
    },
    {
      "db": -28,
      "frequency": 110
    },
    {
      "db": -27,
      "frequency": 192
    },
    {
      "db": -26,
      "frequency": 226
    },
    {
      "db": -25,
      "frequency": 241
    },
    {
      "db": -24,
      "frequency": 204
    },
    {
      "db": -23,
      "frequency": 177
    },
    {
      "db": -22,
      "frequency": 226
    },
    {
      "db": -21,
      "frequency": 223
    },
    {
      "db": -20,
      "frequency": 90
    },
    {
      "db": -19,
      "frequency": 13
    },
    {
      "db": -18,
      "frequency": 0
    },
    {
      "db": -17,
      "frequency": 0
    },
    {
      "db": -16,
      "frequency": 0
    },
    {
      "db": -15,
      "frequency": 0
    },
    {
      "db": -14,
      "frequency": 0
    },
    {
      "db": -13,
      "frequency": 0
    },
    {
      "db": -12,
      "frequency": 0
    },
    {
      "db": -11,
      "frequency": 0
    },
    {
      "db": -10,
      "frequency": 0
    },
    {
      "db": -9,
      "frequency": 0
    },
    {
      "db": -8,
      "frequency": 0
    },
    {
      "db": -7,
      "frequency": 0
    },
    {
      "db": -6,
      "frequency": 0
    },
    {
      "db": -5,
      "frequency": 0
    },
    {
      "db": -4,
      "frequency": 0
    },
    {
      "db": -3,
      "frequency": 0
    },
    {
      "db": -2,
      "frequency": 0
    },
    {
      "db": -1,
      "frequency": 0
    },
    {
      "db": 0,
      "frequency": 0
    },
    {
      "db": 1,
      "frequency": 0
    },
    {
      "db": 2,
      "frequency": 0
    },
    {
      "db": 3,
      "frequency": 0
    },
    {
      "db": 4,
      "frequency": 0
    },
    {
      "db": 5,
      "frequency": 0
    },
    {
      "db": 6,
