{
  "acoustic_entropy": 174.5765838623047,
  "bands": [
    {
      "high_freq": 148.1999969482422,
      "loudness": -33.114166259765625,
      "loudness_range": 18.246719360351562,
      "mid_mean": -29.809309005737305,
      "mid_to_side_loudness": -14.086176872253418,
      "mid_to_side_loudness_range": 18.991226196289062,
      "side_mean": -46.56724166870117
    },
    {
      "high_freq": 392.3793640136719,
      "loudness": -33.35673904418945,
      "loudness_range": 10.158914566040039,
      "low_freq": 148.1999969482422,
      "mid_mean": -29.8686580657959,
      "mid_to_side_loudness": -14.268268585205078,
      "mid_to_side_loudness_range": 18.973085403442383,
      "side_mean": -45.787559509277344
    },
    {
      "high_freq": 794.6976318359375,
      "loudness": -40.1572380065918,
      "loudness_range": 11.937610626220703,
      "low_freq": 392.3793640136719,
      "mid_mean": -37.48884582519531,
      "mid_to_side_loudness": -7.112401008605957,
      "mid_to_side_loudness_range": 13.207639694213867,
      "side_mean": -45.218963623046875
    },
    {
      "high_freq": 1457.5709228515625,
      "loudness": -40.3879508972168,
      "loudness_range": 19.534046173095703,
      "low_freq": 794.6976318359375,
      "mid_mean": -38.879180908203125,
      "mid_to_side_loudness": -3.758626699447632,
      "mid_to_side_loudness_range": 11.415769577026367,
      "side_mean": -42.81645965576172
    },
    {
      "high_freq": 2549.74365234375,
      "loudness": -43.192962646484375,
      "loudness_range": 18.127864837646484,
      "low_freq": 1457.5709228515625,
      "mid_mean": -41.17189407348633,
      "mid_to_side_loudness": -4.150676250457764,
      "mid_to_side_loudness_range": 9.688484191894531,
      "side_mean": -45.67641830444336
    },
    {
      "high_freq": 4349.24462890625,
      "loudness": -43.575828552246094,
      "loudness_range": 15.290138244628906,
      "low_freq": 2549.74365234375,
      "mid_mean": -40.851444244384766,
      "mid_to_side_loudness": -6.590869426727295,
      "mid_to_side_loudness_range": 11.743290901184082,
      "side_mean": -50.1760139465332
    },
    {
      "high_freq": 7314.1640625,
      "loudness": -41.65684509277344,
      "loudness_range": 12.850990295410156,
      "low_freq": 4349.24462890625,
      "mid_mean": -38.86567306518555,
      "mid_to_side_loudness": -6.739478588104248,
      "mid_to_side_loudness_range": 11.578883171081543,
      "side_mean": -46.131797790527344
    },
    {
      "high_freq": 12199.2666015625,
      "loudness": -43.794464111328125,
      "loudness_range": 12.184688568115234,
      "low_freq": 7314.1640625,
      "mid_mean": -40.868377685546875,
      "mid_to_side_loudness": -7.185408592224121,
      "mid_to_side_loudness_range": 10.582414627075195,
      "side_mean": -50.81913375854492
    },
    {
      "loudness": -48.58377456665039,
      "loudness_range": 14.910964965820312,
      "low_freq": 12199.2666015625,
      "mid_mean": -45.64685821533203,
      "mid_to_side_loudness": -6.891059398651123,
      "mid_to_side_loudness_range": 8.511761665344238,
      "side_mean": -54.705162048339844
    }
  ],
  "bands_short": [
    {
      "high_freq": 148.1999969482422,
      "loudness": -38.90998458862305,
      "loudness_range": 29.410634994506836,
      "mid_mean": -36.415283203125,
      "mid_to_side_loudness": -11.360036849975586,
      "mid_to_side_loudness_range": 23.381816864013672,
      "side_mean": -52.28969955444336
    },
    {
      "high_freq": 392.3793640136719,
      "loudness": -34.48072052001953,
      "loudness_range": 20.753578186035156,
      "low_freq": 148.1999969482422,
      "mid_mean": -31.37456703186035,
      "mid_to_side_loudness": -13.193327903747559,
      "mid_to_side_loudness_range": 20.578821182250977,
      "side_mean": -46.728126525878906
    },
    {
      "high_freq": 794.6976318359375,
      "loudness": -41.667057037353516,
      "loudness_range": 17.706893920898438,
      "low_freq": 392.3793640136719,
      "mid_mean": -39.49790954589844,
      "mid_to_side_loudness": -6.980563640594482,
      "mid_to_side_loudness_range": 15.228368759155273,
      "side_mean": -47.64466094970703
    },
    {
      "high_freq": 1457.5709228515625,
      "loudness": -41.03426742553711,
      "loudness_range": 22.494953155517578,
      "low_freq": 794.6976318359375,
      "mid_mean": -40.197383880615234,
      "mid_to_side_loudness": -3.397033214569092,
      "mid_to_side_loudness_range": 14.364349365234375,
      "side_mean": -43.79084014892578
    },
    {
      "high_freq": 2549.74365234375,
      "loudness": -44.80752182006836,
      "loudness_range": 22.157840728759766,
      "low_freq": 1457.5709228515625,
      "mid_mean": -43.58932876586914,
      "mid_to_side_loudness": -4.018342971801758,
      "mid_to_side_loudness_range": 12.62271499633789,
      "side_mean": -50.611900329589844
    },
    {
      "high_freq": 4349.24462890625,
      "loudness": -46.14841842651367,
      "loudness_range": 23.704864501953125,
      "low_freq": 2549.74365234375,
      "mid_mean": -43.91600799560547,
      "mid_to_side_loudness": -6.463292121887207,
      "mid_to_side_loudness_range": 13.222037315368652,
      "side_mean": -52.981204986572266
    },
    {
      "high_freq": 7314.1640625,
      "loudness": -44.016822814941406,
      "loudness_range": 22.743267059326172,
      "low_freq": 4349.24462890625,
      "mid_mean": -42.057979583740234,
      "mid_to_side_loudness": -6.686468124389648,
      "mid_to_side_loudness_range": 13.968286514282227,
      "side_mean": -51.80274200439453
    },
    {
      "high_freq": 12199.2666015625,
      "loudness": -47.003448486328125,
      "loudness_range": 24.83968734741211,
      "low_freq": 7314.1640625,
      "mid_mean": -45.528297424316406,
      "mid_to_side_loudness": -7.232040882110596,
      "mid_to_side_loudness_range": 12.708060264587402,
      "side_mean": -55.0294075012207
    },
    {
      "loudness": -52.65446853637695,
      "loudness_range": 28.701778411865234,
      "low_freq": 12199.2666015625,
      "mid_mean": -53.96854782104492,
      "mid_to_side_loudness": -7.026449680328369,
      "mid_to_side_loudness_range": 11.327997207641602,
      "side_mean": -59.20551300048828
    }
  ],
  "bandwidth": 396.48175048828125,
  "channels": 2,
  "covariance": [
    [
      52.06455612182617,
      34.466636657714844,
      16.886844635009766,
      10.297294616699219,
      8.342803001403809,
      11.8759183883667,
      10.612576484680176,
      14.35340690612793,
      6.249453067779541,
      5.871842861175537,
      5.053754806518555,
      3.7174179553985596,
      5.059777736663818,
      4.143835067749023,
      2.3435559272766113,
      2.905928611755371,
      -3.154804229736328,
      -0.39244943857192993
    ],
    [
      34.466636657714844,
      44.330780029296875,
      14.01870059967041,
      10.383583068847656,
      10.199017524719238,
      15.384537696838379,
      16.448801040649414,
      18.756195068359375,
      13.231338500976562,
      10.209674835205078,
      7.904590129852295,
      8.552242279052734,
      7.37662410736084,
      5.760183811187744,
      3.565725803375244,
      5.748679161071777,
      -2.4141976833343506,
      1.7099285125732422
    ],
    [
      16.886844635009766,
      14.01870059967041,
      18.647207260131836,
      12.233362197875977,
      13.200567245483398,
      16.027177810668945,
      14.045671463012695,
      16.632736206054688,
      13.645721435546875,
      13.739490509033203,
      11.11375904083252,
      11.217156410217285,
      8.875640869140625,
      9.129786491394043,
      5.932154178619385,
      7.230332851409912,
      3.8867058753967285,
      5.4365105628967285
    ],
    [
      10.297294616699219,
      10.383583068847656,
      12.233362197875977,
      15.281746864318848,
      10.638566017150879,
      14.668807983398438,
      11.641121864318848,
      13.840137481689453,
      11.326972007751465,
      11.861438751220703,
      10.294353485107422,
      12.592464447021484,
      7.928467273712158,
      8.3518648147583,
      4.5524582862854,
      8.111540794372559,
      2.763188600540161,
      5.798480033874512
    ],
    [
      8.342803001403809,
      10.199017524719238,
      13.200567245483398,
      10.638566017150879,
      22.37834930419922,
      23.962383270263672,
      22.806211471557617,
      22.08014678955078,
      22.1707820892334,
      19.648563385009766,
      17.923141479492188,
      15.4938383102417,
      13.674095153808594,
      12.122501373291016,
      8.322800636291504,
      9.01585865020752,
      5.55946683883667,
      6.514769554138184
    ],
    [
      11.8759183883667,
      15.384537696838379,
      16.027177810668945,
      14.668807983398438,
      23.962383270263672,
      43.25346374511719,
      36.84358596801758,
      47.73195266723633,
      28.695484161376953,
      31.566524505615234,
      19.246444702148438,
      19.991106033325195,
      15.149160385131836,
      16.871204376220703,
      9.749700546264648,
      11.990706443786621,
      6.948164463043213,
      8.6729736328125
    ],
    [
      10.612576484680176,
      16.448801040649414,
      14.045671463012695,
      11.641121864318848,
      22.806211471557617,
      36.84358596801758,
      50.19853591918945,
      51.42674255371094,
      36.237308502197266,
      34.69927978515625,
      24.249618530273438,
      22.09894561767578,
      18.181678771972656,
      18.855548858642578,
      11.502755165100098,
      13.450364112854004,
      8.15729808807373,
      9.512859344482422
    ],
    [
      14.35340690612793,
      18.756195068359375,
      16.632736206054688,
      13.840137481689453,
      22.08014678955078,
      47.73195266723633,
      51.42674255371094,
      73.09811401367188,
      35.10832214355469,
      41.425411224365234,
      19.76751136779785,
      22.90033531188965,
      16.047626495361328,
      20.358491897583008,
      12.056360244750977,
      14.897809028625488,
      9.306238174438477,
      10.986400604248047
    ],
    [
      6.249453067779541,
      13.231338500976562,
      13.645721435546875,
      11.326972007751465,
      22.1707820892334,
      28.695484161376953,
      36.237308502197266,
      35.10832214355469,
      44.90432357788086,
      36.037681579589844,
      30.707284927368164,
      25.857484817504883,
      23.971282958984375,
      23.092220306396484,
      15.158212661743164,
      17.04585075378418,
      11.914658546447754,
      13.1454439163208
    ],
    [
      5.871842861175537,
      10.209674835205078,
      13.739490509033203,
      11.861438751220703,
      19.648563385009766,
      31.566524505615234,
      34.69927978515625,
      41.425411224365234,
      36.037681579589844,
      39.966793060302734,
      25.495302200317383,
      28.63189697265625,
      20.227123260498047,
      24.69428825378418,
      14.739029884338379,
      18.663965225219727,
      12.739184379577637,
      14.857757568359375
    ],
    [
      5.053754806518555,
      7.904590129852295,
      11.11375904083252,
      10.294353485107422,
      17.923141479492188,
      19.246444702148438,
      24.249618530273438,
      19.76751136779785,
      30.707284927368164,
      25.495302200317383,
      32.01961135864258,
      27.170150756835938,
      24.007457733154297,
      22.539173126220703,
      14.625157356262207,
      16.758033752441406,
      10.844021797180176,
      12.273385047912598
    ],
    [
      3.7174179553985596,
      8.552242279052734,
      11.217156410217285,
      12.592464447021484,
      15.4938383102417,
      19.991106033325195,
      22.09894561767578,
      22.90033531188965,
      25.857484817504883,
      28.63189697265625,
      27.170150756835938,
      74.19994354248047,
      20.85462188720703,
      27.868717193603516,
      15.677568435668945,
      62.0915412902832,
      13.372879028320312,
      48.8136100769043
    ],
    [
      5.059777736663818,
      7.37662410736084,
      8.875640869140625,
      7.928467273712158,
      13.674095153808594,
      15.149160385131836,
      18.181678771972656,
      16.047626495361328,
      23.971282958984375,
      20.227123260498047,
      24.007457733154297,
      20.85462188720703,
      23.475664138793945,
      22.003664016723633,
      17.398122787475586,
      18.395444869995117,
      14.912761688232422,
      15.055951118469238
    ],
    [
      4.143835067749023,
      5.760183811187744,
      9.129786491394043,
      8.3518648147583,
      12.122501373291016,
      16.871204376220703,
      18.855548858642578,
      20.358491897583008,
      23.092220306396484,
      24.69428825378418,
      22.539173126220703,
      27.868717193603516,
      22.003664016723633,
      30.405977249145508,
      19.940933227539062,
      26.14392852783203,
      20.462594985961914,
      22.425878524780273
    ],
    [
      2.3435559272766113,
      3.565725803375244,
      5.932154178619385,
      4.5524582862854,
      8.322800636291504,
      9.749700546264648,
      11.502755165100098,
      12.056360244750977,
      15.158212661743164,
      14.739029884338379,
      14.625157356262207,
      15.677568435668945,
      17.398122787475586,
      19.940933227539062,
      22.05565071105957,
      21.82560157775879,
      23.062997817993164,
      20.681095123291016
    ],
    [
      2.905928611755371,
      5.748679161071777,
      7.230332851409912,
      8.111540794372559,
      9.01585865020752,
      11.990706443786621,
      13.450364112854004,
      14.897809028625488,
      17.04585075378418,
      18.663965225219727,
      16.758033752441406,
      62.0915412902832,
      18.395444869995117,
      26.14392852783203,
      21.82560157775879,
      66.6539535522461,
      25.78186798095703,
      56.789859771728516
    ],
    [
      -3.154804229736328,
      -2.4141976833343506,
      3.8867058753967285,
      2.763188600540161,
      5.55946683883667,
      6.948164463043213,
      8.15729808807373,
      9.306238174438477,
      11.914658546447754,
      12.739184379577637,
      10.844021797180176,
      13.372879028320312,
      14.912761688232422,
      20.462594985961914,
      23.062997817993164,
      25.78186798095703,
      33.42464828491211,
      29.745229721069336
    ],
    [
      -0.39244943857192993,
      1.7099285125732422,
      5.4365105628967285,
      5.798480033874512,
      6.514769554138184,
      8.6729736328125,
      9.512859344482422,
      10.986400604248047,
      13.1454439163208,
      14.857757568359375,
      12.273385047912598,
      48.8136100769043,
      15.055951118469238,
      22.425878524780273,
      20.681095123291016,
      56.789859771728516,
      29.745229721069336,
      52.688621520996094
    ]
  ],
  "covariance_short": [
    [
      109.08436584472656,
      52.76371765136719,
      58.37511444091797,
      37.6683235168457,
      29.116809844970703,
      27.563121795654297,
      22.676631927490234,
      23.317289352416992,
      25.964853286743164,
      27.76840591430664,
      24.26631736755371,
      27.12512969970703,
      21.95201301574707,
      30.378610610961914,
      23.918601989746094,
      29.163898468017578,
      29.486051559448242,
      25.706632614135742
    ],
    [
      52.76371765136719,
      89.89026641845703,
      31.537830352783203,
      29.08640480041504,
      18.250520706176758,
      23.721548080444336,
      18.013761520385742,
      20.362041473388672,
      20.255311965942383,
      58.39683532714844,
      18.010042190551758,
      50.347938537597656,
      16.815948486328125,
      55.517574310302734,
      16.747142791748047,
      46.431514739990234,
      48.4826545715332,
      34.88905715942383
    ],
    [
      58.37511444091797,
      31.537830352783203,
      66.87947845458984,
      38.07290267944336,
      37.318668365478516,
      33.39823532104492,
      24.7041072845459,
      24.597759246826172,
      31.73982810974121,
      32.54798889160156,
      32.11628341674805,
      31.6225643157959,
      26.977275848388672,
      32.21809387207031,
      25.891748428344727,
      29.428129196166992,
      29.012889862060547,
      26.084550857543945
    ],
    [
      37.6683235168457,
      29.08640480041504,
      38.07290267944336,
      40.897972106933594,
      25.555030822753906,
      30.122907638549805,
      17.908920288085938,
      18.316389083862305,
      23.792444229125977,
      29.493871688842773,
      25.307310104370117,
      28.535615921020508,
      20.768457412719727,
      28.25269889831543,
      20.32846450805664,
      24.477460861206055,
      24.288591384887695,
      20.425039291381836
    ],
    [
      29.116809844970703,
      18.250520706176758,
      37.318668365478516,
      25.555030822753906,
      51.43601608276367,
      38.770668029785156,
      36.90248489379883,
      32.41795349121094,
      39.8143196105957,
      35.61850357055664,
      37.23623275756836,
      31.665143966674805,
      29.71826934814453,
      29.46087646484375,
      24.327123641967773,
      24.740964889526367,
      23.331401824951172,
      20.33871841430664
    ],
    [
      27.563121795654297,
      23.721548080444336,
      33.39823532104492,
      30.122907638549805,
      38.770668029785156,
      63.02626037597656,
      44.75490951538086,
      55.4066162109375,
      42.748085021972656,
      54.085113525390625,
      35.10466384887695,
      40.33172607421875,
      29.44723129272461,
      38.988182067871094,
      27.677108764648438,
      31.486608505249023,
      29.407005310058594,
      24.56247329711914
    ],
    [
      22.676631927490234,
      18.013761520385742,
      24.7041072845459,
      17.908920288085938,
      36.90248489379883,
      44.75490951538086,
      70.61100769042969,
      65.03914642333984,
      48.674522399902344,
      46.548858642578125,
      38.2906494140625,
      34.76659393310547,
      32.812252044677734,
      33.97976303100586,
      26.595781326293945,
      26.769515991210938,
      24.85563087463379,
      20.419891357421875
    ],
    [
      23.317289352416992,
      20.362041473388672,
      24.597759246826172,
      18.316389083862305,
      32.41795349121094,
      55.4066162109375,
      65.03914642333984,
      92.9767837524414,
      45.31025695800781,
      53.36126708984375,
      30.35443687438965,
      34.367733001708984,
      27.355871200561523,
      33.27376174926758,
      24.30193328857422,
      26.52764129638672,
      24.3808536529541,
      20.554141998291016
    ],
    [
      25.964853286743164,
      20.255311965942383,
      31.73982810974121,
      23.792444229125977,
      39.8143196105957,
      42.748085021972656,
      48.674522399902344,
      45.31025695800781,
      75.06883239746094,
      59.84007263183594,
      58.01837158203125,
      47.920997619628906,
      50.46949768066406,
      47.83472442626953,
      42.86556625366211,
      40.86221694946289,
      38.747737884521484,
      32.693912506103516
    ],
    [
      27.76840591430664,
      58.39683532714844,
      32.54798889160156,
      29.493871688842773,
      35.61850357055664,
      54.085113525390625,
      46.548858642578125,
      53.36126708984375,
      59.84007263183594,
      110.5852279663086,
      51.470733642578125,
      89.50847625732422,
      46.96381378173828,
      92.5322036743164,
      47.075706481933594,
      78.88008880615234,
      78.95362091064453,
      61.1808967590332
    ],
    [
      24.26631736755371,
      18.010042190551758,
      32.11628341674805,
      25.307310104370117,
      37.23623275756836,
      35.10466384887695,
      38.2906494140625,
      30.35443687438965,
      58.01837158203125,
      51.470733642578125,
      74.97451782226562,
      59.70608139038086,
      64.44774627685547,
      61.3468132019043,
      55.42313003540039,
      53.35908508300781,
      50.468257904052734,
      41.771690368652344
    ],
    [
      27.12512969970703,
      50.347938537597656,
      31.6225643157959,
      28.535615921020508,
      31.665143966674805,
      40.33172607421875,
      34.76659393310547,
      34.367733001708984,
      47.920997619628906,
      89.50847625732422,
      59.70608139038086,
      95.06056213378906,
      55.092403411865234,
      98.59382629394531,
      56.063758850097656,
      86.14191436767578,
      83.65222930908203,
      67.58149719238281
    ],
    [
      21.95201301574707,
      16.815948486328125,
      26.977275848388672,
      20.768457412719727,
      29.71826934814453,
      29.44723129272461,
      32.812252044677734,
      27.355871200561523,
      50.46949768066406,
      46.96381378173828,
      64.44774627685547,
      55.092403411865234,
      78.7922592163086,
      67.32252502441406,
      71.12464141845703,
      63.740478515625,
      65.7380142211914,
      52.10531997680664
    ],
    [
      30.378610610961914,
      55.517574310302734,
      32.21809387207031,
      28.25269889831543,
      29.46087646484375,
      38.988182067871094,
      33.97976303100586,
      33.27376174926758,
      47.83472442626953,
      92.5322036743164,
      61.3468132019043,
      98.59382629394531,
      67.32252502441406,
      115.81639862060547,
      73.91437530517578,
      105.26274871826172,
      106.28096008300781,
      84.73858642578125
    ],
    [
      23.918601989746094,
      16.747142791748047,
      25.891748428344727,
      20.32846450805664,
      24.327123641967773,
      27.677108764648438,
      26.595781326293945,
      24.30193328857422,
      42.86556625366211,
      47.075706481933594,
      55.42313003540039,
      56.063758850097656,
      71.12464141845703,
      73.91437530517578,
      97.05207061767578,
      82.85919952392578,
      93.61748504638672,
      73.43254089355469
    ],
    [
      29.163898468017578,
      46.431514739990234,
      29.428129196166992,
      24.477460861206055,
      24.740964889526367,
      31.486608505249023,
      26.769515991210938,
      26.52764129638672,
      40.86221694946289,
      78.88008880615234,
      53.35908508300781,
      86.14191436767578,
      63.740478515625,
      105.26274871826172,
      82.85919952392578,
      107.29117584228516,
      112.82907104492188,
      90.74081420898438
    ],
    [
      29.486051559448242,
      48.4826545715332,
      29.012889862060547,
      24.288591384887695,
      23.331401824951172,
      29.407005310058594,
      24.85563087463379,
      24.3808536529541,
      38.747737884521484,
      78.95362091064453,
      50.468257904052734,
      83.65222930908203,
      65.7380142211914,
      106.28096008300781,
      93.61748504638672,
      112.82907104492188,
      133.0211181640625,
      102.91715240478516
    ],
    [
      25.706632614135742,
      34.88905715942383,
      26.084550857543945,
      20.425039291381836,
      20.33871841430664,
      24.56247329711914,
      20.419891357421875,
      20.554141998291016,
      32.693912506103516,
      61.1808967590332,
      41.771690368652344,
      67.58149719238281,
      52.10531997680664,
      84.73858642578125,
      73.43254089355469,
      90.74081420898438,
      102.91715240478516,
      85.2884521484375
    ]
  ],
  "damage": -17.99431037902832,
  "diff_bandwidth": 382.5567321777344,
  "dissonance": 8.966954613961347,
  "drr": 14.694616317749023,
  "dynamics": 3.5958800315856934,
  "format": 1245190,
  "frames": 11485287,
  "freq_pan_to_db": [
    [
      -27.685993194580078,
      -27.955089569091797,
      -26.551084518432617,
      -24.69597625732422,
      -21.43297576904297,
      -18.505870819091797,
      -18.696107864379883,
      -22.795080184936523,
      -25.049617767333984,
      -27.418432235717773,
      -28.079723358154297
    ],
    [
      -27.248817443847656,
      -27.569435119628906,
      -25.97450065612793,
      -22.61263656616211,
      -20.20752716064453,
      -20.28963851928711,
      -18.000112533569336,
      -24.094017028808594,
      -26.047138214111328,
      -28.47459602355957,
      -29.968488693237305
    ],
    [
      -34.60001754760742,
      -30.277843475341797,
      -26.124164581298828,
      -21.554155349731445,
      -20.410415649414062,
      -21.783113479614258,
      -22.080997467041016,
      -24.57238006591797,
      -27.545166015625,
      -30.818424224853516,
      -35.77590560913086
    ],
    [
      -40.36566162109375,
      -35.484859466552734,
      -28.74601173400879,
      -23.585908889770508,
      -23.66982078552246,
      -23.718576431274414,
      -24.983217239379883,
      -30.491865158081055,
      -37.40821838378906,
      -41.31486511230469,
      -45.42345428466797
    ],
    [
      -49.6212043762207,
      -41.77425003051758,
      -35.85336685180664,
      -29.845014572143555,
      -22.82689094543457,
      -23.861812591552734,
      -26.517196655273438,
      -33.96538543701172,
      -39.044105529785156,
      -43.649898529052734,
      -45.33434295654297
    ],
    [
      -48.160057067871094,
      -43.753746032714844,
      -37.512794494628906,
      -31.263032913208008,
      -25.741540908813477,
      -25.143041610717773,
      -28.00432014465332,
      -33.4349250793457,
      -39.972557067871094,
      -42.70659255981445,
      -48.9249153137207
    ],
    [
      -43.75441360473633,
      -40.54367446899414,
      -36.06739044189453,
      -30.852745056152344,
      -27.52216911315918,
      -27.230772018432617,
      -29.3675594329834,
      -32.93428421020508,
      -36.691768646240234,
      -39.10137176513672,
      -43.30354690551758
    ],
    [
      -39.57735061645508,
      -40.63605499267578,
      -36.09428024291992,
      -32.702430725097656,
      -29.90290641784668,
      -30.41701889038086,
      -32.871952056884766,
      -34.93427276611328,
      -36.92778015136719,
      -38.860137939453125,
      -41.868431091308594
    ],
    [
      -37.42243576049805,
      -38.65217590332031,
      -37.27778625488281,
      -36.068851470947266,
      -34.34197998046875,
      -32.681983947753906,
      -32.31718444824219,
      -35.798500061035156,
      -37.14373779296875,
      -39.3439826965332,
      -39.861148834228516
    ],
    [
      -38.28780746459961,
      -37.33594512939453,
      -37.43415451049805,
      -36.8442268371582,
      -35.970394134521484,
      -32.77943801879883,
      -30.50649070739746,
      -34.811439514160156,
      -36.26947021484375,
      -37.139034271240234,
      -38.027992248535156
    ],
    [
      -37.39246368408203,
      -38.694419860839844,
      -37.34204864501953,
      -36.4979362487793,
      -35.74672317504883,
      -32.74907684326172,
      -33.84989547729492,
      -37.041072845458984,
      -38.27589797973633,
      -38.195045471191406,
      -42.36356735229492
    ],
    [
      -34.058204650878906,
      -34.82184600830078,
      -35.11466979980469,
      -35.53586959838867,
      -34.9590950012207,
      -33.524269104003906,
      -33.40013122558594,
      -35.16936492919922,
      -35.769954681396484,
      -36.0473518371582,
      -37.66495895385742
    ],
    [
      -34.826961517333984,
      -35.6334342956543,
      -37.17302322387695,
      -37.46989822387695,
      -36.41661834716797,
      -35.34132385253906,
      -35.84939193725586,
      -36.6436767578125,
      -36.542842864990234,
      -36.5373420715332,
      -36.29015350341797
    ],
    [
      -33.15924072265625,
      -34.40768051147461,
      -35.65343475341797,
      -35.730804443359375,
      -37.268699645996094,
      -35.8112678527832,
      -36.016937255859375,
      -35.930728912353516,
      -35.565284729003906,
      -35.081153869628906,
      -35.214595794677734
    ],
    [
      -33.6508674621582,
      -34.74583435058594,
      -32.66154861450195,
      -34.175296783447266,
      -36.12038803100586,
      -33.381736755371094,
      -34.785240173339844,
      -33.687889099121094,
      -33.58326721191406,
      -34.611793518066406,
      -32.85882568359375
    ],
    [
      -35.17384338378906,
      -34.15837097167969,
      -28.586040496826172,
      -33.803009033203125,
      -35.67387008666992,
      -33.31278991699219,
      -34.547298431396484,
      -31.25469398498535,
      -31.060806274414062,
      -33.256431579589844,
      -30.568378448486328
    ],
    [
      -33.93238067626953,
      -32.39112854003906,
      -32.13309860229492,
      -32.30765151977539,
      -35.02800750732422,
      -34.3561897277832,
      -33.72923278808594,
      -32.742034912109375,
      -34.1408805847168,
      -33.4780387878418,
      -33.89800262451172
    ],
    [
      -35.06505584716797,
      -35.5371208190918,
      -36.77469253540039,
      -38.34653091430664,
      -38.28982925415039,
      -36.017677307128906,
      -37.091312408447266,
      -37.925437927246094,
      -37.59804153442383,
      -36.86334991455078,
      -37.05075454711914
    ],
    [
      -36.97376251220703,
      -38.57569122314453,
      -37.56199645996094,
      -37.96896743774414,
      -38.26095962524414,
      -37.276588439941406,
      -37.92738723754883,
      -39.11315155029297,
      -37.66107177734375,
      -37.97434616088867,
      -39.71986389160156
    ],
    [
      -42.41501235961914,
      -42.000633239746094,
      -41.49052429199219,
      -41.509830474853516,
      -41.21355438232422,
      -39.24795150756836,
      -40.84741973876953,
      -41.247711181640625,
      -40.690677642822266,
      -41.68096160888672,
      -39.99079895019531
    ],
    [
      -40.994075775146484,
      -42.226905822753906,
      -43.007408142089844,
      -42.38296127319336,
      -41.69310760498047,
      -40.1522216796875,
      -41.87372589111328,
      -41.43516540527344,
      -43.15571212768555,
      -43.4798469543457,
      -41.2987060546875
    ],
    [
      -42.56616973876953,
      -44.33568572998047,
      -44.13529968261719,
      -41.53339767456055,
      -42.259544372558594,
      -41.07673263549805,
      -42.79747009277344,
      -43.56736755371094,
      -44.13878631591797,
      -43.63671112060547,
      -44.85049057006836
    ],
    [
      -46.88172912597656,
      -45.69715881347656,
      -45.55299377441406,
      -45.79724884033203,
      -43.477516174316406,
      -42.03111267089844,
      -44.427345275878906,
      -45.67221450805664,
      -44.60521697998047,
      -45.320213317871094,
      -44.99348831176758
    ],
    [
      -42.81658172607422,
      -44.431488037109375,
      -45.64098358154297,
      -45.46858596801758,
      -44.80615997314453,
      -42.979312896728516,
      -45.48149871826172,
      -45.083980560302734,
      -45.313961029052734,
      -44.52191925048828,
      -44.8344612121582
    ],
    [
      -48.52259826660156,
      -49.16789245605469,
      -46.50481033325195,
      -46.07447052001953,
      -45.758853912353516,
      -45.13761901855469,
      -45.7180290222168,
      -45.90060043334961,
      -46.30125045776367,
      -44.976104736328125,
      -45.059226989746094
    ],
    [
      -118.27429962158203,
      -48.3963508605957,
      -46.5793571472168,
      -45.92184066772461,
      -44.741111755371094,
      -42.935550689697266,
      -45.0611572265625,
      -46.073692321777344,
      -46.475128173828125,
      -45.27409362792969,
      -43.15214538574219
    ],
    [
      -51.545738220214844,
      -45.14524841308594,
      -44.79145050048828,
      -45.35706329345703,
      -44.36686325073242,
      -40.53416061401367,
      -44.192718505859375,
      -45.13383483886719,
      -44.78879165649414,
      -44.85247802734375,
      -42.03403854370117
    ],
    [
      -47.04592514038086,
      -45.71672439575195,
      -45.06696701049805,
      -45.33952713012695,
      -44.95433044433594,
      -43.02000045776367,
      -43.866600036621094,
      -44.50038528442383,
      -45.29142379760742,
      -45.72669219970703,
      -50.83245849609375
    ],
    [
      -46.17167663574219,
      -47.85028839111328,
      -45.02526092529297,
      -44.51584243774414,
      -43.747215270996094,
      -41.63597106933594,
      -42.68977737426758,
      -44.30265426635742,
      -44.212867736816406,
      -43.85894012451172,
      -44.581844329833984
    ],
    [
      -44.82050323486328,
      -48.31913757324219,
      -45.47471237182617,
      -44.3086051940918,
      -43.58122634887695,
      -41.67793655395508,
      -42.16850662231445,
      -43.845558166503906,
      -43.54189682006836,
      -43.26934814453125,
      -41.267303466796875
    ],
    [
      -47.237186431884766,
      -48.152652740478516,
      -47.89962387084961,
      -46.80055618286133,
      -45.43292236328125,
      -43.0815544128418,
      -43.91167068481445,
      -44.85715103149414,
      -44.944095611572266,
      -44.05107498168945,
      -43.017032623291016
    ],
    [
      -370,
      -48.65983963012695,
      -52.36234664916992,
      -51.04417037963867,
      -47.042144775390625,
      -44.01405715942383,
      -43.772422790527344,
      -44.42716979980469,
      -44.48225402832031,
      -43.87542724609375,
      -46.57239532470703
    ],
    [
      -47.55186462402344,
      -47.94382095336914,
      -51.659786224365234,
      -51.32198715209961,
      -47.73744201660156,
      -44.52287292480469,
      -44.256431579589844,
      -45.230979919433594,
      -45.12333297729492,
      -50.32625961303711,
      -45.36677932739258
    ],
    [
      -56.99740982055664,
      -61.640743255615234,
      -48.95941925048828,
      -49.42717361450195,
      -47.029361724853516,
      -44.85966873168945,
      -45.38389587402344,
      -46.062889099121094,
      -47.02477264404297,
      -52.86879348754883,
      -53.14270782470703
    ],
    [
      -64.7275619506836,
      -61.88749313354492,
      -50.58831787109375,
      -45.23476028442383,
      -44.60178756713867,
      -44.441341400146484,
      -45.5867919921875,
      -47.21232223510742,
      -49.80570983886719,
      -51.08080291748047,
      -49.210018157958984
    ],
    [
      -58.215614318847656,
      -59.136775970458984,
      -47.290191650390625,
      -48.25580978393555,
      -46.854156494140625,
      -45.84366989135742,
      -46.29129409790039,
      -48.73476028442383,
      -47.835693359375,
      -46.47401428222656,
      -56.34880447387695
    ],
    [
      -62.24600601196289,
      -63.570377349853516,
      -45.473026275634766,
      -47.66685485839844,
      -47.7777099609375,
      -46.92531204223633,
      -46.09053421020508,
      -47.67860412597656,
      -51.85136413574219,
      -57.46335983276367,
      -50.37625503540039
    ],
    [
      -67.77117156982422,
      -66.5213623046875,
      -55.42430114746094,
      -50.12537384033203,
      -48.64344024658203,
      -47.923465728759766,
      -47.50722122192383,
      -49.447818756103516,
      -52.0953483581543,
      -54.066776275634766,
      -54.70182418823242
    ],
    [
      -68.60814666748047,
      -65.93338012695312,
      -66.90058135986328,
      -50.510440826416016,
      -48.21231460571289,
      -48.2359504699707,
      -48.47426986694336,
      -51.900169372558594,
      -53.90617752075195,
      -54.03858947753906,
      -59.25653839111328
    ],
    [
      -71.19750213623047,
      -73.9774398803711,
      -53.46492385864258,
      -48.97270202636719,
      -47.96605682373047,
      -49.28972625732422,
      -51.828861236572266,
      -56.2547607421875,
      -60.27922821044922,
      -65.37224578857422,
      -66.97004699707031
    ],
    [
      -370,
      -67.14395141601562,
      -64.51042175292969,
      -52.84013748168945,
      -48.98850631713867,
      -50.77959060668945,
      -59.1757926940918,
      -71.25065612792969,
      -67.85762786865234,
      -66.072021484375,
      -370
    ],
    [
      -81.46482849121094,
      -90.41714477539062,
      -72.63446044921875,
      -77.98148345947266,
      -59.40607833862305,
      -51.874813079833984,
      -65.00718688964844,
      -83.22738647460938,
      -75.7930679321289,
      -74.00506591796875,
      -370
    ]
  ],
  "histogram": [
    {
      "db": -70,
      "frequency": 1
    },
    {
      "db": -69,
      "frequency": 0
    },
    {
      "db": -68,
      "frequency": 1
    },
    {
      "db": -67,
      "frequency": 1
    },
    {
      "db": -66,
      "frequency": 1
    },
    {
      "db": -65,
      "frequency": 2
    },
    {
      "db": -64,
      "frequency": 1
    },
    {
      "db": -63,
      "frequency": 1
    },
    {
      "db": -62,
      "frequency": 1
    },
    {
      "db": -61,
      "frequency": 0
    },
    {
      "db": -60,
      "frequency": 1
    },
    {
      "db": -59,
      "frequency": 1
    },
    {
      "db": -58,
      "frequency": 1
    },
    {
      "db": -57,
      "frequency": 0
    },
    {
      "db": -56,
      "frequency": 1
    },
    {
      "db": -55,
      "frequency": 1
    },
    {
      "db": -54,
      "frequency": 0
    },
    {
      "db": -53,
      "frequency": 2
    },
    {
      "db": -52,
      "frequency": 0
    },
    {
      "db": -51,
      "frequency": 1
    },
    {
      "db": -50,
      "frequency": 0
    },
    {
      "db": -49,
      "frequency": 0
    },
    {
      "db": -48,
      "frequency": 0
    },
    {
      "db": -47,
      "frequency": 0
    },
    {
      "db": -46,
      "frequency": 1
    },
    {
      "db": -45,
      "frequency": 0
    },
    {
      "db": -44,
      "frequency": 2
    },
    {
      "db": -43,
      "frequency": 0
    },
    {
      "db": -42,
      "frequency": 0
    },
    {
      "db": -41,
      "frequency": 1
    },
    {
      "db": -40,
      "frequency": 2
    },
    {
      "db": -39,
      "frequency": 5
    },
    {
      "db": -38,
      "frequency": 3
    },
    {
      "db": -37,
      "frequency": 8
    },
    {
      "db": -36,
      "frequency": 18
    },
    {
      "db": -35,
      "frequency": 22
    },
    {
      "db": -34,
      "frequency": 19
    },
    {
      "db": -33,
      "frequency": 33
    },
    {
      "db": -32,
      "frequency": 30
    },
    {
      "db": -31,
      "frequency": 31
    },
    {
      "db": -30,
      "frequency": 33
    },
    {
      "db": -29,
      "frequency": 62
    },
    {
      "db": -28,
      "frequency": 76
    },
    {
      "db": -27,
      "frequency": 112
    },
    {
      "db": -26,
      "frequency": 242
    },
    {
      "db": -25,
      "frequency": 325
    },
    {
      "db": -24,
      "frequency": 372
    },
    {
      "db": -23,
      "frequency": 417
    },
    {
      "db": -22,
      "frequency": 353
    },
    {
      "db": -21,
      "frequency": 139
    },
    {
      "db": -20,
      "frequency": 33
    },
    {
      "db": -19,
      "frequency": 6
    },
    {
      "db": -18,
      "frequency": 0
    },
    {
      "db": -17,
      "frequency": 0
    },
    {
      "db": -16,
      "frequency": 0
    },
    {
      "db": -15,
      "frequency": 0
    },
    {
      "db": -14,
      "frequency": 0
    },
    {
      "db": -13,
      "frequency": 0
    },
    {
      "db": -12,
      "frequency": 0
    },
    {
      "db": -11,
      "frequency": 0
    },
    {
      "db": -10,
      "frequency": 0
    },
    {
      "db": -9,
      "frequency": 0
    },
    {
      "db": -8,
      "frequency": 0
    },
    {
      "db": -7,
      "frequency": 0
    },
    {
      "db": -6,
      "frequency": 0
    },
    {
      "db": -5,
      "frequency": 0
    },
    {
      "db": -4,
      "frequency": 0
    },
    {
      "db": -3,
      "frequency": 0
    },
    {
      "db": -2,
      "frequency": 0
    },
    {
      "db": -1,
      "frequency": 0
    },
    {
      "db": 0,
      "frequency": 0
    },
    {
      "db": 1,
      "frequency": 0
    },
    {
      "db": 2,
      "frequency": 0
    },
    {
      "db": 3,
      "frequency": 0
    },
    {
      "db": 4,
      "frequency": 0
    },
    {
      "db": 5,
      "frequency": 0
    },
    {
      "db": 6,
