{
  "acoustic_entropy": 172.03713989257812,
  "bands": [
    {
      "high_freq": 148.1999969482422,
      "loudness": -33.04439163208008,
      "loudness_range": 18.84730339050293,
      "mid_mean": -29.696260452270508,
      "mid_to_side_loudness": -14.104063034057617,
      "mid_to_side_loudness_range": 18.873003005981445,
      "side_mean": -46.5157585144043
    },
    {
      "high_freq": 392.3793640136719,
      "loudness": -33.48161697387695,
      "loudness_range": 10.25275993347168,
      "low_freq": 148.1999969482422,
      "mid_mean": -29.9915714263916,
      "mid_to_side_loudness": -14.354923248291016,
      "mid_to_side_loudness_range": 19.043880462646484,
      "side_mean": -46.012290954589844
    },
    {
      "high_freq": 794.6976318359375,
      "loudness": -40.34413528442383,
      "loudness_range": 12.135311126708984,
      "low_freq": 392.3793640136719,
      "mid_mean": -37.672603607177734,
      "mid_to_side_loudness": -7.127655506134033,
      "mid_to_side_loudness_range": 13.201467514038086,
      "side_mean": -45.42036437988281
    },
    {
      "high_freq": 1457.5709228515625,
      "loudness": -40.56412887573242,
      "loudness_range": 19.63990020751953,
      "low_freq": 794.6976318359375,
      "mid_mean": -39.04399490356445,
      "mid_to_side_loudness": -3.7889928817749023,
      "mid_to_side_loudness_range": 11.355561256408691,
      "side_mean": -43.01675033569336
    },
    {
      "high_freq": 2549.74365234375,
      "loudness": -43.36701202392578,
      "loudness_range": 18.16159439086914,
      "low_freq": 1457.5709228515625,
      "mid_mean": -41.345008850097656,
      "mid_to_side_loudness": -4.1492133140563965,
      "mid_to_side_loudness_range": 9.70826530456543,
      "side_mean": -45.850372314453125
    },
    {
      "high_freq": 4349.24462890625,
      "loudness": -43.75418472290039,
      "loudness_range": 15.297466278076172,
      "low_freq": 2549.74365234375,
      "mid_mean": -41.03978729248047,
      "mid_to_side_loudness": -6.575906276702881,
      "mid_to_side_loudness_range": 11.72288703918457,
      "side_mean": -50.33216094970703
    },
    {
      "high_freq": 7314.1640625,
      "loudness": -41.85761642456055,
      "loudness_range": 12.814884185791016,
      "low_freq": 4349.24462890625,
      "mid_mean": -39.06766891479492,
      "mid_to_side_loudness": -6.720937252044678,
      "mid_to_side_loudness_range": 11.539724349975586,
      "side_mean": -46.31776428222656
    },
    {
      "high_freq": 12199.2666015625,
      "loudness": -43.98283386230469,
      "loudness_range": 12.243389129638672,
      "low_freq": 7314.1640625,
      "mid_mean": -41.05855941772461,
      "mid_to_side_loudness": -7.160106182098389,
      "mid_to_side_loudness_range": 10.575251579284668,
      "side_mean": -50.970096588134766
    },
    {
      "loudness": -48.75389862060547,
      "loudness_range": 14.816917419433594,
      "low_freq": 12199.2666015625,
      "mid_mean": -45.8148078918457,
      "mid_to_side_loudness": -6.875971794128418,
      "mid_to_side_loudness_range": 8.509812355041504,
      "side_mean": -54.84746170043945
    }
  ],
  "bands_short": [
    {
      "high_freq": 148.1999969482422,
      "loudness": -39.062259674072266,
      "loudness_range": 29.86870574951172,
      "mid_mean": -36.58575439453125,
      "mid_to_side_loudness": -11.320855140686035,
      "mid_to_side_loudness_range": 23.176822662353516,
      "side_mean": -52.404319763183594
    },
    {
      "high_freq": 392.3793640136719,
      "loudness": -34.642154693603516,
      "loudness_range": 21.05750274658203,
      "low_freq": 148.1999969482422,
      "mid_mean": -31.535348892211914,
      "mid_to_side_loudness": -13.210350036621094,
      "mid_to_side_loudness_range": 20.555004119873047,
      "side_mean": -46.922943115234375
    },
    {
      "high_freq": 794.6976318359375,
      "loudness": -41.874122619628906,
      "loudness_range": 17.833633422851562,
      "low_freq": 392.3793640136719,
      "mid_mean": -39.7085075378418,
      "mid_to_side_loudness": -6.982811450958252,
      "mid_to_side_loudness_range": 15.234193801879883,
      "side_mean": -50.074302673339844
    },
    {
      "high_freq": 1457.5709228515625,
      "loudness": -41.20686721801758,
      "loudness_range": 22.49472427368164,
      "low_freq": 794.6976318359375,
      "mid_mean": -40.3862190246582,
      "mid_to_side_loudness": -3.4103457927703857,
      "mid_to_side_loudness_range": 14.399442672729492,
      "side_mean": -44.01242446899414
    },
    {
      "high_freq": 2549.74365234375,
      "loudness": -44.99844741821289,
      "loudness_range": 22.223628997802734,
      "low_freq": 1457.5709228515625,
      "mid_mean": -43.80217361450195,
      "mid_to_side_loudness": -4.01681661605835,
      "mid_to_side_loudness_range": 12.631275177001953,
      "side_mean": -50.78599166870117
    },
    {
      "high_freq": 4349.24462890625,
      "loudness": -46.35470962524414,
      "loudness_range": 23.740921020507812,
      "low_freq": 2549.74365234375,
      "mid_mean": -44.133033752441406,
      "mid_to_side_loudness": -6.457853317260742,
      "mid_to_side_loudness_range": 13.240374565124512,
      "side_mean": -53.1570930480957
    },
    {
      "high_freq": 7314.1640625,
      "loudness": -44.22859191894531,
      "loudness_range": 22.77350616455078,
      "low_freq": 4349.24462890625,
      "mid_mean": -42.27478790283203,
      "mid_to_side_loudness": -6.676736354827881,
      "mid_to_side_loudness_range": 13.968094825744629,
      "side_mean": -51.97688674926758
    },
    {
      "high_freq": 12199.2666015625,
      "loudness": -47.20778274536133,
      "loudness_range": 24.889907836914062,
      "low_freq": 7314.1640625,
      "mid_mean": -45.7775764465332,
      "mid_to_side_loudness": -7.216578006744385,
      "mid_to_side_loudness_range": 12.698858261108398,
      "side_mean": -55.18502426147461
    },
    {
      "loudness": -52.83584976196289,
      "loudness_range": 28.77252197265625,
      "low_freq": 12199.2666015625,
      "mid_mean": -54.12668228149414,
      "mid_to_side_loudness": -7.004543781280518,
      "mid_to_side_loudness_range": 11.309165000915527,
      "side_mean": -59.33549499511719
    }
  ],
  "bandwidth": 381.4111633300781,
  "channels": 2,
  "covariance": [
    [
      53.574092864990234,
      35.76736831665039,
      17.457801818847656,
      10.394412994384766,
      8.233201026916504,
      11.810163497924805,
      10.777252197265625,
      14.630901336669922,
      6.121708869934082,
      5.7782111167907715,
      5.166316986083984,
      3.623307466506958,
      5.170445442199707,
      4.07895565032959,
      2.4859511852264404,
      3.0354397296905518,
      -2.822324752807617,
      -0.10625253617763519
    ],
    [
      35.76736831665039,
      45.927494049072266,
      14.676867485046387,
      10.71628475189209,
      10.305354118347168,
      15.392930030822754,
      16.74185562133789,
      18.969799041748047,
      13.484705924987793,
      10.126083374023438,
      8.063030242919922,
      8.595380783081055,
      7.511314868927002,
      5.811712741851807,
      3.764065980911255,
      5.914402961730957,
      -2.197122812271118,
      1.918149471282959
    ],
    [
      17.457801818847656,
      14.676867485046387,
      18.946142196655273,
      12.341853141784668,
      13.463650703430176,
      16.231658935546875,
      14.322171211242676,
      16.869539260864258,
      13.848355293273926,
      13.930988311767578,
      11.322312355041504,
      11.411717414855957,
      9.039924621582031,
      9.26371955871582,
      6.095999240875244,
      7.375881195068359,
      4.035313606262207,
      5.577354907989502
    ],
    [
      10.394412994384766,
      10.71628475189209,
      12.341853141784668,
      15.510552406311035,
      10.766194343566895,
      14.781962394714355,
      11.792229652404785,
      13.986650466918945,
      11.491585731506348,
      11.99275016784668,
      10.425150871276855,
      12.886693000793457,
      8.031896591186523,
      8.463611602783203,
      4.656546592712402,
      8.410516738891602,
      2.894739866256714,
      6.0621442794799805
    ],
    [
      8.233201026916504,
      10.305354118347168,
      13.463650703430176,
      10.766194343566895,
      22.777299880981445,
      24.21089744567871,
      23.12428092956543,
      22.318891525268555,
      22.51828956604004,
      19.919965744018555,
      18.200477600097656,
      15.77220344543457,
      13.868629455566406,
      12.3259916305542,
      8.472301483154297,
      9.200408935546875,
      5.717595100402832,
      6.680207252502441
    ],
    [
      11.810163497924805,
      15.392930030822754,
      16.231658935546875,
      14.781962394714355,
      24.21089744567871,
      43.36209487915039,
      36.93900680541992,
      47.82548904418945,
      28.870439529418945,
      31.65008544921875,
      19.3818302154541,
      20.120718002319336,
      15.250890731811523,
      16.989810943603516,
      9.86101245880127,
      12.128849983215332,
      7.085066318511963,
      8.804800987243652
    ],
    [
      10.777252197265625,
      16.74185562133789,
      14.322171211242676,
      11.792229652404785,
      23.12428092956543,
      36.93900680541992,
      50.283843994140625,
      51.444374084472656,
      36.406044006347656,
      34.764827728271484,
      24.409719467163086,
      22.24368667602539,
      18.28915023803711,
      18.958568572998047,
      11.605323791503906,
      13.565452575683594,
      8.26689624786377,
      9.621992111206055
    ],
    [
      14.630901336669922,
      18.969799041748047,
      16.869539260864258,
      13.986650466918945,
      22.318891525268555,
      47.82548904418945,
      51.444374084472656,
      73.08889770507812,
      35.24334716796875,
      41.41431427001953,
      19.88722038269043,
      22.991199493408203,
      16.125879287719727,
      20.43412208557129,
      12.140050888061523,
      14.990622520446777,
      9.414022445678711,
      11.077263832092285
    ],
    [
      6.121708869934082,
      13.484705924987793,
      13.848355293273926,
      11.491585731506348,
      22.51828956604004,
      28.870439529418945,
      36.406044006347656,
      35.24334716796875,
      45.18287658691406,
      36.177425384521484,
      30.896591186523438,
      25.9966983795166,
      24.105031967163086,
      23.17530632019043,
      15.253925323486328,
      17.134565353393555,
      11.997781753540039,
      13.219650268554688
    ],
    [
      5.7782111167907715,
      10.126083374023438,
      13.930988311767578,
      11.99275016784668,
      19.919965744018555,
      31.65008544921875,
      34.764827728271484,
      41.41431427001953,
      36.177425384521484,
      40.00619125366211,
      25.611068725585938,
      28.724925994873047,
      20.287988662719727,
      24.716123580932617,
      14.783141136169434,
      18.696277618408203,
      12.770548820495605,
      14.877601623535156
    ],
    [
      5.166316986083984,
      8.063030242919922,
      11.322312355041504,
      10.425150871276855,
      18.200477600097656,
      19.3818302154541,
      24.409719467163086,
      19.88722038269043,
      30.896591186523438,
      25.611068725585938,
      32.1512565612793,
      27.252092361450195,
      24.095806121826172,
      22.59375762939453,
      14.699911117553711,
      16.83251190185547,
      10.911376953125,
      12.339202880859375
    ],
    [
      3.623307466506958,
      8.595380783081055,
      11.411717414855957,
      12.886693000793457,
      15.77220344543457,
      20.120718002319336,
      22.24368667602539,
      22.991199493408203,
      25.9966983795166,
      28.724925994873047,
      27.252092361450195,
      73.52774047851562,
      20.903520584106445,
      27.843708038330078,
      15.712897300720215,
      61.42137908935547,
      13.389102935791016,
      48.22240447998047
    ],
    [
      5.170445442199707,
      7.511314868927002,
      9.039924621582031,
      8.031896591186523,
      13.868629455566406,
      15.250890731811523,
      18.28915023803711,
      16.125879287719727,
      24.105031967163086,
      20.287988662719727,
      24.095806121826172,
      20.903520584106445,
      23.53986358642578,
      22.037357330322266,
      17.465696334838867,
      18.456239700317383,
      14.999640464782715,
      15.120906829833984
    ],
    [
      4.07895565032959,
      5.811712741851807,
      9.26371955871582,
      8.463611602783203,
      12.3259916305542,
      16.989810943603516,
      18.958568572998047,
      20.43412208557129,
      23.17530632019043,
      24.716123580932617,
      22.59375762939453,
      27.843708038330078,
      22.037357330322266,
      30.337860107421875,
      19.971538543701172,
      26.107330322265625,
      20.473419189453125,
      22.38096046447754
    ],
    [
      2.4859511852264404,
      3.764065980911255,
      6.095999240875244,
      4.656546592712402,
      8.472301483154297,
      9.86101245880127,
      11.605323791503906,
      12.140050888061523,
      15.253925323486328,
      14.783141136169434,
      14.699911117553711,
      15.712897300720215,
      17.465696334838867,
      19.971538543701172,
      22.128944396972656,
      21.882509231567383,
      23.164569854736328,
      20.739294052124023
    ],
    [
      3.0354397296905518,
      5.914402961730957,
      7.375881195068359,
      8.410516738891602,
      9.200408935546875,
      12.128849983215332,
      13.565452575683594,
      14.990622520446777,
      17.134565353393555,
      18.696277618408203,
      16.83251190185547,
      61.42137908935547,
      18.456239700317383,
      26.107330322265625,
      21.882509231567383,
      65.97561645507812,
      25.837961196899414,
      56.19548797607422
    ],
    [
      -2.822324752807617,
      -2.197122812271118,
      4.035313606262207,
      2.894739866256714,
      5.717595100402832,
      7.085066318511963,
      8.26689624786377,
      9.414022445678711,
      11.997781753540039,
      12.770548820495605,
      10.911376953125,
      13.389102935791016,
      14.999640464782715,
      20.473419189453125,
      23.164569854736328,
      25.837961196899414,
      33.5046501159668,
      29.763059616088867
    ],
    [
      -0.10625253617763519,
      1.918149471282959,
      5.577354907989502,
      6.0621442794799805,
      6.680207252502441,
      8.804800987243652,
      9.621992111206055,
      11.077263832092285,
      13.219650268554688,
      14.877601623535156,
      12.339202880859375,
      48.22240447998047,
      15.120906829833984,
      22.38096046447754,
      20.739294052124023,
      56.19548797607422,
      29.763059616088867,
      52.13485336303711
    ]
  ],
  "covariance_short": [
    [
      111.1650161743164,
      54.611778259277344,
      59.972408294677734,
      38.96577835083008,
      29.803747177124023,
      28.6700382232666,
      23.5363826751709,
      23.928613662719727,
      26.89748191833496,
      28.454227447509766,
      25.19727897644043,
      27.835922241210938,
      22.750303268432617,
      30.97568130493164,
      25.066211700439453,
      29.798564910888672,
      30.250951766967773,
      26.2405948638916
    ],
    [
      54.611778259277344,
      90.40840911865234,
      32.68686294555664,
      30.168779373168945,
      18.790590286254883,
      60.00480270385742,
      18.564870834350586,
      20.7504825592041,
      20.932037353515625,
      58.25588607788086,
      18.745227813720703,
      50.32101821899414,
      17.4892635345459,
      55.442832946777344,
      17.67479133605957,
      46.516719818115234,
      48.67647933959961,
      35.077186584472656
    ],
    [
      59.972408294677734,
      32.68686294555664,
      67.6988296508789,
      38.8232421875,
      37.81068420410156,
      33.69122314453125,
      25.29566192626953,
      25.142980575561523,
      32.35126495361328,
      32.90447235107422,
      32.68191909790039,
      32.03860092163086,
      27.548725128173828,
      32.57487487792969,
      26.672222137451172,
      29.85537338256836,
      29.5357723236084,
      26.45865821838379
    ],
    [
      38.96577835083008,
      30.168779373168945,
      38.8232421875,
      41.65467834472656,
      25.93703269958496,
      32.98501968383789,
      18.40273666381836,
      18.76070213317871,
      24.36598014831543,
      29.87787628173828,
      25.885602951049805,
      28.922237396240234,
      21.276058197021484,
      28.61788558959961,
      20.99451446533203,
      24.892547607421875,
      24.788673400878906,
      20.80536460876465
    ],
    [
      29.803747177124023,
      18.790590286254883,
      37.81068420410156,
      25.93703269958496,
      51.808738708496094,
      38.953453063964844,
      37.313941955566406,
      32.73208236694336,
      40.2606086730957,
      35.86240005493164,
      37.61039352416992,
      31.913066864013672,
      29.993648529052734,
      29.674453735351562,
      24.77959632873535,
      24.95866584777832,
      23.560304641723633,
      20.513826370239258
    ],
    [
      28.6700382232666,
      60.00480270385742,
      33.69122314453125,
      32.98501968383789,
      38.953453063964844,
      100.86563110351562,
      44.947471618652344,
      55.7520637512207,
      43.17629623413086,
      91.23556518554688,
      35.36582565307617,
      73.64804077148438,
      29.592771530151367,
      75.0672378540039,
      28.24338722229004,
      61.211830139160156,
      61.67476272583008,
      45.74763488769531
    ],
    [
      23.5363826751709,
      18.564870834350586,
      25.29566192626953,
      18.40273666381836,
      37.313941955566406,
      44.947471618652344,
      70.9630355834961,
      65.307861328125,
      49.111202239990234,
      46.795631408691406,
      38.72282409667969,
      35.07493209838867,
      33.13727951049805,
      34.23726272583008,
      27.278213500976562,
      27.03786849975586,
      25.190038681030273,
      20.672645568847656
    ],
    [
      23.928613662719727,
      20.7504825592041,
      25.142980575561523,
      18.76070213317871,
      32.73208236694336,
      55.7520637512207,
      65.307861328125,
      93.3259506225586,
      45.71779251098633,
      53.66469955444336,
      30.729127883911133,
      34.65571212768555,
      27.62586212158203,
      33.5349006652832,
      24.912633895874023,
      26.764432907104492,
      24.640296936035156,
      20.739604949951172
    ],
    [
      26.89748191833496,
      20.932037353515625,
      32.35126495361328,
      24.36598014831543,
      40.2606086730957,
      43.17629623413086,
      49.111202239990234,
      45.71779251098633,
      75.63095092773438,
      60.223899841308594,
      58.501792907714844,
      48.28422927856445,
      50.8438606262207,
      48.13692092895508,
      43.62795639038086,
      41.12153625488281,
      39.03885269165039,
      32.89042282104492
    ],
    [
      28.454227447509766,
      58.25588607788086,
      32.90447235107422,
      29.87787628173828,
      35.86240005493164,
      91.23556518554688,
      46.795631408691406,
      53.66469955444336,
      60.223899841308594,
      109.73045349121094,
      51.762367248535156,
      88.75867462158203,
      47.101829528808594,
      91.7110366821289,
      47.61382293701172,
      78.1619873046875,
      78.25888061523438,
      60.57180404663086
    ],
    [
      25.19727897644043,
      18.745227813720703,
      32.68191909790039,
      25.885602951049805,
      37.61039352416992,
      35.36582565307617,
      38.72282409667969,
      30.729127883911133,
      58.501792907714844,
      51.762367248535156,
      75.33284759521484,
      59.94532012939453,
      64.68893432617188,
      61.53036117553711,
      56.089778900146484,
      53.48947525024414,
      50.640872955322266,
      41.8377799987793
    ],
    [
      27.835922241210938,
      50.32101821899414,
      32.03860092163086,
      28.922237396240234,
      31.913066864013672,
      73.64804077148438,
      35.07493209838867,
      34.65571212768555,
      48.28422927856445,
      88.75867462158203,
      59.94532012939453,
      94.3222427368164,
      55.23085021972656,
      97.76473236083984,
      56.617759704589844,
      85.38551330566406,
      82.92799377441406,
      66.9067153930664
    ],
    [
      22.750303268432617,
      17.4892635345459,
      27.548725128173828,
      21.276058197021484,
      29.993648529052734,
      29.592771530151367,
      33.13727951049805,
      27.62586212158203,
      50.8438606262207,
      47.101829528808594,
      64.68893432617188,
      55.23085021972656,
      78.9600830078125,
      67.39244842529297,
      71.69422912597656,
      63.733821868896484,
      65.7586898803711,
      52.01049041748047
    ],
    [
      30.97568130493164,
      55.442832946777344,
      32.57487487792969,
      28.61788558959961,
      29.674453735351562,
      75.0672378540039,
      34.23726272583008,
      33.5349006652832,
      48.13692092895508,
      91.7110366821289,
      61.53036117553711,
      97.76473236083984,
      67.39244842529297,
      114.79971313476562,
      74.55349731445312,
      104.28360748291016,
      105.3435287475586,
      83.8263168334961
    ],
    [
      25.066211700439453,
      17.67479133605957,
      26.672222137451172,
      20.99451446533203,
      24.77959632873535,
      28.24338722229004,
      27.278213500976562,
      24.912633895874023,
      43.62795639038086,
      47.61382293701172,
      56.089778900146484,
      56.617759704589844,
      71.69422912597656,
      74.55349731445312,
      97.83403015136719,
      83.26932525634766,
      94.03787231445312,
      73.50921630859375
    ],
    [
      29.798564910888672,
      46.516719818115234,
      29.85537338256836,
      24.892547607421875,
      24.95866584777832,
      61.211830139160156,
      27.03786849975586,
      26.764432907104492,
      41.12153625488281,
      78.1619873046875,
      53.48947525024414,
      85.38551330566406,
      63.733821868896484,
      104.28360748291016,
      83.26932525634766,
      106.2642822265625,
      111.83678436279297,
      89.74285888671875
    ],
    [
      30.250951766967773,
      48.67647933959961,
      29.5357723236084,
      24.788673400878906,
      23.560304641723633,
      61.67476272583008,
      25.190038681030273,
      24.640296936035156,
      39.03885269165039,
      78.25888061523438,
      50.640872955322266,
      82.92799377441406,
      65.7586898803711,
      105.3435287475586,
      94.03787231445312,
      111.83678436279297,
      131.95091247558594,
      101.87295532226562
    ],
    [
      26.2405948638916,
      35.077186584472656,
      26.45865821838379,
      20.80536460876465,
      20.513826370239258,
      45.74763488769531,
      20.672645568847656,
      20.739604949951172,
      32.89042282104492,
      60.57180404663086,
      41.8377799987793,
      66.9067153930664,
      52.01049041748047,
      83.8263168334961,
      73.50921630859375,
      89.74285888671875,
      101.87295532226562,
      84.2286148071289
    ]
  ],
  "damage": -17.725257873535156,
  "diff_bandwidth": 366.5135498046875,
  "dissonance": 8.924992812552167,
  "drr": 14.702649116516113,
  "dynamics": 3.6869633197784424,
  "format": 1245190,
  "frames": 11485287,
  "freq_pan_to_db": [
    [
      -27.80861473083496,
      -28.601465225219727,
      -26.31057357788086,
      -24.729022979736328,
      -20.762405395507812,
      -18.040836334228516,
      -19.13900375366211,
      -23.3759822845459,
      -25.454866409301758,
      -27.16795539855957,
      -28.342010498046875
    ],
    [
      -27.461027145385742,
      -28.197280883789062,
      -26.57417106628418,
      -23.0609073638916,
      -18.81705093383789,
      -20.706260681152344,
      -17.25899314880371,
      -24.068029403686523,
      -26.12821388244629,
      -28.319738388061523,
      -29.973072052001953
    ],
    [
      -34.81612777709961,
      -30.68855094909668,
      -26.34782600402832,
      -21.334190368652344,
      -19.8487606048584,
      -21.661819458007812,
      -22.042104721069336,
      -24.519723892211914,
      -27.882478713989258,
      -30.307743072509766,
      -34.98711395263672
    ],
    [
      -44.112579345703125,
      -34.619842529296875,
      -29.198734283447266,
      -23.5369930267334,
      -23.047176361083984,
      -23.877290725708008,
      -25.229066848754883,
      -30.79433822631836,
      -37.61783981323242,
      -41.83673095703125,
      -44.9976692199707
    ],
    [
      -47.6695671081543,
      -41.674171447753906,
      -36.784141540527344,
      -30.1660099029541,
      -22.850666046142578,
      -23.896102905273438,
      -26.655166625976562,
      -33.91114044189453,
      -38.62895202636719,
      -44.261085510253906,
      -44.756404876708984
    ],
    [
      -48.83476257324219,
      -44.37807846069336,
      -38.11588668823242,
      -31.55788803100586,
      -25.8360538482666,
      -25.261024475097656,
      -28.223844528198242,
      -34.00942611694336,
      -40.120182037353516,
      -44.10556411743164,
      -49.428321838378906
    ],
    [
      -44.582191467285156,
      -40.59429931640625,
      -36.2668571472168,
      -31.047531127929688,
      -27.72525405883789,
      -27.405488967895508,
      -29.58257484436035,
      -33.1246337890625,
      -37.02275466918945,
      -39.27750778198242,
      -43.278934478759766
    ],
    [
      -39.80525207519531,
      -40.64362335205078,
      -36.39039993286133,
      -32.94137191772461,
      -30.100223541259766,
      -30.600929260253906,
      -33.07126235961914,
      -35.11993408203125,
      -37.10029602050781,
      -39.23644256591797,
      -41.92715072631836
    ],
    [
      -37.48429489135742,
      -38.73637008666992,
      -37.519561767578125,
      -36.27122116088867,
      -34.54374313354492,
      -32.85137939453125,
      -32.37958526611328,
      -35.973236083984375,
      -37.140594482421875,
      -39.83733367919922,
      -39.937095642089844
    ],
    [
      -38.60757827758789,
      -37.746341705322266,
      -37.63701248168945,
      -37.043148040771484,
      -36.19356155395508,
      -32.93645477294922,
      -30.482568740844727,
      -35.031532287597656,
      -36.398807525634766,
      -37.23862075805664,
      -38.41215133666992
    ],
    [
      -37.95397186279297,
      -38.92060852050781,
      -37.585479736328125,
      -36.680091857910156,
      -35.99159622192383,
      -32.87572479248047,
      -33.841575622558594,
      -37.244319915771484,
      -38.501853942871094,
      -38.37034225463867,
      -42.457679748535156
    ],
    [
      -34.462127685546875,
      -34.95802307128906,
      -35.2960090637207,
      -35.69718933105469,
      -35.20890808105469,
      -33.672393798828125,
      -33.59783172607422,
      -35.297767639160156,
      -36.02107238769531,
      -36.324241638183594,
      -37.734901428222656
    ],
    [
      -35.428524017333984,
      -35.95302200317383,
      -37.24912643432617,
      -37.6490592956543,
      -36.6193962097168,
      -35.48325729370117,
      -36.013206481933594,
      -36.79839324951172,
      -36.80488967895508,
      -36.669334411621094,
      -36.56243133544922
    ],
    [
      -33.28701400756836,
      -34.65623092651367,
      -35.81171417236328,
      -35.99195861816406,
      -37.40894317626953,
      -35.96168899536133,
      -36.13203430175781,
      -36.189964294433594,
      -35.72024154663086,
      -35.337581634521484,
      -35.34260177612305
    ],
    [
      -33.93321228027344,
      -35.033809661865234,
      -32.8187255859375,
      -34.28993606567383,
      -36.330020904541016,
      -33.531429290771484,
      -34.92866516113281,
      -33.90985107421875,
      -33.91079330444336,
      -34.70780944824219,
      -33.094322204589844
    ],
    [
      -35.574581146240234,
      -34.322242736816406,
      -28.74835205078125,
      -34.00371551513672,
      -35.87876892089844,
      -33.4907341003418,
      -34.68559646606445,
      -31.563457489013672,
      -31.188770294189453,
      -33.499755859375,
      -30.710813522338867
    ],
    [
      -34.245941162109375,
      -32.53506088256836,
      -32.2750358581543,
      -32.35800552368164,
      -35.2001838684082,
      -34.53889846801758,
      -34.05088806152344,
      -32.99722671508789,
      -34.27650451660156,
      -33.601219177246094,
      -34.09830856323242
    ],
    [
      -35.36567687988281,
      -35.75719451904297,
      -36.94791030883789,
      -38.598506927490234,
      -38.47278594970703,
      -36.164920806884766,
      -37.229759216308594,
      -38.11957931518555,
      -37.79183578491211,
      -36.99571990966797,
      -37.499725341796875
    ],
    [
      -37.262474060058594,
      -38.723575592041016,
      -37.654815673828125,
      -38.130985260009766,
      -38.39169692993164,
      -37.438446044921875,
      -37.89585876464844,
      -39.45317840576172,
      -37.98381805419922,
      -38.18070983886719,
      -39.850059509277344
    ],
    [
      -42.640830993652344,
      -42.15131378173828,
      -41.53469467163086,
      -41.75550079345703,
      -41.36246871948242,
      -39.40628433227539,
      -41.09102249145508,
      -41.24385070800781,
      -40.90327072143555,
      -41.95338439941406,
      -40.00639343261719
    ],
    [
      -40.95863723754883,
      -42.361968994140625,
      -43.20444869995117,
      -42.68692398071289,
      -41.86369705200195,
      -40.27981948852539,
      -42.00632095336914,
      -41.65192413330078,
      -43.265342712402344,
      -43.75373840332031,
      -40.78685760498047
    ],
    [
      -42.85914993286133,
      -44.44529342651367,
      -44.26405334472656,
      -41.66852569580078,
      -42.475303649902344,
      -41.251564025878906,
      -43.03973388671875,
      -43.548152923583984,
      -44.33836364746094,
      -43.897605895996094,
      -44.06268310546875
    ],
    [
      -47.0673828125,
      -46.04036331176758,
      -45.70486831665039,
      -46.18514633178711,
      -43.668418884277344,
      -42.15822982788086,
      -44.445247650146484,
      -45.6998405456543,
      -44.775943756103516,
      -45.67978286743164,
      -45.18199157714844
    ],
    [
      -44.10230255126953,
      -44.612388610839844,
      -45.81873321533203,
      -45.81298828125,
      -44.93621826171875,
      -43.105430603027344,
      -45.665523529052734,
      -45.346378326416016,
      -45.617431640625,
      -44.38087844848633,
      -44.89326858520508
    ],
    [
      -48.61125183105469,
      -49.23921585083008,
      -46.68503952026367,
      -46.220420837402344,
      -45.94136428833008,
      -45.2955436706543,
      -45.8011589050293,
      -46.23409652709961,
      -46.3646240234375,
      -45.337223052978516,
      -45.24372863769531
    ],
    [
      -114.73199462890625,
      -48.81517028808594,
      -46.89629364013672,
      -46.126251220703125,
      -44.90019607543945,
      -43.13314437866211,
      -45.20442199707031,
      -46.10866165161133,
      -46.67817306518555,
      -45.41841506958008,
      -43.37623596191406
    ],
    [
      -55.65275192260742,
      -45.30099105834961,
      -44.945594787597656,
      -45.510902404785156,
      -44.514625549316406,
      -40.724342346191406,
      -44.37186813354492,
      -45.35987091064453,
      -44.97351837158203,
      -45.06761932373047,
      -42.99205780029297
    ],
    [
      -48.755008697509766,
      -46.00935363769531,
      -45.26548767089844,
      -45.46720886230469,
      -45.137271881103516,
      -43.19841766357422,
      -44.026126861572266,
      -44.748497009277344,
      -45.606048583984375,
      -45.92766571044922,
      -53.05020523071289
    ],
    [
      -44.66767120361328,
      -48.03560256958008,
      -45.27134323120117,
      -44.714866638183594,
      -43.97261047363281,
      -41.80760192871094,
      -42.87923049926758,
      -44.59275436401367,
      -44.3791618347168,
      -44.22023391723633,
      -46.18836212158203
    ],
    [
      -44.825008392333984,
      -48.760196685791016,
      -45.64554977416992,
      -44.47870635986328,
      -43.80527114868164,
      -41.87791061401367,
      -42.38313674926758,
      -44.0102653503418,
      -43.67505645751953,
      -43.55908966064453,
      -42.62480926513672
    ],
    [
      -55.50757598876953,
      -48.69520950317383,
      -48.107112884521484,
      -47.0090446472168,
      -45.63962173461914,
      -43.269012451171875,
      -44.133140563964844,
      -45.08955383300781,
      -45.09325408935547,
      -44.22575759887695,
      -44.9876594543457
    ],
    [
      -37.94603729248047,
      -53.26073455810547,
      -51.82180404663086,
      -51.22555160522461,
      -47.32540512084961,
      -44.20012283325195,
      -43.964298248291016,
      -44.680240631103516,
      -44.640804290771484,
      -43.9323616027832,
      -48.79541015625
    ],
    [
      -70.51895141601562,
      -60.56431198120117,
      -51.990509033203125,
      -51.478397369384766,
      -47.97296905517578,
      -44.723915100097656,
      -44.42094802856445,
      -45.469215393066406,
      -45.24203872680664,
      -46.62881851196289,
      -48.572914123535156
    ],
    [
      -57.24010467529297,
      -50.62374496459961,
      -49.43870162963867,
      -49.4779167175293,
      -47.17627716064453,
      -45.0633430480957,
      -45.58348846435547,
      -46.3299674987793,
      -47.05936050415039,
      -52.75820541381836,
      -52.244991302490234
    ],
    [
      -62.06205749511719,
      -52.50059127807617,
      -48.73385238647461,
      -45.422630310058594,
      -44.78037643432617,
      -44.6322135925293,
      -45.77375793457031,
      -47.41850662231445,
      -50.0401496887207,
      -47.43107986450195,
      -54.07232666015625
    ],
    [
      -58.44447708129883,
      -57.8978385925293,
      -47.28715896606445,
      -47.92964172363281,
      -47.06000518798828,
      -46.029476165771484,
      -46.47169876098633,
      -48.89303970336914,
      -48.20549774169922,
      -53.7166633605957,
      -56.59040832519531
    ],
    [
      -65.4930419921875,
      -65.05241394042969,
      -45.177520751953125,
      -47.566490173339844,
      -47.935691833496094,
      -47.10844039916992,
      -46.272586822509766,
      -47.867366790771484,
      -51.918148040771484,
      -57.70399475097656,
      -50.59012985229492
    ],
    [
      -68.02059936523438,
      -66.75323486328125,
      -55.91020202636719,
      -50.14268112182617,
      -48.67380142211914,
      -48.111968994140625,
      -47.68864059448242,
      -49.620052337646484,
      -53.649085998535156,
      -54.67631530761719,
      -55.30438232421875
    ],
    [
      -56.802223205566406,
      -66.15814971923828,
      -67.12432098388672,
      -50.62071228027344,
      -48.415489196777344,
      -48.38531494140625,
      -48.65025329589844,
      -52.1712646484375,
      -55.172698974609375,
      -54.27511978149414,
      -59.49764633178711
    ],
    [
      -71.41443634033203,
      -74.20147705078125,
      -54.5473518371582,
      -48.87021255493164,
      -48.112327575683594,
      -49.4628791809082,
      -52.01121520996094,
      -56.43408203125,
      -60.46334457397461,
      -65.60537719726562,
      -68.97334289550781
    ],
    [
      -370,
      -66.86698150634766,
      -63.254119873046875,
      -53.050968170166016,
      -49.21348571777344,
      -50.89872360229492,
      -59.29719161987305,
      -71.45393371582031,
      -67.82343292236328,
      -67.42408752441406,
      -370
    ],
    [
      -81.69963836669922,
      -87.76764678955078,
      -72.86483764648438,
      -77.34383392333984,
      -59.782501220703125,
      -52.011634826660156,
      -65.22476196289062,
      -83.74596405029297,
      -75.35918426513672,
      -74.27867889404297,
      -370
    ]
  ],
  "histogram": [
    {
      "db": -70,
      "frequency": 1
    },
    {
      "db": -69,
      "frequency": 0
    },
    {
      "db": -68,
      "frequency": 1
    },
    {
      "db": -67,
      "frequency": 1
    },
    {
      "db": -66,
      "frequency": 1
    },
    {
      "db": -65,
      "frequency": 2
    },
    {
      "db": -64,
      "frequency": 1
    },
    {
      "db": -63,
      "frequency": 1
    },
    {
      "db": -62,
      "frequency": 1
    },
    {
      "db": -61,
      "frequency": 1
    },
    {
      "db": -60,
      "frequency": 0
    },
    {
      "db": -59,
      "frequency": 1
    },
    {
      "db": -58,
      "frequency": 1
    },
    {
      "db": -57,
      "frequency": 0
    },
    {
      "db": -56,
      "frequency": 1
    },
    {
      "db": -55,
      "frequency": 1
    },
    {
      "db": -54,
      "frequency": 1
    },
    {
      "db": -53,
      "frequency": 1
    },
    {
      "db": -52,
      "frequency": 0
    },
    {
      "db": -51,
      "frequency": 1
    },
    {
      "db": -50,
      "frequency": 0
    },
    {
      "db": -49,
      "frequency": 0
    },
    {
      "db": -48,
      "frequency": 0
    },
    {
      "db": -47,
      "frequency": 0
    },
    {
      "db": -46,
      "frequency": 1
    },
    {
      "db": -45,
      "frequency": 0
    },
    {
      "db": -44,
      "frequency": 2
    },
    {
      "db": -43,
      "frequency": 0
    },
    {
      "db": -42,
      "frequency": 1
    },
    {
      "db": -41,
      "frequency": 0
    },
    {
      "db": -40,
      "frequency": 3
    },
    {
      "db": -39,
      "frequency": 5
    },
    {
      "db": -38,
      "frequency": 2
    },
    {
      "db": -37,
      "frequency": 10
    },
    {
      "db": -36,
      "frequency": 19
    },
    {
      "db": -35,
      "frequency": 20
    },
    {
      "db": -34,
      "frequency": 26
    },
    {
      "db": -33,
      "frequency": 29
    },
    {
      "db": -32,
      "frequency": 31
    },
    {
      "db": -31,
      "frequency": 36
    },
    {
      "db": -30,
      "frequency": 32
    },
    {
      "db": -29,
      "frequency": 63
    },
    {
      "db": -28,
      "frequency": 88
    },
    {
      "db": -27,
      "frequency": 109
    },
    {
      "db": -26,
      "frequency": 238
    },
    {
      "db": -25,
      "frequency": 326
    },
    {
      "db": -24,
      "frequency": 339
    },
    {
      "db": -23,
      "frequency": 408
    },
    {
      "db": -22,
      "frequency": 349
    },
    {
      "db": -21,
      "frequency": 161
    },
    {
      "db": -20,
      "frequency": 40
    },
    {
      "db": -19,
      "frequency": 7
    },
    {
      "db": -18,
      "frequency": 0
    },
    {
      "db": -17,
      "frequency": 0
    },
    {
      "db": -16,
      "frequency": 0
    },
    {
      "db": -15,
      "frequency": 0
    },
    {
      "db": -14,
      "frequency": 0
    },
    {
      "db": -13,
      "frequency": 0
    },
    {
      "db": -12,
      "frequency": 0
    },
    {
      "db": -11,
      "frequency": 0
    },
    {
      "db": -10,
      "frequency": 0
    },
    {
      "db": -9,
      "frequency": 0
    },
    {
      "db": -8,
      "frequency": 0
    },
    {
      "db": -7,
      "frequency": 0
    },
    {
      "db": -6,
      "frequency": 0
    },
    {
      "db": -5,
      "frequency": 0
    },
    {
      "db": -4,
      "frequency": 0
    },
    {
      "db": -3,
      "frequency": 0
    },
    {
      "db": -2,
      "frequency": 0
    },
    {
      "db": -1,
      "frequency": 0
    },
    {
      "db": 0,
      "frequency": 0
    },
    {
      "db": 1,
      "frequency": 0
    },
    {
      "db": 2,
      "frequency": 0
    },
    {
      "db": 3,
      "frequency": 0
    },
    {
      "db": 4,
      "frequency": 0
    },
    {
      "db": 5,
      "frequency": 0
    },
    {
      "db": 6,
      "frequency": 0
    },
    {
      "db": 7,
