{
  "acoustic_entropy": 179.52732849121094,
  "bands": [
    {
      "high_freq": 148.1999969482422,
      "loudness": -33.40848159790039,
      "loudness_range": 17.50308609008789,
      "mid_mean": -30.209089279174805,
      "mid_to_side_loudness": -14.0943021774292,
      "mid_to_side_loudness_range": 19.0235595703125,
      "side_mean": -46.87538528442383
    },
    {
      "high_freq": 392.3793640136719,
      "loudness": -33.16971969604492,
      "loudness_range": 9.897802352905273,
      "low_freq": 148.1999969482422,
      "mid_mean": -29.64446258544922,
      "mid_to_side_loudness": -14.149019241333008,
      "mid_to_side_loudness_range": 18.8597412109375,
      "side_mean": -45.412662506103516
    },
    {
      "high_freq": 794.6976318359375,
      "loudness": -39.765987396240234,
      "loudness_range": 11.887386322021484,
      "low_freq": 392.3793640136719,
      "mid_mean": -37.111637115478516,
      "mid_to_side_loudness": -7.049781799316406,
      "mid_to_side_loudness_range": 13.218917846679688,
      "side_mean": -44.77882385253906
    },
    {
      "high_freq": 1457.5709228515625,
      "loudness": -39.92610549926758,
      "loudness_range": 19.493385314941406,
      "low_freq": 794.6976318359375,
      "mid_mean": -38.43375015258789,
      "mid_to_side_loudness": -3.7486557960510254,
      "mid_to_side_loudness_range": 11.402905464172363,
      "side_mean": -42.33418655395508
    },
    {
      "high_freq": 2549.74365234375,
      "loudness": -42.740413665771484,
      "loudness_range": 18.03677749633789,
      "low_freq": 1457.5709228515625,
      "mid_mean": -40.691009521484375,
      "mid_to_side_loudness": -4.169800758361816,
      "mid_to_side_loudness_range": 9.715279579162598,
      "side_mean": -45.21946716308594
    },
    {
      "high_freq": 4349.24462890625,
      "loudness": -43.103553771972656,
      "loudness_range": 15.143585205078125,
      "low_freq": 2549.74365234375,
      "mid_mean": -40.375022888183594,
      "mid_to_side_loudness": -6.622540473937988,
      "mid_to_side_loudness_range": 11.735380172729492,
      "side_mean": -47.57012176513672
    },
    {
      "high_freq": 7314.1640625,
      "loudness": -41.17948913574219,
      "loudness_range": 12.747428894042969,
      "low_freq": 4349.24462890625,
      "mid_mean": -38.38492202758789,
      "mid_to_side_loudness": -6.770268440246582,
      "mid_to_side_loudness_range": 11.661444664001465,
      "side_mean": -45.68750762939453
    },
    {
      "high_freq": 12199.2666015625,
      "loudness": -43.32920837402344,
      "loudness_range": 12.204414367675781,
      "low_freq": 7314.1640625,
      "mid_mean": -40.39842224121094,
      "mid_to_side_loudness": -7.229936599731445,
      "mid_to_side_loudness_range": 10.658367156982422,
      "side_mean": -50.44493103027344
    },
    {
      "loudness": -48.15717697143555,
      "loudness_range": 15.085277557373047,
      "low_freq": 12199.2666015625,
      "mid_mean": -45.21415328979492,
      "mid_to_side_loudness": -6.918028831481934,
      "mid_to_side_loudness_range": 8.563920021057129,
      "side_mean": -54.35435104370117
    }
  ],
  "bands_short": [
    {
      "high_freq": 148.1999969482422,
      "loudness": -39.0018310546875,
      "loudness_range": 28.204517364501953,
      "mid_mean": -36.45221710205078,
      "mid_to_side_loudness": -11.429801940917969,
      "mid_to_side_loudness_range": 23.646963119506836,
      "side_mean": -52.34599685668945
    },
    {
      "high_freq": 392.3793640136719,
      "loudness": -34.16392135620117,
      "loudness_range": 20.093576431274414,
      "low_freq": 148.1999969482422,
      "mid_mean": -31.0549259185791,
      "mid_to_side_loudness": -13.189153671264648,
      "mid_to_side_loudness_range": 20.487154006958008,
      "side_mean": -46.377708435058594
    },
    {
      "high_freq": 794.6976318359375,
      "loudness": -41.219627380371094,
      "loudness_range": 17.422203063964844,
      "low_freq": 392.3793640136719,
      "mid_mean": -39.04523849487305,
      "mid_to_side_loudness": -6.973104000091553,
      "mid_to_side_loudness_range": 15.226553916931152,
      "side_mean": -46.975399017333984
    },
    {
      "high_freq": 1457.5709228515625,
      "loudness": -40.57191467285156,
      "loudness_range": 22.441450119018555,
      "low_freq": 794.6976318359375,
      "mid_mean": -39.708927154541016,
      "mid_to_side_loudness": -3.395733118057251,
      "mid_to_side_loudness_range": 14.350759506225586,
      "side_mean": -43.28297805786133
    },
    {
      "high_freq": 2549.74365234375,
      "loudness": -44.319766998291016,
      "loudness_range": 22.055164337158203,
      "low_freq": 1457.5709228515625,
      "mid_mean": -43.06467056274414,
      "mid_to_side_loudness": -4.025918483734131,
      "mid_to_side_loudness_range": 12.627927780151367,
      "side_mean": -50.18492126464844
    },
    {
      "high_freq": 4349.24462890625,
      "loudness": -45.65607833862305,
      "loudness_range": 23.583999633789062,
      "low_freq": 2549.74365234375,
      "mid_mean": -43.39974594116211,
      "mid_to_side_loudness": -6.470946311950684,
      "mid_to_side_loudness_range": 13.233016967773438,
      "side_mean": -52.56096649169922
    },
    {
      "high_freq": 7314.1640625,
      "loudness": -43.54608917236328,
      "loudness_range": 22.7664794921875,
      "low_freq": 4349.24462890625,
      "mid_mean": -41.55065155029297,
      "mid_to_side_loudness": -6.690234184265137,
      "mid_to_side_loudness_range": 13.971806526184082,
      "side_mean": -51.389225006103516
    },
    {
      "high_freq": 12199.2666015625,
      "loudness": -46.541873931884766,
      "loudness_range": 24.842540740966797,
      "low_freq": 7314.1640625,
      "mid_mean": -44.951332092285156,
      "mid_to_side_loudness": -7.243587970733643,
      "mid_to_side_loudness_range": 12.73267650604248,
      "side_mean": -54.65530014038086
    },
    {
      "loudness": -52.23060989379883,
      "loudness_range": 28.578128814697266,
      "low_freq": 12199.2666015625,
      "mid_mean": -53.586238861083984,
      "mid_to_side_loudness": -7.040136814117432,
      "mid_to_side_loudness_range": 11.335870742797852,
      "side_mean": -58.89193344116211
    }
  ],
  "bandwidth": 438.701416015625,
  "channels": 2,
  "covariance": [
    [
      50.649505615234375,
      32.486541748046875,
      16.049962997436523,
      10.163649559020996,
      8.492091178894043,
      12.372069358825684,
      11.604830741882324,
      14.678252220153809,
      7.241963863372803,
      6.748827934265137,
      5.2750959396362305,
      4.112229824066162,
      5.018611431121826,
      4.216402530670166,
      2.03049898147583,
      3.0808334350585938,
      -3.797084331512451,
      -0.6068132519721985
    ],
    [
      32.486541748046875,
      41.3741569519043,
      13.148354530334473,
      9.752779006958008,
      10.208882331848145,
      15.640129089355469,
      16.786930084228516,
      18.50562286376953,
      13.51055908203125,
      10.818219184875488,
      8.009248733520508,
      6.522163391113281,
      7.43174409866333,
      5.939020156860352,
      3.6770129203796387,
      5.859804630279541,
      -2.155632972717285,
      1.8325815200805664
    ],
    [
      16.049962997436523,
      13.148354530334473,
      18.171607971191406,
      12.069568634033203,
      12.450835227966309,
      15.319709777832031,
      13.394292831420898,
      15.808133125305176,
      13.032057762145996,
      13.553060531616211,
      10.89126205444336,
      10.933799743652344,
      8.601825714111328,
      8.834162712097168,
      5.618337631225586,
      6.891139984130859,
      3.5446274280548096,
      5.080166339874268
    ],
    [
      10.163649559020996,
      9.752779006958008,
      12.069568634033203,
      15.032018661499023,
      10.225750923156738,
      14.355925559997559,
      11.317425727844238,
      13.353277206420898,
      10.956573486328125,
      11.505813598632812,
      9.905083656311035,
      10.972129821777344,
      7.539297580718994,
      7.987190246582031,
      4.158067226409912,
      7.7615156173706055,
      2.397179126739502,
      5.476471424102783
    ],
    [
      8.492091178894043,
      10.208882331848145,
      12.450835227966309,
      10.225750923156738,
      21.875988006591797,
      23.563688278198242,
      22.621774673461914,
      21.590232849121094,
      21.706867218017578,
      19.095998764038086,
      17.402217864990234,
      14.872764587402344,
      13.196165084838867,
      11.627645492553711,
      7.880171775817871,
      8.554359436035156,
      5.141539573669434,
      6.077531814575195
    ],
    [
      12.372069358825684,
      15.640129089355469,
      15.319709777832031,
      14.355925559997559,
      23.563688278198242,
      43.15520095825195,
      36.82632827758789,
      47.485679626464844,
      28.34198570251465,
      31.20856285095215,
      18.793785095214844,
      19.498275756835938,
      14.737305641174316,
      16.468564987182617,
      9.351076126098633,
      11.590681076049805,
      6.536510467529297,
      8.300382614135742
    ],
    [
      11.604830741882324,
      16.786930084228516,
      13.394292831420898,
      11.317425727844238,
      22.621774673461914,
      36.82632827758789,
      50.205352783203125,
      51.1562614440918,
      35.738929748535156,
      34.425350189208984,
      24.01304817199707,
      21.821884155273438,
      17.845287322998047,
      18.706626892089844,
      11.171259880065918,
      13.286130905151367,
      7.811421871185303,
      9.356664657592773
    ],
    [
      14.678252220153809,
      18.50562286376953,
      15.808133125305176,
      13.353277206420898,
      21.590232849121094,
      47.485679626464844,
      51.1562614440918,
      72.85519409179688,
      34.570980072021484,
      40.98606491088867,
      19.13105583190918,
      22.27949333190918,
      15.47238826751709,
      19.82158851623535,
      11.507484436035156,
      14.376872062683105,
      8.744638442993164,
      10.507837295532227
    ],
    [
      7.241963863372803,
      13.51055908203125,
      13.032057762145996,
      10.956573486328125,
      21.706867218017578,
      28.34198570251465,
      35.738929748535156,
      34.570980072021484,
      44.47095489501953,
      35.52175521850586,
      30.189647674560547,
      25.2452449798584,
      23.477615356445312,
      22.581619262695312,
      14.68642520904541,
      16.56403160095215,
      11.434747695922852,
      12.7177095413208
    ],
    [
      6.748827934265137,
      10.818219184875488,
      13.553060531616211,
      11.505813598632812,
      19.095998764038086,
      31.20856285095215,
      34.425350189208984,
      40.98606491088867,
      35.52175521850586,
      39.43792724609375,
      24.920291900634766,
      27.982088088989258,
      19.724782943725586,
      24.209880828857422,
      14.300874710083008,
      18.234434127807617,
      12.31795597076416,
      14.495429039001465
    ],
    [
      5.2750959396362305,
      8.009248733520508,
      10.89126205444336,
      9.905083656311035,
      17.402217864990234,
      18.793785095214844,
      24.01304817199707,
      19.13105583190918,
      30.189647674560547,
      24.920291900634766,
      31.543224334716797,
      26.622760772705078,
      23.556915283203125,
      22.07033348083496,
      14.211456298828125,
      16.313940048217773,
      10.452868461608887,
      11.893415451049805
    ],
    [
      4.112229824066162,
      6.522163391113281,
      10.933799743652344,
      10.972129821777344,
      14.872764587402344,
      19.498275756835938,
      21.821884155273438,
      22.27949333190918,
      25.2452449798584,
      27.982088088989258,
      26.622760772705078,
      34.07604217529297,
      20.3609561920166,
      27.42703628540039,
      15.252243041992188,
      22.37676429748535,
      13.010034561157227,
      17.08662223815918
    ],
    [
      5.018611431121826,
      7.43174409866333,
      8.601825714111328,
      7.539297580718994,
      13.196165084838867,
      14.737305641174316,
      17.845287322998047,
      15.47238826751709,
      23.477615356445312,
      19.724782943725586,
      23.556915283203125,
      20.3609561920166,
      23.053955078125,
      21.577327728271484,
      17.0111083984375,
      17.994354248046875,
      14.524746894836426,
      14.704248428344727
    ],
    [
      4.216402530670166,
      5.939020156860352,
      8.834162712097168,
      7.987190246582031,
      11.627645492553711,
      16.468564987182617,
      18.706626892089844,
      19.82158851623535,
      22.581619262695312,
      24.209880828857422,
      22.07033348083496,
      27.42703628540039,
      21.577327728271484,
      30.09579086303711,
      19.548233032226562,
      25.856599807739258,
      20.13355827331543,
      22.227025985717773
    ],
    [
      2.03049898147583,
      3.6770129203796387,
      5.618337631225586,
      4.158067226409912,
      7.880171775817871,
      9.351076126098633,
      11.171259880065918,
      11.507484436035156,
      14.68642520904541,
      14.300874710083008,
      14.211456298828125,
      15.252243041992188,
      17.0111083984375,
      19.548233032226562,
      21.6898136138916,
      21.44049835205078,
      22.657304763793945,
      20.343584060668945
    ],
    [
      3.0808334350585938,
      5.859804630279541,
      6.891139984130859,
      7.7615156173706055,
      8.554359436035156,
      11.590681076049805,
      13.286130905151367,
      14.376872062683105,
      16.56403160095215,
      18.234434127807617,
      16.313940048217773,
      22.37676429748535,
      17.994354248046875,
      25.856599807739258,
      21.44049835205078,
      68.06114196777344,
      25.415006637573242,
      58.038330078125
    ],
    [
      -3.797084331512451,
      -2.155632972717285,
      3.5446274280548096,
      2.397179126739502,
      5.141539573669434,
      6.536510467529297,
      7.811421871185303,
      8.744638442993164,
      11.434747695922852,
      12.31795597076416,
      10.452868461608887,
      13.010034561157227,
      14.524746894836426,
      20.13355827331543,
      22.657304763793945,
      25.415006637573242,
      33.05595016479492,
      29.492494583129883
    ],
    [
      -0.6068132519721985,
      1.8325815200805664,
      5.080166339874268,
      5.476471424102783,
      6.077531814575195,
      8.300382614135742,
      9.356664657592773,
      10.507837295532227,
      12.7177095413208,
      14.495429039001465,
      11.893415451049805,
      17.08662223815918,
      14.704248428344727,
      22.227025985717773,
      20.343584060668945,
      58.038330078125,
      29.492494583129883,
      53.84471893310547
    ]
  ],
  "covariance_short": [
    [
      104.57511901855469,
      48.49519348144531,
      55.02326583862305,
      34.30785369873047,
      27.403135299682617,
      24.06929588317871,
      21.56595802307129,
      22.043682098388672,
      24.635637283325195,
      26.70949363708496,
      22.551483154296875,
      25.679161071777344,
      20.362661361694336,
      28.980798721313477,
      21.731632232666016,
      27.715938568115234,
      27.84380531311035,
      24.349533081054688
    ],
    [
      48.49519348144531,
      86.2862319946289,
      28.74626922607422,
      26.434980392456055,
      16.927406311035156,
      20.53291130065918,
      17.03511619567871,
      19.260421752929688,
      19.04237174987793,
      58.32373046875,
      16.608274459838867,
      50.04642105102539,
      15.5887451171875,
      55.12120819091797,
      14.896961212158203,
      45.91377258300781,
      47.752201080322266,
      34.307884216308594
    ],
    [
      55.02326583862305,
      28.74626922607422,
      64.48705291748047,
      36.043426513671875,
      35.94131088256836,
      31.643924713134766,
      23.576765060424805,
      23.12730598449707,
      30.407419204711914,
      31.561803817749023,
      30.70130157470703,
      30.443662643432617,
      25.605392456054688,
      30.983306884765625,
      23.95081901550293,
      28.14559555053711,
      27.580223083496094,
      24.910629272460938
    ],
    [
      34.30785369873047,
      26.434980392456055,
      36.043426513671875,
      38.90195846557617,
      24.39133644104004,
      26.19293212890625,
      17.001413345336914,
      17.22193145751953,
      22.561677932739258,
      28.66141128540039,
      23.932161331176758,
      27.51470947265625,
      19.53278160095215,
      27.19521141052246,
      18.596765518188477,
      23.362314224243164,
      23.005859375,
      19.373207092285156
    ],
    [
      27.403135299682617,
      16.927406311035156,
      35.94131088256836,
      24.39133644104004,
      50.596439361572266,
      38.19171905517578,
      36.1816291809082,
      31.580066680908203,
      38.966670989990234,
      35.03846740722656,
      36.3690185546875,
      30.89740562438965,
      28.865219116210938,
      28.70620346069336,
      23.132863998413086,
      24.023944854736328,
      22.565832138061523,
      19.67816925048828
    ],
    [
      24.06929588317871,
      20.53291130065918,
      31.643924713134766,
      26.19293212890625,
      38.19171905517578,
      58.6880989074707,
      44.03173828125,
      54.679405212402344,
      40.95293426513672,
      49.924625396728516,
      33.28466033935547,
      36.43277359008789,
      27.940797805786133,
      34.905155181884766,
      24.482437133789062,
      28.03498649597168,
      25.77115249633789,
      21.967437744140625
    ],
    [
      21.56595802307129,
      17.03511619567871,
      23.576765060424805,
      17.001413345336914,
      36.1816291809082,
      44.03173828125,
      69.98546600341797,
      64.30757141113281,
      47.83270263671875,
      46.07297897338867,
      37.5462760925293,
      34.15106201171875,
      32.08436584472656,
      33.41532897949219,
      25.312694549560547,
      26.287254333496094,
      24.319551467895508,
      19.99366569519043
    ],
    [
      22.043682098388672,
      19.260421752929688,
      23.12730598449707,
      17.22193145751953,
      31.580066680908203,
      54.679405212402344,
      64.30757141113281,
      92.25166320800781,
      44.33430480957031,
      52.755332946777344,
      29.448957443237305,
      33.67062759399414,
      26.50201988220215,
      32.62980270385742,
      22.876502990722656,
      25.94636344909668,
      23.72833251953125,
      20.066076278686523
    ],
    [
      24.635637283325195,
      19.04237174987793,
      30.407419204711914,
      22.561677932739258,
      38.966670989990234,
      40.95293426513672,
      47.83270263671875,
      44.33430480957031,
      74.25249481201172,
      59.12199401855469,
      57.11293029785156,
      47.12279510498047,
      49.59675216674805,
      47.06902313232422,
      41.416648864746094,
      40.288307189941406,
      38.14227294921875,
      32.27294921875
    ],
    [
      26.70949363708496,
      58.32373046875,
      31.561803817749023,
      28.66141128540039,
      35.03846740722656,
      49.924625396728516,
      46.07297897338867,
      52.755332946777344,
      59.12199401855469,
      112.66776275634766,
      50.787288665771484,
      91.24627685546875,
      46.4775505065918,
      94.37821197509766,
      45.80966567993164,
      80.56775665283203,
      80.61653137207031,
      62.60369873046875
    ],
    [
      22.551483154296875,
      16.608274459838867,
      30.70130157470703,
      23.932161331176758,
      36.3690185546875,
      33.28466033935547,
      37.5462760925293,
      29.448957443237305,
      57.11293029785156,
      50.787288665771484,
      74.15250396728516,
      59.04486083984375,
      63.65259552001953,
      60.77496337890625,
      53.996707916259766,
      52.99629211425781,
      50.05386734008789,
      41.568260192871094
    ],
    [
      25.679161071777344,
      50.04642105102539,
      30.443662643432617,
      27.51470947265625,
      30.89740562438965,
      36.43277359008789,
      34.15106201171875,
      33.67062759399414,
      47.12279510498047,
      91.24627685546875,
      59.04486083984375,
      96.66854095458984,
      54.535667419433594,
      100.35995483398438,
      54.74770736694336,
      87.81855010986328,
      85.28694152832031,
      69.07160949707031
    ],
    [
      20.362661361694336,
      15.5887451171875,
      25.605392456054688,
      19.53278160095215,
      28.865219116210938,
      27.940797805786133,
      32.08436584472656,
      26.50201988220215,
      49.59675216674805,
      46.4775505065918,
      63.65259552001953,
      54.535667419433594,
      78.12459564208984,
      66.88313293457031,
      69.74981689453125,
      63.57997512817383,
      65.5606460571289,
      52.17497253417969
    ],
    [
      28.980798721313477,
      55.12120819091797,
      30.983306884765625,
      27.19521141052246,
      28.70620346069336,
      34.905155181884766,
      33.41532897949219,
      32.62980270385742,
      47.06902313232422,
      94.37821197509766,
      60.77496337890625,
      100.35995483398438,
      66.88313293457031,
      117.99918365478516,
      72.40211486816406,
      107.4370346069336,
      108.3869857788086,
      86.75865936279297
    ],
    [
      21.731632232666016,
      14.896961212158203,
      23.95081901550293,
      18.596765518188477,
      23.132863998413086,
      24.482437133789062,
      25.312694549560547,
      22.876502990722656,
      41.416648864746094,
      45.80966567993164,
      53.996707916259766,
      54.74770736694336,
      69.74981689453125,
      72.40211486816406,
      95.27442169189453,
      81.89385223388672,
      92.6689682006836,
      73.21524810791016
    ],
    [
      27.715938568115234,
      45.91377258300781,
      28.14559555053711,
      23.362314224243164,
      24.023944854736328,
      28.03498649597168,
      26.287254333496094,
      25.94636344909668,
      40.288307189941406,
      80.56775665283203,
      52.99629211425781,
      87.81855010986328,
      63.57997512817383,
      107.4370346069336,
      81.89385223388672,
      109.63656616210938,
      115.13475036621094,
      93.01484680175781
    ],
    [
      27.84380531311035,
      47.752201080322266,
      27.580223083496094,
      23.005859375,
      22.565832138061523,
      25.77115249633789,
      24.319551467895508,
      23.72833251953125,
      38.14227294921875,
      80.61653137207031,
      50.05386734008789,
      85.28694152832031,
      65.5606460571289,
      108.3869857788086,
      92.6689682006836,
      115.13475036621094,
      135.5460662841797,
      105.33341979980469
    ],
    [
      24.349533081054688,
      34.307884216308594,
      24.910629272460938,
      19.373207092285156,
      19.67816925048828,
      21.967437744140625,
      19.99366569519043,
      20.066076278686523,
      32.27294921875,
      62.60369873046875,
      41.568260192871094,
      69.07160949707031,
      52.17497253417969,
      86.75865936279297,
      73.21524810791016,
      93.01484680175781,
      105.33341979980469,
      87.70745086669922
    ]
  ],
  "damage": -18.466920852661133,
  "diff_bandwidth": 426.2366027832031,
  "dissonance": 9.14547323368047,
  "drr": 14.676527976989746,
  "dynamics": 3.4272377490997314,
  "format": 1245190,
  "frames": 11485287,
  "freq_pan_to_db": [
    [
      -27.82714080810547,
      -28.231550216674805,
      -26.814697265625,
      -25.161035537719727,
      -22.75516700744629,
      -19.958358764648438,
      -19.376449584960938,
      -23.411598205566406,
      -25.554731369018555,
      -27.443971633911133,
      -28.283447265625
    ],
    [
      -27.286706924438477,
      -27.657732009887695,
      -25.708032608032227,
      -22.813451766967773,
      -21.475175857543945,
      -20.37745475769043,
      -20.17537498474121,
      -25.00999641418457,
      -26.093740463256836,
      -28.163423538208008,
      -30.581335067749023
    ],
    [
      -33.781185150146484,
      -30.74148941040039,
      -26.235408782958984,
      -21.863346099853516,
      -20.81453514099121,
      -21.953933715820312,
      -22.424602508544922,
      -24.849515914916992,
      -28.63193702697754,
      -32.419395446777344,
      -36.79291534423828
    ],
    [
      -42.38694763183594,
      -35.47358322143555,
      -28.923019409179688,
      -24.091489791870117,
      -23.901657104492188,
      -23.578384399414062,
      -24.828994750976562,
      -30.5997314453125,
      -37.14812088012695,
      -41.969017028808594,
      -45.6624870300293
    ],
    [
      -47.558860778808594,
      -41.888118743896484,
      -35.500282287597656,
      -29.63282012939453,
      -22.74418067932129,
      -23.787696838378906,
      -26.3243465423584,
      -33.29827117919922,
      -38.27131652832031,
      -43.8807373046875,
      -44.911842346191406
    ],
    [
      -48.26128387451172,
      -43.57387924194336,
      -37.183265686035156,
      -30.727386474609375,
      -25.557470321655273,
      -25.014163970947266,
      -27.844820022583008,
      -33.34730529785156,
      -39.47681427001953,
      -42.752437591552734,
      -46.96953582763672
    ],
    [
      -43.33921432495117,
      -40.034210205078125,
      -35.593177795410156,
      -30.25089454650879,
      -27.206069946289062,
      -26.945331573486328,
      -29.024763107299805,
      -32.462520599365234,
      -36.276737213134766,
      -38.535491943359375,
      -42.75200271606445
    ],
    [
      -39.15177917480469,
      -40.18132400512695,
      -35.79759979248047,
      -32.20607376098633,
      -29.512126922607422,
      -30.01371955871582,
      -32.44083023071289,
      -34.63618850708008,
      -36.58340072631836,
      -38.0855712890625,
      -41.82957458496094
    ],
    [
      -36.91993713378906,
      -37.77815628051758,
      -36.91713333129883,
      -35.6478157043457,
      -33.89610290527344,
      -32.393699645996094,
      -32.18915939331055,
      -35.427955627441406,
      -36.82197570800781,
      -38.957096099853516,
      -39.46167755126953
    ],
    [
      -37.95876693725586,
      -36.75532531738281,
      -37.04924392700195,
      -36.340145111083984,
      -35.51218032836914,
      -32.3990478515625,
      -30.544357299804688,
      -34.422210693359375,
      -36.04964828491211,
      -36.15990447998047,
      -37.97158432006836
    ],
    [
      -36.97367858886719,
      -38.329124450683594,
      -36.878173828125,
      -36.00312042236328,
      -35.32326126098633,
      -32.38108444213867,
      -33.50239944458008,
      -36.628662109375,
      -37.901824951171875,
      -37.54059600830078,
      -42.46263885498047
    ],
    [
      -33.75579071044922,
      -34.34259033203125,
      -34.685523986816406,
      -35.09231948852539,
      -34.575069427490234,
      -33.04403305053711,
      -33.00468826293945,
      -34.66944885253906,
      -35.317012786865234,
      -35.630043029785156,
      -37.208229064941406
    ],
    [
      -34.71268081665039,
      -35.085716247558594,
      -36.68814468383789,
      -36.97202682495117,
      -36.0128059387207,
      -34.95824432373047,
      -35.32110595703125,
      -36.107269287109375,
      -36.07936096191406,
      -35.94078063964844,
      -36.150291442871094
    ],
    [
      -32.718597412109375,
      -33.89767837524414,
      -35.1295280456543,
      -35.26462936401367,
      -36.83871841430664,
      -35.47753143310547,
      -35.60617446899414,
      -35.471763610839844,
      -35.12346649169922,
      -34.54787826538086,
      -34.805171966552734
    ],
    [
      -33.132328033447266,
      -34.37042999267578,
      -32.173370361328125,
      -33.67226028442383,
      -35.65915298461914,
      -33.00688552856445,
      -34.29737091064453,
      -33.245304107666016,
      -33.26683044433594,
      -34.134437561035156,
      -32.426151275634766
    ],
    [
      -34.82893371582031,
      -33.74100875854492,
      -28.17535972595215,
      -33.24391174316406,
      -35.19962692260742,
      -32.85661697387695,
      -34.13326644897461,
      -30.80634307861328,
      -30.549922943115234,
      -32.782596588134766,
      -29.99059295654297
    ],
    [
      -33.54823684692383,
      -31.986366271972656,
      -31.694520950317383,
      -31.847537994384766,
      -34.53101348876953,
      -33.932220458984375,
      -33.35203170776367,
      -32.26584243774414,
      -33.64017868041992,
      -32.98339080810547,
      -33.333831787109375
    ],
    [
      -34.82632064819336,
      -35.12653350830078,
      -36.428096771240234,
      -37.83453369140625,
      -37.9456787109375,
      -35.55405807495117,
      -36.64360046386719,
      -37.36217498779297,
      -37.187278747558594,
      -36.344032287597656,
      -36.66444778442383
    ],
    [
      -36.633609771728516,
      -38.07782745361328,
      -37.1351203918457,
      -37.59996795654297,
      -37.58473587036133,
      -36.8353385925293,
      -37.387962341308594,
      -38.86519241333008,
      -37.33087158203125,
      -37.50464630126953,
      -39.266517639160156
    ],
    [
      -41.945709228515625,
      -41.57804489135742,
      -41.15757369995117,
      -40.954166412353516,
      -40.72846221923828,
      -38.805240631103516,
      -40.367088317871094,
      -40.938331604003906,
      -40.30120849609375,
      -41.39208984375,
      -39.6512336730957
    ],
    [
      -40.425140380859375,
      -41.9748649597168,
      -42.70656204223633,
      -41.869930267333984,
      -41.21258544921875,
      -39.714012145996094,
      -41.37419891357422,
      -40.92487716674805,
      -42.92158126831055,
      -43.362632751464844,
      -40.95473098754883
    ],
    [
      -42.404869079589844,
      -43.90659713745117,
      -43.59184646606445,
      -41.11042404174805,
      -41.8876838684082,
      -40.64739990234375,
      -42.23975372314453,
      -42.94780349731445,
      -43.948753356933594,
      -43.31312561035156,
      -44.97464370727539
    ],
    [
      -46.50385284423828,
      -45.27238845825195,
      -45.15335464477539,
      -45.676239013671875,
      -43.04446792602539,
      -41.51385498046875,
      -43.925376892089844,
      -45.31432342529297,
      -44.508853912353516,
      -44.823543548583984,
      -43.76376724243164
    ],
    [
      -44.24261474609375,
      -44.05213928222656,
      -45.29669952392578,
      -45.172279357910156,
      -44.31065368652344,
      -42.55159378051758,
      -45.007266998291016,
      -44.96016311645508,
      -44.73899459838867,
      -44.39263916015625,
      -44.32082748413086
    ],
    [
      -48.04253387451172,
      -48.95041275024414,
      -46.12607192993164,
      -45.57368850708008,
      -45.305503845214844,
      -44.73738479614258,
      -45.20924758911133,
      -45.6102294921875,
      -45.88313293457031,
      -44.693939208984375,
      -44.25938415527344
    ],
    [
      -119.400390625,
      -47.8270378112793,
      -46.14785385131836,
      -45.57120132446289,
      -44.38336944580078,
      -42.47093200683594,
      -44.649742126464844,
      -45.522911071777344,
      -46.01552963256836,
      -44.949012756347656,
      -42.91251754760742
    ],
    [
      -56.679229736328125,
      -44.873443603515625,
      -44.25003433227539,
      -45.01020812988281,
      -44.09608459472656,
      -40.07077407836914,
      -43.79487228393555,
      -44.716339111328125,
      -44.448543548583984,
      -44.41499710083008,
      -42.196311950683594
    ],
    [
      -54.81182861328125,
      -45.18611145019531,
      -44.76758575439453,
      -44.805633544921875,
      -44.65623092651367,
      -42.53681564331055,
      -43.494361877441406,
      -44.181541442871094,
      -45.00375747680664,
      -45.42051315307617,
      -50.814754486083984
    ],
    [
      -43.95594024658203,
      -47.82558059692383,
      -44.69310760498047,
      -43.95344924926758,
      -43.377010345458984,
      -41.175960540771484,
      -42.254051208496094,
      -44.030765533447266,
      -43.759864807128906,
      -43.68014907836914,
      -44.62890625
    ],
    [
      -44.224639892578125,
      -48.174720764160156,
      -45.08701705932617,
      -43.943721771240234,
      -43.1153678894043,
      -41.22614669799805,
      -41.73723220825195,
      -43.50770950317383,
      -43.06718826293945,
      -42.91411209106445,
      -41.75806427001953
    ],
    [
      -40.79083251953125,
      -47.7427864074707,
      -47.488685607910156,
      -46.316585540771484,
      -45.01976776123047,
      -42.605926513671875,
      -43.49458312988281,
      -44.40922927856445,
      -44.627708435058594,
      -43.50730895996094,
      -44.551204681396484
    ],
    [
      -370,
      -54.30317306518555,
      -50.763370513916016,
      -50.55387496948242,
      -46.64792251586914,
      -43.537052154541016,
      -43.367366790771484,
      -44.02048873901367,
      -43.96501922607422,
      -43.64252853393555,
      -51.67878341674805
    ],
    [
      -45.033016204833984,
      -57.476078033447266,
      -51.478824615478516,
      -50.79092788696289,
      -47.38582992553711,
      -44.06103515625,
      -43.82133102416992,
      -44.803009033203125,
      -44.821006774902344,
      -46.276763916015625,
      -48.38282775878906
    ],
    [
      -56.36616897583008,
      -61.12678527832031,
      -48.54784393310547,
      -49.24711990356445,
      -46.61276626586914,
      -44.40010070800781,
      -44.921775817871094,
      -45.545169830322266,
      -46.51141357421875,
      -51.915748596191406,
      -52.559486389160156
    ],
    [
      -61.190643310546875,
      -61.6079216003418,
      -50.5915412902832,
      -44.95771789550781,
      -44.24330520629883,
      -43.95681381225586,
      -45.108192443847656,
      -46.4954948425293,
      -49.19587326049805,
      -50.54281234741211,
      -48.70367431640625
    ],
    [
      -57.74225997924805,
      -57.46978759765625,
      -45.34728240966797,
      -48.59619140625,
      -46.543128967285156,
      -45.36897659301758,
      -45.86732482910156,
      -48.12459945678711,
      -47.662193298339844,
      -52.27566909790039,
      -56.969356536865234
    ],
    [
      -61.60268020629883,
      -60.779815673828125,
      -45.09199905395508,
      -48.31416320800781,
      -47.482906341552734,
      -46.4852294921875,
      -45.655792236328125,
      -47.25267791748047,
      -49.58419418334961,
      -56.827735900878906,
      -50.6848258972168
    ],
    [
      -67.13021850585938,
      -66.0701675415039,
      -65.03529357910156,
      -50.46467971801758,
      -48.51517105102539,
      -47.52433395385742,
      -46.970603942871094,
      -49.11819076538086,
      -51.829471588134766,
      -53.502479553222656,
      -54.07141876220703
    ],
    [
      -67.96397399902344,
      -65.47464752197266,
      -67.1475830078125,
      -50.889957427978516,
      -47.9752311706543,
      -47.83366394042969,
      -47.99273681640625,
      -51.08173370361328,
      -54.10732650756836,
      -53.43721008300781,
      -58.628971099853516
    ],
    [
      -70.7697525024414,
      -73.33123016357422,
      -55.10075378417969,
      -49.04792022705078,
      -47.67408752441406,
      -48.848114013671875,
      -51.19911575317383,
      -55.586612701416016,
      -60.253028869628906,
      -64.81192016601562,
      -66.3429946899414
    ],
    [
      -370,
      -67.28868103027344,
      -65.28700256347656,
      -53.150184631347656,
      -48.709625244140625,
      -50.2526741027832,
      -58.22475051879883,
      -70.79690551757812,
      -67.4703598022461,
      -65.43254852294922,
      -370
    ],
    [
      -80.79046630859375,
      -86.822265625,
      -74.90258026123047,
      -75.05738067626953,
      -59.494972229003906,
      -51.463531494140625,
      -63.81709671020508,
      -79.24507141113281,
      -75.29777526855469,
      -73.8604965209961,
      -370
    ]
  ],
  "histogram": [
    {
      "db": -70,
      "frequency": 1
    },
    {
      "db": -69,
      "frequency": 0
    },
    {
      "db": -68,
      "frequency": 0
    },
    {
      "db": -67,
      "frequency": 1
    },
    {
      "db": -66,
      "frequency": 1
    },
    {
      "db": -65,
      "frequency": 2
    },
    {
      "db": -64,
      "frequency": 1
    },
    {
      "db": -63,
      "frequency": 1
    },
    {
      "db": -62,
      "frequency": 1
    },
    {
      "db": -61,
      "frequency": 1
    },
    {
      "db": -60,
      "frequency": 1
    },
    {
      "db": -59,
      "frequency": 1
    },
    {
      "db": -58,
      "frequency": 0
    },
    {
      "db": -57,
      "frequency": 1
    },
    {
      "db": -56,
      "frequency": 0
    },
    {
      "db": -55,
      "frequency": 2
    },
    {
      "db": -54,
      "frequency": 0
    },
    {
      "db": -53,
      "frequency": 2
    },
    {
      "db": -52,
      "frequency": 0
    },
    {
      "db": -51,
      "frequency": 0
    },
    {
      "db": -50,
      "frequency": 1
    },
    {
      "db": -49,
      "frequency": 0
    },
    {
      "db": -48,
      "frequency": 0
    },
    {
      "db": -47,
      "frequency": 0
    },
    {
      "db": -46,
      "frequency": 0
    },
    {
      "db": -45,
      "frequency": 1
    },
    {
      "db": -44,
      "frequency": 0
    },
    {
      "db": -43,
      "frequency": 2
    },
    {
      "db": -42,
      "frequency": 0
    },
    {
      "db": -41,
      "frequency": 1
    },
    {
      "db": -40,
      "frequency": 0
    },
    {
      "db": -39,
      "frequency": 4
    },
    {
      "db": -38,
      "frequency": 4
    },
    {
      "db": -37,
      "frequency": 4
    },
    {
      "db": -36,
      "frequency": 14
    },
    {
      "db": -35,
      "frequency": 24
    },
    {
      "db": -34,
      "frequency": 16
    },
    {
      "db": -33,
      "frequency": 22
    },
    {
      "db": -32,
      "frequency": 34
    },
    {
      "db": -31,
      "frequency": 32
    },
    {
      "db": -30,
      "frequency": 36
    },
    {
      "db": -29,
      "frequency": 41
    },
    {
      "db": -28,
      "frequency": 89
    },
    {
      "db": -27,
      "frequency": 106
    },
    {
      "db": -26,
      "frequency": 231
    },
    {
      "db": -25,
      "frequency": 352
    },
    {
      "db": -24,
      "frequency": 394
    },
    {
      "db": -23,
      "frequency": 419
    },
    {
      "db": -22,
      "frequency": 340
    },
    {
      "db": -21,
      "frequency": 148
    },
    {
      "db": -20,
      "frequency": 26
    },
    {
      "db": -19,
      "frequency": 5
    },
    {
      "db": -18,
      "frequency": 0
    },
    {
      "db": -17,
      "frequency": 0
    },
    {
      "db": -16,
      "frequency": 0
    },
    {
      "db": -15,
      "frequency": 0
    },
    {
      "db": -14,
      "frequency": 0
    },
    {
      "db": -13,
      "frequency": 0
    },
    {
      "db": -12,
      "frequency": 0
    },
    {
      "db": -11,
      "frequency": 0
    },
    {
      "db": -10,
      "frequency": 0
    },
    {
      "db": -9,
      "frequency": 0
    },
    {
      "db": -8,
      "frequency": 0
    },
    {
      "db": -7,
      "frequency": 0
    },
    {
      "db": -6,
      "frequency": 0
    },
    {
      "db": -5,
      "frequency": 0
    },
    {
      "db": -4,
      "frequency": 0
    },
    {
      "db": -3,
      "frequency": 0
    },
    {
      "db": -2,
      "frequency": 0
    },
    {
      "db": -1,
      "frequency": 0
    },
    {
      "db": 0,
      "frequency": 0
    },
    {
      "db": 1,
      "frequency": 0
    },
    {
      "db": 2,
      "frequency": 0
    },
    {
      "db": 3,
      "frequency": 0
    },
    {
      "db": 4,
      "frequency": 0
    },
    {
      "db": 5,
      "frequency": 0
    },
    {
      "db": 6,
      "frequency": 0
    },
    {
      "db": 7,
