{
  "acoustic_entropy": 189.2271270751953,
  "bands": [
    {
      "high_freq": 148.1999969482422,
      "loudness": -34.43571472167969,
      "loudness_range": 9.926959991455078,
      "mid_mean": -31.102649688720703,
      "mid_to_side_loudness": -15.188270568847656,
      "mid_to_side_loudness_range": 11.397954940795898,
      "side_mean": -46.35757064819336
    },
    {
      "high_freq": 392.3793640136719,
      "loudness": -34.22551345825195,
      "loudness_range": 8.32162857055664,
      "low_freq": 148.1999969482422,
      "mid_mean": -31.06521224975586,
      "mid_to_side_loudness": -10.216165542602539,
      "mid_to_side_loudness_range": 7.271878242492676,
      "side_mean": -41.13743591308594
    },
    {
      "high_freq": 794.6976318359375,
      "loudness": -35.336238861083984,
      "loudness_range": 10.700376510620117,
      "low_freq": 392.3793640136719,
      "mid_mean": -32.181453704833984,
      "mid_to_side_loudness": -9.524449348449707,
      "mid_to_side_loudness_range": 7.1691389083862305,
      "side_mean": -41.771034240722656
    },
    {
      "high_freq": 1457.5709228515625,
      "loudness": -38.648189544677734,
      "loudness_range": 12.45566177368164,
      "low_freq": 794.6976318359375,
      "mid_mean": -35.615055084228516,
      "mid_to_side_loudness": -9.309693336486816,
      "mid_to_side_loudness_range": 8.424209594726562,
      "side_mean": -44.74967956542969
    },
    {
      "high_freq": 2549.74365234375,
      "loudness": -36.66023635864258,
      "loudness_range": 10.065164566040039,
      "low_freq": 1457.5709228515625,
      "mid_mean": -33.6262321472168,
      "mid_to_side_loudness": -9.353254318237305,
      "mid_to_side_loudness_range": 9.616792678833008,
      "side_mean": -42.77119445800781
    },
    {
      "high_freq": 4349.24462890625,
      "loudness": -39.54103088378906,
      "loudness_range": 10.62188720703125,
      "low_freq": 2549.74365234375,
      "mid_mean": -36.555755615234375,
      "mid_to_side_loudness": -8.55907154083252,
      "mid_to_side_loudness_range": 8.775081634521484,
      "side_mean": -45.14397048950195
    },
    {
      "high_freq": 7314.1640625,
      "loudness": -48.443084716796875,
      "loudness_range": 17.700489044189453,
      "low_freq": 4349.24462890625,
      "mid_mean": -46.025699615478516,
      "mid_to_side_loudness": -6.156651973724365,
      "mid_to_side_loudness_range": 8.793780326843262,
      "side_mean": -53.109588623046875
    },
    {
      "high_freq": 12199.2666015625,
      "loudness": -51.992244720458984,
      "loudness_range": 21.393020629882812,
      "low_freq": 7314.1640625,
      "mid_mean": -51.83769607543945,
      "mid_to_side_loudness": -5.462392807006836,
      "mid_to_side_loudness_range": 11.097028732299805,
      "side_mean": -56.692081451416016
    },
    {
      "loudness": -58.93681335449219,
      "loudness_range": 18.770389556884766,
      "low_freq": 12199.2666015625,
      "mid_mean": -57.90308380126953,
      "mid_to_side_loudness": -3.897881507873535,
      "mid_to_side_loudness_range": 9.389470100402832,
      "side_mean": -61.130943298339844
    }
  ],
  "bands_short": [
    {
      "high_freq": 148.1999969482422,
      "loudness": -39.21419906616211,
      "loudness_range": 20.940839767456055,
      "mid_mean": -35.96841812133789,
      "mid_to_side_loudness": -15.277530670166016,
      "mid_to_side_loudness_range": 19.887697219848633,
      "side_mean": -52.55281448364258
    },
    {
      "high_freq": 392.3793640136719,
      "loudness": -33.94143295288086,
      "loudness_range": 11.11860466003418,
      "low_freq": 148.1999969482422,
      "mid_mean": -30.791915893554688,
      "mid_to_side_loudness": -10.937260627746582,
      "mid_to_side_loudness_range": 11.65758991241455,
      "side_mean": -41.371238708496094
    },
    {
      "high_freq": 794.6976318359375,
      "loudness": -36.167091369628906,
      "loudness_range": 13.233879089355469,
      "low_freq": 392.3793640136719,
      "mid_mean": -33.1239128112793,
      "mid_to_side_loudness": -9.863419532775879,
      "mid_to_side_loudness_range": 11.456493377685547,
      "side_mean": -42.75154113769531
    },
    {
      "high_freq": 1457.5709228515625,
      "loudness": -38.8112907409668,
      "loudness_range": 14.923049926757812,
      "low_freq": 794.6976318359375,
      "mid_mean": -35.848567962646484,
      "mid_to_side_loudness": -9.961197853088379,
      "mid_to_side_loudness_range": 12.498567581176758,
      "side_mean": -45.5073127746582
    },
    {
      "high_freq": 2549.74365234375,
      "loudness": -37.36165237426758,
      "loudness_range": 13.442375183105469,
      "low_freq": 1457.5709228515625,
      "mid_mean": -34.36018753051758,
      "mid_to_side_loudness": -10.090635299682617,
      "mid_to_side_loudness_range": 12.401907920837402,
      "side_mean": -44.02988052368164
    },
    {
      "high_freq": 4349.24462890625,
      "loudness": -40.179744720458984,
      "loudness_range": 14.379364013671875,
      "low_freq": 2549.74365234375,
      "mid_mean": -37.26163101196289,
      "mid_to_side_loudness": -9.149527549743652,
      "mid_to_side_loudness_range": 11.58655071258545,
      "side_mean": -46.54542541503906
    },
    {
      "high_freq": 7314.1640625,
      "loudness": -50.07297134399414,
      "loudness_range": 22.432388305664062,
      "low_freq": 4349.24462890625,
      "mid_mean": -48.06007385253906,
      "mid_to_side_loudness": -6.585176467895508,
      "mid_to_side_loudness_range": 11.144872665405273,
      "side_mean": -54.95954513549805
    },
    {
      "high_freq": 12199.2666015625,
      "loudness": -52.98164749145508,
      "loudness_range": 24.415576934814453,
      "low_freq": 7314.1640625,
      "mid_mean": -53.849063873291016,
      "mid_to_side_loudness": -5.602792263031006,
      "mid_to_side_loudness_range": 12.551847457885742,
      "side_mean": -58.58654022216797
    },
    {
      "loudness": -60.66409683227539,
      "loudness_range": 23.844741821289062,
      "low_freq": 12199.2666015625,
      "mid_mean": -60.34185791015625,
      "mid_to_side_loudness": -4.457020282745361,
      "mid_to_side_loudness_range": 11.808874130249023,
      "side_mean": -63.456787109375
    }
  ],
  "bandwidth": 574.6071166992188,
  "channels": 2,
  "covariance": [
    [
      22.965553283691406,
      15.098834991455078,
      11.278042793273926,
      12.756171226501465,
      9.628103256225586,
      13.212177276611328,
      9.44234561920166,
      11.702019691467285,
      8.219110488891602,
      11.798514366149902,
      8.233258247375488,
      12.856123924255371,
      13.104042053222656,
      15.522905349731445,
      19.5764217376709,
      15.036611557006836,
      14.944326400756836,
      11.423290252685547
    ],
    [
      15.098834991455078,
      24.234588623046875,
      11.20816707611084,
      14.372936248779297,
      10.33703327178955,
      15.176373481750488,
      9.464287757873535,
      13.158663749694824,
      7.997913837432861,
      13.255288124084473,
      8.493694305419922,
      14.514556884765625,
      13.464516639709473,
      15.884057998657227,
      18.840065002441406,
      14.36005687713623,
      13.385902404785156,
      9.379010200500488
    ],
    [
      11.278042793273926,
      11.20816707611084,
      16.641454696655273,
      13.829195022583008,
      9.889102935791016,
      12.981048583984375,
      10.529902458190918,
      13.622783660888672,
      6.896165370941162,
      12.554134368896484,
      8.74298095703125,
      14.131949424743652,
      14.728787422180176,
      18.551389694213867,
      21.25318717956543,
      16.60259246826172,
      14.758199691772461,
      10.740493774414062
    ],
    [
      12.756171226501465,
      14.372936248779297,
      13.829195022583008,
      20.563737869262695,
      12.573920249938965,
      16.697406768798828,
      13.394953727722168,
      18.775367736816406,
      9.619033813476562,
      15.945707321166992,
      9.998978614807129,
      17.315122604370117,
      17.38029670715332,
      19.833478927612305,
      21.908634185791016,
      17.304298400878906,
      15.12664794921875,
      10.967657089233398
    ],
    [
      9.628103256225586,
      10.33703327178955,
      9.889102935791016,
      12.573920249938965,
      18.86173439025879,
      16.518957138061523,
      13.97585391998291,
      15.900032997131348,
      9.820602416992188,
      12.891828536987305,
      12.129464149475098,
      14.674182891845703,
      16.93120002746582,
      17.144861221313477,
      21.140148162841797,
      15.727691650390625,
      13.980525016784668,
      8.891572952270508
    ],
    [
      13.212177276611328,
      15.176373481750488,
      12.981048583984375,
      16.697406768798828,
      16.518957138061523,
      23.387975692749023,
      14.7434663772583,
      19.664085388183594,
      10.73232364654541,
      17.640918731689453,
      13.0574951171875,
      19.734752655029297,
      20.730546951293945,
      22.434589385986328,
      25.763900756835938,
      19.95578956604004,
      18.3277587890625,
      12.745965003967285
    ],
    [
      9.44234561920166,
      9.464287757873535,
      10.529902458190918,
      13.394953727722168,
      13.97585391998291,
      14.7434663772583,
      24.755075454711914,
      20.436914443969727,
      13.114563941955566,
      13.299713134765625,
      13.194402694702148,
      14.713479042053223,
      17.40150260925293,
      19.412012100219727,
      20.772724151611328,
      17.267887115478516,
      14.160154342651367,
      10.786176681518555
    ],
    [
      11.702019691467285,
      13.158663749694824,
      13.622783660888672,
      18.775367736816406,
      15.900032997131348,
      19.664085388183594,
      20.436914443969727,
      27.639102935791016,
      13.983016014099121,
      20.172760009765625,
      14.484201431274414,
      21.652332305908203,
      21.417970657348633,
      24.45366096496582,
      24.132680892944336,
      21.165842056274414,
      17.91920280456543,
      14.7721586227417
    ],
    [
      8.219110488891602,
      7.997913837432861,
      6.896165370941162,
      9.619033813476562,
      9.820602416992188,
      10.73232364654541,
      13.114563941955566,
      13.983016014099121,
      19.55958366394043,
      13.504501342773438,
      13.647372245788574,
      12.723603248596191,
      14.190400123596191,
      15.843676567077637,
      16.370758056640625,
      14.122840881347656,
      12.313836097717285,
      10.156779289245605
    ],
    [
      11.798514366149902,
      13.255288124084473,
      12.554134368896484,
      15.945707321166992,
      12.891828536987305,
      17.640918731689453,
      13.299713134765625,
      20.172760009765625,
      13.504501342773438,
      21.744966506958008,
      13.646193504333496,
      21.83633804321289,
      19.288789749145508,
      22.482986450195312,
      22.024288177490234,
      19.29471778869629,
      16.894590377807617,
      14.021989822387695
    ],
    [
      8.233258247375488,
      8.493694305419922,
      8.74298095703125,
      9.998978614807129,
      12.129464149475098,
      13.0574951171875,
      13.194402694702148,
      14.484201431274414,
      13.647372245788574,
      13.646193504333496,
      21.159557342529297,
      16.96708869934082,
      20.153945922851562,
      18.20783805847168,
      21.59316062927246,
      17.100513458251953,
      15.971461296081543,
      11.170225143432617
    ],
    [
      12.856123924255371,
      14.514556884765625,
      14.131949424743652,
      17.315122604370117,
      14.674182891845703,
      19.734752655029297,
      14.713479042053223,
      21.652332305908203,
      12.723603248596191,
      21.83633804321289,
      16.96708869934082,
      26.58445167541504,
      25.031648635864258,
      28.464019775390625,
      28.527942657470703,
      25.069046020507812,
      21.094858169555664,
      16.87459373474121
    ],
    [
      13.104042053222656,
      13.464516639709473,
      14.728787422180176,
      17.38029670715332,
      16.93120002746582,
      20.730546951293945,
      17.40150260925293,
      21.417970657348633,
      14.190400123596191,
      19.288789749145508,
      20.153945922851562,
      25.031648635864258,
      44.94380187988281,
      38.14023208618164,
      52.26134490966797,
      38.07247543334961,
      36.88320541381836,
      22.676389694213867
    ],
    [
      15.522905349731445,
      15.884057998657227,
      18.551389694213867,
      19.833478927612305,
      17.144861221313477,
      22.434589385986328,
      19.412012100219727,
      24.45366096496582,
      15.843676567077637,
      22.482986450195312,
      18.20783805847168,
      28.464019775390625,
      38.14023208618164,
      58.76903533935547,
      61.73849868774414,
      52.60231399536133,
      44.63672637939453,
      35.16465759277344
    ],
    [
      19.5764217376709,
      18.840065002441406,
      21.25318717956543,
      21.908634185791016,
      21.140148162841797,
      25.763900756835938,
      20.772724151611328,
      24.132680892944336,
      16.370758056640625,
      22.024288177490234,
      21.59316062927246,
      28.527942657470703,
      52.26134490966797,
      61.73849868774414,
      92.26209259033203,
      61.616825103759766,
      63.16447067260742,
      37.79235076904297
    ],
    [
      15.036611557006836,
      14.36005687713623,
      16.60259246826172,
      17.304298400878906,
      15.727691650390625,
      19.95578956604004,
      17.267887115478516,
      21.165842056274414,
      14.122840881347656,
      19.29471778869629,
      17.100513458251953,
      25.069046020507812,
      38.07247543334961,
      52.60231399536133,
      61.616825103759766,
      50.78386688232422,
      45.48208999633789,
      34.5631103515625
    ],
    [
      14.944326400756836,
      13.385902404785156,
      14.758199691772461,
      15.12664794921875,
      13.980525016784668,
      18.3277587890625,
      14.160154342651367,
      17.91920280456543,
      12.313836097717285,
      16.894590377807617,
      15.971461296081543,
      21.094858169555664,
      36.88320541381836,
      44.63672637939453,
      63.16447067260742,
      45.48208999633789,
      51.35581588745117,
      34.703094482421875
    ],
    [
      11.423290252685547,
      9.379010200500488,
      10.740493774414062,
      10.967657089233398,
      8.891572952270508,
      12.745965003967285,
      10.786176681518555,
      14.7721586227417,
      10.156779289245605,
      14.021989822387695,
      11.170225143432617,
      16.87459373474121,
      22.676389694213867,
      35.16465759277344,
      37.79235076904297,
      34.5631103515625,
      34.703094482421875,
      31.594858169555664
    ]
  ],
  "covariance_short": [
    [
      53.27573013305664,
      22.820026397705078,
      15.354448318481445,
      18.026453018188477,
      12.906815528869629,
      17.33806610107422,
      11.75551986694336,
      16.778230667114258,
      10.365965843200684,
      16.627445220947266,
      11.503437042236328,
      20.042390823364258,
      20.425277709960938,
      21.692956924438477,
      25.608875274658203,
      19.281681060791016,
      18.998180389404297,
      13.539529800415039
    ],
    [
      22.820026397705078,
      56.293663024902344,
      15.441652297973633,
      18.732389450073242,
      14.187880516052246,
      18.13010597229004,
      13.370576858520508,
      17.321964263916016,
      13.291340827941895,
      17.358108520507812,
      11.989669799804688,
      21.605209350585938,
      23.67246437072754,
      36.88797378540039,
      39.7897834777832,
      29.8972225189209,
      25.436378479003906,
      17.11965560913086
    ],
    [
      15.354448318481445,
      15.441652297973633,
      22.63144302368164,
      16.61344337463379,
      13.10805892944336,
      15.610923767089844,
      11.546964645385742,
      16.916797637939453,
      8.652837753295898,
      15.513092994689941,
      10.449685096740723,
      17.868377685546875,
      17.6473388671875,
      20.484115600585938,
      21.967924118041992,
      17.714107513427734,
      15.953139305114746,
      12.50655746459961
    ],
    [
      18.026453018188477,
      18.732389450073242,
      16.61344337463379,
      30.222917556762695,
      16.887218475341797,
      23.33913803100586,
      14.747864723205566,
      25.640106201171875,
      10.645733833312988,
      21.201250076293945,
      11.686908721923828,
      24.34660530090332,
      21.772403717041016,
      23.54405403137207,
      24.728147506713867,
      19.859943389892578,
      18.000635147094727,
      13.7234468460083
    ],
    [
      12.906815528869629,
      14.187880516052246,
      13.10805892944336,
      16.887218475341797,
      28.85380744934082,
      23.2688045501709,
      16.520837783813477,
      22.21381187438965,
      12.579217910766602,
      18.79752540588379,
      15.73442554473877,
      22.16478157043457,
      22.78760528564453,
      23.188968658447266,
      26.353973388671875,
      20.607072830200195,
      18.200902938842773,
      13.3113374710083
    ],
    [
      17.33806610107422,
      18.13010597229004,
      15.610923767089844,
      23.33913803100586,
      23.2688045501709,
      37.305755615234375,
      17.754966735839844,
      30.70689582824707,
      12.820639610290527,
      26.02257537841797,
      16.390573501586914,
      29.168800354003906,
      27.680805206298828,
      29.069055557250977,
      31.538740158081055,
      25.07235336303711,
      23.184221267700195,
      16.947641372680664
    ],
    [
      11.75551986694336,
      13.370576858520508,
      11.546964645385742,
      14.747864723205566,
      16.520837783813477,
      17.754966735839844,
      33.664794921875,
      26.509939193725586,
      17.12869644165039,
      17.556758880615234,
      18.114227294921875,
      21.11384391784668,
      24.16643714904785,
      24.749570846557617,
      25.353181838989258,
      21.823301315307617,
      17.719482421875,
      14.713788986206055
    ],
    [
      16.778230667114258,
      17.321964263916016,
      16.916797637939453,
      25.640106201171875,
      22.21381187438965,
      30.70689582824707,
      26.509939193725586,
      44.88489532470703,
      18.434906005859375,
      31.811281204223633,
      19.656829833984375,
      33.74055099487305,
      30.459379196166992,
      33.935577392578125,
      32.15640640258789,
      28.92450523376465,
      24.886383056640625,
      21.566062927246094
    ],
    [
      10.365965843200684,
      13.291340827941895,
      8.652837753295898,
      10.645733833312988,
      12.579217910766602,
      12.820639610290527,
      17.12869644165039,
      18.434906005859375,
      28.271888732910156,
      20.255935668945312,
      19.371103286743164,
      19.70867156982422,
      22.350082397460938,
      21.544540405273438,
      21.20089340209961,
      18.71027374267578,
      15.829404830932617,
      13.955733299255371
    ],
    [
      16.627445220947266,
      17.358108520507812,
      15.513092994689941,
      21.201250076293945,
      18.79752540588379,
      26.02257537841797,
      17.556758880615234,
      31.811281204223633,
      20.255935668945312,
      37.26205062866211,
      19.859968185424805,
      34.3425178527832,
      29.66246795654297,
      32.3066520690918,
      29.253602981567383,
      27.157108306884766,
      23.586524963378906,
      21.109359741210938
    ],
    [
      11.503437042236328,
      11.989669799804688,
      10.449685096740723,
      11.686908721923828,
      15.73442554473877,
      16.390573501586914,
      18.114227294921875,
      19.656829833984375,
      19.371103286743164,
      19.859968185424805,
      32.141265869140625,
      26.284690856933594,
      28.83773422241211,
      26.303482055664062,
      29.29938507080078,
      23.68353271484375,
      21.658809661865234,
      16.345579147338867
    ],
    [
      20.042390823364258,
      21.605209350585938,
      17.868377685546875,
      24.34660530090332,
      22.16478157043457,
      29.168800354003906,
      21.11384391784668,
      33.74055099487305,
      19.70867156982422,
      34.3425178527832,
      26.284690856933594,
      45.72832107543945,
      40.298744201660156,
      43.902374267578125,
      40.94025421142578,
      37.729278564453125,
      31.399709701538086,
      27.086362838745117
    ],
    [
      20.425277709960938,
      23.67246437072754,
      17.6473388671875,
      21.772403717041016,
      22.78760528564453,
      27.680805206298828,
      24.16643714904785,
      30.459379196166992,
      22.350082397460938,
      29.66246795654297,
      28.83773422241211,
      40.298744201660156,
      69.84918975830078,
      60.42714309692383,
      74.48480224609375,
      57.090354919433594,
      55.13737487792969,
      37.855712890625
    ],
    [
      21.692956924438477,
      36.88797378540039,
      20.484115600585938,
      23.54405403137207,
      23.188968658447266,
      29.069055557250977,
      24.749570846557617,
      33.935577392578125,
      21.544540405273438,
      32.3066520690918,
      26.303482055664062,
      43.902374267578125,
      60.42714309692383,
      77.52526092529297,
      74.3763427734375,
      68.83473205566406,
      55.749271392822266,
      47.96696472167969
    ],
    [
      25.608875274658203,
      39.7897834777832,
      21.967924118041992,
      24.728147506713867,
      26.353973388671875,
      31.538740158081055,
      25.353181838989258,
      32.15640640258789,
      21.20089340209961,
      29.253602981567383,
      29.29938507080078,
      40.94025421142578,
      74.48480224609375,
      74.3763427734375,
      109.39209747314453,
      74.7356948852539,
      76.7525634765625,
      47.41215515136719
    ],
    [
      19.281681060791016,
      29.8972225189209,
      17.714107513427734,
      19.859943389892578,
      20.607072830200195,
      25.07235336303711,
      21.823301315307617,
      28.92450523376465,
      18.71027374267578,
      27.157108306884766,
      23.68353271484375,
      37.729278564453125,
      57.090354919433594,
      68.83473205566406,
      74.7356948852539,
      67.49314880371094,
      57.060997009277344,
      47.65394973754883
    ],
    [
      18.998180389404297,
      25.436378479003906,
      15.953139305114746,
      18.000635147094727,
      18.200902938842773,
      23.184221267700195,
      17.719482421875,
      24.886383056640625,
      15.829404830932617,
      23.586524963378906,
      21.658809661865234,
      31.399709701538086,
      55.13737487792969,
      55.749271392822266,
      76.7525634765625,
      57.060997009277344,
      65.24219512939453,
      45.05373764038086
    ],
    [
      13.539529800415039,
      17.11965560913086,
      12.50655746459961,
      13.7234468460083,
      13.3113374710083,
      16.947641372680664,
      14.713788986206055,
      21.566062927246094,
      13.955733299255371,
      21.109359741210938,
      16.345579147338867,
      27.086362838745117,
      37.855712890625,
      47.96696472167969,
      47.41215515136719,
      47.65394973754883,
      45.05373764038086,
      43.43002700805664
    ]
  ],
  "damage": -19.57485008239746,
  "diff_bandwidth": 589.4832153320312,
  "dissonance": 8.94268892718906,
  "drr": 16.557971954345703,
  "dynamics": 2.6109752655029297,
  "format": 1245190,
  "frames": 13413456,
  "freq_pan_to_db": [
    [
      -38.08149337768555,
      -36.73422622680664,
      -33.7309684753418,
      -30.756084442138672,
      -28.246427536010742,
      -29.54460334777832,
      -31.960359573364258,
      -33.263671875,
      -34.37569808959961,
      -36.5296630859375,
      -37.87166976928711
    ],
    [
      -30.88221549987793,
      -29.2838134765625,
      -27.167272567749023,
      -25.483287811279297,
      -21.776010513305664,
      -21.548110961914062,
      -25.21736717224121,
      -26.671003341674805,
      -28.315017700195312,
      -29.685468673706055,
      -30.91963768005371
    ],
    [
      -28.912315368652344,
      -27.65340232849121,
      -25.909759521484375,
      -23.80143928527832,
      -22.400104522705078,
      -22.77474021911621,
      -24.34325408935547,
      -25.429555892944336,
      -26.20171546936035,
      -27.826684951782227,
      -28.746639251708984
    ],
    [
      -30.357328414916992,
      -29.32991600036621,
      -28.190961837768555,
      -27.151735305786133,
      -25.8414249420166,
      -25.700374603271484,
      -25.68743896484375,
      -26.8280086517334,
      -28.203052520751953,
      -29.52873420715332,
      -30.4815673828125
    ],
    [
      -31.286231994628906,
      -31.222904205322266,
      -30.002954483032227,
      -29.3897647857666,
      -28.797555923461914,
      -28.532331466674805,
      -27.149211883544922,
      -28.03000831604004,
      -29.182523727416992,
      -30.41842269897461,
      -30.831466674804688
    ],
    [
      -31.734344482421875,
      -30.96321678161621,
      -29.347856521606445,
      -28.08420753479004,
      -26.9836368560791,
      -27.408315658569336,
      -28.498516082763672,
      -30.068838119506836,
      -31.32163429260254,
      -32.406158447265625,
      -33.168888092041016
    ],
    [
      -32.76573181152344,
      -31.829858779907227,
      -30.658151626586914,
      -29.09396743774414,
      -27.565229415893555,
      -28.029708862304688,
      -28.4774169921875,
      -30.10670280456543,
      -31.908830642700195,
      -32.96513748168945,
      -33.88322830200195
    ],
    [
      -31.854726791381836,
      -32.13373947143555,
      -31.500810623168945,
      -30.162405014038086,
      -28.887537002563477,
      -27.80518913269043,
      -26.002307891845703,
      -28.355003356933594,
      -30.252046585083008,
      -30.53516387939453,
      -30.981857299804688
    ],
    [
      -32.48040771484375,
      -31.748628616333008,
      -31.274032592773438,
      -29.607580184936523,
      -28.198062896728516,
      -27.651479721069336,
      -26.320390701293945,
      -28.370744705200195,
      -30.71822738647461,
      -31.60581398010254,
      -31.902973175048828
    ],
    [
      -31.782047271728516,
      -32.943756103515625,
      -30.882938385009766,
      -28.228029251098633,
      -27.17498779296875,
      -28.471059799194336,
      -29.674592971801758,
      -30.92723274230957,
      -32.00809097290039,
      -33.9884147644043,
      -35.60305404663086
    ],
    [
      -34.26731872558594,
      -34.870662689208984,
      -34.35383987426758,
      -32.726043701171875,
      -30.472412109375,
      -28.821889877319336,
      -30.668033599853516,
      -32.221092224121094,
      -34.111061096191406,
      -34.28962326049805,
      -34.90711212158203
    ],
    [
      -36.4780158996582,
      -36.129180908203125,
      -35.25226974487305,
      -35.26837158203125,
      -33.16803741455078,
      -31.64217758178711,
      -31.433094024658203,
      -32.99736404418945,
      -35.30843734741211,
      -35.739540100097656,
      -37.43191909790039
    ],
    [
      -35.01166534423828,
      -37.054901123046875,
      -37.79594421386719,
      -35.575199127197266,
      -32.26483917236328,
      -30.863800048828125,
      -32.40306854248047,
      -33.991825103759766,
      -35.31031036376953,
      -36.13690185546875,
      -35.52722930908203
    ],
    [
      -33.295162200927734,
      -36.48242950439453,
      -34.78415298461914,
      -33.70530700683594,
      -30.22377586364746,
      -29.98011589050293,
      -32.506446838378906,
      -35.376312255859375,
      -35.4996452331543,
      -35.86129379272461,
      -36.7829475402832
    ],
    [
      -32.87811279296875,
      -34.2779426574707,
      -35.20185089111328,
      -33.51753234863281,
      -31.512662887573242,
      -33.014835357666016,
      -34.90040969848633,
      -36.371456146240234,
      -34.747161865234375,
      -37.12656021118164,
      -38.027008056640625
    ],
    [
      -33.009647369384766,
      -34.45459747314453,
      -35.32497024536133,
      -33.046844482421875,
      -34.312652587890625,
      -34.13158416748047,
      -35.68072509765625,
      -35.66140365600586,
      -35.14471435546875,
      -35.13481140136719,
      -37.504825592041016
    ],
    [
      -33.32748031616211,
      -34.66011428833008,
      -36.39962387084961,
      -35.229339599609375,
      -35.41046142578125,
      -35.378482818603516,
      -36.96254348754883,
      -35.1404914855957,
      -35.04582595825195,
      -35.295326232910156,
      -37.178466796875
    ],
    [
      -31.37746810913086,
      -33.4439582824707,
      -35.016231536865234,
      -35.63951110839844,
      -32.851173400878906,
      -34.16880798339844,
      -35.459197998046875,
      -33.869319915771484,
      -33.846656799316406,
      -34.238670349121094,
      -35.46149826049805
    ],
    [
      -34.022056579589844,
      -33.14047622680664,
      -34.476806640625,
      -34.6163330078125,
      -32.338951110839844,
      -33.7215576171875,
      -35.74895095825195,
      -33.96110153198242,
      -34.01455307006836,
      -35.36220169067383,
      -37.2288818359375
    ],
    [
      -36.82799530029297,
      -35.90932846069336,
      -36.430294036865234,
      -36.663063049316406,
      -34.255889892578125,
      -35.51505661010742,
      -37.38123321533203,
      -36.68355178833008,
      -36.593841552734375,
      -36.705055236816406,
      -34.83455276489258
    ],
    [
      -37.32741928100586,
      -33.48722839355469,
      -36.57496643066406,
      -36.875518798828125,
      -35.84610366821289,
      -36.125152587890625,
      -38.26871871948242,
      -36.85702896118164,
      -37.97553253173828,
      -39.267887115478516,
      -39.36756896972656
    ],
    [
      -39.74205780029297,
      -37.097877502441406,
      -35.50758743286133,
      -37.429054260253906,
      -36.1421012878418,
      -35.9315185546875,
      -39.196285247802734,
      -36.19996643066406,
      -38.51060485839844,
      -39.56525421142578,
      -41.023170471191406
    ],
    [
      -38.415260314941406,
      -37.30034255981445,
      -38.8233528137207,
      -39.15456771850586,
      -37.61834716796875,
      -36.656517028808594,
      -38.568817138671875,
      -39.10041427612305,
      -39.21843719482422,
      -38.641841888427734,
      -38.71555709838867
    ],
    [
      -43.09070587158203,
      -38.383453369140625,
      -38.652278900146484,
      -39.12715530395508,
      -38.40665054321289,
      -36.76597213745117,
      -38.8161506652832,
      -39.47161102294922,
      -39.29547119140625,
      -39.440250396728516,
      -40.0184211730957
    ],
    [
      -44.508056640625,
      -41.163883209228516,
      -41.30546951293945,
      -40.62333297729492,
      -40.76810836791992,
      -39.7269401550293,
      -41.25539779663086,
      -41.04617691040039,
      -41.60569763183594,
      -42.38483428955078,
      -45.25823211669922
    ],
    [
      -41.41703796386719,
      -42.05695343017578,
      -42.4924201965332,
      -41.61589050292969,
      -41.331424713134766,
      -41.65916061401367,
      -42.41688537597656,
      -42.46976852416992,
      -42.4554443359375,
      -43.02030944824219,
      -42.889869689941406
    ],
    [
      -51.1085090637207,
      -43.58802032470703,
      -43.44260787963867,
      -43.99435806274414,
      -43.21697235107422,
      -42.798954010009766,
      -45.43259048461914,
      -44.99611282348633,
      -43.995174407958984,
      -44.95638656616211,
      -43.23711395263672
    ],
    [
      -48.13096618652344,
      -43.78377914428711,
      -44.142887115478516,
      -44.59733963012695,
      -45.29710006713867,
      -45.64125061035156,
      -47.72464370727539,
      -46.32752990722656,
      -46.063751220703125,
      -46.21224594116211,
      -48.17646789550781
    ],
    [
      -49.941558837890625,
      -46.03753662109375,
      -46.408790588378906,
      -47.052520751953125,
      -47.733154296875,
      -47.4320182800293,
      -49.24408721923828,
      -48.598628997802734,
      -47.43206024169922,
      -47.51051330566406,
      -42.92594909667969
    ],
    [
      -51.747005462646484,
      -48.915225982666016,
      -48.30086898803711,
      -48.70098114013672,
      -49.53657150268555,
      -47.425148010253906,
      -48.29969024658203,
      -48.83518600463867,
      -48.8303337097168,
      -48.502872467041016,
      -52.92998504638672
    ],
    [
      -60.050872802734375,
      -49.82771301269531,
      -49.0052375793457,
      -49.41751480102539,
      -49.91281509399414,
      -46.988616943359375,
      -47.46790313720703,
      -47.88463592529297,
      -51.00743103027344,
      -51.446617126464844,
      -54.361019134521484
    ],
    [
      -104.14741516113281,
      -50.576114654541016,
      -50.296905517578125,
      -50.53334045410156,
      -50.516422271728516,
      -46.81464385986328,
      -49.58441925048828,
      -51.76579666137695,
      -52.54860305786133,
      -49.67711639404297,
      -370
    ],
    [
      -105.04106140136719,
      -51.57084655761719,
      -50.78845977783203,
      -50.983848571777344,
      -50.69868469238281,
      -46.9355354309082,
      -51.02545928955078,
      -53.77329635620117,
      -55.012264251708984,
      -50.43878173828125,
      -370
    ],
    [
      -82.27562713623047,
      -57.00954818725586,
      -53.6933708190918,
      -52.51127624511719,
      -51.5705451965332,
      -46.56591033935547,
      -50.96294021606445,
      -55.25322723388672,
      -59.25002670288086,
      -57.458614349365234,
      -370
    ],
    [
      -71.99503326416016,
      -58.991798400878906,
      -56.12135696411133,
      -54.01177978515625,
      -52.84526062011719,
      -47.08015823364258,
      -51.06803512573242,
      -48.572052001953125,
      -50.4719123840332,
      -52.61419677734375,
      -52.1839485168457
    ],
    [
      -55.015254974365234,
      -60.036033630371094,
      -58.51228332519531,
      -56.8330192565918,
      -55.813045501708984,
      -49.48663330078125,
      -52.71678924560547,
      -47.907615661621094,
      -49.19159698486328,
      -51.6821174621582,
      -47.76755142211914
    ],
    [
      -370,
      -59.75612258911133,
      -58.40936279296875,
      -58.04639434814453,
      -57.01414489746094,
      -51.03338623046875,
      -54.976375579833984,
      -52.55884552001953,
      -54.124595642089844,
      -52.210636138916016,
      -53.25096893310547
    ],
    [
      -73.07393646240234,
      -62.41732406616211,
      -61.316993713378906,
      -59.58043670654297,
      -57.6517219543457,
      -53.27711486816406,
      -57.509273529052734,
      -56.69512176513672,
      -54.93429946899414,
      -52.076019287109375,
      -47.784725189208984
    ],
    [
      -55.83769989013672,
      -63.79833984375,
      -61.663578033447266,
      -60.15269470214844,
      -59.1954460144043,
      -55.777008056640625,
      -58.69233703613281,
      -57.75374984741211,
      -55.63644790649414,
      -53.25114059448242,
      -49.62963104248047
    ],
    [
      -65.81796264648438,
      -60.5604362487793,
      -61.26589584350586,
      -62.66914367675781,
      -61.97551727294922,
      -57.578243255615234,
      -58.20762634277344,
      -53.710018157958984,
      -55.41374588012695,
      -53.5206298828125,
      -56.561134338378906
    ],
    [
      -63.01997375488281,
      -60.51227951049805,
      -62.15238571166992,
      -61.96160125732422,
      -61.972816467285156,
      -60.32931900024414,
      -61.460243225097656,
      -59.27138900756836,
      -59.250492095947266,
      -57.61802291870117,
      -58.16446304321289
    ],
    [
      -63.989776611328125,
      -62.55716323852539,
      -61.79762268066406,
      -62.050811767578125,
      -62.774574279785156,
      -63.14345169067383,
      -64.29718780517578,
      -63.1905517578125,
      -58.93525695800781,
      -56.64957046508789,
      -58.629520416259766
    ]
  ],
  "histogram": [
    {
      "db": -70,
      "frequency": 3
    },
    {
      "db": -69,
      "frequency": 5
    },
    {
      "db": -68,
      "frequency": 1
    },
    {
      "db": -67,
      "frequency": 4
    },
    {
      "db": -66,
      "frequency": 5
    },
    {
      "db": -65,
      "frequency": 1
    },
    {
      "db": -64,
      "frequency": 4
    },
    {
      "db": -63,
      "frequency": 5
    },
    {
      "db": -62,
      "frequency": 5
    },
    {
      "db": -61,
      "frequency": 5
    },
    {
      "db": -60,
      "frequency": 3
    },
    {
      "db": -59,
      "frequency": 2
    },
    {
      "db": -58,
      "frequency": 5
    },
    {
      "db": -57,
      "frequency": 5
    },
    {
      "db": -56,
      "frequency": 5
    },
    {
      "db": -55,
      "frequency": 5
    },
    {
      "db": -54,
      "frequency": 5
    },
    {
      "db": -53,
      "frequency": 5
    },
    {
      "db": -52,
      "frequency": 5
    },
    {
      "db": -51,
      "frequency": 8
    },
    {
      "db": -50,
      "frequency": 12
    },
    {
      "db": -49,
      "frequency": 3
    },
    {
      "db": -48,
      "frequency": 2
    },
    {
      "db": -47,
      "frequency": 3
    },
    {
      "db": -46,
      "frequency": 1
    },
    {
      "db": -45,
      "frequency": 1
    },
    {
      "db": -44,
      "frequency": 5
    },
    {
      "db": -43,
      "frequency": 19
    },
    {
      "db": -42,
      "frequency": 13
    },
    {
      "db": -41,
      "frequency": 14
    },
    {
      "db": -40,
      "frequency": 6
    },
    {
      "db": -39,
      "frequency": 6
    },
    {
      "db": -38,
      "frequency": 5
    },
    {
      "db": -37,
      "frequency": 8
    },
    {
      "db": -36,
      "frequency": 6
    },
    {
      "db": -35,
      "frequency": 1
    },
    {
      "db": -34,
      "frequency": 7
    },
    {
      "db": -33,
      "frequency": 14
    },
    {
      "db": -32,
      "frequency": 14
    },
    {
      "db": -31,
      "frequency": 15
    },
    {
      "db": -30,
      "frequency": 21
    },
    {
      "db": -29,
      "frequency": 82
    },
    {
      "db": -28,
      "frequency": 68
    },
    {
      "db": -27,
      "frequency": 136
    },
    {
      "db": -26,
      "frequency": 408
    },
    {
      "db": -25,
      "frequency": 731
    },
    {
      "db": -24,
      "frequency": 449
    },
    {
      "db": -23,
      "frequency": 320
    },
    {
      "db": -22,
      "frequency": 224
    },
    {
      "db": -21,
      "frequency": 218
    },
    {
      "db": -20,
      "frequency": 47
    },
    {
      "db": -19,
      "frequency": 17
    },
    {
      "db": -18,
      "frequency": 0
    },
    {
      "db": -17,
      "frequency": 0
    },
    {
      "db": -16,
      "frequency": 0
    },
    {
      "db": -15,
      "frequency": 0
    },
    {
      "db": -14,
      "frequency": 0
    },
    {
      "db": -13,
      "frequency": 0
    },
    {
      "db": -12,
      "frequency": 0
    },
    {
      "db": -11,
      "frequency": 0
    },
    {
      "db": -10,
      "frequency": 0
    },
    {
      "db": -9,
      "frequency": 0
    },
    {
      "db": -8,
      "frequency": 0
    },
    {
      "db": -7,
      "frequency": 0
    },
    {
      "db": -6,
      "frequency": 0
    },
    {
      "db": -5,
      "frequency": 0
    },
    {
      "db": -4,
      "frequency": 0
    },
    {
      "db": -3,
      "frequency": 0
    },
    {
      "db": -2,
      "frequency": 0
    },
    {
      "db": -1,
      "frequency": 0
    },
    {
      "db": 0,
      "frequency": 0
    },
    {
      "db": 1,
      "frequency": 0
    },
    {
      "db": 2,
      "frequency": 0
    },
    {
      "db": 3,
      "frequency": 0
    },
    {
      "db": 4,
      "frequency": 0
    },
