{
  "acoustic_entropy": 186.8544158935547,
  "bands": [
    {
      "high_freq": 148.1999969482422,
      "loudness": -33.21649932861328,
      "loudness_range": 14.570169448852539,
      "mid_mean": -29.605998992919922,
      "mid_to_side_loudness": -23.520980834960938,
      "mid_to_side_loudness_range": 27.849246978759766,
      "side_mean": -52.61188507080078
    },
    {
      "high_freq": 392.3793640136719,
      "loudness": -33.31237030029297,
      "loudness_range": 11.702590942382812,
      "low_freq": 148.1999969482422,
      "mid_mean": -29.938335418701172,
      "mid_to_side_loudness": -12.040788650512695,
      "mid_to_side_loudness_range": 11.38022232055664,
      "side_mean": -42.40962600708008
    },
    {
      "high_freq": 794.6976318359375,
      "loudness": -36.36823654174805,
      "loudness_range": 13.310462951660156,
      "low_freq": 392.3793640136719,
      "mid_mean": -33.39535140991211,
      "mid_to_side_loudness": -8.871116638183594,
      "mid_to_side_loudness_range": 13.552681922912598,
      "side_mean": -42.558536529541016
    },
    {
      "high_freq": 1457.5709228515625,
      "loudness": -40.37614440917969,
      "loudness_range": 19.7834415435791,
      "low_freq": 794.6976318359375,
      "mid_mean": -37.377662658691406,
      "mid_to_side_loudness": -8.912328720092773,
      "mid_to_side_loudness_range": 13.332925796508789,
      "side_mean": -46.53794860839844
    },
    {
      "high_freq": 2549.74365234375,
      "loudness": -41.77462387084961,
      "loudness_range": 17.61092758178711,
      "low_freq": 1457.5709228515625,
      "mid_mean": -38.88045883178711,
      "mid_to_side_loudness": -8.314602851867676,
      "mid_to_side_loudness_range": 13.574308395385742,
      "side_mean": -47.43529510498047
    },
    {
      "high_freq": 4349.24462890625,
      "loudness": -40.74118423461914,
      "loudness_range": 15.300235748291016,
      "low_freq": 2549.74365234375,
      "mid_mean": -37.71686935424805,
      "mid_to_side_loudness": -9.460066795349121,
      "mid_to_side_loudness_range": 14.45133113861084,
      "side_mean": -47.35792922973633
    },
    {
      "high_freq": 7314.1640625,
      "loudness": -45.19984436035156,
      "loudness_range": 16.572834014892578,
      "low_freq": 4349.24462890625,
      "mid_mean": -42.442325592041016,
      "mid_to_side_loudness": -8.187588691711426,
      "mid_to_side_loudness_range": 15.392623901367188,
      "side_mean": -51.11647033691406
    },
    {
      "high_freq": 12199.2666015625,
      "loudness": -50.4921989440918,
      "loudness_range": 18.23159408569336,
      "low_freq": 7314.1640625,
      "mid_mean": -48.723148345947266,
      "mid_to_side_loudness": -6.251828193664551,
      "mid_to_side_loudness_range": 17.676639556884766,
      "side_mean": -55.02134323120117
    },
    {
      "loudness": -58.38767623901367,
      "loudness_range": 19.796527862548828,
      "low_freq": 12199.2666015625,
      "mid_mean": -56.97357177734375,
      "mid_to_side_loudness": -4.846342086791992,
      "mid_to_side_loudness_range": 14.808021545410156,
      "side_mean": -60.54179000854492
    }
  ],
  "bands_short": [
    {
      "high_freq": 148.1999969482422,
      "loudness": -35.785491943359375,
      "loudness_range": 15.96757698059082,
      "mid_mean": -32.194000244140625,
      "mid_to_side_loudness": -23.548734664916992,
      "mid_to_side_loudness_range": 30.928157806396484,
      "side_mean": -55.51038360595703
    },
    {
      "high_freq": 392.3793640136719,
      "loudness": -33.321998596191406,
      "loudness_range": 14.812156677246094,
      "low_freq": 148.1999969482422,
      "mid_mean": -29.973669052124023,
      "mid_to_side_loudness": -12.600780487060547,
      "mid_to_side_loudness_range": 15.044622421264648,
      "side_mean": -43.01127624511719
    },
    {
      "high_freq": 794.6976318359375,
      "loudness": -37.41972351074219,
      "loudness_range": 16.349117279052734,
      "low_freq": 392.3793640136719,
      "mid_mean": -34.540977478027344,
      "mid_to_side_loudness": -8.84326171875,
      "mid_to_side_loudness_range": 15.837400436401367,
      "side_mean": -43.67031478881836
    },
    {
      "high_freq": 1457.5709228515625,
      "loudness": -40.66957473754883,
      "loudness_range": 21.349868774414062,
      "low_freq": 794.6976318359375,
      "mid_mean": -37.80381774902344,
      "mid_to_side_loudness": -8.598125457763672,
      "mid_to_side_loudness_range": 15.393553733825684,
      "side_mean": -46.70058059692383
    },
    {
      "high_freq": 2549.74365234375,
      "loudness": -43.054405212402344,
      "loudness_range": 20.091245651245117,
      "low_freq": 1457.5709228515625,
      "mid_mean": -40.34360122680664,
      "mid_to_side_loudness": -7.748891353607178,
      "mid_to_side_loudness_range": 15.376022338867188,
      "side_mean": -48.34261703491211
    },
    {
      "high_freq": 4349.24462890625,
      "loudness": -41.62884521484375,
      "loudness_range": 18.278179168701172,
      "low_freq": 2549.74365234375,
      "mid_mean": -38.69025421142578,
      "mid_to_side_loudness": -9.313353538513184,
      "mid_to_side_loudness_range": 15.857123374938965,
      "side_mean": -48.20112228393555
    },
    {
      "high_freq": 7314.1640625,
      "loudness": -46.35548782348633,
      "loudness_range": 19.968921661376953,
      "low_freq": 4349.24462890625,
      "mid_mean": -43.65618133544922,
      "mid_to_side_loudness": -8.287084579467773,
      "mid_to_side_loudness_range": 17.313854217529297,
      "side_mean": -52.38700485229492
    },
    {
      "high_freq": 12199.2666015625,
      "loudness": -52.705509185791016,
      "loudness_range": 23.32638168334961,
      "low_freq": 7314.1640625,
      "mid_mean": -51.56587219238281,
      "mid_to_side_loudness": -6.957396984100342,
      "mid_to_side_loudness_range": 21.287450790405273,
      "side_mean": -57.36241912841797
    },
    {
      "loudness": -61.612422943115234,
      "loudness_range": 25.64051055908203,
      "low_freq": 12199.2666015625,
      "mid_mean": -59.51436233520508,
      "mid_to_side_loudness": -6.881618976593018,
      "mid_to_side_loudness_range": 22.00578498840332,
      "side_mean": -63.25942611694336
    }
  ],
  "bandwidth": 426.80474853515625,
  "channels": 2,
  "covariance": [
    [
      28.331602096557617,
      36.811588287353516,
      16.185340881347656,
      16.62579917907715,
      9.270526885986328,
      17.7884578704834,
      12.809680938720703,
      21.18492317199707,
      10.036957740783691,
      18.971166610717773,
      11.762235641479492,
      22.979167938232422,
      11.173810958862305,
      27.74338150024414,
      11.543349266052246,
      28.97702980041504,
      13.130779266357422,
      20.871957778930664
    ],
    [
      36.811588287353516,
      100.71114349365234,
      29.65290069580078,
      36.62141799926758,
      17.7385196685791,
      38.90102005004883,
      26.760831832885742,
      44.71495819091797,
      17.84501075744629,
      37.68605041503906,
      24.34889030456543,
      48.528568267822266,
      24.687379837036133,
      55.95607376098633,
      25.524991989135742,
      55.08904266357422,
      27.30258560180664,
      40.9448356628418
    ],
    [
      16.185340881347656,
      29.65290069580078,
      19.9733943939209,
      16.91891860961914,
      12.650729179382324,
      17.23219108581543,
      13.673721313476562,
      20.47418975830078,
      13.362442016601562,
      18.80945587158203,
      15.115666389465332,
      22.736358642578125,
      12.542317390441895,
      24.9241943359375,
      14.879962921142578,
      26.70868492126465,
      14.534565925598145,
      20.29837989807129
    ],
    [
      16.62579917907715,
      36.62141799926758,
      16.91891860961914,
      28.10183334350586,
      11.199822425842285,
      22.763721466064453,
      13.184701919555664,
      22.797870635986328,
      11.628384590148926,
      20.31707763671875,
      13.838098526000977,
      25.55312728881836,
      11.67932415008545,
      29.48528289794922,
      14.08114242553711,
      29.439441680908203,
      16.18125343322754,
      22.786928176879883
    ],
    [
      9.270526885986328,
      17.7385196685791,
      12.650729179382324,
      11.199822425842285,
      26.66400718688965,
      21.77019500732422,
      25.202529907226562,
      22.066162109375,
      17.815013885498047,
      16.620512008666992,
      17.077674865722656,
      16.370668411254883,
      12.059929847717285,
      16.806198120117188,
      12.18900203704834,
      18.534164428710938,
      12.203442573547363,
      14.88029956817627
    ],
    [
      17.7884578704834,
      38.90102005004883,
      17.23219108581543,
      22.763721466064453,
      21.77019500732422,
      35.82712936401367,
      21.61530876159668,
      30.768476486206055,
      16.116928100585938,
      25.94060516357422,
      17.987564086914062,
      30.960004806518555,
      15.546676635742188,
      34.131473541259766,
      14.466383934020996,
      33.25184631347656,
      16.254587173461914,
      25.98916244506836
    ],
    [
      12.809680938720703,
      26.760831832885742,
      13.673721313476562,
      13.184701919555664,
      25.202529907226562,
      21.61530876159668,
      44.63488006591797,
      33.58003234863281,
      19.210140228271484,
      19.64036750793457,
      19.085384368896484,
      19.111949920654297,
      13.966543197631836,
      18.7293643951416,
      14.07148551940918,
      21.514137268066406,
      14.532463073730469,
      18.123262405395508
    ],
    [
      21.18492317199707,
      44.71495819091797,
      20.47418975830078,
      22.797870635986328,
      22.066162109375,
      30.768476486206055,
      33.58003234863281,
      42.23851776123047,
      19.392681121826172,
      30.354211807250977,
      21.551834106445312,
      35.03178787231445,
      18.66877555847168,
      36.32632064819336,
      19.659812927246094,
      37.41010665893555,
      20.823007583618164,
      30.137502670288086
    ],
    [
      10.036957740783691,
      17.84501075744629,
      13.362442016601562,
      11.628384590148926,
      17.815013885498047,
      16.116928100585938,
      19.210140228271484,
      19.392681121826172,
      36.706363677978516,
      24.117008209228516,
      26.422636032104492,
      21.205904006958008,
      19.180490493774414,
      19.888139724731445,
      22.152498245239258,
      23.610055923461914,
      17.90557289123535,
      19.810049057006836
    ],
    [
      18.971166610717773,
      37.68605041503906,
      18.80945587158203,
      20.31707763671875,
      16.620512008666992,
      25.94060516357422,
      19.64036750793457,
      30.354211807250977,
      24.117008209228516,
      33.37474822998047,
      22.30533790588379,
      36.27289581298828,
      20.456327438354492,
      38.35605239868164,
      22.257274627685547,
      39.52825927734375,
      21.800662994384766,
      31.536483764648438
    ],
    [
      11.762235641479492,
      24.34889030456543,
      15.115666389465332,
      13.838098526000977,
      17.077674865722656,
      17.987564086914062,
      19.085384368896484,
      21.551834106445312,
      26.422636032104492,
      22.30533790588379,
      28.9499454498291,
      26.57869529724121,
      21.18784523010254,
      25.808259963989258,
      23.75288963317871,
      26.957294464111328,
      18.373689651489258,
      20.695180892944336
    ],
    [
      22.979167938232422,
      48.528568267822266,
      22.736358642578125,
      25.55312728881836,
      16.370668411254883,
      30.960004806518555,
      19.111949920654297,
      35.03178787231445,
      21.205904006958008,
      36.27289581298828,
      26.57869529724121,
      48.07908630371094,
      24.257884979248047,
      49.743682861328125,
      25.675281524658203,
      48.99765396118164,
      24.14980697631836,
      37.81926727294922
    ],
    [
      11.173810958862305,
      24.687379837036133,
      12.542317390441895,
      11.67932415008545,
      12.059929847717285,
      15.546676635742188,
      13.966543197631836,
      18.66877555847168,
      19.180490493774414,
      20.456327438354492,
      21.18784523010254,
      24.257884979248047,
      32.01015090942383,
      32.2676887512207,
      33.62248229980469,
      32.22795867919922,
      29.103307723999023,
      24.163862228393555
    ],
    [
      27.74338150024414,
      55.95607376098633,
      24.9241943359375,
      29.48528289794922,
      16.806198120117188,
      34.131473541259766,
      18.7293643951416,
      36.32632064819336,
      19.888139724731445,
      38.35605239868164,
      25.808259963989258,
      49.743682861328125,
      32.2676887512207,
      70.80052185058594,
      33.7402458190918,
      67.79170989990234,
      38.69914627075195,
      50.55424499511719
    ],
    [
      11.543349266052246,
      25.524991989135742,
      14.879962921142578,
      14.08114242553711,
      12.18900203704834,
      14.466383934020996,
      14.07148551940918,
      19.659812927246094,
      22.152498245239258,
      22.257274627685547,
      23.75288963317871,
      25.675281524658203,
      33.62248229980469,
      33.7402458190918,
      47.71798324584961,
      38.56019592285156,
      41.04246139526367,
      30.909669876098633
    ],
    [
      28.97702980041504,
      55.08904266357422,
      26.70868492126465,
      29.439441680908203,
      18.534164428710938,
      33.25184631347656,
      21.514137268066406,
      37.41010665893555,
      23.610055923461914,
      39.52825927734375,
      26.957294464111328,
      48.99765396118164,
      32.22795867919922,
      67.79170989990234,
      38.56019592285156,
      72.98265075683594,
      43.3131103515625,
      57.2581787109375
    ],
    [
      13.130779266357422,
      27.30258560180664,
      14.534565925598145,
      16.18125343322754,
      12.203442573547363,
      16.254587173461914,
      14.532463073730469,
      20.823007583618164,
      17.90557289123535,
      21.800662994384766,
      18.373689651489258,
      24.14980697631836,
      29.103307723999023,
      38.69914627075195,
      41.04246139526367,
      43.3131103515625,
      46.45050811767578,
      36.8619499206543
    ],
    [
      20.871957778930664,
      40.9448356628418,
      20.29837989807129,
      22.786928176879883,
      14.88029956817627,
      25.98916244506836,
      18.123262405395508,
      30.137502670288086,
      19.810049057006836,
      31.536483764648438,
      20.695180892944336,
      37.81926727294922,
      24.163862228393555,
      50.55424499511719,
      30.909669876098633,
      57.2581787109375,
      36.8619499206543,
      49.716732025146484
    ]
  ],
  "covariance_short": [
    [
      29.6169376373291,
      23.624258041381836,
      16.260963439941406,
      12.157341957092285,
      6.286089897155762,
      11.493674278259277,
      8.446322441101074,
      14.86325740814209,
      7.76316499710083,
      13.941326141357422,
      8.433120727539062,
      16.389184951782227,
      8.575176239013672,
      20.534961700439453,
      11.471291542053223,
      19.68198013305664,
      8.416982650756836,
      12.820904731750488
    ],
    [
      23.624258041381836,
      86.31700134277344,
      29.454750061035156,
      35.80422592163086,
      19.490888595581055,
      36.146209716796875,
      25.30473518371582,
      40.60283279418945,
      19.562196731567383,
      33.69831466674805,
      25.18334197998047,
      43.407958984375,
      26.9211483001709,
      51.217132568359375,
      30.4713191986084,
      48.57197570800781,
      23.2498779296875,
      31.96909523010254
    ],
    [
      16.260963439941406,
      29.454750061035156,
      28.10623550415039,
      19.916318893432617,
      15.776724815368652,
      19.40781593322754,
      16.146162033081055,
      23.005756378173828,
      15.889569282531738,
      21.14099884033203,
      17.661495208740234,
      24.93050193786621,
      14.869566917419434,
      27.22889518737793,
      20.077289581298828,
      28.030818939208984,
      15.347785949707031,
      20.109617233276367
    ],
    [
      12.157341957092285,
      35.80422592163086,
      19.916318893432617,
      39.27782440185547,
      14.504898071289062,
      26.707870483398438,
      16.086429595947266,
      26.23136329650879,
      13.362080574035645,
      21.748428344726562,
      15.818852424621582,
      27.022438049316406,
      14.425163269042969,
      31.54656982421875,
      21.338462829589844,
      30.21352767944336,
      17.736711502075195,
      22.423633575439453
    ],
    [
      6.286089897155762,
      19.490888595581055,
      15.776724815368652,
      14.504898071289062,
      38.38585662841797,
      27.43775749206543,
      31.44968605041504,
      25.726240158081055,
      24.34173011779785,
      19.586721420288086,
      23.24782371520996,
      19.787017822265625,
      17.738130569458008,
      19.899234771728516,
      20.833959579467773,
      20.618846893310547,
      15.849841117858887,
      16.47142219543457
    ],
    [
      11.493674278259277,
      36.146209716796875,
      19.40781593322754,
      26.707870483398438,
      27.43775749206543,
      44.9719123840332,
      25.422725677490234,
      34.523616790771484,
      19.858407974243164,
      28.284587860107422,
      21.256336212158203,
      33.2928352355957,
      20.660459518432617,
      37.46949005126953,
      22.531185150146484,
      34.61081314086914,
      18.882335662841797,
      25.600067138671875
    ],
    [
      8.446322441101074,
      25.30473518371582,
      16.146162033081055,
      16.086429595947266,
      31.44968605041504,
      25.422725677490234,
      54.812110900878906,
      37.84922790527344,
      24.904720306396484,
      21.64946937561035,
      24.64732551574707,
      21.230634689331055,
      19.375415802001953,
      20.80386734008789,
      19.019784927368164,
      22.192785263061523,
      17.30292320251465,
      18.311298370361328
    ],
    [
      14.86325740814209,
      40.60283279418945,
      23.005756378173828,
      26.23136329650879,
      25.726240158081055,
      34.523616790771484,
      37.84922790527344,
      49.44878387451172,
      22.353105545043945,
      32.484317779541016,
      24.25401496887207,
      37.25568771362305,
      23.165016174316406,
      39.314327239990234,
      24.882644653320312,
      37.755924224853516,
      22.149425506591797,
      28.459148406982422
    ],
    [
      7.76316499710083,
      19.562196731567383,
      15.889569282531738,
      13.362080574035645,
      24.34173011779785,
      19.858407974243164,
      24.904720306396484,
      22.353105545043945,
      50.26234817504883,
      29.078393936157227,
      35.7720947265625,
      26.19818878173828,
      26.772502899169922,
      24.10586166381836,
      31.124656677246094,
      26.1604061126709,
      22.452363967895508,
      20.785518646240234
    ],
    [
      13.941326141357422,
      33.69831466674805,
      21.14099884033203,
      21.748428344726562,
      19.586721420288086,
      28.284587860107422,
      21.64946937561035,
      32.484317779541016,
      29.078393936157227,
      38.66938018798828,
      26.093717575073242,
      39.7437629699707,
      25.61628532409668,
      42.559051513671875,
      30.153640747070312,
      41.56806182861328,
      24.366863250732422,
      30.363445281982422
    ],
    [
      8.433120727539062,
      25.18334197998047,
      17.661495208740234,
      15.818852424621582,
      23.24782371520996,
      21.256336212158203,
      24.64732551574707,
      24.25401496887207,
      35.7720947265625,
      26.093717575073242,
      40.9551887512207,
      31.786239624023438,
      30.423503875732422,
      31.059860229492188,
      34.652496337890625,
      30.785139083862305,
      23.3237247467041,
      21.727384567260742
    ],
    [
      16.389184951782227,
      43.407958984375,
      24.93050193786621,
      27.022438049316406,
      19.787017822265625,
      33.2928352355957,
      21.230634689331055,
      37.25568771362305,
      26.19818878173828,
      39.7437629699707,
      31.786239624023438,
      53.76186752319336,
      30.926870346069336,
      56.22850036621094,
      34.734039306640625,
      53.631351470947266,
      26.905303955078125,
      37.52283477783203
    ],
    [
      8.575176239013672,
      26.9211483001709,
      14.869566917419434,
      14.425163269042969,
      17.738130569458008,
      20.660459518432617,
      19.375415802001953,
      23.165016174316406,
      26.772502899169922,
      25.61628532409668,
      30.423503875732422,
      30.926870346069336,
      43.713172912597656,
      40.224308013916016,
      45.56681823730469,
      39.23747634887695,
      35.44413757324219,
      27.609886169433594
    ],
    [
      20.534961700439453,
      51.217132568359375,
      27.22889518737793,
      31.54656982421875,
      19.899234771728516,
      37.46949005126953,
      20.80386734008789,
      39.314327239990234,
      24.10586166381836,
      42.559051513671875,
      31.059860229492188,
      56.22850036621094,
      40.224308013916016,
      80.40834045410156,
      52.406455993652344,
      74.89523315429688,
      40.45726776123047,
      51.074684143066406
    ],
    [
      11.471291542053223,
      30.4713191986084,
      20.077289581298828,
      21.338462829589844,
      20.833959579467773,
      22.531185150146484,
      19.019784927368164,
      24.882644653320312,
      31.124656677246094,
      30.153640747070312,
      34.652496337890625,
      34.734039306640625,
      45.56681823730469,
      52.406455993652344,
      74.71783447265625,
      56.19674301147461,
      57.117958068847656,
      41.288490295410156
    ],
    [
      19.68198013305664,
      48.57197570800781,
      28.030818939208984,
      30.21352767944336,
      20.618846893310547,
      34.61081314086914,
      22.192785263061523,
      37.755924224853516,
      26.1604061126709,
      41.56806182861328,
      30.785139083862305,
      53.631351470947266,
      39.23747634887695,
      74.89523315429688,
      56.19674301147461,
      82.38395690917969,
      47.692901611328125,
      60.96937561035156
    ],
    [
      8.416982650756836,
      23.2498779296875,
      15.347785949707031,
      17.736711502075195,
      15.849841117858887,
      18.882335662841797,
      17.30292320251465,
      22.149425506591797,
      22.452363967895508,
      24.366863250732422,
      23.3237247467041,
      26.905303955078125,
      35.44413757324219,
      40.45726776123047,
      57.117958068847656,
      47.692901611328125,
      54.34355163574219,
      41.14849853515625
    ],
    [
      12.820904731750488,
      31.96909523010254,
      20.109617233276367,
      22.423633575439453,
      16.47142219543457,
      25.600067138671875,
      18.311298370361328,
      28.459148406982422,
      20.785518646240234,
      30.363445281982422,
      21.727384567260742,
      37.52283477783203,
      27.609886169433594,
      51.074684143066406,
      41.288490295410156,
      60.96937561035156,
      41.14849853515625,
      53.43496322631836
    ]
  ],
  "damage": -17.64259147644043,
  "diff_bandwidth": 453.3369140625,
  "dissonance": 8.16387387679965,
  "drr": 15.264166831970215,
  "dynamics": 3.537721872329712,
  "format": 1245190,
  "frames": 9373611,
  "freq_pan_to_db": [
    [
      -26.85556983947754,
      -28.934375762939453,
      -27.294418334960938,
      -25.543228149414062,
      -23.76308250427246,
      -23.830354690551758,
      -25.176097869873047,
      -26.388010025024414,
      -27.039257049560547,
      -28.99730682373047,
      -29.3798770904541
    ],
    [
      -28.215730667114258,
      -27.9783935546875,
      -26.22237777709961,
      -24.347043991088867,
      -21.81884002685547,
      -21.06207275390625,
      -20.857772827148438,
      -23.020692825317383,
      -25.322711944580078,
      -27.085981369018555,
      -29.115524291992188
    ],
    [
      -27.3385009765625,
      -26.428220748901367,
      -25.595680236816406,
      -24.9803409576416,
      -23.019775390625,
      -21.49020767211914,
      -23.065296173095703,
      -24.732852935791016,
      -25.81306266784668,
      -27.094085693359375,
      -28.679927825927734
    ],
    [
      -29.458341598510742,
      -28.212310791015625,
      -25.791051864624023,
      -24.36321449279785,
      -23.464174270629883,
      -23.105606079101562,
      -24.277074813842773,
      -26.19025230407715,
      -27.527767181396484,
      -28.738685607910156,
      -30.816587448120117
    ],
    [
      -28.20863914489746,
      -26.966405868530273,
      -25.415904998779297,
      -24.52177619934082,
      -23.915929794311523,
      -25.304365158081055,
      -25.295570373535156,
      -26.12395477294922,
      -26.612470626831055,
      -27.563398361206055,
      -28.692279815673828
    ],
    [
      -35.33231735229492,
      -31.866308212280273,
      -29.73760986328125,
      -27.93983268737793,
      -26.409496307373047,
      -26.95462989807129,
      -27.78522300720215,
      -28.584867477416992,
      -30.13547134399414,
      -32.14421844482422,
      -33.26469802856445
    ],
    [
      -30.798877716064453,
      -30.403261184692383,
      -28.63119125366211,
      -27.932432174682617,
      -26.932458877563477,
      -26.637887954711914,
      -26.883548736572266,
      -27.425907135009766,
      -28.149049758911133,
      -29.22641372680664,
      -29.9271240234375
    ],
    [
      -34.278839111328125,
      -34.2630729675293,
      -32.33322525024414,
      -31.253353118896484,
      -29.0092716217041,
      -28.32828712463379,
      -30.096620559692383,
      -31.176578521728516,
      -32.061519622802734,
      -32.91382598876953,
      -34.023807525634766
    ],
    [
      -29.755266189575195,
      -30.46660804748535,
      -29.978591918945312,
      -29.88100242614746,
      -29.35626220703125,
      -29.831222534179688,
      -30.069534301757812,
      -30.065587997436523,
      -30.562660217285156,
      -30.29871368408203,
      -29.476282119750977
    ],
    [
      -32.94936752319336,
      -33.09959411621094,
      -33.20866012573242,
      -32.51340866088867,
      -31.646121978759766,
      -31.25653839111328,
      -32.25679397583008,
      -32.6768798828125,
      -33.44662094116211,
      -33.933349609375,
      -33.83760452270508
    ],
    [
      -33.8723258972168,
      -35.35010528564453,
      -35.02915954589844,
      -32.756874084472656,
      -29.76943016052246,
      -27.51095962524414,
      -30.64312171936035,
      -32.56830596923828,
      -33.96839141845703,
      -35.79840850830078,
      -35.702579498291016
    ],
    [
      -33.5041389465332,
      -35.425018310546875,
      -33.82194900512695,
      -31.95645523071289,
      -29.911279678344727,
      -28.366992950439453,
      -30.401185989379883,
      -32.30075454711914,
      -33.730953216552734,
      -34.17593765258789,
      -34.76139831542969
    ],
    [
      -36.350887298583984,
      -36.33415222167969,
      -35.1090202331543,
      -34.1078987121582,
      -32.91142272949219,
      -31.545522689819336,
      -33.38946533203125,
      -34.593990325927734,
      -34.54220199584961,
      -35.73455047607422,
      -36.98102569580078
    ],
    [
      -36.2071533203125,
      -35.75444412231445,
      -35.150733947753906,
      -33.6790771484375,
      -32.92631530761719,
      -30.5456600189209,
      -33.64250564575195,
      -34.8396110534668,
      -35.445465087890625,
      -36.66181182861328,
      -36.53666687011719
    ],
    [
      -34.579593658447266,
      -35.220272064208984,
      -36.47456359863281,
      -36.37347412109375,
      -34.84780502319336,
      -31.936010360717773,
      -35.47199249267578,
      -35.55448532104492,
      -36.75291442871094,
      -36.78364562988281,
      -36.255367279052734
    ],
    [
      -34.623878479003906,
      -36.2772102355957,
      -37.12247848510742,
      -38.034446716308594,
      -35.16415786743164,
      -31.976322174072266,
      -35.31037902832031,
      -37.03022003173828,
      -37.03960418701172,
      -34.75723648071289,
      -31.42949676513672
    ],
    [
      -34.567874908447266,
      -34.63134765625,
      -37.84246063232422,
      -38.57952880859375,
      -36.384273529052734,
      -31.48516845703125,
      -37.09272766113281,
      -38.75054931640625,
      -37.79063034057617,
      -32.438594818115234,
      -32.60435104370117
    ],
    [
      -38.88861846923828,
      -38.3382453918457,
      -39.01533889770508,
      -39.28517532348633,
      -38.34374237060547,
      -34.059391021728516,
      -38.500343322753906,
      -39.83537673950195,
      -39.088775634765625,
      -36.269046783447266,
      -35.810142517089844
    ],
    [
      -41.167320251464844,
      -40.68366622924805,
      -39.37278366088867,
      -40.67760467529297,
      -39.39796447753906,
      -36.24126434326172,
      -40.62742233276367,
      -41.932167053222656,
      -40.47465133666992,
      -41.841251373291016,
      -40.74311065673828
    ],
    [
      -43.26197052001953,
      -42.719825744628906,
      -41.418792724609375,
      -43.18601608276367,
      -41.27701950073242,
      -37.65845489501953,
      -41.55485916137695,
      -42.53537368774414,
      -40.221370697021484,
      -42.27297592163086,
      -43.18943786621094
    ],
    [
      -41.54241943359375,
      -42.53237533569336,
      -42.399845123291016,
      -42.208709716796875,
      -42.37286376953125,
      -39.55564880371094,
      -42.09689712524414,
      -42.047828674316406,
      -42.26315689086914,
      -42.61841583251953,
      -41.89115905761719
    ],
    [
      -42.39501190185547,
      -43.469539642333984,
      -43.236690521240234,
      -42.64497375488281,
      -42.896488189697266,
      -38.60994338989258,
      -42.68178939819336,
      -42.08461380004883,
      -43.75020217895508,
      -43.81362533569336,
      -44.7255973815918
    ],
    [
      -42.01077651977539,
      -41.943965911865234,
      -43.302955627441406,
      -43.65530014038086,
      -41.06314468383789,
      -36.613956451416016,
      -40.8094482421875,
      -42.84493637084961,
      -43.059410095214844,
      -43.26193618774414,
      -44.20499801635742
    ],
    [
      -45.03697967529297,
      -42.779083251953125,
      -44.83460998535156,
      -43.83552169799805,
      -42.55748748779297,
      -37.16825866699219,
      -42.593441009521484,
      -43.8948974609375,
      -43.5081901550293,
      -43.87186050415039,
      -42.705257415771484
    ],
    [
      -45.50618362426758,
      -43.121761322021484,
      -42.75271224975586,
      -42.64467239379883,
      -42.603355407714844,
      -40.360984802246094,
      -41.942684173583984,
      -42.57128143310547,
      -42.983070373535156,
      -42.948814392089844,
      -41.15513610839844
    ],
    [
      -42.50029754638672,
      -42.215782165527344,
      -42.03617858886719,
      -42.379417419433594,
      -42.187835693359375,
      -41.73518753051758,
      -42.32643508911133,
      -42.24781036376953,
      -42.32460021972656,
      -42.73045349121094,
      -40.596336364746094
    ],
    [
      -40.603050231933594,
      -41.02748107910156,
      -41.07109832763672,
      -41.70212173461914,
      -41.75425338745117,
      -42.131771087646484,
      -41.47377014160156,
      -41.055091857910156,
      -40.78145980834961,
      -40.49307632446289,
      -36.7489128112793
    ],
    [
      -38.34553146362305,
      -40.475189208984375,
      -42.31124496459961,
      -42.36140823364258,
      -42.795833587646484,
      -43.78936004638672,
      -43.136138916015625,
      -42.72475814819336,
      -43.987205505371094,
      -44.90729904174805,
      -39.294254302978516
    ],
    [
      -39.947608947753906,
      -41.558135986328125,
      -42.63056945800781,
      -43.774322509765625,
      -43.592899322509766,
      -45.3289794921875,
      -43.80949783325195,
      -43.523841857910156,
      -45.28178024291992,
      -45.675987243652344,
      -370
    ],
    [
      -41.884193420410156,
      -42.12712097167969,
      -43.30104446411133,
      -44.038089752197266,
      -44.218421936035156,
      -44.537498474121094,
      -45.55848693847656,
      -44.78947448730469,
      -45.47725296020508,
      -48.4301643371582,
      -51.402462005615234
    ],
    [
      -56.25027084350586,
      -44.47856140136719,
      -45.16786193847656,
      -45.54195785522461,
      -45.64366912841797,
      -44.00362777709961,
      -46.54419708251953,
      -46.51877975463867,
      -46.377769470214844,
      -49.99051284790039,
      -47.83623504638672
    ],
    [
      -57.87189483642578,
      -46.60211944580078,
      -46.92597579956055,
      -47.08920669555664,
      -47.59783935546875,
      -46.90509033203125,
      -47.7217903137207,
      -47.90865707397461,
      -48.356956481933594,
      -47.264949798583984,
      -48.927764892578125
    ],
    [
      -39.531883239746094,
      -44.559234619140625,
      -48.344810485839844,
      -47.45528793334961,
      -48.71891403198242,
      -47.94009780883789,
      -49.06711959838867,
      -49.015625,
      -49.24266052246094,
      -50.374542236328125,
      -44.15668487548828
    ],
    [
      -370,
      -52.900146484375,
      -50.860748291015625,
      -48.376094818115234,
      -48.916744232177734,
      -49.16690444946289,
      -49.40896987915039,
      -50.00617599487305,
      -51.88117980957031,
      -51.52219009399414,
      -370
    ],
    [
      -46.90373992919922,
      -51.756263732910156,
      -47.83279037475586,
      -49.77829360961914,
      -49.764766693115234,
      -50.561485290527344,
      -50.056461334228516,
      -49.81391525268555,
      -51.32008743286133,
      -48.055274963378906,
      -370
    ],
    [
      -370,
      -49.95615768432617,
      -47.19483947753906,
      -50.771610260009766,
      -51.35850524902344,
      -50.51560592651367,
      -50.73104476928711,
      -50.73944854736328,
      -52.22735595703125,
      -52.916290283203125,
      -56.67052459716797
    ],
    [
      -49.39750289916992,
      -50.15331268310547,
      -51.08286666870117,
      -50.74051284790039,
      -52.20830154418945,
      -50.37354278564453,
      -51.90785217285156,
      -52.288516998291016,
      -53.94782638549805,
      -54.58012771606445,
      -67.02141571044922
    ],
    [
      -49.37147903442383,
      -51.43313217163086,
      -52.31252670288086,
      -52.51511764526367,
      -54.0269889831543,
      -52.80899429321289,
      -54.02616882324219,
      -53.285099029541016,
      -54.78306579589844,
      -52.828277587890625,
      -51.45953369140625
    ],
    [
      -50.88883590698242,
      -51.6934700012207,
      -51.867759704589844,
      -55.02688217163086,
      -55.494197845458984,
      -55.53462600708008,
      -55.26516342163086,
      -53.74537658691406,
      -56.49378204345703,
      -55.471866607666016,
      -60.798763275146484
    ],
    [
      -52.696861267089844,
      -54.81919860839844,
      -54.22106170654297,
      -56.187557220458984,
      -57.578548431396484,
      -58.34242248535156,
      -56.80485916137695,
      -56.95320129394531,
      -57.67279052734375,
      -55.40273666381836,
      -370
    ],
    [
      -56.566078186035156,
      -55.85874938964844,
      -56.05707550048828,
      -57.907283782958984,
      -58.89751434326172,
      -61.30106735229492,
      -59.59014129638672,
      -59.101707458496094,
      -62.53733444213867,
      -59.34955978393555,
      -55.868141174316406
    ],
    [
      -56.390296936035156,
      -59.040428161621094,
      -58.10216522216797,
      -58.524658203125,
      -60.16534423828125,
      -63.283443450927734,
      -60.21878433227539,
      -58.319000244140625,
      -58.376644134521484,
      -59.47663497924805,
      -61.108612060546875
    ]
  ],
  "histogram": [
    {
      "db": -70,
      "frequency": 1
    },
    {
      "db": -69,
      "frequency": 0
    },
    {
      "db": -68,
      "frequency": 0
    },
    {
      "db": -67,
      "frequency": 1
    },
    {
      "db": -66,
      "frequency": 0
    },
    {
      "db": -65,
      "frequency": 1
    },
    {
      "db": -64,
      "frequency": 0
    },
    {
      "db": -63,
      "frequency": 1
    },
    {
      "db": -62,
      "frequency": 1
    },
    {
      "db": -61,
      "frequency": 1
    },
    {
      "db": -60,
      "frequency": 0
    },
    {
      "db": -59,
      "frequency": 1
    },
    {
      "db": -58,
      "frequency": 1
    },
    {
      "db": -57,
      "frequency": 1
    },
    {
      "db": -56,
      "frequency": 1
    },
    {
      "db": -55,
      "frequency": 1
    },
    {
      "db": -54,
      "frequency": 1
    },
    {
      "db": -53,
      "frequency": 2
    },
    {
      "db": -52,
      "frequency": 1
    },
    {
      "db": -51,
      "frequency": 1
    },
    {
      "db": -50,
      "frequency": 2
    },
    {
      "db": -49,
      "frequency": 1
    },
    {
      "db": -48,
      "frequency": 2
    },
    {
      "db": -47,
      "frequency": 1
    },
    {
      "db": -46,
      "frequency": 2
    },
    {
      "db": -45,
      "frequency": 2
    },
    {
      "db": -44,
      "frequency": 3
    },
    {
      "db": -43,
      "frequency": 2
    },
    {
      "db": -42,
      "frequency": 2
    },
    {
      "db": -41,
      "frequency": 1
    },
    {
      "db": -40,
      "frequency": 2
    },
    {
      "db": -39,
      "frequency": 2
    },
    {
      "db": -38,
      "frequency": 3
    },
    {
      "db": -37,
      "frequency": 4
    },
    {
      "db": -36,
      "frequency": 8
    },
    {
      "db": -35,
      "frequency": 11
    },
    {
      "db": -34,
      "frequency": 14
    },
    {
      "db": -33,
      "frequency": 48
    },
    {
      "db": -32,
      "frequency": 42
    },
    {
      "db": -31,
      "frequency": 60
    },
    {
      "db": -30,
      "frequency": 79
    },
    {
      "db": -29,
      "frequency": 95
    },
    {
      "db": -28,
      "frequency": 76
    },
    {
      "db": -27,
      "frequency": 97
    },
    {
      "db": -26,
      "frequency": 83
    },
    {
      "db": -25,
      "frequency": 71
    },
    {
      "db": -24,
      "frequency": 236
    },
    {
      "db": -23,
      "frequency": 462
    },
    {
      "db": -22,
      "frequency": 478
    },
    {
      "db": -21,
      "frequency": 185
    },
    {
      "db": -20,
      "frequency": 16
    },
    {
      "db": -19,
      "frequency": 0
    },
    {
      "db": -18,
      "frequency": 0
    },
    {
      "db": -17,
      "frequency": 0
    },
    {
      "db": -16,
      "frequency": 0
    },
    {
      "db": -15,
      "frequency": 0
    },
    {
      "db": -14,
      "frequency": 0
    },
    {
      "db": -13,
      "frequency": 0
    },
    {
      "db": -12,
      "frequency": 0
    },
    {
      "db": -11,
      "frequency": 0
    },
    {
      "db": -10,
      "frequency": 0
    },
    {
      "db": -9,
      "frequency": 0
    },
    {
      "db": -8,
      "frequency": 0
    },
    {
      "db": -7,
      "frequency": 0
    },
    {
      "db": -6,
      "frequency": 0
    },
    {
      "db": -5,
      "frequency": 0
    },
    {
      "db": -4,
      "frequency": 0
    },
    {
      "db": -3,
      "frequency": 0
    },
    {
      "db": -2,
      "frequency": 0
    },
    {
      "db": -1,
      "frequency": 0
    },
    {
      "db": 0,
      "frequency": 0
    },
    {
      "db": 1,
      "frequency": 0
    },
    {
      "db": 2,
      "frequency": 0
    },
    {
      "db": 3,
      "frequency": 0
    },
    {
      "db": 4,
      "frequency": 0
    },
    {
      "db": 5,
      "frequency": 0
    },
    {
      "db": 6,
