{
  "acoustic_entropy": 189.64599609375,
  "bands": [
    {
      "high_freq": 148.1999969482422,
      "loudness": -33.34902572631836,
      "loudness_range": 13.83438491821289,
      "mid_mean": -29.731637954711914,
      "mid_to_side_loudness": -23.207555770874023,
      "mid_to_side_loudness_range": 27.86919593811035,
      "side_mean": -52.526222229003906
    },
    {
      "high_freq": 392.3793640136719,
      "loudness": -33.23778533935547,
      "loudness_range": 11.514022827148438,
      "low_freq": 148.1999969482422,
      "mid_mean": -29.867685317993164,
      "mid_to_side_loudness": -11.981060981750488,
      "mid_to_side_loudness_range": 11.27160930633545,
      "side_mean": -42.277286529541016
    },
    {
      "high_freq": 794.6976318359375,
      "loudness": -36.235755920410156,
      "loudness_range": 13.239910125732422,
      "low_freq": 392.3793640136719,
      "mid_mean": -33.26578140258789,
      "mid_to_side_loudness": -8.856588363647461,
      "mid_to_side_loudness_range": 13.582539558410645,
      "side_mean": -42.414974212646484
    },
    {
      "high_freq": 1457.5709228515625,
      "loudness": -40.254486083984375,
      "loudness_range": 19.717634201049805,
      "low_freq": 794.6976318359375,
      "mid_mean": -37.24855422973633,
      "mid_to_side_loudness": -8.905463218688965,
      "mid_to_side_loudness_range": 13.261051177978516,
      "side_mean": -46.39271926879883
    },
    {
      "high_freq": 2549.74365234375,
      "loudness": -41.635162353515625,
      "loudness_range": 17.604991912841797,
      "low_freq": 1457.5709228515625,
      "mid_mean": -38.74320983886719,
      "mid_to_side_loudness": -8.30889892578125,
      "mid_to_side_loudness_range": 13.580428123474121,
      "side_mean": -47.29354476928711
    },
    {
      "high_freq": 4349.24462890625,
      "loudness": -40.587886810302734,
      "loudness_range": 15.288082122802734,
      "low_freq": 2549.74365234375,
      "mid_mean": -37.56394958496094,
      "mid_to_side_loudness": -9.464492797851562,
      "mid_to_side_loudness_range": 14.465631484985352,
      "side_mean": -47.20979309082031
    },
    {
      "high_freq": 7314.1640625,
      "loudness": -45.039222717285156,
      "loudness_range": 16.570110321044922,
      "low_freq": 4349.24462890625,
      "mid_mean": -42.281436920166016,
      "mid_to_side_loudness": -8.201687812805176,
      "mid_to_side_loudness_range": 15.403647422790527,
      "side_mean": -50.976383209228516
    },
    {
      "high_freq": 12199.2666015625,
      "loudness": -50.344566345214844,
      "loudness_range": 18.239238739013672,
      "low_freq": 7314.1640625,
      "mid_mean": -48.53791046142578,
      "mid_to_side_loudness": -6.268706321716309,
      "mid_to_side_loudness_range": 17.68948745727539,
      "side_mean": -54.907649993896484
    },
    {
      "loudness": -58.24592971801758,
      "loudness_range": 19.76407241821289,
      "low_freq": 12199.2666015625,
      "mid_mean": -56.85368347167969,
      "mid_to_side_loudness": -4.880588054656982,
      "mid_to_side_loudness_range": 14.859395027160645,
      "side_mean": -60.45374298095703
    }
  ],
  "bands_short": [
    {
      "high_freq": 148.1999969482422,
      "loudness": -35.6900520324707,
      "loudness_range": 15.56828498840332,
      "mid_mean": -32.097068786621094,
      "mid_to_side_loudness": -23.487812042236328,
      "mid_to_side_loudness_range": 30.82151985168457,
      "side_mean": -55.42075729370117
    },
    {
      "high_freq": 392.3793640136719,
      "loudness": -33.20803451538086,
      "loudness_range": 14.448505401611328,
      "low_freq": 148.1999969482422,
      "mid_mean": -29.858978271484375,
      "mid_to_side_loudness": -12.567578315734863,
      "mid_to_side_loudness_range": 14.920585632324219,
      "side_mean": -42.861854553222656
    },
    {
      "high_freq": 794.6976318359375,
      "loudness": -37.27085494995117,
      "loudness_range": 16.273677825927734,
      "low_freq": 392.3793640136719,
      "mid_mean": -34.39314270019531,
      "mid_to_side_loudness": -8.838689804077148,
      "mid_to_side_loudness_range": 15.81702709197998,
      "side_mean": -43.51604461669922
    },
    {
      "high_freq": 1457.5709228515625,
      "loudness": -40.520381927490234,
      "loudness_range": 21.270383834838867,
      "low_freq": 794.6976318359375,
      "mid_mean": -37.6563835144043,
      "mid_to_side_loudness": -8.592911720275879,
      "mid_to_side_loudness_range": 15.372243881225586,
      "side_mean": -46.5483512878418
    },
    {
      "high_freq": 2549.74365234375,
      "loudness": -42.89661407470703,
      "loudness_range": 20.008506774902344,
      "low_freq": 1457.5709228515625,
      "mid_mean": -40.186729431152344,
      "mid_to_side_loudness": -7.7475128173828125,
      "mid_to_side_loudness_range": 15.374098777770996,
      "side_mean": -48.18355941772461
    },
    {
      "high_freq": 4349.24462890625,
      "loudness": -41.46505355834961,
      "loudness_range": 18.187915802001953,
      "low_freq": 2549.74365234375,
      "mid_mean": -38.52703094482422,
      "mid_to_side_loudness": -9.317201614379883,
      "mid_to_side_loudness_range": 15.838279724121094,
      "side_mean": -48.04116439819336
    },
    {
      "high_freq": 7314.1640625,
      "loudness": -46.18636703491211,
      "loudness_range": 19.929737091064453,
      "low_freq": 4349.24462890625,
      "mid_mean": -43.48775100708008,
      "mid_to_side_loudness": -8.297789573669434,
      "mid_to_side_loudness_range": 17.309606552124023,
      "side_mean": -52.239078521728516
    },
    {
      "high_freq": 12199.2666015625,
      "loudness": -52.545806884765625,
      "loudness_range": 23.261371612548828,
      "low_freq": 7314.1640625,
      "mid_mean": -51.41651916503906,
      "mid_to_side_loudness": -6.968141078948975,
      "mid_to_side_loudness_range": 21.288881301879883,
      "side_mean": -57.24094009399414
    },
    {
      "loudness": -61.469608306884766,
      "loudness_range": 25.649600982666016,
      "low_freq": 12199.2666015625,
      "mid_mean": -59.391998291015625,
      "mid_to_side_loudness": -6.899818420410156,
      "mid_to_side_loudness_range": 22.024145126342773,
      "side_mean": -63.1789665222168
    }
  ],
  "bandwidth": 440.8946838378906,
  "channels": 2,
  "covariance": [
    [
      25.98084831237793,
      35.71806716918945,
      15.06003475189209,
      15.931400299072266,
      8.693696022033691,
      17.056533813476562,
      12.114326477050781,
      20.189111709594727,
      9.292051315307617,
      18.119565963745117,
      11.023040771484375,
      21.979188919067383,
      10.576207160949707,
      26.662281036376953,
      10.718565940856934,
      27.80478858947754,
      12.545121192932129,
      20.093280792236328
    ],
    [
      35.71806716918945,
      101.49738311767578,
      29.116844177246094,
      36.448463439941406,
      17.42119789123535,
      38.84465408325195,
      26.442764282226562,
      44.71141052246094,
      17.523208618164062,
      37.54690933227539,
      24.190393447875977,
      48.51155471801758,
      24.596363067626953,
      56.06022644042969,
      25.56760025024414,
      55.2344970703125,
      27.239070892333984,
      41.17871856689453
    ],
    [
      15.06003475189209,
      29.116844177246094,
      19.367984771728516,
      16.539169311523438,
      12.280924797058105,
      16.82501792907715,
      13.254719734191895,
      19.819339752197266,
      12.929862022399902,
      18.294021606445312,
      14.74374771118164,
      22.190038681030273,
      12.184788703918457,
      24.34674644470215,
      14.245356559753418,
      26.1157283782959,
      14.181503295898438,
      19.867008209228516
    ],
    [
      15.931400299072266,
      36.448463439941406,
      16.539169311523438,
      27.921260833740234,
      10.955196380615234,
      22.554229736328125,
      12.903447151184082,
      22.4526424407959,
      11.351110458374023,
      20.023902893066406,
      13.628477096557617,
      25.271970748901367,
      11.483894348144531,
      29.23069190979004,
      13.754737854003906,
      29.19963264465332,
      16.019994735717773,
      22.655193328857422
    ],
    [
      8.693696022033691,
      17.42119789123535,
      12.280924797058105,
      10.955196380615234,
      26.40378189086914,
      21.526222229003906,
      24.942411422729492,
      21.56278419494629,
      17.544944763183594,
      16.29046630859375,
      16.846248626708984,
      16.025007247924805,
      11.828242301940918,
      16.44441032409668,
      11.631616592407227,
      18.189565658569336,
      11.979506492614746,
      14.601627349853516
    ],
    [
      17.056533813476562,
      38.84465408325195,
      16.82501792907715,
      22.554229736328125,
      21.526222229003906,
      35.666900634765625,
      21.367555618286133,
      30.444042205810547,
      15.85533332824707,
      25.68502426147461,
      17.79195213317871,
      30.718000411987305,
      15.368704795837402,
      33.92146301269531,
      14.113958358764648,
      33.066444396972656,
      16.104642868041992,
      25.911956787109375
    ],
    [
      12.114326477050781,
      26.442764282226562,
      13.254719734191895,
      12.903447151184082,
      24.942411422729492,
      21.367555618286133,
      44.36625671386719,
      33.273921966552734,
      18.948673248291016,
      19.300214767456055,
      18.843524932861328,
      18.75286102294922,
      13.749663352966309,
      18.36294174194336,
      13.261030197143555,
      21.182586669921875,
      14.351679801940918,
      17.885337829589844
    ],
    [
      20.189111709594727,
      44.71141052246094,
      19.819339752197266,
      22.4526424407959,
      21.56278419494629,
      30.444042205810547,
      33.273921966552734,
      41.77589797973633,
      19.078744888305664,
      29.866168975830078,
      21.31467056274414,
      34.743324279785156,
      18.449533462524414,
      35.88396453857422,
      19.017963409423828,
      37.055511474609375,
      20.532968521118164,
      29.95923614501953
    ],
    [
      9.292051315307617,
      17.523208618164062,
      12.929862022399902,
      11.351110458374023,
      17.544944763183594,
      15.85533332824707,
      18.948673248291016,
      19.078744888305664,
      36.46056365966797,
      23.820816040039062,
      26.23912239074707,
      20.898223876953125,
      18.985652923583984,
      19.569931030273438,
      21.539840698242188,
      23.340763092041016,
      17.767404556274414,
      19.622941970825195
    ],
    [
      18.119565963745117,
      37.54690933227539,
      18.294021606445312,
      20.023902893066406,
      16.29046630859375,
      25.68502426147461,
      19.300214767456055,
      29.866168975830078,
      23.820816040039062,
      33.10157775878906,
      22.09212875366211,
      36.021331787109375,
      20.267013549804688,
      38.14262390136719,
      21.729185104370117,
      39.36228561401367,
      21.65559196472168,
      31.480728149414062
    ],
    [
      11.023040771484375,
      24.190393447875977,
      14.74374771118164,
      13.628477096557617,
      16.846248626708984,
      17.79195213317871,
      18.843524932861328,
      21.31467056274414,
      26.23912239074707,
      22.09212875366211,
      28.794939041137695,
      26.377735137939453,
      21.048744201660156,
      25.621986389160156,
      23.168807983398438,
      26.81534767150879,
      18.300966262817383,
      20.619592666625977
    ],
    [
      21.979188919067383,
      48.51155471801758,
      22.190038681030273,
      25.271970748901367,
      16.025007247924805,
      30.718000411987305,
      18.75286102294922,
      34.743324279785156,
      20.898223876953125,
      36.021331787109375,
      26.377735137939453,
      47.888572692871094,
      24.086580276489258,
      49.605552673339844,
      25.23012924194336,
      48.91403579711914,
      24.01693344116211,
      37.8495979309082
    ],
    [
      10.576207160949707,
      24.596363067626953,
      12.184788703918457,
      11.483894348144531,
      11.828242301940918,
      15.368704795837402,
      13.749663352966309,
      18.449533462524414,
      18.985652923583984,
      20.267013549804688,
      21.048744201660156,
      24.086580276489258,
      31.896650314331055,
      32.14936065673828,
      33.01877975463867,
      32.171485900878906,
      29.087125778198242,
      24.163164138793945
    ],
    [
      26.662281036376953,
      56.06022644042969,
      24.34674644470215,
      29.23069190979004,
      16.44441032409668,
      33.92146301269531,
      18.36294174194336,
      35.88396453857422,
      19.569931030273438,
      38.14262390136719,
      25.621986389160156,
      49.605552673339844,
      32.14936065673828,
      70.9518814086914,
      33.12245559692383,
      68.00579071044922,
      38.77182388305664,
      50.82248306274414
    ],
    [
      10.718565940856934,
      25.56760025024414,
      14.245356559753418,
      13.754737854003906,
      11.631616592407227,
      14.113958358764648,
      13.261030197143555,
      19.017963409423828,
      21.539840698242188,
      21.729185104370117,
      23.168807983398438,
      25.23012924194336,
      33.01877975463867,
      33.12245559692383,
      46.97624588012695,
      37.981353759765625,
      40.65732192993164,
      30.602725982666016
    ],
    [
      27.80478858947754,
      55.2344970703125,
      26.1157283782959,
      29.19963264465332,
      18.189565658569336,
      33.066444396972656,
      21.182586669921875,
      37.055511474609375,
      23.340763092041016,
      39.36228561401367,
      26.81534767150879,
      48.91403579711914,
      32.171485900878906,
      68.00579071044922,
      37.981353759765625,
      73.31077575683594,
      43.44059753417969,
      57.641605377197266
    ],
    [
      12.545121192932129,
      27.239070892333984,
      14.181503295898438,
      16.019994735717773,
      11.979506492614746,
      16.104642868041992,
      14.351679801940918,
      20.532968521118164,
      17.767404556274414,
      21.65559196472168,
      18.300966262817383,
      24.01693344116211,
      29.087125778198242,
      38.77182388305664,
      40.65732192993164,
      43.44059753417969,
      46.713836669921875,
      37.03560256958008
    ],
    [
      20.093280792236328,
      41.17871856689453,
      19.867008209228516,
      22.655193328857422,
      14.601627349853516,
      25.911956787109375,
      17.885337829589844,
      29.95923614501953,
      19.622941970825195,
      31.480728149414062,
      20.619592666625977,
      37.8495979309082,
      24.163164138793945,
      50.82248306274414,
      30.602725982666016,
      57.641605377197266,
      37.03560256958008,
      50.16829299926758
    ]
  ],
  "covariance_short": [
    [
      28.298524856567383,
      23.220375061035156,
      15.012081146240234,
      11.570524215698242,
      5.819334030151367,
      10.990107536315918,
      7.886857986450195,
      14.26777458190918,
      7.195766925811768,
      13.334860801696777,
      7.880533695220947,
      15.798200607299805,
      8.079602241516113,
      19.939077377319336,
      10.876570701599121,
      19.024391174316406,
      7.842861175537109,
      12.223664283752441
    ],
    [
      23.220375061035156,
      87.17610931396484,
      29.096485137939453,
      35.75672912597656,
      19.3406982421875,
      36.15306854248047,
      25.16704559326172,
      40.63640594482422,
      19.38605308532715,
      33.6850471496582,
      25.082502365112305,
      43.472023010253906,
      26.865341186523438,
      51.37052536010742,
      30.41722869873047,
      48.810096740722656,
      23.23334503173828,
      32.200096130371094
    ],
    [
      15.012081146240234,
      29.096485137939453,
      27.025550842285156,
      19.39562225341797,
      15.35036563873291,
      18.946731567382812,
      15.609170913696289,
      22.45496368408203,
      15.349376678466797,
      20.572181701660156,
      17.166484832763672,
      24.37272071838379,
      14.426412582397461,
      26.673837661743164,
      19.579940795898438,
      27.454050064086914,
      14.913349151611328,
      19.640161514282227
    ],
    [
      11.570524215698242,
      35.75672912597656,
      19.39562225341797,
      39.031349182128906,
      14.250072479248047,
      26.477638244628906,
      15.78336238861084,
      25.95234489440918,
      13.063082695007324,
      21.439281463623047,
      15.565145492553711,
      26.74469566345215,
      14.202169418334961,
      31.31074333190918,
      21.11753273010254,
      29.992666244506836,
      17.568891525268555,
      22.29176139831543
    ],
    [
      5.819334030151367,
      19.3406982421875,
      15.35036563873291,
      14.250072479248047,
      38.0731086730957,
      27.189960479736328,
      31.145702362060547,
      25.445199966430664,
      24.071128845214844,
      19.315874099731445,
      23.007577896118164,
      19.506494522094727,
      17.465185165405273,
      19.60280990600586,
      20.557846069335938,
      20.330810546875,
      15.630033493041992,
      16.25672721862793
    ],
    [
      10.990107536315918,
      36.15306854248047,
      18.946731567382812,
      26.477638244628906,
      27.189960479736328,
      44.77056884765625,
      25.15580940246582,
      34.2854118347168,
      19.5947265625,
      28.012962341308594,
      21.037328720092773,
      33.05335998535156,
      20.468910217285156,
      37.2813835144043,
      22.347265243530273,
      34.46239471435547,
      18.76228141784668,
      25.54815673828125
    ],
    [
      7.886857986450195,
      25.16704559326172,
      15.609170913696289,
      15.78336238861084,
      31.145702362060547,
      25.15580940246582,
      54.44559860229492,
      37.526763916015625,
      24.615764617919922,
      21.339956283569336,
      24.382949829101562,
      20.92165184020996,
      19.146944046020508,
      20.50053596496582,
      18.80057144165039,
      21.89636993408203,
      17.16275405883789,
      18.107694625854492
    ],
    [
      14.26777458190918,
      40.63640594482422,
      22.45496368408203,
      25.95234489440918,
      25.445199966430664,
      34.2854118347168,
      37.526763916015625,
      49.199954986572266,
      22.057003021240234,
      32.23087692260742,
      24.007144927978516,
      37.01827621459961,
      22.94756317138672,
      39.11144256591797,
      24.68808364868164,
      37.61345672607422,
      22.038719177246094,
      28.425893783569336
    ],
    [
      7.195766925811768,
      19.38605308532715,
      15.349376678466797,
      13.063082695007324,
      24.071128845214844,
      19.5947265625,
      24.615764617919922,
      22.057003021240234,
      49.90467071533203,
      28.78268814086914,
      35.51168441772461,
      25.912694931030273,
      26.543622970581055,
      23.837631225585938,
      30.91290855407715,
      25.92784881591797,
      22.34131622314453,
      20.634057998657227
    ],
    [
      13.334860801696777,
      33.6850471496582,
      20.572181701660156,
      21.439281463623047,
      19.315874099731445,
      28.012962341308594,
      21.339956283569336,
      32.23087692260742,
      28.78268814086914,
      38.391883850097656,
      25.85810661315918,
      39.511409759521484,
      25.421733856201172,
      42.358089447021484,
      29.94159507751465,
      41.45770263671875,
      24.257110595703125,
      30.36090850830078
    ],
    [
      7.880533695220947,
      25.082502365112305,
      17.166484832763672,
      15.565145492553711,
      23.007577896118164,
      21.037328720092773,
      24.382949829101562,
      24.007144927978516,
      35.51168441772461,
      25.85810661315918,
      40.73610305786133,
      31.56162452697754,
      30.248138427734375,
      30.869386672973633,
      34.51836395263672,
      30.660615921020508,
      23.29033851623535,
      21.686229705810547
    ],
    [
      15.798200607299805,
      43.472023010253906,
      24.37272071838379,
      26.74469566345215,
      19.506494522094727,
      33.05335998535156,
      20.92165184020996,
      37.01827621459961,
      25.912694931030273,
      39.511409759521484,
      31.56162452697754,
      53.56635284423828,
      30.744354248046875,
      56.10246658325195,
      34.57811737060547,
      53.63092803955078,
      26.841720581054688,
      37.638328552246094
    ],
    [
      8.079602241516113,
      26.865341186523438,
      14.426412582397461,
      14.202169418334961,
      17.465185165405273,
      20.468910217285156,
      19.146944046020508,
      22.94756317138672,
      26.543622970581055,
      25.421733856201172,
      30.248138427734375,
      30.744354248046875,
      43.57895278930664,
      40.10786437988281,
      45.49418258666992,
      39.216156005859375,
      35.48902130126953,
      27.677261352539062
    ],
    [
      19.939077377319336,
      51.37052536010742,
      26.673837661743164,
      31.31074333190918,
      19.60280990600586,
      37.2813835144043,
      20.50053596496582,
      39.11144256591797,
      23.837631225585938,
      42.358089447021484,
      30.869386672973633,
      56.10246658325195,
      40.10786437988281,
      80.60492706298828,
      52.51783752441406,
      75.22058868408203,
      40.603458404541016,
      51.443992614746094
    ],
    [
      10.876570701599121,
      30.41722869873047,
      19.579940795898438,
      21.11753273010254,
      20.557846069335938,
      22.347265243530273,
      18.80057144165039,
      24.68808364868164,
      30.91290855407715,
      29.94159507751465,
      34.51836395263672,
      34.57811737060547,
      45.49418258666992,
      52.51783752441406,
      74.95700073242188,
      56.396976470947266,
      57.43195724487305,
      41.52275466918945
    ],
    [
      19.024391174316406,
      48.810096740722656,
      27.454050064086914,
      29.992666244506836,
      20.330810546875,
      34.46239471435547,
      21.89636993408203,
      37.61345672607422,
      25.92784881591797,
      41.45770263671875,
      30.660615921020508,
      53.63092803955078,
      39.216156005859375,
      75.22058868408203,
      56.396976470947266,
      82.90535736083984,
      47.93716812133789,
      61.511085510253906
    ],
    [
      7.842861175537109,
      23.23334503173828,
      14.913349151611328,
      17.568891525268555,
      15.630033493041992,
      18.76228141784668,
      17.16275405883789,
      22.038719177246094,
      22.34131622314453,
      24.257110595703125,
      23.29033851623535,
      26.841720581054688,
      35.48902130126953,
      40.603458404541016,
      57.43195724487305,
      47.93716812133789,
      54.73923110961914,
      41.448326110839844
    ],
    [
      12.223664283752441,
      32.200096130371094,
      19.640161514282227,
      22.29176139831543,
      16.25672721862793,
      25.54815673828125,
      18.107694625854492,
      28.425893783569336,
      20.634057998657227,
      30.36090850830078,
      21.686229705810547,
      37.638328552246094,
      27.677261352539062,
      51.443992614746094,
      41.52275466918945,
      61.511085510253906,
      41.448326110839844,
      54.03351974487305
    ]
  ],
  "damage": -17.982913970947266,
  "diff_bandwidth": 474.17803955078125,
  "dissonance": 8.126805276160306,
  "drr": 15.219146728515625,
  "dynamics": 3.438063859939575,
  "format": 1245190,
  "frames": 9373611,
  "freq_pan_to_db": [
    [
      -26.793153762817383,
      -28.13817024230957,
      -27.018932342529297,
      -25.66695213317871,
      -23.960329055786133,
      -24.01201629638672,
      -25.0248966217041,
      -25.97439956665039,
      -27.31252098083496,
      -28.175457000732422,
      -29.010648727416992
    ],
    [
      -28.043882369995117,
      -27.780725479125977,
      -26.25929069519043,
      -24.333555221557617,
      -21.96026039123535,
      -21.518421173095703,
      -20.87059783935547,
      -23.000368118286133,
      -25.230815887451172,
      -26.810943603515625,
      -28.618391036987305
    ],
    [
      -27.199430465698242,
      -26.12225341796875,
      -25.444490432739258,
      -24.594356536865234,
      -23.001880645751953,
      -22.20480728149414,
      -23.232582092285156,
      -24.48702049255371,
      -25.871671676635742,
      -27.223529815673828,
      -28.40134048461914
    ],
    [
      -29.35144805908203,
      -28.060890197753906,
      -25.224109649658203,
      -24.37224578857422,
      -23.533092498779297,
      -23.54867172241211,
      -24.428199768066406,
      -26.025938034057617,
      -27.68419647216797,
      -28.66494369506836,
      -30.812942504882812
    ],
    [
      -28.094261169433594,
      -26.7973575592041,
      -25.162174224853516,
      -24.37255859375,
      -24.095510482788086,
      -25.38819694519043,
      -25.27583122253418,
      -25.95069122314453,
      -26.454565048217773,
      -27.429365158081055,
      -28.396865844726562
    ],
    [
      -34.98576736450195,
      -31.457040786743164,
      -29.630252838134766,
      -27.817480087280273,
      -26.436426162719727,
      -26.901702880859375,
      -27.633127212524414,
      -28.460020065307617,
      -30.029544830322266,
      -31.895660400390625,
      -33.12345504760742
    ],
    [
      -30.67310333251953,
      -30.2100830078125,
      -28.479251861572266,
      -27.781557083129883,
      -26.7161808013916,
      -26.50301170349121,
      -26.755413055419922,
      -27.302927017211914,
      -28.0273494720459,
      -29.073617935180664,
      -29.735244750976562
    ],
    [
      -34.11956024169922,
      -34.018089294433594,
      -32.2432746887207,
      -31.014204025268555,
      -28.884992599487305,
      -28.164697647094727,
      -29.96820640563965,
      -31.04288101196289,
      -31.837100982666016,
      -32.664241790771484,
      -33.97580337524414
    ],
    [
      -29.600004196166992,
      -30.387847900390625,
      -29.78046989440918,
      -29.67713737487793,
      -29.283830642700195,
      -29.734222412109375,
      -29.99537467956543,
      -29.977981567382812,
      -30.398279190063477,
      -30.094968795776367,
      -29.270164489746094
    ],
    [
      -32.710811614990234,
      -32.894046783447266,
      -33.13898849487305,
      -32.375450134277344,
      -31.578113555908203,
      -31.12652587890625,
      -32.14016342163086,
      -32.56519317626953,
      -33.12276077270508,
      -33.60443115234375,
      -33.82233810424805
    ],
    [
      -34.28628921508789,
      -34.80025100708008,
      -34.904457092285156,
      -32.628883361816406,
      -29.6300106048584,
      -27.38226318359375,
      -30.52178955078125,
      -32.47773361206055,
      -33.68561553955078,
      -35.67924499511719,
      -36.23601150512695
    ],
    [
      -33.56797409057617,
      -35.02544403076172,
      -33.575347900390625,
      -31.845552444458008,
      -29.753862380981445,
      -28.253896713256836,
      -30.28029441833496,
      -32.072391510009766,
      -33.594398498535156,
      -34.15268325805664,
      -34.75123596191406
    ],
    [
      -36.0444221496582,
      -36.138370513916016,
      -34.89915466308594,
      -33.944488525390625,
      -32.76720428466797,
      -31.461580276489258,
      -33.31709289550781,
      -34.342281341552734,
      -34.552879333496094,
      -35.39020538330078,
      -36.393856048583984
    ],
    [
      -36.035396575927734,
      -35.601097106933594,
      -35.07136154174805,
      -33.52338409423828,
      -32.7729377746582,
      -30.41863250732422,
      -33.59861373901367,
      -34.915489196777344,
      -35.097415924072266,
      -36.28521728515625,
      -36.19660949707031
    ],
    [
      -34.603736877441406,
      -34.9296989440918,
      -36.8034782409668,
      -36.231719970703125,
      -34.74501419067383,
      -31.801984786987305,
      -35.40591049194336,
      -35.59105682373047,
      -36.18889617919922,
      -36.397377014160156,
      -36.965049743652344
    ],
    [
      -34.488651275634766,
      -36.034175872802734,
      -37.07420349121094,
      -37.69643783569336,
      -35.02210998535156,
      -31.855045318603516,
      -35.266788482666016,
      -36.82294464111328,
      -36.95921325683594,
      -34.687652587890625,
      -31.40071678161621
    ],
    [
      -34.55950927734375,
      -34.37974166870117,
      -37.87617111206055,
      -38.458831787109375,
      -36.11134338378906,
      -31.37489891052246,
      -36.98140335083008,
      -38.59986877441406,
      -37.69458770751953,
      -32.36980438232422,
      -32.610477447509766
    ],
    [
      -38.66267395019531,
      -38.18785858154297,
      -39.103885650634766,
      -38.90159606933594,
      -38.19040298461914,
      -33.92872619628906,
      -38.41868209838867,
      -39.599544525146484,
      -38.877838134765625,
      -36.19540786743164,
      -36.14611053466797
    ],
    [
      -40.20068359375,
      -40.366695404052734,
      -39.346920013427734,
      -40.5792121887207,
      -39.2774658203125,
      -36.114402770996094,
      -40.605918884277344,
      -41.751930236816406,
      -40.425025939941406,
      -41.95015335083008,
      -40.82804489135742
    ],
    [
      -42.93718338012695,
      -42.609012603759766,
      -41.279659271240234,
      -43.163578033447266,
      -41.050899505615234,
      -37.548866271972656,
      -41.498348236083984,
      -42.28560256958008,
      -40.402259826660156,
      -41.95820999145508,
      -43.000282287597656
    ],
    [
      -41.34730911254883,
      -42.286712646484375,
      -42.248435974121094,
      -42.06459426879883,
      -42.316429138183594,
      -39.42498779296875,
      -41.954795837402344,
      -41.9278450012207,
      -42.26029968261719,
      -42.787986755371094,
      -42.295345306396484
    ],
    [
      -41.748985290527344,
      -43.42491912841797,
      -43.006675720214844,
      -42.57862854003906,
      -42.85894775390625,
      -38.45743179321289,
      -42.592567443847656,
      -42.16926574707031,
      -43.75749588012695,
      -43.88826370239258,
      -44.24383544921875
    ],
    [
      -41.72700881958008,
      -41.81993865966797,
      -43.213165283203125,
      -43.51857376098633,
      -40.89995193481445,
      -36.47868347167969,
      -40.636600494384766,
      -42.898902893066406,
      -42.99087905883789,
      -42.954627990722656,
      -44.032100677490234
    ],
    [
      -44.78634262084961,
      -42.71040344238281,
      -44.66984558105469,
      -43.60429763793945,
      -42.44672393798828,
      -37.01640319824219,
      -42.52052688598633,
      -43.75603103637695,
      -43.3031005859375,
      -43.744659423828125,
      -47.372982025146484
    ],
    [
      -45.316253662109375,
      -42.997798919677734,
      -42.67730712890625,
      -42.452484130859375,
      -42.426963806152344,
      -40.21476364135742,
      -41.81737518310547,
      -42.49837875366211,
      -42.925899505615234,
      -42.7618522644043,
      -40.63648986816406
    ],
    [
      -42.36892318725586,
      -42.125640869140625,
      -41.9082145690918,
      -42.1889762878418,
      -42.0121955871582,
      -41.60078048706055,
      -42.182823181152344,
      -42.09082794189453,
      -42.389102935791016,
      -42.446617126464844,
      -41.39399719238281
    ],
    [
      -40.26462173461914,
      -40.89097595214844,
      -40.90620040893555,
      -41.4632682800293,
      -41.596153259277344,
      -41.98014831542969,
      -41.34292984008789,
      -40.976318359375,
      -40.72352600097656,
      -40.54233932495117,
      -37.0251579284668
    ],
    [
      -38.66876983642578,
      -40.27903366088867,
      -42.096588134765625,
      -42.20960998535156,
      -42.6351318359375,
      -43.655704498291016,
      -42.9233283996582,
      -42.71057891845703,
      -43.891536712646484,
      -44.586883544921875,
      -43.7775764465332
    ],
    [
      -40.77621841430664,
      -41.405757904052734,
      -42.416107177734375,
      -43.6173210144043,
      -43.412906646728516,
      -45.18042755126953,
      -43.68708419799805,
      -43.45805358886719,
      -45.147212982177734,
      -45.83867263793945,
      -370
    ],
    [
      -41.82637023925781,
      -42.11580276489258,
      -43.12155532836914,
      -43.90260314941406,
      -44.00712585449219,
      -44.3855094909668,
      -45.38628005981445,
      -44.743934631347656,
      -45.29948043823242,
      -48.49802017211914,
      -50.946529388427734
    ],
    [
      -55.80462646484375,
      -44.3205451965332,
      -45.052494049072266,
      -45.32192611694336,
      -45.51978302001953,
      -43.84091567993164,
      -46.3482666015625,
      -46.35745620727539,
      -46.397159576416016,
      -49.92488479614258,
      -50.91258239746094
    ],
    [
      -48.403018951416016,
      -46.743831634521484,
      -46.873512268066406,
      -46.88595199584961,
      -47.41612243652344,
      -46.76972579956055,
      -47.52469253540039,
      -47.83888244628906,
      -48.19377899169922,
      -47.00739288330078,
      -370
    ],
    [
      -370,
      -43.35719299316406,
      -48.24204635620117,
      -47.398887634277344,
      -48.54599380493164,
      -47.79633712768555,
      -48.9121208190918,
      -48.88273239135742,
      -49.359989166259766,
      -48.845340728759766,
      -370
    ],
    [
      -370,
      -48.864444732666016,
      -49.90225601196289,
      -48.461997985839844,
      -48.733036041259766,
      -49.01724624633789,
      -49.30012512207031,
      -49.873268127441406,
      -52.241966247558594,
      -51.754913330078125,
      -370
    ],
    [
      -370,
      -51.58183288574219,
      -47.58856201171875,
      -49.539039611816406,
      -49.62491226196289,
      -50.42335510253906,
      -49.932334899902344,
      -49.64205551147461,
      -51.41770553588867,
      -48.088985443115234,
      -370
    ],
    [
      -45.11243438720703,
      -50.414154052734375,
      -47.91576385498047,
      -50.49811935424805,
      -51.27311706542969,
      -50.324180603027344,
      -50.66624450683594,
      -50.62152099609375,
      -52.312007904052734,
      -52.569332122802734,
      -54.02978515625
    ],
    [
      -49.21121597290039,
      -49.964290618896484,
      -50.97331237792969,
      -50.631187438964844,
      -52.18082809448242,
      -50.204383850097656,
      -51.814109802246094,
      -52.1090087890625,
      -54.07112503051758,
      -53.76376724243164,
      -57.595245361328125
    ],
    [
      -49.17984390258789,
      -51.243263244628906,
      -52.2151985168457,
      -52.56962203979492,
      -53.76780319213867,
      -52.685516357421875,
      -53.89845275878906,
      -53.09068298339844,
      -54.83854675292969,
      -52.71916580200195,
      -49.51607131958008
    ],
    [
      -50.6985969543457,
      -51.77251434326172,
      -51.88850784301758,
      -54.97882843017578,
      -55.28337860107422,
      -55.37648391723633,
      -55.10813522338867,
      -53.883514404296875,
      -56.72365951538086,
      -55.21991729736328,
      -59.99321365356445
    ],
    [
      -52.32261276245117,
      -54.63114929199219,
      -55.91250228881836,
      -55.75727462768555,
      -57.46488952636719,
      -58.19252014160156,
      -56.71703338623047,
      -56.768611907958984,
      -57.817562103271484,
      -56.789241790771484,
      -370
    ],
    [
      -56.57377243041992,
      -55.85608673095703,
      -58.42206573486328,
      -57.11582565307617,
      -59.166996002197266,
      -61.1128044128418,
      -59.41315841674805,
      -58.9509162902832,
      -62.75127410888672,
      -59.116371154785156,
      -53.46865463256836
    ],
    [
      -56.21348571777344,
      -58.74183654785156,
      -58.52571487426758,
      -58.193687438964844,
      -60.14271926879883,
      -63.14653396606445,
      -60.17250061035156,
      -58.005733489990234,
      -58.99026870727539,
      -59.8079948425293,
      -61.02108383178711
    ]
  ],
  "histogram": [
    {
      "db": -70,
      "frequency": 0
    },
    {
      "db": -69,
      "frequency": 1
    },
    {
      "db": -68,
      "frequency": 0
    },
    {
      "db": -67,
      "frequency": 1
    },
    {
      "db": -66,
      "frequency": 0
    },
    {
      "db": -65,
      "frequency": 1
    },
    {
      "db": -64,
      "frequency": 0
    },
    {
      "db": -63,
      "frequency": 1
    },
    {
      "db": -62,
      "frequency": 1
    },
    {
      "db": -61,
      "frequency": 0
    },
    {
      "db": -60,
      "frequency": 1
    },
    {
      "db": -59,
      "frequency": 1
    },
    {
      "db": -58,
      "frequency": 1
    },
    {
      "db": -57,
      "frequency": 1
    },
    {
      "db": -56,
      "frequency": 1
    },
    {
      "db": -55,
      "frequency": 1
    },
    {
      "db": -54,
      "frequency": 1
    },
    {
      "db": -53,
      "frequency": 1
    },
    {
      "db": -52,
      "frequency": 2
    },
    {
      "db": -51,
      "frequency": 1
    },
    {
      "db": -50,
      "frequency": 1
    },
    {
      "db": -49,
      "frequency": 2
    },
    {
      "db": -48,
      "frequency": 1
    },
    {
      "db": -47,
      "frequency": 2
    },
    {
      "db": -46,
      "frequency": 2
    },
    {
      "db": -45,
      "frequency": 2
    },
    {
      "db": -44,
      "frequency": 2
    },
    {
      "db": -43,
      "frequency": 3
    },
    {
      "db": -42,
      "frequency": 1
    },
    {
      "db": -41,
      "frequency": 2
    },
    {
      "db": -40,
      "frequency": 2
    },
    {
      "db": -39,
      "frequency": 2
    },
    {
      "db": -38,
      "frequency": 3
    },
    {
      "db": -37,
      "frequency": 3
    },
    {
      "db": -36,
      "frequency": 8
    },
    {
      "db": -35,
      "frequency": 11
    },
    {
      "db": -34,
      "frequency": 12
    },
    {
      "db": -33,
      "frequency": 45
    },
    {
      "db": -32,
      "frequency": 43
    },
    {
      "db": -31,
      "frequency": 46
    },
    {
      "db": -30,
      "frequency": 83
    },
    {
      "db": -29,
      "frequency": 89
    },
    {
      "db": -28,
      "frequency": 82
    },
    {
      "db": -27,
      "frequency": 96
    },
    {
      "db": -26,
      "frequency": 91
    },
    {
      "db": -25,
      "frequency": 91
    },
    {
      "db": -24,
      "frequency": 239
    },
    {
      "db": -23,
      "frequency": 488
    },
    {
      "db": -22,
      "frequency": 458
    },
    {
      "db": -21,
      "frequency": 166
    },
    {
      "db": -20,
      "frequency": 14
    },
    {
      "db": -19,
      "frequency": 0
    },
    {
      "db": -18,
      "frequency": 0
    },
    {
      "db": -17,
      "frequency": 0
    },
    {
      "db": -16,
      "frequency": 0
    },
    {
      "db": -15,
      "frequency": 0
    },
    {
      "db": -14,
      "frequency": 0
    },
    {
      "db": -13,
      "frequency": 0
    },
    {
      "db": -12,
      "frequency": 0
    },
    {
      "db": -11,
      "frequency": 0
    },
    {
      "db": -10,
      "frequency": 0
    },
    {
      "db": -9,
      "frequency": 0
    },
    {
      "db": -8,
      "frequency": 0
    },
    {
      "db": -7,
      "frequency": 0
    },
    {
      "db": -6,
      "frequency": 0
    },
    {
      "db": -5,
      "frequency": 0
    },
    {
      "db": -4,
      "frequency": 0
    },
    {
      "db": -3,
      "frequency": 0
    },
    {
      "db": -2,
      "frequency": 0
    },
    {
      "db": -1,
      "frequency": 0
    },
    {
      "db": 0,
      "frequency": 0
    },
    {
      "db": 1,
      "frequency": 0
    },
    {
      "db": 2,
      "frequency": 0
    },
    {
      "db": 3,
      "frequency": 0
    },
    {
      "db": 4,
      "frequency": 0
    },
    {
      "db": 5,
      "frequency": 0
    },
    {
