{
  "acoustic_entropy": 191.5297393798828,
  "bands": [
    {
      "high_freq": 148.1999969482422,
      "loudness": -33.70820999145508,
      "loudness_range": 9.998641967773438,
      "mid_mean": -30.35806655883789,
      "mid_to_side_loudness": -15.007881164550781,
      "mid_to_side_loudness_range": 11.334715843200684,
      "side_mean": -45.32421112060547
    },
    {
      "high_freq": 392.3793640136719,
      "loudness": -34.692604064941406,
      "loudness_range": 7.527345657348633,
      "low_freq": 148.1999969482422,
      "mid_mean": -31.53780174255371,
      "mid_to_side_loudness": -10.085314750671387,
      "mid_to_side_loudness_range": 7.328524589538574,
      "side_mean": -41.482887268066406
    },
    {
      "high_freq": 794.6976318359375,
      "loudness": -36.578033447265625,
      "loudness_range": 9.83424186706543,
      "low_freq": 392.3793640136719,
      "mid_mean": -33.50435256958008,
      "mid_to_side_loudness": -9.268985748291016,
      "mid_to_side_loudness_range": 7.20543098449707,
      "side_mean": -42.84794235229492
    },
    {
      "high_freq": 1457.5709228515625,
      "loudness": -39.154151916503906,
      "loudness_range": 11.768857955932617,
      "low_freq": 794.6976318359375,
      "mid_mean": -36.14223861694336,
      "mid_to_side_loudness": -9.064051628112793,
      "mid_to_side_loudness_range": 8.397773742675781,
      "side_mean": -45.0825309753418
    },
    {
      "high_freq": 2549.74365234375,
      "loudness": -36.29372787475586,
      "loudness_range": 9.567228317260742,
      "low_freq": 1457.5709228515625,
      "mid_mean": -33.39231491088867,
      "mid_to_side_loudness": -9.095001220703125,
      "mid_to_side_loudness_range": 9.525884628295898,
      "side_mean": -42.1754150390625
    },
    {
      "high_freq": 4349.24462890625,
      "loudness": -38.509521484375,
      "loudness_range": 10.048465728759766,
      "low_freq": 2549.74365234375,
      "mid_mean": -35.569576263427734,
      "mid_to_side_loudness": -8.254111289978027,
      "mid_to_side_loudness_range": 8.756155014038086,
      "side_mean": -43.89695739746094
    },
    {
      "high_freq": 7314.1640625,
      "loudness": -46.97323989868164,
      "loudness_range": 17.337116241455078,
      "low_freq": 4349.24462890625,
      "mid_mean": -44.56132888793945,
      "mid_to_side_loudness": -5.845206260681152,
      "mid_to_side_loudness_range": 8.859050750732422,
      "side_mean": -51.511417388916016
    },
    {
      "high_freq": 12199.2666015625,
      "loudness": -50.365455627441406,
      "loudness_range": 21.195423126220703,
      "low_freq": 7314.1640625,
      "mid_mean": -50.411773681640625,
      "mid_to_side_loudness": -5.093024730682373,
      "mid_to_side_loudness_range": 11.137627601623535,
      "side_mean": -55.02691650390625
    },
    {
      "loudness": -57.44989776611328,
      "loudness_range": 18.60498046875,
      "low_freq": 12199.2666015625,
      "mid_mean": -56.696311950683594,
      "mid_to_side_loudness": -3.536159038543701,
      "mid_to_side_loudness_range": 9.4240083694458,
      "side_mean": -59.749114990234375
    }
  ],
  "bands_short": [
    {
      "high_freq": 148.1999969482422,
      "loudness": -38.22376251220703,
      "loudness_range": 20.63677978515625,
      "mid_mean": -34.99211883544922,
      "mid_to_side_loudness": -15.105635643005371,
      "mid_to_side_loudness_range": 20.005355834960938,
      "side_mean": -51.44961929321289
    },
    {
      "high_freq": 392.3793640136719,
      "loudness": -34.00886535644531,
      "loudness_range": 10.539436340332031,
      "low_freq": 148.1999969482422,
      "mid_mean": -30.843961715698242,
      "mid_to_side_loudness": -10.867525100708008,
      "mid_to_side_loudness_range": 11.718564987182617,
      "side_mean": -41.39130401611328
    },
    {
      "high_freq": 794.6976318359375,
      "loudness": -37.40998840332031,
      "loudness_range": 12.494569778442383,
      "low_freq": 392.3793640136719,
      "mid_mean": -34.391624450683594,
      "mid_to_side_loudness": -9.603242874145508,
      "mid_to_side_loudness_range": 11.45451545715332,
      "side_mean": -43.81183624267578
    },
    {
      "high_freq": 1457.5709228515625,
      "loudness": -39.3643913269043,
      "loudness_range": 14.222450256347656,
      "low_freq": 794.6976318359375,
      "mid_mean": -36.409908294677734,
      "mid_to_side_loudness": -9.677229881286621,
      "mid_to_side_loudness_range": 12.438848495483398,
      "side_mean": -45.8199348449707
    },
    {
      "high_freq": 2549.74365234375,
      "loudness": -37.016380310058594,
      "loudness_range": 12.878095626831055,
      "low_freq": 1457.5709228515625,
      "mid_mean": -34.04670715332031,
      "mid_to_side_loudness": -9.800064086914062,
      "mid_to_side_loudness_range": 12.392833709716797,
      "side_mean": -43.41382598876953
    },
    {
      "high_freq": 4349.24462890625,
      "loudness": -39.17305374145508,
      "loudness_range": 13.769495010375977,
      "low_freq": 2549.74365234375,
      "mid_mean": -36.27993392944336,
      "mid_to_side_loudness": -8.807536125183105,
      "mid_to_side_loudness_range": 11.548070907592773,
      "side_mean": -45.165245056152344
    },
    {
      "high_freq": 7314.1640625,
      "loudness": -48.53684997558594,
      "loudness_range": 21.912696838378906,
      "low_freq": 4349.24462890625,
      "mid_mean": -46.40113830566406,
      "mid_to_side_loudness": -6.235515117645264,
      "mid_to_side_loudness_range": 11.173199653625488,
      "side_mean": -53.375946044921875
    },
    {
      "high_freq": 12199.2666015625,
      "loudness": -51.578250885009766,
      "loudness_range": 24.684078216552734,
      "low_freq": 7314.1640625,
      "mid_mean": -52.48318099975586,
      "mid_to_side_loudness": -5.212378025054932,
      "mid_to_side_loudness_range": 12.554405212402344,
      "side_mean": -57.05342483520508
    },
    {
      "loudness": -59.241676330566406,
      "loudness_range": 23.948062896728516,
      "low_freq": 12199.2666015625,
      "mid_mean": -59.296085357666016,
      "mid_to_side_loudness": -4.059621334075928,
      "mid_to_side_loudness_range": 11.802323341369629,
      "side_mean": -62.36507034301758
    }
  ],
  "bandwidth": 563.1179809570312,
  "channels": 2,
  "covariance": [
    [
      23.61176872253418,
      15.460745811462402,
      11.996903419494629,
      13.16384506225586,
      9.143305778503418,
      13.129799842834473,
      8.532621383666992,
      12.30467414855957,
      7.708693504333496,
      11.68850040435791,
      7.256897449493408,
      12.884626388549805,
      11.60525131225586,
      16.101722717285156,
      20.453340530395508,
      16.164234161376953,
      16.024127960205078,
      12.703669548034668
    ],
    [
      15.460745811462402,
      23.012388229370117,
      10.113275527954102,
      13.350773811340332,
      9.51197338104248,
      13.996892929077148,
      7.645682334899902,
      12.159167289733887,
      6.645234107971191,
      11.68203353881836,
      6.823277473449707,
      12.994977951049805,
      11.425121307373047,
      14.572242736816406,
      17.35592269897461,
      13.508382797241211,
      12.671974182128906,
      9.144390106201172
    ],
    [
      11.996903419494629,
      10.113275527954102,
      15.28742504119873,
      12.480552673339844,
      8.842628479003906,
      11.783119201660156,
      8.668566703796387,
      12.533133506774902,
      5.824477195739746,
      10.78575325012207,
      7.123385906219482,
      12.61994743347168,
      12.392376899719238,
      17.294076919555664,
      19.899076461791992,
      15.937573432922363,
      14.181550979614258,
      10.71900749206543
    ],
    [
      13.16384506225586,
      13.350773811340332,
      12.480552673339844,
      19.21584129333496,
      11.347879409790039,
      15.263371467590332,
      11.369707107543945,
      17.306459426879883,
      8.50463581085205,
      14.217988967895508,
      8.40298843383789,
      15.771842956542969,
      15.072705268859863,
      18.632671356201172,
      20.526639938354492,
      16.550661087036133,
      14.52022647857666,
      10.876511573791504
    ],
    [
      9.143305778503418,
      9.51197338104248,
      8.842628479003906,
      11.347879409790039,
      17.702594757080078,
      15.362726211547852,
      11.993069648742676,
      14.283794403076172,
      8.418654441833496,
      11.481474876403809,
      10.443061828613281,
      13.225316047668457,
      14.717434883117676,
      16.003530502319336,
      19.89615821838379,
      14.949508666992188,
      13.39022159576416,
      8.688916206359863
    ],
    [
      13.129799842834473,
      13.996892929077148,
      11.783119201660156,
      15.263371467590332,
      15.362726211547852,
      22.24392318725586,
      12.728480339050293,
      18.7435302734375,
      9.575661659240723,
      16.086395263671875,
      11.290799140930176,
      18.3715877532959,
      18.23499298095703,
      21.649694442749023,
      24.82905387878418,
      19.48850440979004,
      18.045312881469727,
      12.917152404785156
    ],
    [
      8.532621383666992,
      7.645682334899902,
      8.668566703796387,
      11.369707107543945,
      11.993069648742676,
      12.728480339050293,
      22.664819717407227,
      18.41077995300293,
      12.767045974731445,
      11.245809555053711,
      11.253908157348633,
      12.990798950195312,
      14.781437873840332,
      17.840234756469727,
      18.992328643798828,
      16.163549423217773,
      13.183083534240723,
      10.41006088256836
    ],
    [
      12.30467414855957,
      12.159167289733887,
      12.533133506774902,
      17.306459426879883,
      14.283794403076172,
      18.7435302734375,
      18.41077995300293,
      26.563199996948242,
      12.766833305358887,
      18.84223175048828,
      12.336551666259766,
      20.3233699798584,
      18.68001365661621,
      23.73002815246582,
      23.3234920501709,
      20.764835357666016,
      17.65157127380371,
      14.958232879638672
    ],
    [
      7.708693504333496,
      6.645234107971191,
      5.824477195739746,
      8.50463581085205,
      8.418654441833496,
      9.575661659240723,
      12.767045974731445,
      12.766833305358887,
      20.28550148010254,
      12.333015441894531,
      11.867064476013184,
      11.620115280151367,
      11.666558265686035,
      16.348621368408203,
      16.851179122924805,
      14.67458438873291,
      12.83670425415039,
      10.946983337402344
    ],
    [
      11.68850040435791,
      11.68203353881836,
      10.78575325012207,
      14.217988967895508,
      11.481474876403809,
      16.086395263671875,
      11.245809555053711,
      18.84223175048828,
      12.333015441894531,
      19.87407875061035,
      11.87212085723877,
      19.998760223388672,
      16.651874542236328,
      20.9033145904541,
      20.296483993530273,
      18.20368003845215,
      16.049192428588867,
      13.851531982421875
    ],
    [
      7.256897449493408,
      6.823277473449707,
      7.123385906219482,
      8.40298843383789,
      10.443061828613281,
      11.290799140930176,
      11.253908157348633,
      12.336551666259766,
      11.867064476013184,
      11.87212085723877,
      19.233739852905273,
      15.182165145874023,
      17.874711990356445,
      16.443313598632812,
      19.699609756469727,
      15.846311569213867,
      14.983464241027832,
      10.769403457641602
    ],
    [
      12.884626388549805,
      12.994977951049805,
      12.61994743347168,
      15.771842956542969,
      13.225316047668457,
      18.3715877532959,
      12.990798950195312,
      20.3233699798584,
      11.620115280151367,
      19.998760223388672,
      15.182165145874023,
      25.200571060180664,
      22.625499725341797,
      27.52557945251465,
      27.50070571899414,
      24.69996452331543,
      20.82439422607422,
      17.250455856323242
    ],
    [
      11.60525131225586,
      11.425121307373047,
      12.392376899719238,
      15.072705268859863,
      14.717434883117676,
      18.23499298095703,
      14.781437873840332,
      18.68001365661621,
      11.666558265686035,
      16.651874542236328,
      17.874711990356445,
      22.625499725341797,
      42.68796157836914,
      36.36247634887695,
      50.85280227661133,
      37.47416687011719,
      36.839351654052734,
      23.200788497924805
    ],
    [
      16.101722717285156,
      14.572242736816406,
      17.294076919555664,
      18.632671356201172,
      16.003530502319336,
      21.649694442749023,
      17.840234756469727,
      23.73002815246582,
      16.348621368408203,
      20.9033145904541,
      16.443313598632812,
      27.52557945251465,
      36.36247634887695,
      61.349246978759766,
      64.53347778320312,
      56.13090133666992,
      47.54615020751953,
      38.79131317138672
    ],
    [
      20.453340530395508,
      17.35592269897461,
      19.899076461791992,
      20.526639938354492,
      19.89615821838379,
      24.82905387878418,
      18.992328643798828,
      23.3234920501709,
      16.851179122924805,
      20.296483993530273,
      19.699609756469727,
      27.50070571899414,
      50.85280227661133,
      64.53347778320312,
      96.0101547241211,
      66.12664031982422,
      67.45623016357422,
      42.31785202026367
    ],
    [
      16.164234161376953,
      13.508382797241211,
      15.937573432922363,
      16.550661087036133,
      14.949508666992188,
      19.48850440979004,
      16.163549423217773,
      20.764835357666016,
      14.67458438873291,
      18.20368003845215,
      15.846311569213867,
      24.69996452331543,
      37.47416687011719,
      56.13090133666992,
      66.12664031982422,
      55.70051956176758,
      49.814247131347656,
      39.27683639526367
    ],
    [
      16.024127960205078,
      12.671974182128906,
      14.181550979614258,
      14.52022647857666,
      13.39022159576416,
      18.045312881469727,
      13.183083534240723,
      17.65157127380371,
      12.83670425415039,
      16.049192428588867,
      14.983464241027832,
      20.82439422607422,
      36.839351654052734,
      47.54615020751953,
      67.45623016357422,
      49.814247131347656,
      55.994239807128906,
      39.26307678222656
    ],
    [
      12.703669548034668,
      9.144390106201172,
      10.71900749206543,
      10.876511573791504,
      8.688916206359863,
      12.917152404785156,
      10.41006088256836,
      14.958232879638672,
      10.946983337402344,
      13.851531982421875,
      10.769403457641602,
      17.250455856323242,
      23.200788497924805,
      38.79131317138672,
      42.31785202026367,
      39.27683639526367,
      39.26307678222656,
      36.563541412353516
    ]
  ],
  "covariance_short": [
    [
      52.345237731933594,
      22.292951583862305,
      13.650467872619629,
      16.573259353637695,
      11.153753280639648,
      16.0767879486084,
      10.313372611999512,
      14.807610511779785,
      8.970440864562988,
      15.038973808288574,
      9.917824745178223,
      18.202199935913086,
      18.012195587158203,
      20.60901641845703,
      24.99152374267578,
      19.45612144470215,
      19.464813232421875,
      14.570740699768066
    ],
    [
      22.292951583862305,
      57.96827697753906,
      13.951469421386719,
      17.771360397338867,
      12.624799728393555,
      17.271366119384766,
      11.97314453125,
      16.062824249267578,
      12.882909774780273,
      16.107698440551758,
      10.766863822937012,
      19.293046951293945,
      19.12476921081543,
      38.009765625,
      40.756797790527344,
      31.46172332763672,
      26.50307273864746,
      18.55643653869629
    ],
    [
      13.650467872619629,
      13.951469421386719,
      20.594318389892578,
      14.551094055175781,
      10.99757194519043,
      13.665014266967773,
      9.299321174621582,
      14.403934478759766,
      6.986741542816162,
      13.389704704284668,
      8.638117790222168,
      15.25285816192627,
      13.765667915344238,
      18.28083038330078,
      19.62506866455078,
      16.36716651916504,
      14.930913925170898,
      12.250391960144043
    ],
    [
      16.573259353637695,
      17.771360397338867,
      14.551094055175781,
      28.080974578857422,
      14.681533813476562,
      21.511720657348633,
      12.122787475585938,
      22.92048454284668,
      8.694555282592773,
      18.853845596313477,
      9.507543563842773,
      21.242523193359375,
      17.426361083984375,
      21.65089988708496,
      22.762073516845703,
      18.73812484741211,
      17.182212829589844,
      13.526653289794922
    ],
    [
      11.153753280639648,
      12.624799728393555,
      10.99757194519043,
      14.681533813476562,
      26.5831241607666,
      21.795690536499023,
      14.033088684082031,
      19.826141357421875,
      10.455759048461914,
      16.56264305114746,
      13.613454818725586,
      19.41913414001465,
      19.041122436523438,
      21.280305862426758,
      24.48784828186035,
      19.504396438598633,
      17.378400802612305,
      12.984331130981445
    ],
    [
      16.0767879486084,
      17.271366119384766,
      13.665014266967773,
      21.511720657348633,
      21.795690536499023,
      35.711402893066406,
      15.615641593933105,
      28.57625961303711,
      11.126846313476562,
      24.04557228088379,
      14.801595687866211,
      26.86050033569336,
      24.284423828125,
      28.11713218688965,
      30.553226470947266,
      24.751663208007812,
      23.11197280883789,
      17.35553550720215
    ],
    [
      10.313372611999512,
      11.97314453125,
      9.299321174621582,
      12.122787475585938,
      14.033088684082031,
      15.615641593933105,
      31.224138259887695,
      24.05986976623535,
      15.640755653381348,
      15.373260498046875,
      16.226015090942383,
      18.50717544555664,
      20.58909797668457,
      22.864290237426758,
      23.507827758789062,
      20.665586471557617,
      16.720653533935547,
      14.384294509887695
    ],
    [
      14.807610511779785,
      16.062824249267578,
      14.403934478759766,
      22.92048454284668,
      19.826141357421875,
      28.57625961303711,
      24.05986976623535,
      42.60183334350586,
      16.618885040283203,
      29.804746627807617,
      17.71365737915039,
      30.84270668029785,
      26.49382209777832,
      32.68416213989258,
      30.887535095214844,
      28.406747817993164,
      24.534454345703125,
      21.999191284179688
    ],
    [
      8.970440864562988,
      12.882909774780273,
      6.986741542816162,
      8.694555282592773,
      10.455759048461914,
      11.126846313476562,
      15.640755653381348,
      16.618885040283203,
      27.200815200805664,
      18.475337982177734,
      17.796485900878906,
      17.290681838989258,
      18.773067474365234,
      20.40964126586914,
      20.149646759033203,
      18.05173683166504,
      15.193985939025879,
      13.841733932495117
    ],
    [
      15.038973808288574,
      16.107698440551758,
      13.389704704284668,
      18.853845596313477,
      16.56264305114746,
      24.04557228088379,
      15.373260498046875,
      29.804746627807617,
      18.475337982177734,
      35.304969787597656,
      18.02923583984375,
      31.763656616210938,
      25.99064064025879,
      30.996835708618164,
      27.904253005981445,
      26.553916931152344,
      23.143177032470703,
      21.542776107788086
    ],
    [
      9.917824745178223,
      10.766863822937012,
      8.638117790222168,
      9.507543563842773,
      13.613454818725586,
      14.801595687866211,
      16.226015090942383,
      17.71365737915039,
      17.796485900878906,
      18.02923583984375,
      30.263336181640625,
      24.013090133666992,
      26.36444854736328,
      24.819976806640625,
      27.94670295715332,
      22.9411563873291,
      21.144927978515625,
      16.39986801147461
    ],
    [
      18.202199935913086,
      19.293046951293945,
      15.25285816192627,
      21.242523193359375,
      19.41913414001465,
      26.86050033569336,
      18.50717544555664,
      30.84270668029785,
      17.290681838989258,
      31.763656616210938,
      24.013090133666992,
      42.4178352355957,
      35.87766647338867,
      42.06693649291992,
      38.97624588012695,
      37.20387649536133,
      30.99226951599121,
      28.02338409423828
    ],
    [
      18.012195587158203,
      19.12476921081543,
      13.765667915344238,
      17.426361083984375,
      19.041122436523438,
      24.284423828125,
      20.58909797668457,
      26.49382209777832,
      18.773067474365234,
      25.99064064025879,
      26.36444854736328,
      35.87766647338867,
      64.3492431640625,
      56.96344757080078,
      71.75514221191406,
      56.34738540649414,
      55.191795349121094,
      39.39971160888672
    ],
    [
      20.60901641845703,
      38.009765625,
      18.28083038330078,
      21.65089988708496,
      21.280305862426758,
      28.11713218688965,
      22.864290237426758,
      32.68416213989258,
      20.40964126586914,
      30.996835708618164,
      24.819976806640625,
      42.06693649291992,
      56.96344757080078,
      80.96337890625,
      78.1805419921875,
      73.91878509521484,
      59.77890396118164,
      53.439186096191406
    ],
    [
      24.99152374267578,
      40.756797790527344,
      19.62506866455078,
      22.762073516845703,
      24.48784828186035,
      30.553226470947266,
      23.507827758789062,
      30.887535095214844,
      20.149646759033203,
      27.904253005981445,
      27.94670295715332,
      38.97624588012695,
      71.75514221191406,
      78.1805419921875,
      115.30113220214844,
      81.41374206542969,
      83.20368194580078,
      53.75282669067383
    ],
    [
      19.45612144470215,
      31.46172332763672,
      16.36716651916504,
      18.73812484741211,
      19.504396438598633,
      24.751663208007812,
      20.665586471557617,
      28.406747817993164,
      18.05173683166504,
      26.553916931152344,
      22.9411563873291,
      37.20387649536133,
      56.34738540649414,
      73.91878509521484,
      81.41374206542969,
      75.01728057861328,
      63.37754440307617,
      54.78121566772461
    ],
    [
      19.464813232421875,
      26.50307273864746,
      14.930913925170898,
      17.182212829589844,
      17.378400802612305,
      23.11197280883789,
      16.720653533935547,
      24.534454345703125,
      15.193985939025879,
      23.143177032470703,
      21.144927978515625,
      30.99226951599121,
      55.191795349121094,
      59.77890396118164,
      83.20368194580078,
      63.37754440307617,
      72.1253662109375,
      51.533302307128906
    ],
    [
      14.570740699768066,
      18.55643653869629,
      12.250391960144043,
      13.526653289794922,
      12.984331130981445,
      17.35553550720215,
      14.384294509887695,
      21.999191284179688,
      13.841733932495117,
      21.542776107788086,
      16.39986801147461,
      28.02338409423828,
      39.39971160888672,
      53.439186096191406,
      53.75282669067383,
      54.78121566772461,
      51.533302307128906,
      50.93352508544922
    ]
  ],
  "damage": -18.819114685058594,
  "diff_bandwidth": 580.9464721679688,
  "dissonance": 9.107169159383155,
  "drr": 16.501977920532227,
  "dynamics": 2.3711822032928467,
  "format": 1245190,
  "frames": 13413456,
  "freq_pan_to_db": [
    [
      -36.988426208496094,
      -35.2213249206543,
      -32.51351547241211,
      -29.666675567626953,
      -27.369447708129883,
      -28.584945678710938,
      -30.770263671875,
      -32.55363845825195,
      -33.116519927978516,
      -35.23301315307617,
      -36.37003707885742
    ],
    [
      -29.60116195678711,
      -28.249713897705078,
      -26.333385467529297,
      -24.34522819519043,
      -20.79941749572754,
      -20.699373245239258,
      -24.19367027282715,
      -25.570497512817383,
      -27.16363525390625,
      -28.66523551940918,
      -29.849868774414062
    ],
    [
      -27.905908584594727,
      -26.787635803222656,
      -25.003320693969727,
      -23.1380558013916,
      -21.678333282470703,
      -22.106698989868164,
      -23.447853088378906,
      -24.633548736572266,
      -25.472440719604492,
      -26.80061149597168,
      -27.771465301513672
    ],
    [
      -29.705724716186523,
      -29.084110260009766,
      -27.586933135986328,
      -26.48724937438965,
      -25.523366928100586,
      -25.196208953857422,
      -25.325590133666992,
      -26.48800277709961,
      -27.604686737060547,
      -29.109254837036133,
      -29.85361671447754
    ],
    [
      -31.408292770385742,
      -31.292387008666992,
      -29.999605178833008,
      -29.44124412536621,
      -28.835763931274414,
      -28.432512283325195,
      -27.243492126464844,
      -27.91910743713379,
      -29.165939331054688,
      -30.338808059692383,
      -30.833580017089844
    ],
    [
      -32.073848724365234,
      -31.213539123535156,
      -29.748193740844727,
      -28.598716735839844,
      -27.346195220947266,
      -27.807973861694336,
      -28.95722770690918,
      -30.377416610717773,
      -31.759031295776367,
      -32.77135467529297,
      -33.312156677246094
    ],
    [
      -33.16846466064453,
      -32.36613464355469,
      -31.20525550842285,
      -29.909780502319336,
      -28.38951873779297,
      -28.810529708862305,
      -29.310224533081055,
      -30.7504825592041,
      -32.5713005065918,
      -33.65788269042969,
      -34.439083099365234
    ],
    [
      -32.68622970581055,
      -33.178131103515625,
      -32.40068054199219,
      -31.30272102355957,
      -30.076478958129883,
      -29.05781364440918,
      -27.239097595214844,
      -29.46619415283203,
      -31.375011444091797,
      -31.725555419921875,
      -31.905447006225586
    ],
    [
      -33.42825698852539,
      -32.94296646118164,
      -32.22897720336914,
      -30.938045501708984,
      -29.525503158569336,
      -29.076478958129883,
      -27.761606216430664,
      -29.559743881225586,
      -31.788034439086914,
      -32.58174133300781,
      -33.105194091796875
    ],
    [
      -33.79525375366211,
      -33.93344497680664,
      -31.978343963623047,
      -30.016483306884766,
      -28.851083755493164,
      -30.0755672454834,
      -31.035057067871094,
      -32.328800201416016,
      -33.34576416015625,
      -34.908660888671875,
      -36.646446228027344
    ],
    [
      -35.677284240722656,
      -36.077022552490234,
      -35.486976623535156,
      -34.034996032714844,
      -31.893041610717773,
      -30.29378318786621,
      -32.01722717285156,
      -33.59500503540039,
      -35.23406219482422,
      -35.661773681640625,
      -35.67948913574219
    ],
    [
      -37.54624557495117,
      -37.2308235168457,
      -36.88350296020508,
      -36.59317398071289,
      -34.56135559082031,
      -33.05694580078125,
      -32.88117980957031,
      -34.29731750488281,
      -36.78156280517578,
      -36.84891128540039,
      -39.083168029785156
    ],
    [
      -36.448246002197266,
      -37.959712982177734,
      -38.40280532836914,
      -36.7855339050293,
      -33.54889678955078,
      -32.24360275268555,
      -33.62325668334961,
      -35.173336029052734,
      -36.54106140136719,
      -37.64530563354492,
      -36.32980728149414
    ],
    [
      -32.80171203613281,
      -37.05875778198242,
      -36.89712905883789,
      -34.67063903808594,
      -31.55459213256836,
      -31.28948974609375,
      -33.66948699951172,
      -36.14402770996094,
      -36.485748291015625,
      -37.27668380737305,
      -37.58079147338867
    ],
    [
      -33.73762130737305,
      -35.64090347290039,
      -36.084320068359375,
      -34.17501449584961,
      -32.672725677490234,
      -34.043270111083984,
      -35.71495819091797,
      -36.97572708129883,
      -36.10097122192383,
      -38.102779388427734,
      -37.367271423339844
    ],
    [
      -33.92390060424805,
      -35.22888946533203,
      -36.016387939453125,
      -34.11241912841797,
      -35.06119155883789,
      -34.891334533691406,
      -36.291046142578125,
      -36.59906768798828,
      -35.68750762939453,
      -36.08924102783203,
      -38.007972717285156
    ],
    [
      -34.30197525024414,
      -35.273101806640625,
      -37.11762237548828,
      -36.09100341796875,
      -36.092891693115234,
      -35.915103912353516,
      -37.44041442871094,
      -35.90177917480469,
      -35.73002624511719,
      -36.04552459716797,
      -37.58387756347656
    ],
    [
      -31.937955856323242,
      -33.86722946166992,
      -35.57513427734375,
      -35.798519134521484,
      -33.49435806274414,
      -34.48992156982422,
      -35.53602981567383,
      -34.189903259277344,
      -34.34049987792969,
      -34.83534622192383,
      -35.77996063232422
    ],
    [
      -33.57977294921875,
      -33.50456237792969,
      -34.658939361572266,
      -34.622013092041016,
      -32.63115692138672,
      -33.87409591674805,
      -35.761207580566406,
      -34.25651168823242,
      -34.189727783203125,
      -35.4766960144043,
      -37.34716796875
    ],
    [
      -36.697357177734375,
      -35.87431335449219,
      -36.44986343383789,
      -36.57026672363281,
      -34.411476135253906,
      -35.457298278808594,
      -37.120689392089844,
      -36.84581756591797,
      -36.67066955566406,
      -36.69977951049805,
      -35.074649810791016
    ],
    [
      -39.0911865234375,
      -33.80204772949219,
      -36.54717254638672,
      -36.7362174987793,
      -35.75791549682617,
      -35.87734603881836,
      -37.87334060668945,
      -36.88030242919922,
      -37.70689392089844,
      -38.782806396484375,
      -39.35422897338867
    ],
    [
      -39.028221130371094,
      -37.054866790771484,
      -35.284420013427734,
      -37.10625457763672,
      -35.833351135253906,
      -35.54368591308594,
      -38.52106857299805,
      -35.93962097167969,
      -38.153446197509766,
      -39.061866760253906,
      -40.43229293823242
    ],
    [
      -37.707794189453125,
      -36.815731048583984,
      -38.116455078125,
      -38.55685806274414,
      -37.082374572753906,
      -36.111724853515625,
      -37.73513412475586,
      -38.49476623535156,
      -38.63380432128906,
      -37.93104553222656,
      -38.23640823364258
    ],
    [
      -40.944034576416016,
      -37.824161529541016,
      -37.989810943603516,
      -38.37826156616211,
      -37.5814208984375,
      -36.07924270629883,
      -37.941097259521484,
      -38.55276870727539,
      -38.696502685546875,
      -38.64270782470703,
      -38.69529342651367
    ],
    [
      -43.96806716918945,
      -40.11317443847656,
      -40.391990661621094,
      -39.856597900390625,
      -39.89040756225586,
      -38.95137023925781,
      -40.25044250488281,
      -40.15409851074219,
      -40.63375473022461,
      -41.59541320800781,
      -43.26102828979492
    ],
    [
      -39.737857818603516,
      -40.94304275512695,
      -41.42009735107422,
      -40.7465934753418,
      -40.54410171508789,
      -40.72207260131836,
      -41.349761962890625,
      -41.398929595947266,
      -41.587158203125,
      -41.94121551513672,
      -42.16569519042969
    ],
    [
      -50.79119110107422,
      -42.58254623413086,
      -42.438926696777344,
      -43.07213592529297,
      -42.27931213378906,
      -41.698875427246094,
      -44.197509765625,
      -43.84226608276367,
      -43.1349983215332,
      -44.206520080566406,
      -42.724849700927734
    ],
    [
      -43.57291030883789,
      -42.64326095581055,
      -43.18730163574219,
      -43.507789611816406,
      -44.399932861328125,
      -44.4459342956543,
      -46.41470718383789,
      -45.270450592041016,
      -44.90668869018555,
      -44.81291961669922,
      -47.90803146362305
    ],
    [
      -43.89377212524414,
      -44.39125442504883,
      -45.382728576660156,
      -45.88728713989258,
      -46.687744140625,
      -46.00804901123047,
      -47.851654052734375,
      -47.48352813720703,
      -46.40361022949219,
      -46.665435791015625,
      -40.275421142578125
    ],
    [
      -52.036285400390625,
      -47.64890670776367,
      -47.005455017089844,
      -47.519126892089844,
      -48.23849105834961,
      -45.920108795166016,
      -47.036781311035156,
      -47.406700134277344,
      -47.69588851928711,
      -47.33815383911133,
      -46.47507858276367
    ],
    [
      -53.117462158203125,
      -48.14088439941406,
      -47.7771110534668,
      -48.0278434753418,
      -48.56268310546875,
      -45.47317886352539,
      -46.259124755859375,
      -46.25611114501953,
      -49.72739791870117,
      -50.36648178100586,
      -48.29631805419922
    ],
    [
      -49.42867660522461,
      -49.195556640625,
      -48.81379318237305,
      -49.08625030517578,
      -49.041202545166016,
      -45.262428283691406,
      -48.07766342163086,
      -50.10325241088867,
      -51.56232833862305,
      -48.751922607421875,
      -53.0236930847168
    ],
    [
      -62.810890197753906,
      -50.47816848754883,
      -49.257408142089844,
      -49.46860885620117,
      -49.22443389892578,
      -45.36574172973633,
      -49.494140625,
      -51.9824333190918,
      -54.35049057006836,
      -52.02362823486328,
      -69.8425521850586
    ],
    [
      -79.04765319824219,
      -54.13410949707031,
      -52.12432098388672,
      -50.88447570800781,
      -49.93115997314453,
      -45.097782135009766,
      -49.44911193847656,
      -53.4583625793457,
      -57.524288177490234,
      -55.91789245605469,
      -370
    ],
    [
      -69.65391540527344,
      -56.834476470947266,
      -54.592018127441406,
      -52.4189338684082,
      -51.30977249145508,
      -45.77232360839844,
      -49.76991653442383,
      -47.59891891479492,
      -47.58953094482422,
      -51.50514602661133,
      -53.38228225708008
    ],
    [
      -370,
      -57.95061492919922,
      -56.72809600830078,
      -55.051151275634766,
      -54.20764923095703,
      -48.117774963378906,
      -51.337074279785156,
      -46.918392181396484,
      -45.59608459472656,
      -49.67856216430664,
      -46.181739807128906
    ],
    [
      -370,
      -56.52758026123047,
      -56.79443359375,
      -56.43629837036133,
      -55.37836837768555,
      -49.46116638183594,
      -53.39813995361328,
      -51.40252685546875,
      -50.46543884277344,
      -50.80167770385742,
      -52.25064468383789
    ],
    [
      -370,
      -60.23809051513672,
      -59.57118606567383,
      -57.96815490722656,
      -56.01081848144531,
      -51.56501007080078,
      -55.920997619628906,
      -55.257843017578125,
      -53.200862884521484,
      -50.57918167114258,
      -46.47403335571289
    ],
    [
      -54.22916030883789,
      -62.13231658935547,
      -59.987518310546875,
      -58.59214782714844,
      -57.69561767578125,
      -54.0649528503418,
      -57.04696273803711,
      -56.42383575439453,
      -54.454769134521484,
      -51.6805534362793,
      -48.10029983520508
    ],
    [
      -59.909481048583984,
      -59.091331481933594,
      -59.745487213134766,
      -61.27967071533203,
      -60.4737434387207,
      -55.9402961730957,
      -56.74083709716797,
      -52.59192657470703,
      -51.69235610961914,
      -52.46717834472656,
      -54.99845886230469
    ],
    [
      -61.04747009277344,
      -58.85178756713867,
      -60.95893478393555,
      -60.491424560546875,
      -60.488224029541016,
      -58.7515754699707,
      -60.087928771972656,
      -57.98439025878906,
      -57.70230484008789,
      -56.552059173583984,
      -55.726951599121094
    ],
    [
      -61.90816116333008,
      -61.25582504272461,
      -60.89757537841797,
      -60.67848205566406,
      -61.40386962890625,
      -61.71329879760742,
      -62.786949157714844,
      -62.25125503540039,
      -58.73041915893555,
      -55.8641357421875,
      -57.15730667114258
    ]
  ],
  "histogram": [
    {
      "db": -70,
      "frequency": 3
    },
    {
      "db": -69,
      "frequency": 3
    },
    {
      "db": -68,
      "frequency": 3
    },
    {
      "db": -67,
      "frequency": 5
    },
    {
      "db": -66,
      "frequency": 4
    },
    {
      "db": -65,
      "frequency": 2
    },
    {
      "db": -64,
      "frequency": 4
    },
    {
      "db": -63,
      "frequency": 1
    },
    {
      "db": -62,
      "frequency": 4
    },
    {
      "db": -61,
      "frequency": 5
    },
    {
      "db": -60,
      "frequency": 5
    },
    {
      "db": -59,
      "frequency": 5
    },
    {
      "db": -58,
      "frequency": 3
    },
    {
      "db": -57,
      "frequency": 2
    },
    {
      "db": -56,
      "frequency": 5
    },
    {
      "db": -55,
      "frequency": 5
    },
    {
      "db": -54,
      "frequency": 5
    },
    {
      "db": -53,
      "frequency": 5
    },
    {
      "db": -52,
      "frequency": 5
    },
    {
      "db": -51,
      "frequency": 5
    },
    {
      "db": -50,
      "frequency": 6
    },
    {
      "db": -49,
      "frequency": 8
    },
    {
      "db": -48,
      "frequency": 11
    },
    {
      "db": -47,
      "frequency": 5
    },
    {
      "db": -46,
      "frequency": 2
    },
    {
      "db": -45,
      "frequency": 2
    },
    {
      "db": -44,
      "frequency": 1
    },
    {
      "db": -43,
      "frequency": 5
    },
    {
      "db": -42,
      "frequency": 20
    },
    {
      "db": -41,
      "frequency": 9
    },
    {
      "db": -40,
      "frequency": 7
    },
    {
      "db": -39,
      "frequency": 14
    },
    {
      "db": -38,
      "frequency": 8
    },
    {
      "db": -37,
      "frequency": 6
    },
    {
      "db": -36,
      "frequency": 7
    },
    {
      "db": -35,
      "frequency": 7
    },
    {
      "db": -34,
      "frequency": 1
    },
    {
      "db": -33,
      "frequency": 9
    },
    {
      "db": -32,
      "frequency": 19
    },
    {
      "db": -31,
      "frequency": 9
    },
    {
      "db": -30,
      "frequency": 17
    },
    {
      "db": -29,
      "frequency": 63
    },
    {
      "db": -28,
      "frequency": 65
    },
    {
      "db": -27,
      "frequency": 98
    },
    {
      "db": -26,
      "frequency": 332
    },
    {
      "db": -25,
      "frequency": 738
    },
    {
      "db": -24,
      "frequency": 636
    },
    {
      "db": -23,
      "frequency": 373
    },
    {
      "db": -22,
      "frequency": 282
    },
    {
      "db": -21,
      "frequency": 121
    },
    {
      "db": -20,
      "frequency": 8
    },
    {
      "db": -19,
      "frequency": 0
    },
    {
      "db": -18,
      "frequency": 0
    },
    {
      "db": -17,
      "frequency": 0
    },
    {
      "db": -16,
      "frequency": 0
    },
    {
      "db": -15,
      "frequency": 0
    },
    {
      "db": -14,
      "frequency": 0
    },
    {
      "db": -13,
      "frequency": 0
    },
    {
      "db": -12,
      "frequency": 0
    },
    {
      "db": -11,
      "frequency": 0
    },
    {
      "db": -10,
      "frequency": 0
    },
    {
      "db": -9,
      "frequency": 0
    },
    {
      "db": -8,
      "frequency": 0
    },
    {
      "db": -7,
      "frequency": 0
    },
    {
      "db": -6,
      "frequency": 0
    },
    {
      "db": -5,
      "frequency": 0
    },
    {
      "db": -4,
      "frequency": 0
    },
    {
      "db": -3,
      "frequency": 0
    },
    {
      "db": -2,
      "frequency": 0
    },
    {
      "db": -1,
      "frequency": 0
    },
    {
      "db": 0,
      "frequency": 0
    },
    {
      "db": 1,
      "frequency": 0
    },
    {
      "db": 2,
      "frequency": 0
    },
    {
      "db": 3,
      "frequency": 0
    },
    {
      "db": 4,
      "frequency": 0
    },
    {
      "db": 5,
      "frequency": 0
    },
