{
  "acoustic_entropy": 191.65841674804688,
  "bands": [
    {
      "high_freq": 148.1999969482422,
      "loudness": -33.71637725830078,
      "loudness_range": 9.931600570678711,
      "mid_mean": -30.36663055419922,
      "mid_to_side_loudness": -14.987460136413574,
      "mid_to_side_loudness_range": 11.315803527832031,
      "side_mean": -45.31147766113281
    },
    {
      "high_freq": 392.3793640136719,
      "loudness": -34.69706726074219,
      "loudness_range": 7.483600616455078,
      "low_freq": 148.1999969482422,
      "mid_mean": -31.543685913085938,
      "mid_to_side_loudness": -10.071341514587402,
      "mid_to_side_loudness_range": 7.315222263336182,
      "side_mean": -41.47360610961914
    },
    {
      "high_freq": 794.6976318359375,
      "loudness": -36.57304000854492,
      "loudness_range": 9.851465225219727,
      "low_freq": 392.3793640136719,
      "mid_mean": -33.50076675415039,
      "mid_to_side_loudness": -9.258879661560059,
      "mid_to_side_loudness_range": 7.238557815551758,
      "side_mean": -42.83391189575195
    },
    {
      "high_freq": 1457.5709228515625,
      "loudness": -39.1471061706543,
      "loudness_range": 11.745256423950195,
      "low_freq": 794.6976318359375,
      "mid_mean": -36.13589859008789,
      "mid_to_side_loudness": -9.06002426147461,
      "mid_to_side_loudness_range": 8.409967422485352,
      "side_mean": -45.07199478149414
    },
    {
      "high_freq": 2549.74365234375,
      "loudness": -36.284202575683594,
      "loudness_range": 9.547266006469727,
      "low_freq": 1457.5709228515625,
      "mid_mean": -33.38108444213867,
      "mid_to_side_loudness": -9.102039337158203,
      "mid_to_side_loudness_range": 9.45108413696289,
      "side_mean": -42.17116165161133
    },
    {
      "high_freq": 4349.24462890625,
      "loudness": -38.49759292602539,
      "loudness_range": 10.041290283203125,
      "low_freq": 2549.74365234375,
      "mid_mean": -35.564266204833984,
      "mid_to_side_loudness": -8.258296966552734,
      "mid_to_side_loudness_range": 8.763298034667969,
      "side_mean": -43.888099670410156
    },
    {
      "high_freq": 7314.1640625,
      "loudness": -46.95652770996094,
      "loudness_range": 17.345447540283203,
      "low_freq": 4349.24462890625,
      "mid_mean": -44.545257568359375,
      "mid_to_side_loudness": -5.843963146209717,
      "mid_to_side_loudness_range": 8.858824729919434,
      "side_mean": -51.494930267333984
    },
    {
      "high_freq": 12199.2666015625,
      "loudness": -50.34621047973633,
      "loudness_range": 21.199501037597656,
      "low_freq": 7314.1640625,
      "mid_mean": -50.394412994384766,
      "mid_to_side_loudness": -5.095620632171631,
      "mid_to_side_loudness_range": 11.134130477905273,
      "side_mean": -55.01162338256836
    },
    {
      "loudness": -57.43080520629883,
      "loudness_range": 18.61815643310547,
      "low_freq": 12199.2666015625,
      "mid_mean": -56.68105697631836,
      "mid_to_side_loudness": -3.5376830101013184,
      "mid_to_side_loudness_range": 9.432469367980957,
      "side_mean": -59.73487091064453
    }
  ],
  "bands_short": [
    {
      "high_freq": 148.1999969482422,
      "loudness": -38.21554183959961,
      "loudness_range": 20.560897827148438,
      "mid_mean": -34.98004150390625,
      "mid_to_side_loudness": -15.106257438659668,
      "mid_to_side_loudness_range": 20.010578155517578,
      "side_mean": -51.44011688232422
    },
    {
      "high_freq": 392.3793640136719,
      "loudness": -33.99689865112305,
      "loudness_range": 10.470972061157227,
      "low_freq": 148.1999969482422,
      "mid_mean": -30.830936431884766,
      "mid_to_side_loudness": -10.863516807556152,
      "mid_to_side_loudness_range": 11.693546295166016,
      "side_mean": -41.372764587402344
    },
    {
      "high_freq": 794.6976318359375,
      "loudness": -37.39812469482422,
      "loudness_range": 12.465286254882812,
      "low_freq": 392.3793640136719,
      "mid_mean": -34.379337310791016,
      "mid_to_side_loudness": -9.595843315124512,
      "mid_to_side_loudness_range": 11.458580017089844,
      "side_mean": -43.791561126708984
    },
    {
      "high_freq": 1457.5709228515625,
      "loudness": -39.349082946777344,
      "loudness_range": 14.196744918823242,
      "low_freq": 794.6976318359375,
      "mid_mean": -36.395442962646484,
      "mid_to_side_loudness": -9.672123908996582,
      "mid_to_side_loudness_range": 12.439865112304688,
      "side_mean": -45.79819869995117
    },
    {
      "high_freq": 2549.74365234375,
      "loudness": -37.00025939941406,
      "loudness_range": 12.832321166992188,
      "low_freq": 1457.5709228515625,
      "mid_mean": -34.03065490722656,
      "mid_to_side_loudness": -9.798308372497559,
      "mid_to_side_loudness_range": 12.383790969848633,
      "side_mean": -43.39589309692383
    },
    {
      "high_freq": 4349.24462890625,
      "loudness": -39.15397262573242,
      "loudness_range": 13.732315063476562,
      "low_freq": 2549.74365234375,
      "mid_mean": -36.26173782348633,
      "mid_to_side_loudness": -8.806909561157227,
      "mid_to_side_loudness_range": 11.554930686950684,
      "side_mean": -45.144596099853516
    },
    {
      "high_freq": 7314.1640625,
      "loudness": -48.51419448852539,
      "loudness_range": 21.894546508789062,
      "low_freq": 4349.24462890625,
      "mid_mean": -46.37678146362305,
      "mid_to_side_loudness": -6.2361321449279785,
      "mid_to_side_loudness_range": 11.165181159973145,
      "side_mean": -53.35639572143555
    },
    {
      "high_freq": 12199.2666015625,
      "loudness": -51.561058044433594,
      "loudness_range": 24.710582733154297,
      "low_freq": 7314.1640625,
      "mid_mean": -52.4644775390625,
      "mid_to_side_loudness": -5.213732719421387,
      "mid_to_side_loudness_range": 12.552290916442871,
      "side_mean": -57.03667449951172
    },
    {
      "loudness": -59.221927642822266,
      "loudness_range": 23.947467803955078,
      "low_freq": 12199.2666015625,
      "mid_mean": -59.281211853027344,
      "mid_to_side_loudness": -4.062763690948486,
      "mid_to_side_loudness_range": 11.805480003356934,
      "side_mean": -62.352806091308594
    }
  ],
  "bandwidth": 564.5849609375,
  "channels": 2,
  "covariance": [
    [
      23.45979881286621,
      15.415389060974121,
      11.88510513305664,
      13.085683822631836,
      9.068174362182617,
      13.066754341125488,
      8.443055152893066,
      12.250722885131836,
      7.633142471313477,
      11.630084037780762,
      7.352478981018066,
      12.814594268798828,
      11.51385498046875,
      16.00599479675293,
      20.346492767333984,
      16.075288772583008,
      15.93814468383789,
      12.639829635620117
    ],
    [
      15.415389060974121,
      23.000200271606445,
      10.069855690002441,
      13.32275390625,
      9.482648849487305,
      13.981087684631348,
      7.608113765716553,
      12.134384155273438,
      6.612645626068115,
      11.656309127807617,
      6.915318965911865,
      12.963640213012695,
      11.389016151428223,
      14.537578582763672,
      17.32687759399414,
      13.479047775268555,
      12.646559715270996,
      9.122214317321777
    ],
    [
      11.88510513305664,
      10.069855690002441,
      15.195172309875488,
      12.427035331726074,
      8.772002220153809,
      11.72173023223877,
      8.581121444702148,
      12.453381538391113,
      5.761754035949707,
      10.693849563598633,
      7.145396709442139,
      12.524001121520996,
      12.303847312927246,
      17.192615509033203,
      19.81327247619629,
      15.849200248718262,
      14.103381156921387,
      10.641561508178711
    ],
    [
      13.085683822631836,
      13.32275390625,
      12.427035331726074,
      19.194072723388672,
      11.319292068481445,
      15.248684883117676,
      11.316494941711426,
      17.280426025390625,
      8.46631145477295,
      14.178109169006348,
      8.501816749572754,
      15.728996276855469,
      15.027198791503906,
      18.58782196044922,
      20.487226486206055,
      16.512371063232422,
      14.484457969665527,
      10.844022750854492
    ],
    [
      9.068174362182617,
      9.482648849487305,
      8.772002220153809,
      11.319292068481445,
      17.680099487304688,
      15.332437515258789,
      11.937116622924805,
      14.235045433044434,
      8.383036613464355,
      11.423667907714844,
      10.408557891845703,
      13.163216590881348,
      14.651897430419922,
      15.936206817626953,
      19.838891983032227,
      14.890070915222168,
      13.339604377746582,
      8.63529109954834
    ],
    [
      13.066754341125488,
      13.981087684631348,
      11.72173023223877,
      15.248684883117676,
      15.332437515258789,
      22.230661392211914,
      12.681453704833984,
      18.717126846313477,
      9.540760040283203,
      16.04562759399414,
      11.37924861907959,
      18.334043502807617,
      18.19648551940918,
      21.61996841430664,
      24.808298110961914,
      19.464773178100586,
      18.03130531311035,
      12.8993558883667
    ],
    [
      8.443055152893066,
      7.608113765716553,
      8.581121444702148,
      11.316494941711426,
      11.937116622924805,
      12.681453704833984,
      22.620594024658203,
      18.357358932495117,
      12.729775428771973,
      11.182551383972168,
      11.352372169494629,
      12.929508209228516,
      14.721171379089355,
      17.776098251342773,
      18.940340042114258,
      16.109216690063477,
      13.13968563079834,
      10.366447448730469
    ],
    [
      12.250722885131836,
      12.134384155273438,
      12.453381538391113,
      17.280426025390625,
      14.235045433044434,
      18.717126846313477,
      18.357358932495117,
      26.516050338745117,
      12.735990524291992,
      18.777502059936523,
      12.440316200256348,
      20.268211364746094,
      18.631284713745117,
      23.6896915435791,
      23.2958984375,
      20.733078002929688,
      17.626449584960938,
      14.928925514221191
    ],
    [
      7.633142471313477,
      6.612645626068115,
      5.761754035949707,
      8.46631145477295,
      8.383036613464355,
      9.540760040283203,
      12.729775428771973,
      12.735990524291992,
      20.26094627380371,
      12.303216934204102,
      12.009248733520508,
      11.596875190734863,
      11.628936767578125,
      16.313817977905273,
      16.810962677001953,
      14.639623641967773,
      12.802807807922363,
      10.918153762817383
    ],
    [
      11.630084037780762,
      11.656309127807617,
      10.693849563598633,
      14.178109169006348,
      11.423667907714844,
      16.04562759399414,
      11.182551383972168,
      18.777502059936523,
      12.303216934204102,
      19.789459228515625,
      11.985761642456055,
      19.923303604125977,
      16.584253311157227,
      20.840999603271484,
      20.248807907104492,
      18.15228843688965,
      16.006641387939453,
      13.80594253540039
    ],
    [
      7.352478981018066,
      6.915318965911865,
      7.145396709442139,
      8.501816749572754,
      10.408557891845703,
      11.37924861907959,
      11.352372169494629,
      12.440316200256348,
      12.009248733520508,
      11.985761642456055,
      19.39203643798828,
      15.302444458007812,
      17.843294143676758,
      16.549182891845703,
      19.821334838867188,
      15.933871269226074,
      15.06680965423584,
      10.828235626220703
    ],
    [
      12.814594268798828,
      12.963640213012695,
      12.524001121520996,
      15.728996276855469,
      13.163216590881348,
      18.334043502807617,
      12.929508209228516,
      20.268211364746094,
      11.596875190734863,
      19.923303604125977,
      15.302444458007812,
      25.129310607910156,
      22.5734920501709,
      27.485790252685547,
      27.473770141601562,
      24.675806045532227,
      20.812320709228516,
      17.238426208496094
    ],
    [
      11.51385498046875,
      11.389016151428223,
      12.303847312927246,
      15.027198791503906,
      14.651897430419922,
      18.19648551940918,
      14.721171379089355,
      18.631284713745117,
      11.628936767578125,
      16.584253311157227,
      17.843294143676758,
      22.5734920501709,
      42.651512145996094,
      36.340274810791016,
      50.84239959716797,
      37.4687385559082,
      36.84100341796875,
      23.199371337890625
    ],
    [
      16.00599479675293,
      14.537578582763672,
      17.192615509033203,
      18.58782196044922,
      15.936206817626953,
      21.61996841430664,
      17.776098251342773,
      23.6896915435791,
      16.313817977905273,
      20.840999603271484,
      16.549182891845703,
      27.485790252685547,
      36.340274810791016,
      61.38340759277344,
      64.58454895019531,
      56.177459716796875,
      47.59532165527344,
      38.83662414550781
    ],
    [
      20.346492767333984,
      17.32687759399414,
      19.81327247619629,
      20.487226486206055,
      19.838891983032227,
      24.808298110961914,
      18.940340042114258,
      23.2958984375,
      16.810962677001953,
      20.248807907104492,
      19.821334838867188,
      27.473770141601562,
      50.84239959716797,
      64.58454895019531,
      96.08483123779297,
      66.19564056396484,
      67.53113555908203,
      42.377925872802734
    ],
    [
      16.075288772583008,
      13.479047775268555,
      15.849200248718262,
      16.512371063232422,
      14.890070915222168,
      19.464773178100586,
      16.109216690063477,
      20.733078002929688,
      14.639623641967773,
      18.15228843688965,
      15.933871269226074,
      24.675806045532227,
      37.4687385559082,
      56.177459716796875,
      66.19564056396484,
      55.76371765136719,
      49.87894058227539,
      39.332427978515625
    ],
    [
      15.93814468383789,
      12.646559715270996,
      14.103381156921387,
      14.484457969665527,
      13.339604377746582,
      18.03130531311035,
      13.13968563079834,
      17.626449584960938,
      12.802807807922363,
      16.006641387939453,
      15.06680965423584,
      20.812320709228516,
      36.84100341796875,
      47.59532165527344,
      67.53113555908203,
      49.87894058227539,
      56.0721321105957,
      39.32757568359375
    ],
    [
      12.639829635620117,
      9.122214317321777,
      10.641561508178711,
      10.844022750854492,
      8.63529109954834,
      12.8993558883667,
      10.366447448730469,
      14.928925514221191,
      10.918153762817383,
      13.80594253540039,
      10.828235626220703,
      17.238426208496094,
      23.199371337890625,
      38.83662414550781,
      42.377925872802734,
      39.332427978515625,
      39.32757568359375,
      36.627418518066406
    ]
  ],
  "covariance_short": [
    [
      52.15519714355469,
      22.19325828552246,
      13.427675247192383,
      16.45414924621582,
      10.92356014251709,
      15.94241714477539,
      10.136882781982422,
      14.695769309997559,
      8.840211868286133,
      14.911372184753418,
      9.802927017211914,
      18.07486343383789,
      17.876636505126953,
      20.540664672851562,
      24.92340850830078,
      19.41846466064453,
      19.413503646850586,
      14.546245574951172
    ],
    [
      22.19325828552246,
      57.98029708862305,
      13.875176429748535,
      17.703868865966797,
      12.550102233886719,
      17.199901580810547,
      11.904180526733398,
      15.95164966583252,
      12.825923919677734,
      16.035490036010742,
      10.724113464355469,
      19.21055030822754,
      19.023767471313477,
      37.98017883300781,
      40.734745025634766,
      31.439083099365234,
      26.474470138549805,
      18.52904510498047
    ],
    [
      13.427675247192383,
      13.875176429748535,
      20.475202560424805,
      14.45672607421875,
      10.874678611755371,
      13.578034400939941,
      9.196907997131348,
      14.2946195602417,
      6.897799491882324,
      13.274754524230957,
      8.572999000549316,
      15.146308898925781,
      13.66256046295166,
      18.19831657409668,
      19.54918670654297,
      16.298009872436523,
      14.859456062316895,
      12.187089920043945
    ],
    [
      16.45414924621582,
      17.703868865966797,
      14.45672607421875,
      28.013437271118164,
      14.59371566772461,
      21.44377899169922,
      12.044864654541016,
      22.86294174194336,
      8.627151489257812,
      18.78406524658203,
      9.46611499786377,
      21.16541862487793,
      17.342397689819336,
      21.600431442260742,
      22.716712951660156,
      18.699005126953125,
      17.144264221191406,
      13.494613647460938
    ],
    [
      10.92356014251709,
      12.550102233886719,
      10.874678611755371,
      14.59371566772461,
      26.472915649414062,
      21.70817756652832,
      13.933672904968262,
      19.718719482421875,
      10.36926555633545,
      16.446678161621094,
      13.539090156555176,
      19.308208465576172,
      18.9022274017334,
      21.176912307739258,
      24.391164779663086,
      19.417428970336914,
      17.28992462158203,
      12.904884338378906
    ],
    [
      15.94241714477539,
      17.199901580810547,
      13.578034400939941,
      21.44377899169922,
      21.70817756652832,
      35.64667892456055,
      15.533842086791992,
      28.480934143066406,
      11.060606002807617,
      23.96782875061035,
      14.754090309143066,
      26.792560577392578,
      24.181676864624023,
      28.06494140625,
      30.504276275634766,
      24.708568572998047,
      23.075252532958984,
      17.32392692565918
    ],
    [
      10.136882781982422,
      11.904180526733398,
      9.196907997131348,
      12.044864654541016,
      13.933672904968262,
      15.533842086791992,
      31.128095626831055,
      23.94426727294922,
      15.563970565795898,
      15.269943237304688,
      16.150745391845703,
      18.394575119018555,
      20.469785690307617,
      22.77452850341797,
      23.43110466003418,
      20.59078598022461,
      16.64825439453125,
      14.316349983215332
    ],
    [
      14.695769309997559,
      15.95164966583252,
      14.2946195602417,
      22.86294174194336,
      19.718719482421875,
      28.480934143066406,
      23.94426727294922,
      42.4897575378418,
      16.507226943969727,
      29.706363677978516,
      17.647571563720703,
      30.728710174560547,
      26.365297317504883,
      32.604652404785156,
      30.812938690185547,
      28.3426456451416,
      24.48424530029297,
      21.95831871032715
    ],
    [
      8.840211868286133,
      12.825923919677734,
      6.897799491882324,
      8.627151489257812,
      10.36926555633545,
      11.060606002807617,
      15.563970565795898,
      16.507226943969727,
      27.130756378173828,
      18.391651153564453,
      17.74765396118164,
      17.208227157592773,
      18.655710220336914,
      20.338560104370117,
      20.084476470947266,
      17.990976333618164,
      15.13070011138916,
      13.78588581085205
    ],
    [
      14.911372184753418,
      16.035490036010742,
      13.274754524230957,
      18.78406524658203,
      16.446678161621094,
      23.96782875061035,
      15.269943237304688,
      29.706363677978516,
      18.391651153564453,
      35.20232391357422,
      17.967538833618164,
      31.66301155090332,
      25.870527267456055,
      30.933012008666992,
      27.849618911743164,
      26.49925994873047,
      23.096088409423828,
      21.501819610595703
    ],
    [
      9.802927017211914,
      10.724113464355469,
      8.572999000549316,
      9.46611499786377,
      13.539090156555176,
      14.754090309143066,
      16.150745391845703,
      17.647571563720703,
      17.74765396118164,
      17.967538833618164,
      30.218652725219727,
      23.942752838134766,
      26.301189422607422,
      24.776134490966797,
      27.91136932373047,
      22.904296875,
      21.11057472229004,
      16.36736488342285
    ],
    [
      18.07486343383789,
      19.21055030822754,
      15.146308898925781,
      21.16541862487793,
      19.308208465576172,
      26.792560577392578,
      18.394575119018555,
      30.728710174560547,
      17.208227157592773,
      31.66301155090332,
      23.942752838134766,
      42.32761001586914,
      35.76388168334961,
      42.01130294799805,
      38.9302978515625,
      37.16254806518555,
      30.962190628051758,
      28.001726150512695
    ],
    [
      17.876636505126953,
      19.023767471313477,
      13.66256046295166,
      17.342397689819336,
      18.9022274017334,
      24.181676864624023,
      20.469785690307617,
      26.365297317504883,
      18.655710220336914,
      25.870527267456055,
      26.301189422607422,
      35.76388168334961,
      64.26421356201172,
      56.9071044921875,
      71.71475982666016,
      56.31922912597656,
      55.184940338134766,
      39.40020751953125
    ],
    [
      20.540664672851562,
      37.98017883300781,
      18.19831657409668,
      21.600431442260742,
      21.176912307739258,
      28.06494140625,
      22.77452850341797,
      32.604652404785156,
      20.338560104370117,
      30.933012008666992,
      24.776134490966797,
      42.01130294799805,
      56.9071044921875,
      81.0028076171875,
      78.23602294921875,
      73.97199249267578,
      59.8365364074707,
      53.49907302856445
    ],
    [
      24.92340850830078,
      40.734745025634766,
      19.54918670654297,
      22.716712951660156,
      24.391164779663086,
      30.504276275634766,
      23.43110466003418,
      30.812938690185547,
      20.084476470947266,
      27.849618911743164,
      27.91136932373047,
      38.9302978515625,
      71.71475982666016,
      78.23602294921875,
      115.39558410644531,
      81.4974594116211,
      83.30390930175781,
      53.83037567138672
    ],
    [
      19.41846466064453,
      31.439083099365234,
      16.298009872436523,
      18.699005126953125,
      19.417428970336914,
      24.708568572998047,
      20.59078598022461,
      28.3426456451416,
      17.990976333618164,
      26.49925994873047,
      22.904296875,
      37.16254806518555,
      56.31922912597656,
      73.97199249267578,
      81.4974594116211,
      75.09661865234375,
      63.46087646484375,
      54.85955047607422
    ],
    [
      19.413503646850586,
      26.474470138549805,
      14.859456062316895,
      17.144264221191406,
      17.28992462158203,
      23.075252532958984,
      16.64825439453125,
      24.48424530029297,
      15.13070011138916,
      23.096088409423828,
      21.11057472229004,
      30.962190628051758,
      55.184940338134766,
      59.8365364074707,
      83.30390930175781,
      63.46087646484375,
      72.22989654541016,
      51.616004943847656
    ],
    [
      14.546245574951172,
      18.52904510498047,
      12.187089920043945,
      13.494613647460938,
      12.904884338378906,
      17.32392692565918,
      14.316349983215332,
      21.95831871032715,
      13.78588581085205,
      21.501819610595703,
      16.36736488342285,
      28.001726150512695,
      39.40020751953125,
      53.49907302856445,
      53.83037567138672,
      54.85955047607422,
      51.616004943847656,
      51.02030944824219
    ]
  ],
  "damage": -18.841733932495117,
  "diff_bandwidth": 583.1023559570312,
  "dissonance": 9.105399007972986,
  "drr": 16.491243362426758,
  "dynamics": 2.3576862812042236,
  "format": 1245190,
  "frames": 13413456,
  "freq_pan_to_db": [
    [
      -37.014060974121094,
      -35.04336929321289,
      -32.0111198425293,
      -29.417871475219727,
      -27.623563766479492,
      -28.655641555786133,
      -30.925975799560547,
      -32.35922622680664,
      -33.22515869140625,
      -35.21185302734375,
      -36.36069107055664
    ],
    [
      -29.547971725463867,
      -28.30215835571289,
      -26.2723445892334,
      -24.240083694458008,
      -20.857242584228516,
      -20.843564987182617,
      -24.03089141845703,
      -25.61485481262207,
      -27.132043838500977,
      -28.617300033569336,
      -29.854721069335938
    ],
    [
      -27.9742488861084,
      -26.626047134399414,
      -25.00129508972168,
      -23.086393356323242,
      -21.780128479003906,
      -22.13896942138672,
      -23.432321548461914,
      -24.603473663330078,
      -25.442941665649414,
      -26.78145980834961,
      -27.734914779663086
    ],
    [
      -29.67491912841797,
      -29.005510330200195,
      -27.632177352905273,
      -26.570051193237305,
      -25.50773048400879,
      -25.262584686279297,
      -25.29112434387207,
      -26.42708969116211,
      -27.661088943481445,
      -29.01728630065918,
      -29.837892532348633
    ],
    [
      -31.3842716217041,
      -31.21993637084961,
      -29.94522476196289,
      -29.495512008666992,
      -28.82231330871582,
      -28.443218231201172,
      -27.2309513092041,
      -27.927249908447266,
      -29.17352294921875,
      -30.391340255737305,
      -30.899803161621094
    ],
    [
      -32.042381286621094,
      -31.158449172973633,
      -29.80449104309082,
      -28.561126708984375,
      -27.392406463623047,
      -27.79180335998535,
      -28.962711334228516,
      -30.36302947998047,
      -31.691242218017578,
      -32.83662414550781,
      -33.22814178466797
    ],
    [
      -33.20582580566406,
      -32.424537658691406,
      -31.170124053955078,
      -29.868741989135742,
      -28.404396057128906,
      -28.8314208984375,
      -29.318801879882812,
      -30.738195419311523,
      -32.50114822387695,
      -33.704837799072266,
      -34.34616470336914
    ],
    [
      -32.604549407958984,
      -33.2390022277832,
      -32.363529205322266,
      -31.308128356933594,
      -30.056516647338867,
      -29.077043533325195,
      -27.303667068481445,
      -29.420581817626953,
      -31.37750816345215,
      -31.69141387939453,
      -31.88628578186035
    ],
    [
      -33.50681686401367,
      -32.89834976196289,
      -32.21538162231445,
      -30.89278793334961,
      -29.53260612487793,
      -29.07357406616211,
      -27.809246063232422,
      -29.551023483276367,
      -31.797517776489258,
      -32.56512451171875,
      -33.04505920410156
    ],
    [
      -33.59751510620117,
      -33.78011703491211,
      -31.924283981323242,
      -29.99617576599121,
      -28.85464096069336,
      -30.077777862548828,
      -31.03006935119629,
      -32.2928352355957,
      -33.47751235961914,
      -34.915287017822266,
      -36.30282974243164
    ],
    [
      -35.672813415527344,
      -36.00405502319336,
      -35.43796157836914,
      -34.010467529296875,
      -31.882469177246094,
      -30.278383255004883,
      -32.0084114074707,
      -33.58662033081055,
      -35.143245697021484,
      -35.67164993286133,
      -35.77165222167969
    ],
    [
      -38.003482818603516,
      -37.0224494934082,
      -36.6806755065918,
      -36.642433166503906,
      -34.581298828125,
      -33.0483283996582,
      -32.87308120727539,
      -34.268226623535156,
      -36.873512268066406,
      -36.76071548461914,
      -39.65762710571289
    ],
    [
      -37.04595184326172,
      -37.865333557128906,
      -38.31425094604492,
      -36.664608001708984,
      -33.566192626953125,
      -32.24089431762695,
      -33.603755950927734,
      -35.190757751464844,
      -36.50511932373047,
      -37.15176010131836,
      -36.93696975708008
    ],
    [
      -33.5397834777832,
      -37.367496490478516,
      -36.658653259277344,
      -34.556339263916016,
      -31.548843383789062,
      -31.28514289855957,
      -33.65651321411133,
      -36.14360809326172,
      -36.56348419189453,
      -37.33359909057617,
      -37.60980987548828
    ],
    [
      -33.73515701293945,
      -35.47220230102539,
      -36.09759521484375,
      -34.260501861572266,
      -32.664493560791016,
      -34.03575134277344,
      -35.71451187133789,
      -36.9949951171875,
      -35.88786697387695,
      -38.06105041503906,
      -37.28929138183594
    ],
    [
      -33.93387222290039,
      -35.25738525390625,
      -36.10109329223633,
      -34.101749420166016,
      -35.03211212158203,
      -34.879547119140625,
      -36.322242736816406,
      -36.32265090942383,
      -35.89063262939453,
      -36.070823669433594,
      -38.0033073425293
    ],
    [
      -34.2211799621582,
      -35.32974624633789,
      -37.087249755859375,
      -36.05833435058594,
      -36.099754333496094,
      -35.89583206176758,
      -37.450862884521484,
      -36.00201416015625,
      -35.804168701171875,
      -36.04277038574219,
      -37.56460189819336
    ],
    [
      -31.94123649597168,
      -33.838470458984375,
      -35.65364456176758,
      -35.824188232421875,
      -33.44552993774414,
      -34.48588562011719,
      -35.530845642089844,
      -34.29084014892578,
      -34.3863639831543,
      -34.779117584228516,
      -35.757537841796875
    ],
    [
      -33.46796798706055,
      -33.44282531738281,
      -34.67861557006836,
      -34.678924560546875,
      -32.65166473388672,
      -33.85255813598633,
      -35.72350311279297,
      -34.136749267578125,
      -34.28096008300781,
      -35.53904724121094,
      -37.28793716430664
    ],
    [
      -36.80904006958008,
      -35.83591079711914,
      -36.44887924194336,
      -36.555023193359375,
      -34.40123748779297,
      -35.449371337890625,
      -37.119686126708984,
      -36.899478912353516,
      -36.63373947143555,
      -36.745765686035156,
      -34.91629409790039
    ],
    [
      -39.06349563598633,
      -33.70829391479492,
      -36.541839599609375,
      -36.750633239746094,
      -35.77897644042969,
      -35.870140075683594,
      -37.846641540527344,
      -36.76585006713867,
      -37.79599380493164,
      -38.712650299072266,
      -39.345741271972656
    ],
    [
      -38.38330078125,
      -36.99617385864258,
      -35.28396224975586,
      -37.07365798950195,
      -35.85453414916992,
      -35.532012939453125,
      -38.50461196899414,
      -35.92075729370117,
      -38.14226531982422,
      -39.217315673828125,
      -40.327430725097656
    ],
    [
      -37.94267272949219,
      -36.851924896240234,
      -38.077850341796875,
      -38.55788803100586,
      -37.09843826293945,
      -36.0965576171875,
      -37.7237434387207,
      -38.48750686645508,
      -38.6458625793457,
      -37.93690490722656,
      -38.208858489990234
    ],
    [
      -41.82085418701172,
      -37.8443603515625,
      -37.9575309753418,
      -38.369422912597656,
      -37.629520416259766,
      -36.067928314208984,
      -37.89510726928711,
      -38.59916687011719,
      -38.67522048950195,
      -38.66508865356445,
      -38.97892761230469
    ],
    [
      -46.94522476196289,
      -40.2384147644043,
      -40.39092254638672,
      -39.8720703125,
      -39.84256362915039,
      -38.9449462890625,
      -40.22946548461914,
      -40.16651153564453,
      -40.66996765136719,
      -41.40410232543945,
      -43.23366928100586
    ],
    [
      -40.062435150146484,
      -40.99675369262695,
      -41.45832443237305,
      -40.78578186035156,
      -40.53880310058594,
      -40.70027542114258,
      -41.322261810302734,
      -41.40626525878906,
      -41.65233612060547,
      -41.85029602050781,
      -42.140480041503906
    ],
    [
      -50.76323318481445,
      -42.5642204284668,
      -42.38886642456055,
      -42.983360290527344,
      -42.278221130371094,
      -41.696250915527344,
      -44.164241790771484,
      -43.86637878417969,
      -43.149898529052734,
      -44.21236801147461,
      -41.98261642456055
    ],
    [
      -46.75871276855469,
      -42.617618560791016,
      -43.1904411315918,
      -43.465423583984375,
      -44.396419525146484,
      -44.43069839477539,
      -46.40975570678711,
      -45.28376007080078,
      -44.85770034790039,
      -44.89555358886719,
      -46.170372009277344
    ],
    [
      -43.34257125854492,
      -44.27318572998047,
      -45.34868621826172,
      -45.868221282958984,
      -46.676971435546875,
      -45.99856948852539,
      -47.82180404663086,
      -47.52668380737305,
      -46.35206604003906,
      -46.80998611450195,
      -40.32548522949219
    ],
    [
      -51.59158706665039,
      -47.696929931640625,
      -46.97085189819336,
      -47.497230529785156,
      -48.231468200683594,
      -45.91830062866211,
      -47.00349044799805,
      -47.39695739746094,
      -47.653465270996094,
      -47.280853271484375,
      -45.640384674072266
    ],
    [
      -48.22936248779297,
      -48.18049240112305,
      -47.7239990234375,
      -48.02146911621094,
      -48.548831939697266,
      -45.46014404296875,
      -46.23542404174805,
      -46.24113464355469,
      -49.68056869506836,
      -50.308387756347656,
      -48.14199447631836
    ],
    [
      -52.22737121582031,
      -49.097740173339844,
      -48.85704040527344,
      -49.02532958984375,
      -49.03375244140625,
      -45.242740631103516,
      -48.065826416015625,
      -50.139015197753906,
      -51.332420349121094,
      -48.82767868041992,
      -54.69613265991211
    ],
    [
      -51.31747817993164,
      -50.13417434692383,
      -49.22709274291992,
      -49.45808029174805,
      -49.205631256103516,
      -45.349456787109375,
      -49.463645935058594,
      -51.979087829589844,
      -54.368247985839844,
      -51.992713928222656,
      -59.28837203979492
    ],
    [
      -78.990478515625,
      -53.81157302856445,
      -52.16590881347656,
      -50.8582878112793,
      -49.922889709472656,
      -45.084564208984375,
      -49.42967224121094,
      -53.42168426513672,
      -57.741981506347656,
      -55.85029983520508,
      -370
    ],
    [
      -51.85015106201172,
      -57.62192916870117,
      -54.59842300415039,
      -52.330326080322266,
      -51.30008316040039,
      -45.75850296020508,
      -49.74311447143555,
      -47.58283996582031,
      -47.50052261352539,
      -51.481285095214844,
      -53.35662841796875
    ],
    [
      -370,
      -58.04895782470703,
      -56.73956298828125,
      -55.06528091430664,
      -54.170753479003906,
      -48.097198486328125,
      -51.317115783691406,
      -46.90243911743164,
      -45.63043975830078,
      -49.720699310302734,
      -46.156837463378906
    ],
    [
      -370,
      -56.47401428222656,
      -56.7577018737793,
      -56.45687484741211,
      -55.38154602050781,
      -49.44597625732422,
      -53.367191314697266,
      -51.38316345214844,
      -50.42321014404297,
      -50.6875,
      -51.95400619506836
    ],
    [
      -370,
      -60.18525695800781,
      -59.573734283447266,
      -57.98930740356445,
      -55.99577331542969,
      -51.549041748046875,
      -55.88644790649414,
      -55.21611785888672,
      -53.19771957397461,
      -50.684871673583984,
      -46.5611686706543
    ],
    [
      -54.19887161254883,
      -60.739158630371094,
      -60.018497467041016,
      -58.58132553100586,
      -57.67115783691406,
      -54.041419982910156,
      -57.05082702636719,
      -56.410648345947266,
      -54.43800354003906,
      -51.59690856933594,
      -49.12607192993164
    ],
    [
      -59.89657974243164,
      -59.14744567871094,
      -59.74409103393555,
      -61.23420715332031,
      -60.44190979003906,
      -55.93443298339844,
      -56.71895217895508,
      -52.56602478027344,
      -51.66898727416992,
      -52.34446334838867,
      -55.16022872924805
    ],
    [
      -61.20579528808594,
      -58.84953689575195,
      -60.92339324951172,
      -60.466861724853516,
      -60.470211029052734,
      -58.72395324707031,
      -60.075801849365234,
      -57.9750862121582,
      -57.70621871948242,
      -56.37034225463867,
      -55.75615310668945
    ],
    [
      -61.469505310058594,
      -61.594966888427734,
      -60.763057708740234,
      -60.69997787475586,
      -61.35080337524414,
      -61.707069396972656,
      -62.7584114074707,
      -62.23486328125,
      -58.661170959472656,
      -56.23659896850586,
      -56.87367248535156
    ]
  ],
  "histogram": [
    {
      "db": -70,
      "frequency": 3
    },
    {
      "db": -69,
      "frequency": 3
    },
    {
      "db": -68,
      "frequency": 3
    },
    {
      "db": -67,
      "frequency": 5
    },
    {
      "db": -66,
      "frequency": 4
    },
    {
      "db": -65,
      "frequency": 2
    },
    {
      "db": -64,
      "frequency": 4
    },
    {
      "db": -63,
      "frequency": 1
    },
    {
      "db": -62,
      "frequency": 4
    },
    {
      "db": -61,
      "frequency": 5
    },
    {
      "db": -60,
      "frequency": 5
    },
    {
      "db": -59,
      "frequency": 5
    },
    {
      "db": -58,
      "frequency": 3
    },
    {
      "db": -57,
      "frequency": 2
    },
    {
      "db": -56,
      "frequency": 5
    },
    {
      "db": -55,
      "frequency": 5
    },
    {
      "db": -54,
      "frequency": 5
    },
    {
      "db": -53,
      "frequency": 5
    },
    {
      "db": -52,
      "frequency": 5
    },
    {
      "db": -51,
      "frequency": 5
    },
    {
      "db": -50,
      "frequency": 6
    },
    {
      "db": -49,
      "frequency": 8
    },
    {
      "db": -48,
      "frequency": 11
    },
    {
      "db": -47,
      "frequency": 5
    },
    {
      "db": -46,
      "frequency": 2
    },
    {
      "db": -45,
      "frequency": 2
    },
    {
      "db": -44,
      "frequency": 1
    },
    {
      "db": -43,
      "frequency": 5
    },
    {
      "db": -42,
      "frequency": 20
    },
    {
      "db": -41,
      "frequency": 9
    },
    {
      "db": -40,
      "frequency": 7
    },
    {
      "db": -39,
      "frequency": 14
    },
    {
      "db": -38,
      "frequency": 8
    },
    {
      "db": -37,
      "frequency": 6
    },
    {
      "db": -36,
      "frequency": 7
    },
    {
      "db": -35,
      "frequency": 7
    },
    {
      "db": -34,
      "frequency": 1
    },
    {
      "db": -33,
      "frequency": 9
    },
    {
      "db": -32,
      "frequency": 16
    },
    {
      "db": -31,
      "frequency": 12
    },
    {
      "db": -30,
      "frequency": 17
    },
    {
      "db": -29,
      "frequency": 57
    },
    {
      "db": -28,
      "frequency": 71
    },
    {
      "db": -27,
      "frequency": 94
    },
    {
      "db": -26,
      "frequency": 326
    },
    {
      "db": -25,
      "frequency": 757
    },
    {
      "db": -24,
      "frequency": 629
    },
    {
      "db": -23,
      "frequency": 373
    },
    {
      "db": -22,
      "frequency": 287
    },
    {
      "db": -21,
      "frequency": 115
    },
    {
      "db": -20,
      "frequency": 7
    },
    {
      "db": -19,
      "frequency": 0
    },
    {
      "db": -18,
      "frequency": 0
    },
    {
      "db": -17,
      "frequency": 0
    },
    {
      "db": -16,
      "frequency": 0
    },
    {
      "db": -15,
      "frequency": 0
    },
    {
      "db": -14,
      "frequency": 0
    },
    {
      "db": -13,
      "frequency": 0
    },
    {
      "db": -12,
      "frequency": 0
    },
    {
      "db": -11,
      "frequency": 0
    },
    {
      "db": -10,
      "frequency": 0
    },
    {
      "db": -9,
      "frequency": 0
    },
    {
      "db": -8,
      "frequency": 0
    },
    {
      "db": -7,
      "frequency": 0
    },
    {
      "db": -6,
      "frequency": 0
    },
    {
      "db": -5,
      "frequency": 0
    },
    {
      "db": -4,
      "frequency": 0
    },
    {
      "db": -3,
      "frequency": 0
    },
    {
      "db": -2,
      "frequency": 0
    },
    {
      "db": -1,
      "frequency": 0
    },
    {
      "db": 0,
      "frequency": 0
    },
    {
      "db": 1,
      "frequency": 0
    },
    {
      "db": 2,
      "frequency": 0
    },
    {
      "db": 3,
      "frequency": 0
    },
    {
      "db": 4,
      "frequency": 0
    },
    {
      "db": 5,
