{
  "acoustic_entropy": 192.5731658935547,
  "bands": [
    {
      "high_freq": 148.1999969482422,
      "loudness": -33.87306594848633,
      "loudness_range": 9.713756561279297,
      "mid_mean": -30.519062042236328,
      "mid_to_side_loudness": -14.880115509033203,
      "mid_to_side_loudness_range": 11.32038688659668,
      "side_mean": -45.335025787353516
    },
    {
      "high_freq": 392.3793640136719,
      "loudness": -34.68849182128906,
      "loudness_range": 7.399639129638672,
      "low_freq": 148.1999969482422,
      "mid_mean": -31.53089141845703,
      "mid_to_side_loudness": -10.041971206665039,
      "mid_to_side_loudness_range": 7.326966285705566,
      "side_mean": -41.430885314941406
    },
    {
      "high_freq": 794.6976318359375,
      "loudness": -36.506141662597656,
      "loudness_range": 9.716161727905273,
      "low_freq": 392.3793640136719,
      "mid_mean": -33.43547439575195,
      "mid_to_side_loudness": -9.247589111328125,
      "mid_to_side_loudness_range": 7.234052658081055,
      "side_mean": -42.75679016113281
    },
    {
      "high_freq": 1457.5709228515625,
      "loudness": -39.06911087036133,
      "loudness_range": 11.729875564575195,
      "low_freq": 794.6976318359375,
      "mid_mean": -36.048763275146484,
      "mid_to_side_loudness": -9.073938369750977,
      "mid_to_side_loudness_range": 8.429377555847168,
      "side_mean": -45.000587463378906
    },
    {
      "high_freq": 2549.74365234375,
      "loudness": -36.199684143066406,
      "loudness_range": 9.572931289672852,
      "low_freq": 1457.5709228515625,
      "mid_mean": -33.283084869384766,
      "mid_to_side_loudness": -9.136070251464844,
      "mid_to_side_loudness_range": 9.361052513122559,
      "side_mean": -42.110145568847656
    },
    {
      "high_freq": 4349.24462890625,
      "loudness": -38.40293502807617,
      "loudness_range": 9.99017333984375,
      "low_freq": 2549.74365234375,
      "mid_mean": -35.463470458984375,
      "mid_to_side_loudness": -8.2880220413208,
      "mid_to_side_loudness_range": 8.802559852600098,
      "side_mean": -43.81913757324219
    },
    {
      "high_freq": 7314.1640625,
      "loudness": -46.873291015625,
      "loudness_range": 17.29739761352539,
      "low_freq": 4349.24462890625,
      "mid_mean": -44.46242141723633,
      "mid_to_side_loudness": -5.848928451538086,
      "mid_to_side_loudness_range": 8.883055686950684,
      "side_mean": -51.42438888549805
    },
    {
      "high_freq": 12199.2666015625,
      "loudness": -50.25767135620117,
      "loudness_range": 21.150074005126953,
      "low_freq": 7314.1640625,
      "mid_mean": -50.313533782958984,
      "mid_to_side_loudness": -5.105499267578125,
      "mid_to_side_loudness_range": 11.150971412658691,
      "side_mean": -54.943851470947266
    },
    {
      "loudness": -57.37599563598633,
      "loudness_range": 18.650527954101562,
      "low_freq": 12199.2666015625,
      "mid_mean": -56.61456298828125,
      "mid_to_side_loudness": -3.5436837673187256,
      "mid_to_side_loudness_range": 9.450979232788086,
      "side_mean": -59.67860412597656
    }
  ],
  "bands_short": [
    {
      "high_freq": 148.1999969482422,
      "loudness": -38.317649841308594,
      "loudness_range": 20.265737533569336,
      "mid_mean": -35.08745193481445,
      "mid_to_side_loudness": -15.078625679016113,
      "mid_to_side_loudness_range": 19.993911743164062,
      "side_mean": -51.504451751708984
    },
    {
      "high_freq": 392.3793640136719,
      "loudness": -33.95269775390625,
      "loudness_range": 10.256547927856445,
      "low_freq": 148.1999969482422,
      "mid_mean": -30.78749656677246,
      "mid_to_side_loudness": -10.846879005432129,
      "mid_to_side_loudness_range": 11.691095352172852,
      "side_mean": -41.31151580810547
    },
    {
      "high_freq": 794.6976318359375,
      "loudness": -37.3161735534668,
      "loudness_range": 12.32354736328125,
      "low_freq": 392.3793640136719,
      "mid_mean": -34.298065185546875,
      "mid_to_side_loudness": -9.582038879394531,
      "mid_to_side_loudness_range": 11.475225448608398,
      "side_mean": -43.69529342651367
    },
    {
      "high_freq": 1457.5709228515625,
      "loudness": -39.25296401977539,
      "loudness_range": 14.11612319946289,
      "low_freq": 794.6976318359375,
      "mid_mean": -36.299015045166016,
      "mid_to_side_loudness": -9.670524597167969,
      "mid_to_side_loudness_range": 12.432825088500977,
      "side_mean": -45.69598388671875
    },
    {
      "high_freq": 2549.74365234375,
      "loudness": -36.890113830566406,
      "loudness_range": 12.765548706054688,
      "low_freq": 1457.5709228515625,
      "mid_mean": -33.918582916259766,
      "mid_to_side_loudness": -9.805736541748047,
      "mid_to_side_loudness_range": 12.360066413879395,
      "side_mean": -43.29224395751953
    },
    {
      "high_freq": 4349.24462890625,
      "loudness": -39.04351806640625,
      "loudness_range": 13.636505126953125,
      "low_freq": 2549.74365234375,
      "mid_mean": -36.149051666259766,
      "mid_to_side_loudness": -8.813345909118652,
      "mid_to_side_loudness_range": 11.519844055175781,
      "side_mean": -45.03681945800781
    },
    {
      "high_freq": 7314.1640625,
      "loudness": -48.41372299194336,
      "loudness_range": 21.81609344482422,
      "low_freq": 4349.24462890625,
      "mid_mean": -46.26215744018555,
      "mid_to_side_loudness": -6.2376203536987305,
      "mid_to_side_loudness_range": 11.173791885375977,
      "side_mean": -53.263328552246094
    },
    {
      "high_freq": 12199.2666015625,
      "loudness": -51.48357391357422,
      "loudness_range": 24.718467712402344,
      "low_freq": 7314.1640625,
      "mid_mean": -52.37482452392578,
      "mid_to_side_loudness": -5.217550277709961,
      "mid_to_side_loudness_range": 12.554332733154297,
      "side_mean": -56.95699691772461
    },
    {
      "loudness": -59.14006042480469,
      "loudness_range": 23.931747436523438,
      "low_freq": 12199.2666015625,
      "mid_mean": -59.21049499511719,
      "mid_to_side_loudness": -4.064560413360596,
      "mid_to_side_loudness_range": 11.814092636108398,
      "side_mean": -62.295814514160156
    }
  ],
  "bandwidth": 577.3373413085938,
  "channels": 2,
  "covariance": [
    [
      22.93858528137207,
      15.058594703674316,
      11.657692909240723,
      12.83080768585205,
      8.889707565307617,
      12.870320320129395,
      8.083805084228516,
      12.07463264465332,
      7.514500617980957,
      11.310617446899414,
      7.027571201324463,
      12.438011169433594,
      11.05488109588623,
      15.802486419677734,
      20.078454971313477,
      15.844076156616211,
      15.699437141418457,
      12.456382751464844
    ],
    [
      15.058594703674316,
      22.84418487548828,
      9.811141014099121,
      13.104920387268066,
      9.279911994934082,
      13.795282363891602,
      7.3726630210876465,
      11.922490119934082,
      6.585193157196045,
      11.4505615234375,
      6.721031665802002,
      12.728240013122559,
      11.112383842468262,
      14.252277374267578,
      17.05427360534668,
      13.220295906066895,
      12.454116821289062,
      8.961084365844727
    ],
    [
      11.657692909240723,
      9.811141014099121,
      14.8632173538208,
      12.159394264221191,
      8.492918968200684,
      11.427237510681152,
      8.301445007324219,
      12.117667198181152,
      5.620677471160889,
      10.356359481811523,
      6.908245086669922,
      12.153342247009277,
      11.93953800201416,
      16.787912368774414,
      19.432504653930664,
      15.48720645904541,
      13.783570289611816,
      10.340191841125488
    ],
    [
      12.83080768585205,
      13.104920387268066,
      12.159394264221191,
      19.000017166137695,
      11.114541053771973,
      15.06229305267334,
      11.082170486450195,
      17.066492080688477,
      8.411821365356445,
      13.942981719970703,
      8.30721664428711,
      15.481364250183105,
      14.7667875289917,
      18.31300163269043,
      20.21529769897461,
      16.256942749023438,
      14.259111404418945,
      10.62775993347168
    ],
    [
      8.889707565307617,
      9.279911994934082,
      8.492918968200684,
      11.114541053771973,
      17.482744216918945,
      15.117803573608398,
      11.699984550476074,
      13.973992347717285,
      8.19931411743164,
      11.15622615814209,
      10.217535972595215,
      12.868186950683594,
      14.342129707336426,
      15.608983039855957,
      19.54144859313965,
      14.598265647888184,
      13.09846305847168,
      8.394780158996582
    ],
    [
      12.870320320129395,
      13.795282363891602,
      11.427237510681152,
      15.06229305267334,
      15.117803573608398,
      22.034278869628906,
      12.441390037536621,
      18.479339599609375,
      9.349013328552246,
      15.784353256225586,
      11.186951637268066,
      18.059934616088867,
      17.921653747558594,
      21.341920852661133,
      24.573287963867188,
      19.221824645996094,
      17.85087013244629,
      12.712278366088867
    ],
    [
      8.083805084228516,
      7.3726630210876465,
      8.301445007324219,
      11.082170486450195,
      11.699984550476074,
      12.441390037536621,
      22.406322479248047,
      18.106306076049805,
      12.532891273498535,
      11.077348709106445,
      11.152538299560547,
      12.653458595275879,
      14.443111419677734,
      17.484561920166016,
      18.674114227294922,
      15.855005264282227,
      12.924715042114258,
      10.160781860351562
    ],
    [
      12.07463264465332,
      11.922490119934082,
      12.117667198181152,
      17.066492080688477,
      13.973992347717285,
      18.479339599609375,
      18.106306076049805,
      26.241046905517578,
      12.688250541687012,
      18.461688995361328,
      12.227519989013672,
      19.946401596069336,
      18.314849853515625,
      23.374269485473633,
      23.029787063598633,
      20.463787078857422,
      17.42021369934082,
      14.719402313232422
    ],
    [
      7.514500617980957,
      6.585193157196045,
      5.620677471160889,
      8.411821365356445,
      8.19931411743164,
      9.349013328552246,
      12.532891273498535,
      12.688250541687012,
      20.27050018310547,
      12.398162841796875,
      11.862645149230957,
      11.553887367248535,
      11.4190092086792,
      16.230899810791016,
      16.75791358947754,
      14.56484317779541,
      12.743703842163086,
      10.85102367401123
    ],
    [
      11.310617446899414,
      11.4505615234375,
      10.356359481811523,
      13.942981719970703,
      11.15622615814209,
      15.784353256225586,
      11.077348709106445,
      18.461688995361328,
      12.398162841796875,
      19.61578369140625,
      11.78641128540039,
      19.73217010498047,
      16.242748260498047,
      20.626131057739258,
      20.091617584228516,
      17.969152450561523,
      15.871326446533203,
      13.659802436828613
    ],
    [
      7.027571201324463,
      6.721031665802002,
      6.908245086669922,
      8.30721664428711,
      10.217535972595215,
      11.186951637268066,
      11.152538299560547,
      12.227519989013672,
      11.862645149230957,
      11.78641128540039,
      19.2606258392334,
      15.10597038269043,
      17.636445999145508,
      16.33228302001953,
      19.631986618041992,
      15.752445220947266,
      14.922350883483887,
      10.685274124145508
    ],
    [
      12.438011169433594,
      12.728240013122559,
      12.153342247009277,
      15.481364250183105,
      12.868186950683594,
      18.059934616088867,
      12.653458595275879,
      19.946401596069336,
      11.553887367248535,
      19.73217010498047,
      15.10597038269043,
      24.784961700439453,
      22.261741638183594,
      27.1854248046875,
      27.224292755126953,
      24.435930252075195,
      20.63048553466797,
      17.06147003173828
    ],
    [
      11.05488109588623,
      11.112383842468262,
      11.93953800201416,
      14.7667875289917,
      14.342129707336426,
      17.921653747558594,
      14.443111419677734,
      18.314849853515625,
      11.4190092086792,
      16.242748260498047,
      17.636445999145508,
      22.261741638183594,
      42.43321228027344,
      36.11123275756836,
      50.71827697753906,
      37.3301887512207,
      36.77041244506836,
      23.08554458618164
    ],
    [
      15.802486419677734,
      14.252277374267578,
      16.787912368774414,
      18.31300163269043,
      15.608983039855957,
      21.341920852661133,
      17.484561920166016,
      23.374269485473633,
      16.230899810791016,
      20.626131057739258,
      16.33228302001953,
      27.1854248046875,
      36.11123275756836,
      61.35899353027344,
      64.6442642211914,
      56.21661376953125,
      47.65066909790039,
      38.86253356933594
    ],
    [
      20.078454971313477,
      17.05427360534668,
      19.432504653930664,
      20.21529769897461,
      19.54144859313965,
      24.573287963867188,
      18.674114227294922,
      23.029787063598633,
      16.75791358947754,
      20.091617584228516,
      19.631986618041992,
      27.224292755126953,
      50.71827697753906,
      64.6442642211914,
      96.34908294677734,
      66.38141632080078,
      67.78298950195312,
      42.515525817871094
    ],
    [
      15.844076156616211,
      13.220295906066895,
      15.48720645904541,
      16.256942749023438,
      14.598265647888184,
      19.221824645996094,
      15.855005264282227,
      20.463787078857422,
      14.56484317779541,
      17.969152450561523,
      15.752445220947266,
      24.435930252075195,
      37.3301887512207,
      56.21661376953125,
      66.38141632080078,
      55.90772247314453,
      50.04307556152344,
      39.44076919555664
    ],
    [
      15.699437141418457,
      12.454116821289062,
      13.783570289611816,
      14.259111404418945,
      13.09846305847168,
      17.85087013244629,
      12.924715042114258,
      17.42021369934082,
      12.743703842163086,
      15.871326446533203,
      14.922350883483887,
      20.63048553466797,
      36.77041244506836,
      47.65066909790039,
      67.78298950195312,
      50.04307556152344,
      56.32122802734375,
      39.475791931152344
    ],
    [
      12.456382751464844,
      8.961084365844727,
      10.340191841125488,
      10.62775993347168,
      8.394780158996582,
      12.712278366088867,
      10.160781860351562,
      14.719402313232422,
      10.85102367401123,
      13.659802436828613,
      10.685274124145508,
      17.06147003173828,
      23.08554458618164,
      38.86253356933594,
      42.515525817871094,
      39.44076919555664,
      39.475791931152344,
      36.761417388916016
    ]
  ],
  "covariance_short": [
    [
      51.41400909423828,
      21.832937240600586,
      12.713882446289062,
      15.898635864257812,
      10.378738403320312,
      15.464714050292969,
      9.713261604309082,
      14.195897102355957,
      8.545426368713379,
      14.48927116394043,
      9.453924179077148,
      17.60856819152832,
      17.37865447998047,
      20.128522872924805,
      24.531465530395508,
      19.081796646118164,
      19.076396942138672,
      14.233060836791992
    ],
    [
      21.832937240600586,
      57.63666915893555,
      13.539326667785645,
      17.403865814208984,
      12.264991760253906,
      16.90238380432129,
      11.661003112792969,
      15.565804481506348,
      12.570150375366211,
      15.684171676635742,
      10.449634552001953,
      18.81503677368164,
      18.563602447509766,
      37.66583251953125,
      40.44685745239258,
      31.162273406982422,
      26.239978790283203,
      18.2820987701416
    ],
    [
      12.713882446289062,
      13.539326667785645,
      20.02088165283203,
      14.080438613891602,
      10.47884750366211,
      13.184488296508789,
      8.90015697479248,
      13.893837928771973,
      6.637398719787598,
      12.853293418884277,
      8.255374908447266,
      14.6692476272583,
      13.18993091583252,
      17.731618881225586,
      19.145715713500977,
      15.89852523803711,
      14.485957145690918,
      11.818342208862305
    ],
    [
      15.898635864257812,
      17.403865814208984,
      14.080438613891602,
      27.68792152404785,
      14.246065139770508,
      21.15582275390625,
      11.78959846496582,
      22.52326011657715,
      8.381536483764648,
      18.440635681152344,
      9.198073387145996,
      20.76615333557129,
      16.92039680480957,
      21.23961639404297,
      22.40152359008789,
      18.387035369873047,
      16.865848541259766,
      13.213563919067383
    ],
    [
      10.378738403320312,
      12.264991760253906,
      10.47884750366211,
      14.246065139770508,
      26.124834060668945,
      21.376062393188477,
      13.664228439331055,
      19.31368637084961,
      10.106297492980957,
      16.042192459106445,
      13.218351364135742,
      18.836769104003906,
      18.412649154663086,
      20.72911262512207,
      24.01054573059082,
      19.030332565307617,
      16.94339370727539,
      12.549560546875
    ],
    [
      15.464714050292969,
      16.90238380432129,
      13.184488296508789,
      21.15582275390625,
      21.376062393188477,
      35.33819580078125,
      15.278095245361328,
      28.138378143310547,
      10.802600860595703,
      23.619054794311523,
      14.485773086547852,
      26.3836669921875,
      23.75982666015625,
      27.709047317504883,
      30.201221466064453,
      24.405181884765625,
      22.834022521972656,
      17.07367706298828
    ],
    [
      9.713261604309082,
      11.661003112792969,
      8.90015697479248,
      11.78959846496582,
      13.664228439331055,
      15.278095245361328,
      30.889291763305664,
      23.61396026611328,
      15.349116325378418,
      14.965091705322266,
      15.930582046508789,
      18.073444366455078,
      20.059118270874023,
      22.455045700073242,
      23.177947998046875,
      20.310232162475586,
      16.41012954711914,
      14.061646461486816
    ],
    [
      14.195897102355957,
      15.565804481506348,
      13.893837928771973,
      22.52326011657715,
      19.31368637084961,
      28.138378143310547,
      23.61396026611328,
      42.06159591674805,
      16.207054138183594,
      29.29633140563965,
      17.323841094970703,
      30.259681701660156,
      25.884952545166016,
      32.1931037902832,
      30.465744018554688,
      27.994686126708984,
      24.210721969604492,
      21.688121795654297
    ],
    [
      8.545426368713379,
      12.570150375366211,
      6.637398719787598,
      8.381536483764648,
      10.106297492980957,
      10.802600860595703,
      15.349116325378418,
      16.207054138183594,
      26.93764305114746,
      18.105146408081055,
      17.52419090270996,
      16.896848678588867,
      18.255374908447266,
      20.062294006347656,
      19.857555389404297,
      17.74860191345215,
      14.928465843200684,
      13.579496383666992
    ],
    [
      14.48927116394043,
      15.684171676635742,
      12.853293418884277,
      18.440635681152344,
      16.042192459106445,
      23.619054794311523,
      14.965091705322266,
      29.29633140563965,
      18.105146408081055,
      34.78732681274414,
      17.645910263061523,
      31.22237205505371,
      25.432538986206055,
      30.543312072753906,
      27.521249771118164,
      26.160873413085938,
      22.82554054260254,
      21.24039077758789
    ],
    [
      9.453924179077148,
      10.449634552001953,
      8.255374908447266,
      9.198073387145996,
      13.218351364135742,
      14.485773086547852,
      15.930582046508789,
      17.323841094970703,
      17.52419090270996,
      17.645910263061523,
      29.994842529296875,
      23.593950271606445,
      25.923458099365234,
      24.478925704956055,
      27.675308227539062,
      22.65570068359375,
      20.920194625854492,
      16.168621063232422
    ],
    [
      17.60856819152832,
      18.81503677368164,
      14.6692476272583,
      20.76615333557129,
      18.836769104003906,
      26.3836669921875,
      18.073444366455078,
      30.259681701660156,
      16.896848678588867,
      31.22237205505371,
      23.593950271606445,
      41.85588455200195,
      35.2862663269043,
      41.60368347167969,
      38.58854675292969,
      36.83404541015625,
      30.71438217163086,
      27.778289794921875
    ],
    [
      17.37865447998047,
      18.563602447509766,
      13.18993091583252,
      16.92039680480957,
      18.412649154663086,
      23.75982666015625,
      20.059118270874023,
      25.884952545166016,
      18.255374908447266,
      25.432538986206055,
      25.923458099365234,
      35.2862663269043,
      63.77088928222656,
      56.47263717651367,
      71.40715789794922,
      56.04027557373047,
      55.028892517089844,
      39.25307083129883
    ],
    [
      20.128522872924805,
      37.66583251953125,
      17.731618881225586,
      21.23961639404297,
      20.72911262512207,
      27.709047317504883,
      22.455045700073242,
      32.1931037902832,
      20.062294006347656,
      30.543312072753906,
      24.478925704956055,
      41.60368347167969,
      56.47263717651367,
      80.94733428955078,
      78.27845764160156,
      74.00653839111328,
      59.90357971191406,
      53.57502365112305
    ],
    [
      24.531465530395508,
      40.44685745239258,
      19.145715713500977,
      22.40152359008789,
      24.01054573059082,
      30.201221466064453,
      23.177947998046875,
      30.465744018554688,
      19.857555389404297,
      27.521249771118164,
      27.675308227539062,
      38.58854675292969,
      71.40715789794922,
      78.27845764160156,
      115.68421936035156,
      81.7217025756836,
      83.62760925292969,
      54.02580261230469
    ],
    [
      19.081796646118164,
      31.162273406982422,
      15.89852523803711,
      18.387035369873047,
      19.030332565307617,
      24.405181884765625,
      20.310232162475586,
      27.994686126708984,
      17.74860191345215,
      26.160873413085938,
      22.65570068359375,
      36.83404541015625,
      56.04027557373047,
      74.00653839111328,
      81.7217025756836,
      75.29319763183594,
      63.68854522705078,
      55.05270767211914
    ],
    [
      19.076396942138672,
      26.239978790283203,
      14.485957145690918,
      16.865848541259766,
      16.94339370727539,
      22.834022521972656,
      16.41012954711914,
      24.210721969604492,
      14.928465843200684,
      22.82554054260254,
      20.920194625854492,
      30.71438217163086,
      55.028892517089844,
      59.90357971191406,
      83.62760925292969,
      63.68854522705078,
      72.58079528808594,
      51.84303283691406
    ],
    [
      14.233060836791992,
      18.2820987701416,
      11.818342208862305,
      13.213563919067383,
      12.549560546875,
      17.07367706298828,
      14.061646461486816,
      21.688121795654297,
      13.579496383666992,
      21.24039077758789,
      16.168621063232422,
      27.778289794921875,
      39.25307083129883,
      53.57502365112305,
      54.02580261230469,
      55.05270767211914,
      51.84303283691406,
      51.258846282958984
    ]
  ],
  "damage": -19.039430618286133,
  "diff_bandwidth": 599.0237426757812,
  "dissonance": 9.139528213815387,
  "drr": 16.461650848388672,
  "dynamics": 2.299909830093384,
  "format": 1245190,
  "frames": 13413456,
  "freq_pan_to_db": [
    [
      -37.48833465576172,
      -34.5636100769043,
      -32.17790222167969,
      -29.889171600341797,
      -28.361095428466797,
      -29.1973819732666,
      -31.32992935180664,
      -32.464881896972656,
      -33.501773834228516,
      -35.58783721923828,
      -36.665382385253906
    ],
    [
      -29.573139190673828,
      -28.383575439453125,
      -26.33560562133789,
      -24.57244300842285,
      -21.107654571533203,
      -21.258487701416016,
      -24.20453643798828,
      -25.732389450073242,
      -27.06178092956543,
      -28.912616729736328,
      -29.971080780029297
    ],
    [
      -28.01727294921875,
      -26.572956085205078,
      -24.998315811157227,
      -23.131084442138672,
      -22.014877319335938,
      -22.408586502075195,
      -23.71121597290039,
      -24.57540512084961,
      -25.50844383239746,
      -26.72455406188965,
      -27.720455169677734
    ],
    [
      -29.677221298217773,
      -28.902080535888672,
      -27.752742767333984,
      -26.631305694580078,
      -25.64581298828125,
      -25.31779670715332,
      -25.39069938659668,
      -26.408946990966797,
      -27.6372127532959,
      -28.9836483001709,
      -29.808382034301758
    ],
    [
      -31.407577514648438,
      -31.29397201538086,
      -30.04732322692871,
      -29.487001419067383,
      -28.852291107177734,
      -28.44356346130371,
      -27.240873336791992,
      -27.910625457763672,
      -29.19434356689453,
      -30.37816047668457,
      -30.905431747436523
    ],
    [
      -32.000850677490234,
      -31.1042537689209,
      -29.706321716308594,
      -28.550045013427734,
      -27.44200897216797,
      -27.783430099487305,
      -28.904647827148438,
      -30.3120059967041,
      -31.598899841308594,
      -32.77666091918945,
      -33.170955657958984
    ],
    [
      -33.13719177246094,
      -32.29994201660156,
      -31.185800552368164,
      -29.800426483154297,
      -28.3935546875,
      -28.836101531982422,
      -29.283761978149414,
      -30.628183364868164,
      -32.40612030029297,
      -33.67509078979492,
      -34.239097595214844
    ],
    [
      -32.46065139770508,
      -33.1033821105957,
      -32.26313781738281,
      -31.206588745117188,
      -29.969961166381836,
      -29.08110809326172,
      -27.40102195739746,
      -29.400056838989258,
      -31.22357177734375,
      -31.5898494720459,
      -31.872947692871094
    ],
    [
      -33.470516204833984,
      -32.796199798583984,
      -32.1160774230957,
      -30.827428817749023,
      -29.468095779418945,
      -29.048995971679688,
      -27.89430046081543,
      -29.41274070739746,
      -31.714067459106445,
      -32.50566482543945,
      -33.00255584716797
    ],
    [
      -33.38721466064453,
      -33.85810089111328,
      -31.89434242248535,
      -29.90836524963379,
      -28.796344757080078,
      -30.018644332885742,
      -31.025333404541016,
      -32.28976058959961,
      -33.332984924316406,
      -34.833526611328125,
      -36.093929290771484
    ],
    [
      -35.64907455444336,
      -35.85799026489258,
      -35.30093765258789,
      -33.95092010498047,
      -31.790491104125977,
      -30.199575424194336,
      -31.939022064208984,
      -33.61256408691406,
      -34.77314758300781,
      -35.75714111328125,
      -35.68553161621094
    ],
    [
      -37.568660736083984,
      -36.546104431152344,
      -36.555397033691406,
      -36.67533874511719,
      -34.52260971069336,
      -32.984859466552734,
      -32.824893951416016,
      -34.33477020263672,
      -36.67179489135742,
      -36.60629653930664,
      -38.707218170166016
    ],
    [
      -37.08399200439453,
      -37.77587890625,
      -37.915382385253906,
      -36.5759162902832,
      -33.523353576660156,
      -32.18732452392578,
      -33.552303314208984,
      -35.07148361206055,
      -36.376365661621094,
      -37.39668655395508,
      -36.94908142089844
    ],
    [
      -33.37168502807617,
      -37.76953125,
      -36.75192642211914,
      -34.55054473876953,
      -31.57486343383789,
      -31.22454261779785,
      -33.5854377746582,
      -36.03213882446289,
      -36.63070297241211,
      -37.28965759277344,
      -37.54267883300781
    ],
    [
      -34.07117462158203,
      -35.597755432128906,
      -36.22369384765625,
      -34.162322998046875,
      -32.6260986328125,
      -33.98038101196289,
      -35.623748779296875,
      -36.854331970214844,
      -35.72507095336914,
      -38.15669631958008,
      -37.44474411010742
    ],
    [
      -34.09223937988281,
      -35.216548919677734,
      -36.060726165771484,
      -34.03474426269531,
      -34.957088470458984,
      -34.80293273925781,
      -36.26017379760742,
      -36.31944274902344,
      -35.72779846191406,
      -35.953311920166016,
      -37.735965728759766
    ],
    [
      -34.190940856933594,
      -35.32365798950195,
      -37.10750961303711,
      -35.97551345825195,
      -36.025760650634766,
      -35.81473922729492,
      -37.40317153930664,
      -35.967098236083984,
      -35.71660614013672,
      -35.973758697509766,
      -37.29682922363281
    ],
    [
      -31.91303253173828,
      -33.753578186035156,
      -35.64728927612305,
      -35.679866790771484,
      -33.406166076660156,
      -34.40385437011719,
      -35.45093536376953,
      -34.28517532348633,
      -34.324317932128906,
      -34.70330810546875,
      -35.64533996582031
    ],
    [
      -33.36174392700195,
      -33.42307662963867,
      -34.66493225097656,
      -34.63060760498047,
      -32.5866813659668,
      -33.75706100463867,
      -35.633018493652344,
      -34.12139129638672,
      -34.188133239746094,
      -35.476741790771484,
      -37.100738525390625
    ],
    [
      -36.51776123046875,
      -35.75440216064453,
      -36.374595642089844,
      -36.51528549194336,
      -34.35548782348633,
      -35.348175048828125,
      -37.032798767089844,
      -36.86198425292969,
      -36.59285354614258,
      -36.717002868652344,
      -34.767120361328125
    ],
    [
      -38.90504837036133,
      -33.8019905090332,
      -36.410743713378906,
      -36.75567626953125,
      -35.73566818237305,
      -35.77460861206055,
      -37.757835388183594,
      -36.72338104248047,
      -37.6674919128418,
      -38.85932922363281,
      -38.217079162597656
    ],
    [
      -38.40884780883789,
      -37.089942932128906,
      -35.24654006958008,
      -36.99241256713867,
      -35.779327392578125,
      -35.42778015136719,
      -38.3890380859375,
      -35.90504837036133,
      -38.10395431518555,
      -39.29906463623047,
      -39.30009841918945
    ],
    [
      -37.89157485961914,
      -36.77183151245117,
      -37.97578430175781,
      -38.566749572753906,
      -37.09577178955078,
      -35.99449157714844,
      -37.60921096801758,
      -38.50482940673828,
      -38.62227249145508,
      -37.82908248901367,
      -38.202003479003906
    ],
    [
      -41.67177963256836,
      -37.76511764526367,
      -37.96018600463867,
      -38.35739517211914,
      -37.58372116088867,
      -35.959739685058594,
      -37.7983283996582,
      -38.551700592041016,
      -38.85373306274414,
      -38.592647552490234,
      -38.68974685668945
    ],
    [
      -46.77925109863281,
      -40.534881591796875,
      -40.384891510009766,
      -39.83155059814453,
      -39.77216339111328,
      -38.84323501586914,
      -40.14389419555664,
      -40.14147186279297,
      -40.585960388183594,
      -41.381771087646484,
      -43.143585205078125
    ],
    [
      -39.612613677978516,
      -41.00776672363281,
      -41.42601776123047,
      -40.75652313232422,
      -40.49253463745117,
      -40.609561920166016,
      -41.239044189453125,
      -41.388824462890625,
      -41.461551666259766,
      -41.784217834472656,
      -42.14059066772461
    ],
    [
      -50.607086181640625,
      -42.349605560302734,
      -42.40498733520508,
      -42.8964958190918,
      -42.241966247558594,
      -41.59889221191406,
      -44.12617874145508,
      -43.88344955444336,
      -43.132381439208984,
      -44.03050994873047,
      -41.87417984008789
    ],
    [
      -46.13637924194336,
      -42.61222457885742,
      -43.09231948852539,
      -43.47321701049805,
      -44.263580322265625,
      -44.356468200683594,
      -46.41002655029297,
      -45.244956970214844,
      -44.79155731201172,
      -44.926963806152344,
      -45.8277473449707
    ],
    [
      -42.871089935302734,
      -44.191993713378906,
      -45.24686813354492,
      -45.80213165283203,
      -46.60513687133789,
      -45.904205322265625,
      -47.85945510864258,
      -47.49235916137695,
      -46.24958038330078,
      -46.59383010864258,
      -42.821693420410156
    ],
    [
      -50.70842742919922,
      -47.55123519897461,
      -46.97265625,
      -47.40189743041992,
      -48.16123580932617,
      -45.84226608276367,
      -46.951663970947266,
      -47.316009521484375,
      -47.60939407348633,
      -47.223995208740234,
      -46.49238204956055
    ],
    [
      -47.30496597290039,
      -48.09452819824219,
      -47.56652069091797,
      -47.966522216796875,
      -48.46524429321289,
      -45.3969841003418,
      -46.14523696899414,
      -46.1627082824707,
      -49.57289505004883,
      -50.21577072143555,
      -50.49825668334961
    ],
    [
      -50.43086624145508,
      -48.976318359375,
      -48.75571823120117,
      -48.93962860107422,
      -48.96566390991211,
      -45.16936492919922,
      -47.99041748046875,
      -50.046451568603516,
      -51.27237319946289,
      -48.700050354003906,
      -54.70702362060547
    ],
    [
      -370,
      -50.18341827392578,
      -49.22154235839844,
      -49.392967224121094,
      -49.12080383300781,
      -45.244075775146484,
      -49.47530746459961,
      -51.93328857421875,
      -54.11293029785156,
      -52.305389404296875,
      -370
    ],
    [
      -75.5444107055664,
      -53.92668151855469,
      -52.105194091796875,
      -50.70954513549805,
      -49.87270736694336,
      -44.98915100097656,
      -49.35860061645508,
      -53.40476608276367,
      -57.66750717163086,
      -55.94207763671875,
      -370
    ],
    [
      -46.92904281616211,
      -59.42277526855469,
      -54.457611083984375,
      -52.31513595581055,
      -51.20387649536133,
      -45.662940979003906,
      -49.659400939941406,
      -47.508602142333984,
      -47.6312370300293,
      -50.57737350463867,
      -53.27519989013672
    ],
    [
      -370,
      -57.84844970703125,
      -56.64157485961914,
      -54.957210540771484,
      -54.11720657348633,
      -47.992557525634766,
      -51.24643325805664,
      -46.846046447753906,
      -45.44281768798828,
      -50.049476623535156,
      -47.3874626159668
    ],
    [
      -370,
      -56.03713607788086,
      -56.70702362060547,
      -56.355838775634766,
      -55.298030853271484,
      -49.336204528808594,
      -53.31084442138672,
      -51.24484634399414,
      -50.73263931274414,
      -50.88792419433594,
      -51.44272994995117
    ],
    [
      -59.62272262573242,
      -60.095802307128906,
      -59.56656265258789,
      -57.87367248535156,
      -55.95143508911133,
      -51.43376922607422,
      -55.82867431640625,
      -55.11800003051758,
      -53.507057189941406,
      -51.09886932373047,
      -46.475276947021484
    ],
    [
      -54.05793380737305,
      -61.020145416259766,
      -59.96852111816406,
      -58.550537109375,
      -57.58537673950195,
      -53.937835693359375,
      -57.021331787109375,
      -56.24945068359375,
      -54.87818145751953,
      -51.54175567626953,
      -49.013763427734375
    ],
    [
      -59.51030731201172,
      -59.01240921020508,
      -59.9576301574707,
      -61.135040283203125,
      -60.3916015625,
      -55.829185485839844,
      -56.66230773925781,
      -52.47685241699219,
      -51.611854553222656,
      -53.129329681396484,
      -54.26707077026367
    ],
    [
      -61.06070327758789,
      -58.85308074951172,
      -60.85972595214844,
      -60.43034744262695,
      -60.35860061645508,
      -58.653377532958984,
      -59.98223876953125,
      -57.90333938598633,
      -57.531097412109375,
      -56.48611068725586,
      -55.96464157104492
    ],
    [
      -61.120765686035156,
      -61.56102752685547,
      -60.7247314453125,
      -60.591773986816406,
      -61.31378936767578,
      -61.60635757446289,
      -62.69607162475586,
      -62.16933059692383,
      -58.79062271118164,
      -56.26400375366211,
      -56.986270904541016
    ]
  ],
  "histogram": [
    {
      "db": -70,
      "frequency": 4
    },
    {
      "db": -69,
      "frequency": 2
    },
    {
      "db": -68,
      "frequency": 4
    },
    {
      "db": -67,
      "frequency": 5
    },
    {
      "db": -66,
      "frequency": 1
    },
    {
      "db": -65,
      "frequency": 4
    },
    {
      "db": -64,
      "frequency": 5
    },
    {
      "db": -63,
      "frequency": 1
    },
    {
      "db": -62,
      "frequency": 3
    },
    {
      "db": -61,
      "frequency": 6
    },
    {
      "db": -60,
      "frequency": 5
    },
    {
      "db": -59,
      "frequency": 5
    },
    {
      "db": -58,
      "frequency": 2
    },
    {
      "db": -57,
      "frequency": 3
    },
    {
      "db": -56,
      "frequency": 5
    },
    {
      "db": -55,
      "frequency": 5
    },
    {
      "db": -54,
      "frequency": 5
    },
    {
      "db": -53,
      "frequency": 5
    },
    {
      "db": -52,
      "frequency": 5
    },
    {
      "db": -51,
      "frequency": 5
    },
    {
      "db": -50,
      "frequency": 6
    },
    {
      "db": -49,
      "frequency": 7
    },
    {
      "db": -48,
      "frequency": 12
    },
    {
      "db": -47,
      "frequency": 5
    },
    {
      "db": -46,
      "frequency": 2
    },
    {
      "db": -45,
      "frequency": 2
    },
    {
      "db": -44,
      "frequency": 1
    },
    {
      "db": -43,
      "frequency": 5
    },
    {
      "db": -42,
      "frequency": 17
    },
    {
      "db": -41,
      "frequency": 8
    },
    {
      "db": -40,
      "frequency": 9
    },
    {
      "db": -39,
      "frequency": 15
    },
    {
      "db": -38,
      "frequency": 8
    },
    {
      "db": -37,
      "frequency": 4
    },
    {
      "db": -36,
      "frequency": 8
    },
    {
      "db": -35,
      "frequency": 9
    },
    {
      "db": -34,
      "frequency": 1
    },
    {
      "db": -33,
      "frequency": 5
    },
    {
      "db": -32,
      "frequency": 18
    },
    {
      "db": -31,
      "frequency": 14
    },
    {
      "db": -30,
      "frequency": 16
    },
    {
      "db": -29,
      "frequency": 40
    },
    {
      "db": -28,
      "frequency": 82
    },
    {
      "db": -27,
      "frequency": 96
    },
    {
      "db": -26,
      "frequency": 329
    },
    {
      "db": -25,
      "frequency": 768
    },
    {
      "db": -24,
      "frequency": 613
    },
    {
      "db": -23,
      "frequency": 383
    },
    {
      "db": -22,
      "frequency": 300
    },
    {
      "db": -21,
      "frequency": 103
    },
    {
      "db": -20,
      "frequency": 3
    },
    {
      "db": -19,
      "frequency": 0
    },
    {
      "db": -18,
      "frequency": 0
    },
    {
      "db": -17,
      "frequency": 0
    },
    {
      "db": -16,
      "frequency": 0
    },
    {
      "db": -15,
      "frequency": 0
    },
    {
      "db": -14,
      "frequency": 0
    },
    {
      "db": -13,
      "frequency": 0
    },
    {
      "db": -12,
      "frequency": 0
    },
    {
      "db": -11,
      "frequency": 0
    },
    {
      "db": -10,
      "frequency": 0
    },
    {
      "db": -9,
      "frequency": 0
    },
    {
      "db": -8,
      "frequency": 0
    },
    {
      "db": -7,
      "frequency": 0
    },
    {
      "db": -6,
      "frequency": 0
    },
    {
      "db": -5,
      "frequency": 0
    },
    {
      "db": -4,
      "frequency": 0
    },
    {
      "db": -3,
      "frequency": 0
    },
    {
      "db": -2,
      "frequency": 0
    },
    {
      "db": -1,
      "frequency": 0
    },
    {
      "db": 0,
      "frequency": 0
    },
    {
      "db": 1,
      "frequency": 0
    },
    {
      "db": 2,
      "frequency": 0
    },
    {
      "db": 3,
      "frequency": 0
    },
    {
      "db": 4,
      "frequency": 0
    },
    {
      "db": 5,
