{
  "acoustic_entropy": 200.83334350585938,
  "bands": [
    {
      "high_freq": 148.1999969482422,
      "loudness": -36.24467849731445,
      "loudness_range": 15.12031364440918,
      "mid_mean": -32.63239288330078,
      "mid_to_side_loudness": -32.48322677612305,
      "mid_to_side_loudness_range": 28.006458282470703,
      "side_mean": -64.01602172851562
    },
    {
      "high_freq": 392.3793640136719,
      "loudness": -34.57210159301758,
      "loudness_range": 13.240224838256836,
      "low_freq": 148.1999969482422,
      "mid_mean": -31.240894317626953,
      "mid_to_side_loudness": -12.93325138092041,
      "mid_to_side_loudness_range": 16.205297470092773,
      "side_mean": -44.26760482788086
    },
    {
      "high_freq": 794.6976318359375,
      "loudness": -35.67881393432617,
      "loudness_range": 16.7203426361084,
      "low_freq": 392.3793640136719,
      "mid_mean": -32.799495697021484,
      "mid_to_side_loudness": -8.884599685668945,
      "mid_to_side_loudness_range": 15.219325065612793,
      "side_mean": -41.456085205078125
    },
    {
      "high_freq": 1457.5709228515625,
      "loudness": -37.31163024902344,
      "loudness_range": 22.557737350463867,
      "low_freq": 794.6976318359375,
      "mid_mean": -35.13572692871094,
      "mid_to_side_loudness": -6.000527381896973,
      "mid_to_side_loudness_range": 16.291288375854492,
      "side_mean": -40.609771728515625
    },
    {
      "high_freq": 2549.74365234375,
      "loudness": -42.739131927490234,
      "loudness_range": 20.975130081176758,
      "low_freq": 1457.5709228515625,
      "mid_mean": -40.289615631103516,
      "mid_to_side_loudness": -6.648683071136475,
      "mid_to_side_loudness_range": 12.657332420349121,
      "side_mean": -46.298370361328125
    },
    {
      "high_freq": 4349.24462890625,
      "loudness": -44.254878997802734,
      "loudness_range": 20.400325775146484,
      "low_freq": 2549.74365234375,
      "mid_mean": -41.68375015258789,
      "mid_to_side_loudness": -6.733872890472412,
      "mid_to_side_loudness_range": 11.19782829284668,
      "side_mean": -48.3165168762207
    },
    {
      "high_freq": 7314.1640625,
      "loudness": -45.11358642578125,
      "loudness_range": 19.998268127441406,
      "low_freq": 4349.24462890625,
      "mid_mean": -42.958518981933594,
      "mid_to_side_loudness": -6.054051399230957,
      "mid_to_side_loudness_range": 10.737421989440918,
      "side_mean": -49.70820617675781
    },
    {
      "high_freq": 12199.2666015625,
      "loudness": -47.91544723510742,
      "loudness_range": 16.63365936279297,
      "low_freq": 7314.1640625,
      "mid_mean": -46.075801849365234,
      "mid_to_side_loudness": -4.641082286834717,
      "mid_to_side_loudness_range": 7.123510837554932,
      "side_mean": -52.55018615722656
    },
    {
      "loudness": -53.81451416015625,
      "loudness_range": 16.996856689453125,
      "low_freq": 12199.2666015625,
      "mid_mean": -53.82662582397461,
      "mid_to_side_loudness": -3.583967685699463,
      "mid_to_side_loudness_range": 4.6457953453063965,
      "side_mean": -56.919776916503906
    }
  ],
  "bands_short": [
    {
      "high_freq": 148.1999969482422,
      "loudness": -37.995601654052734,
      "loudness_range": 17.92983055114746,
      "mid_mean": -34.84156799316406,
      "mid_to_side_loudness": -33.638671875,
      "mid_to_side_loudness_range": 33.60116958618164,
      "side_mean": -66.40605926513672
    },
    {
      "high_freq": 392.3793640136719,
      "loudness": -34.873172760009766,
      "loudness_range": 15.356069564819336,
      "low_freq": 148.1999969482422,
      "mid_mean": -31.554912567138672,
      "mid_to_side_loudness": -13.877029418945312,
      "mid_to_side_loudness_range": 18.508777618408203,
      "side_mean": -45.57502365112305
    },
    {
      "high_freq": 794.6976318359375,
      "loudness": -36.15528869628906,
      "loudness_range": 18.672266006469727,
      "low_freq": 392.3793640136719,
      "mid_mean": -33.362056732177734,
      "mid_to_side_loudness": -8.732443809509277,
      "mid_to_side_loudness_range": 16.165245056152344,
      "side_mean": -42.06982421875
    },
    {
      "high_freq": 1457.5709228515625,
      "loudness": -37.80467224121094,
      "loudness_range": 24.004812240600586,
      "low_freq": 794.6976318359375,
      "mid_mean": -35.909934997558594,
      "mid_to_side_loudness": -5.6303391456604,
      "mid_to_side_loudness_range": 17.355079650878906,
      "side_mean": -41.069541931152344
    },
    {
      "high_freq": 2549.74365234375,
      "loudness": -43.919342041015625,
      "loudness_range": 24.021106719970703,
      "low_freq": 1457.5709228515625,
      "mid_mean": -41.51905822753906,
      "mid_to_side_loudness": -6.715707778930664,
      "mid_to_side_loudness_range": 14.024182319641113,
      "side_mean": -48.06382751464844
    },
    {
      "high_freq": 4349.24462890625,
      "loudness": -45.42560577392578,
      "loudness_range": 23.882659912109375,
      "low_freq": 2549.74365234375,
      "mid_mean": -42.960689544677734,
      "mid_to_side_loudness": -6.84117317199707,
      "mid_to_side_loudness_range": 12.477557182312012,
      "side_mean": -50.28109359741211
    },
    {
      "high_freq": 7314.1640625,
      "loudness": -46.922306060791016,
      "loudness_range": 25.601177215576172,
      "low_freq": 4349.24462890625,
      "mid_mean": -45.02509307861328,
      "mid_to_side_loudness": -6.244917869567871,
      "mid_to_side_loudness_range": 12.919134140014648,
      "side_mean": -52.1656608581543
    },
    {
      "high_freq": 12199.2666015625,
      "loudness": -50.33659744262695,
      "loudness_range": 24.00246810913086,
      "low_freq": 7314.1640625,
      "mid_mean": -51.25928497314453,
      "mid_to_side_loudness": -5.017209529876709,
      "mid_to_side_loudness_range": 9.515298843383789,
      "side_mean": -55.735008239746094
    },
    {
      "loudness": -57.75142288208008,
      "loudness_range": 27.204383850097656,
      "low_freq": 12199.2666015625,
      "mid_mean": -57.57634353637695,
      "mid_to_side_loudness": -4.39600944519043,
      "mid_to_side_loudness_range": 8.769694328308105,
      "side_mean": -60.82926940917969
    }
  ],
  "bandwidth": 630.9422607421875,
  "channels": 2,
  "covariance": [
    [
      35.89663314819336,
      10.2312650680542,
      13.380489349365234,
      13.378689765930176,
      9.87382984161377,
      19.548784255981445,
      16.388690948486328,
      25.087064743041992,
      12.938343048095703,
      14.130695343017578,
      16.792783737182617,
      18.497539520263672,
      16.8931884765625,
      22.4093074798584,
      10.783971786499023,
      20.92369270324707,
      16.631532669067383,
      14.790299415588379
    ],
    [
      10.2312650680542,
      24.7806396484375,
      9.095768928527832,
      17.93243408203125,
      12.1107177734375,
      16.804683685302734,
      18.286556243896484,
      21.46676254272461,
      17.33736228942871,
      16.336990356445312,
      16.269102096557617,
      17.166122436523438,
      10.324004173278809,
      13.2671537399292,
      0.833177924156189,
      8.26708984375,
      2.952983856201172,
      3.3173227310180664
    ],
    [
      13.380489349365234,
      9.095768928527832,
      24.379138946533203,
      20.44906997680664,
      15.260704040527344,
      19.41551971435547,
      16.48749542236328,
      19.188255310058594,
      18.505178451538086,
      15.635973930358887,
      19.494640350341797,
      21.311317443847656,
      14.598328590393066,
      20.879072189331055,
      7.214879512786865,
      17.71187400817871,
      14.604506492614746,
      13.154692649841309
    ],
    [
      13.378689765930176,
      17.93243408203125,
      20.44906997680664,
      44.22795486450195,
      23.5413818359375,
      36.071083068847656,
      26.8496150970459,
      36.36545181274414,
      28.874038696289062,
      28.45398712158203,
      26.020431518554688,
      33.429359436035156,
      14.961097717285156,
      24.605443954467773,
      1.878615140914917,
      15.079941749572754,
      6.219776153564453,
      7.7864603996276855
    ],
    [
      9.87382984161377,
      12.1107177734375,
      15.260704040527344,
      23.5413818359375,
      38.636478424072266,
      31.98001480102539,
      35.272918701171875,
      30.895381927490234,
      35.89042663574219,
      25.944263458251953,
      32.70035171508789,
      28.56727409362793,
      22.81390380859375,
      25.375444412231445,
      9.123814582824707,
      18.391803741455078,
      13.5195894241333,
      11.948240280151367
    ],
    [
      19.548784255981445,
      16.804683685302734,
      19.41551971435547,
      36.071083068847656,
      31.98001480102539,
      54.63929748535156,
      39.544708251953125,
      54.130592346191406,
      35.52458572387695,
      36.53376388549805,
      32.436622619628906,
      39.023136138916016,
      21.44234275817871,
      33.53893280029297,
      6.673191070556641,
      23.975139617919922,
      14.119701385498047,
      14.960637092590332
    ],
    [
      16.388690948486328,
      18.286556243896484,
      16.48749542236328,
      26.8496150970459,
      35.272918701171875,
      39.544708251953125,
      64.08162689208984,
      57.22615432739258,
      47.061065673828125,
      37.65580368041992,
      43.898433685302734,
      39.86677551269531,
      30.783851623535156,
      35.6209716796875,
      9.527462005615234,
      23.834548950195312,
      15.212507247924805,
      13.829798698425293
    ],
    [
      25.087064743041992,
      21.46676254272461,
      19.188255310058594,
      36.36545181274414,
      30.895381927490234,
      54.130592346191406,
      57.22615432739258,
      87.98782348632812,
      43.44316101074219,
      49.21888732910156,
      40.45330810546875,
      46.341705322265625,
      26.274892807006836,
      38.849609375,
      6.919746398925781,
      25.09157943725586,
      11.337814331054688,
      12.97057056427002
    ],
    [
      12.938343048095703,
      17.33736228942871,
      18.505178451538086,
      28.874038696289062,
      35.89042663574219,
      35.52458572387695,
      47.061065673828125,
      43.44316101074219,
      58.6405143737793,
      42.580867767333984,
      49.24235534667969,
      43.35291290283203,
      36.5142707824707,
      39.24036407470703,
      15.047128677368164,
      27.179330825805664,
      19.32293128967285,
      16.643423080444336
    ],
    [
      14.130695343017578,
      16.336990356445312,
      15.635973930358887,
      28.45398712158203,
      25.944263458251953,
      36.53376388549805,
      37.65580368041992,
      49.21888732910156,
      42.580867767333984,
      51.776676177978516,
      37.17382049560547,
      42.868656158447266,
      27.691268920898438,
      35.72772216796875,
      12.145526885986328,
      23.536441802978516,
      12.628747940063477,
      14.149296760559082
    ],
    [
      16.792783737182617,
      16.269102096557617,
      19.494640350341797,
      26.020431518554688,
      32.70035171508789,
      32.436622619628906,
      43.898433685302734,
      40.45330810546875,
      49.24235534667969,
      37.17382049560547,
      56.08797836303711,
      48.83766555786133,
      43.52212905883789,
      48.07326126098633,
      21.738176345825195,
      36.31496810913086,
      26.784421920776367,
      23.1362361907959
    ],
    [
      18.497539520263672,
      17.166122436523438,
      21.311317443847656,
      33.429359436035156,
      28.56727409362793,
      39.023136138916016,
      39.86677551269531,
      46.341705322265625,
      43.35291290283203,
      42.868656158447266,
      48.83766555786133,
      60.14497756958008,
      39.64116668701172,
      56.814491271972656,
      20.009645462036133,
      43.76636505126953,
      29.174551010131836,
      28.648927688598633
    ],
    [
      16.8931884765625,
      10.324004173278809,
      14.598328590393066,
      14.961097717285156,
      22.81390380859375,
      21.44234275817871,
      30.783851623535156,
      26.274892807006836,
      36.5142707824707,
      27.691268920898438,
      43.52212905883789,
      39.64116668701172,
      57.49648666381836,
      48.93488693237305,
      38.4655876159668,
      44.64427947998047,
      39.95655059814453,
      33.00204086303711
    ],
    [
      22.4093074798584,
      13.2671537399292,
      20.879072189331055,
      24.605443954467773,
      25.375444412231445,
      33.53893280029297,
      35.6209716796875,
      38.849609375,
      39.24036407470703,
      35.72772216796875,
      48.07326126098633,
      56.814491271972656,
      48.93488693237305,
      71.04298400878906,
      32.721031188964844,
      63.657005310058594,
      51.668251037597656,
      47.409610748291016
    ],
    [
      10.783971786499023,
      0.833177924156189,
      7.214879512786865,
      1.878615140914917,
      9.123814582824707,
      6.673191070556641,
      9.527462005615234,
      6.919746398925781,
      15.047128677368164,
      12.145526885986328,
      21.738176345825195,
      20.009645462036133,
      38.4655876159668,
      32.721031188964844,
      47.602317810058594,
      38.17927932739258,
      40.69039535522461,
      33.613765716552734
    ],
    [
      20.92369270324707,
      8.26708984375,
      17.71187400817871,
      15.079941749572754,
      18.391803741455078,
      23.975139617919922,
      23.834548950195312,
      25.09157943725586,
      27.179330825805664,
      23.536441802978516,
      36.31496810913086,
      43.76636505126953,
      44.64427947998047,
      63.657005310058594,
      38.17927932739258,
      69.41499328613281,
      62.7221565246582,
      56.69739532470703
    ],
    [
      16.631532669067383,
      2.952983856201172,
      14.604506492614746,
      6.219776153564453,
      13.5195894241333,
      14.119701385498047,
      15.212507247924805,
      11.337814331054688,
      19.32293128967285,
      12.628747940063477,
      26.784421920776367,
      29.174551010131836,
      39.95655059814453,
      51.668251037597656,
      40.69039535522461,
      62.7221565246582,
      67.63959503173828,
      57.67841339111328
    ],
    [
      14.790299415588379,
      3.3173227310180664,
      13.154692649841309,
      7.7864603996276855,
      11.948240280151367,
      14.960637092590332,
      13.829798698425293,
      12.97057056427002,
      16.643423080444336,
      14.149296760559082,
      23.1362361907959,
      28.648927688598633,
      33.00204086303711,
      47.409610748291016,
      33.613765716552734,
      56.69739532470703,
      57.67841339111328,
      53.37508010864258
    ]
  ],
  "covariance_short": [
    [
      61.28773880004883,
      7.332651615142822,
      17.895305633544922,
      14.970305442810059,
      11.641465187072754,
      19.655757904052734,
      17.446361541748047,
      25.07899284362793,
      14.955967903137207,
      15.997556686401367,
      20.62472915649414,
      24.55989646911621,
      21.976665496826172,
      29.218441009521484,
      26.866201400756836,
      26.346542358398438,
      18.465627670288086,
      16.649946212768555
    ],
    [
      7.332651615142822,
      19.247386932373047,
      7.178418159484863,
      14.853086471557617,
      9.972204208374023,
      12.95036506652832,
      14.40784740447998,
      15.412469863891602,
      14.647403717041016,
      15.12758731842041,
      13.399236679077148,
      15.419523239135742,
      9.179423332214355,
      11.891160011291504,
      6.414279460906982,
      8.092551231384277,
      4.529941558837891,
      5.009432792663574
    ],
    [
      17.895305633544922,
      7.178418159484863,
      31.47748565673828,
      22.59273338317871,
      18.536888122558594,
      22.595237731933594,
      19.142173767089844,
      20.829071044921875,
      20.845552444458008,
      20.536609649658203,
      22.308692932128906,
      26.062442779541016,
      18.969039916992188,
      25.561080932617188,
      23.750530242919922,
      21.970836639404297,
      17.07893943786621,
      15.457314491271973
    ],
    [
      14.970305442810059,
      14.853086471557617,
      22.59273338317871,
      52.68960189819336,
      27.459415435791016,
      40.704872131347656,
      29.78400230407715,
      37.21894454956055,
      32.64642333984375,
      37.5908203125,
      30.596878051757812,
      41.313270568847656,
      21.553808212280273,
      31.99059295654297,
      17.39106559753418,
      22.748329162597656,
      11.14499568939209,
      12.792107582092285
    ],
    [
      11.641465187072754,
      9.972204208374023,
      18.536888122558594,
      27.459415435791016,
      47.541053771972656,
      36.73504638671875,
      40.46223831176758,
      33.64712905883789,
      42.94197463989258,
      35.329402923583984,
      40.31568145751953,
      36.89097213745117,
      32.83890914916992,
      33.55473327636719,
      29.036775588989258,
      25.849319458007812,
      19.599143981933594,
      16.10382652282715
    ],
    [
      19.655757904052734,
      12.95036506652832,
      22.595237731933594,
      40.704872131347656,
      36.73504638671875,
      61.52341079711914,
      43.769649505615234,
      55.58522415161133,
      42.0935173034668,
      46.73409652709961,
      39.37691116333008,
      48.851539611816406,
      31.56003189086914,
      44.017154693603516,
      29.444459915161133,
      33.72620391845703,
      20.933456420898438,
      20.7021427154541
    ],
    [
      17.446361541748047,
      14.40784740447998,
      19.142173767089844,
      29.78400230407715,
      40.46223831176758,
      43.769649505615234,
      73.92375183105469,
      60.49081039428711,
      54.32316589355469,
      47.99182891845703,
      52.16661071777344,
      49.477115631103516,
      42.48016357421875,
      46.708316802978516,
      35.79789352416992,
      34.23322296142578,
      23.939678192138672,
      19.590660095214844
    ],
    [
      25.07899284362793,
      15.412469863891602,
      20.829071044921875,
      37.21894454956055,
      33.64712905883789,
      55.58522415161133,
      60.49081039428711,
      93.4923324584961,
      48.75513458251953,
      56.344566345214844,
      45.401649475097656,
      54.79147720336914,
      35.057334899902344,
      50.66858673095703,
      30.21122932434082,
      36.95499801635742,
      19.407854080200195,
      19.87080955505371
    ],
    [
      14.955967903137207,
      14.647403717041016,
      20.845552444458008,
      32.64642333984375,
      42.94197463989258,
      42.0935173034668,
      54.32316589355469,
      48.75513458251953,
      72.2730712890625,
      57.318138122558594,
      59.95309066772461,
      54.92706298828125,
      50.842018127441406,
      52.483333587646484,
      43.98520278930664,
      39.75898361206055,
      29.392623901367188,
      24.030719757080078
    ],
    [
      15.997556686401367,
      15.12758731842041,
      20.536609649658203,
      37.5908203125,
      35.329402923583984,
      46.73409652709961,
      47.99182891845703,
      56.344566345214844,
      57.318138122558594,
      72.29637908935547,
      50.34290313720703,
      60.28380584716797,
      44.78330612182617,
      57.04948425292969,
      40.11235809326172,
      44.64828109741211,
      29.963457107543945,
      29.100069046020508
    ],
    [
      20.62472915649414,
      13.399236679077148,
      22.308692932128906,
      30.596878051757812,
      40.31568145751953,
      39.37691116333008,
      52.16661071777344,
      45.401649475097656,
      59.95309066772461,
      50.34290313720703,
      74.12245178222656,
      63.3980827331543,
      64.74317169189453,
      65.66845703125,
      60.57468032836914,
      53.52762985229492,
      40.87450408935547,
      33.2666130065918
    ],
    [
      24.55989646911621,
      15.419523239135742,
      26.062442779541016,
      41.313270568847656,
      36.89097213745117,
      48.851539611816406,
      49.477115631103516,
      54.79147720336914,
      54.92706298828125,
      60.28380584716797,
      63.3980827331543,
      84.0684814453125,
      58.6332893371582,
      82.97579193115234,
      65.58710479736328,
      68.19304656982422,
      46.82912826538086,
      43.93255615234375
    ],
    [
      21.976665496826172,
      9.179423332214355,
      18.969039916992188,
      21.553808212280273,
      32.83890914916992,
      31.56003189086914,
      42.48016357421875,
      35.057334899902344,
      50.842018127441406,
      44.78330612182617,
      64.74317169189453,
      58.6332893371582,
      88.05906677246094,
      75.47061920166016,
      84.92053985595703,
      70.80929565429688,
      63.78948211669922,
      50.30365753173828
    ],
    [
      29.218441009521484,
      11.891160011291504,
      25.561080932617188,
      31.99059295654297,
      33.55473327636719,
      44.017154693603516,
      46.708316802978516,
      50.66858673095703,
      52.483333587646484,
      57.04948425292969,
      65.66845703125,
      82.97579193115234,
      75.47061920166016,
      100.24091339111328,
      91.02081298828125,
      90.7597427368164,
      70.22760772705078,
      64.13861846923828
    ],
    [
      26.866201400756836,
      6.414279460906982,
      23.750530242919922,
      17.39106559753418,
      29.036775588989258,
      29.444459915161133,
      35.79789352416992,
      30.21122932434082,
      43.98520278930664,
      40.11235809326172,
      60.57468032836914,
      65.58710479736328,
      84.92053985595703,
      91.02081298828125,
      116.01671600341797,
      93.91764068603516,
      91.200927734375,
      72.10869598388672
    ],
    [
      26.346542358398438,
      8.092551231384277,
      21.970836639404297,
      22.748329162597656,
      25.849319458007812,
      33.72620391845703,
      34.23322296142578,
      36.95499801635742,
      39.75898361206055,
      44.64828109741211,
      53.52762985229492,
      68.19304656982422,
      70.80929565429688,
      90.7597427368164,
      93.91764068603516,
      93.82893371582031,
      79.09931945800781,
      73.18803405761719
    ],
    [
      18.465627670288086,
      4.529941558837891,
      17.07893943786621,
      11.14499568939209,
      19.599143981933594,
      20.933456420898438,
      23.939678192138672,
      19.407854080200195,
      29.392623901367188,
      29.963457107543945,
      40.87450408935547,
      46.82912826538086,
      63.78948211669922,
      70.22760772705078,
      91.200927734375,
      79.09931945800781,
      86.33043670654297,
      71.92835235595703
    ],
    [
      16.649946212768555,
      5.009432792663574,
      15.457314491271973,
      12.792107582092285,
      16.10382652282715,
      20.7021427154541,
      19.590660095214844,
      19.87080955505371,
      24.030719757080078,
      29.100069046020508,
      33.2666130065918,
      43.93255615234375,
      50.30365753173828,
      64.13861846923828,
      72.10869598388672,
      73.18803405761719,
      71.92835235595703,
      69.3289566040039
    ]
  ],
  "damage": -18.129776000976562,
  "diff_bandwidth": 658.1093139648438,
  "dissonance": 7.645620451510851,
  "drr": 14.614617347717285,
  "dynamics": 4.1820220947265625,
  "format": 1245190,
  "frames": 16633344,
  "freq_pan_to_db": [
    [
      -43.66417694091797,
      -43.032127380371094,
      -41.55223846435547,
      -35.51715087890625,
      -29.179153442382812,
      -24.931556701660156,
      -30.014835357666016,
      -35.373085021972656,
      -37.86075210571289,
      -41.877017974853516,
      -44.4544792175293
    ],
    [
      -40.66019821166992,
      -39.32698059082031,
      -36.30082321166992,
      -32.821006774902344,
      -27.522109985351562,
      -24.68167495727539,
      -27.806324005126953,
      -31.342212677001953,
      -36.259918212890625,
      -39.62183380126953,
      -46.36898422241211
    ],
    [
      -41.67819595336914,
      -40.07398986816406,
      -37.67680358886719,
      -35.299564361572266,
      -29.64107894897461,
      -25.510311126708984,
      -28.428516387939453,
      -32.279998779296875,
      -34.25621032714844,
      -39.75438690185547,
      -40.99995803833008
    ],
    [
      -43.45708465576172,
      -40.39202880859375,
      -37.389564514160156,
      -32.93413543701172,
      -29.822830200195312,
      -27.709735870361328,
      -30.304189682006836,
      -33.89779281616211,
      -36.46922302246094,
      -38.352359771728516,
      -40.08103942871094
    ],
    [
      -37.4141960144043,
      -34.83241271972656,
      -33.152278900146484,
      -30.562171936035156,
      -28.577653884887695,
      -26.939838409423828,
      -28.038768768310547,
      -30.000627517700195,
      -31.58173179626465,
      -34.263084411621094,
      -35.38036346435547
    ],
    [
      -33.16086959838867,
      -32.149105072021484,
      -30.751564025878906,
      -29.755664825439453,
      -28.281448364257812,
      -26.267858505249023,
      -27.4444637298584,
      -29.131534576416016,
      -30.62806510925293,
      -31.9967041015625,
      -32.2285270690918
    ],
    [
      -32.48835372924805,
      -31.68742561340332,
      -29.9525089263916,
      -29.26542854309082,
      -27.52663230895996,
      -25.036691665649414,
      -26.727052688598633,
      -29.2719669342041,
      -31.0377254486084,
      -32.01851272583008,
      -31.44805145263672
    ],
    [
      -31.368885040283203,
      -31.321298599243164,
      -30.370914459228516,
      -28.834562301635742,
      -25.685863494873047,
      -24.69389533996582,
      -27.218460083007812,
      -29.321245193481445,
      -29.84565544128418,
      -30.481849670410156,
      -31.103418350219727
    ],
    [
      -32.48699188232422,
      -32.24606704711914,
      -31.130037307739258,
      -28.720415115356445,
      -27.754785537719727,
      -27.876991271972656,
      -30.38573455810547,
      -32.26039123535156,
      -33.035430908203125,
      -33.53723907470703,
      -34.7722053527832
    ],
    [
      -29.824508666992188,
      -30.495389938354492,
      -29.871862411499023,
      -28.03133201599121,
      -25.57037353515625,
      -25.773544311523438,
      -28.5969295501709,
      -30.257923126220703,
      -29.417451858520508,
      -30.331729888916016,
      -31.2968807220459
    ],
    [
      -27.981307983398438,
      -29.208356857299805,
      -29.454614639282227,
      -28.096487045288086,
      -26.47883415222168,
      -25.24904441833496,
      -25.55248260498047,
      -28.223751068115234,
      -28.946931838989258,
      -30.83029556274414,
      -29.155481338500977
    ],
    [
      -27.882701873779297,
      -29.402555465698242,
      -28.836214065551758,
      -29.255762100219727,
      -29.049760818481445,
      -27.50035285949707,
      -28.52889060974121,
      -29.683889389038086,
      -30.29822540283203,
      -31.78084945678711,
      -32.93364334106445
    ],
    [
      -30.319263458251953,
      -30.753414154052734,
      -31.540449142456055,
      -30.39658546447754,
      -30.332862854003906,
      -29.642995834350586,
      -30.215505599975586,
      -30.662687301635742,
      -30.872461318969727,
      -31.397674560546875,
      -32.78152847290039
    ],
    [
      -30.198089599609375,
      -31.099933624267578,
      -30.768810272216797,
      -30.400314331054688,
      -29.924394607543945,
      -27.02044105529785,
      -27.622560501098633,
      -28.73644256591797,
      -29.242456436157227,
      -30.526832580566406,
      -30.52195930480957
    ],
    [
      -31.46617317199707,
      -29.999555587768555,
      -29.5936222076416,
      -28.521732330322266,
      -28.165754318237305,
      -26.227628707885742,
      -27.486772537231445,
      -27.258922576904297,
      -27.367204666137695,
      -28.538654327392578,
      -25.608287811279297
    ],
    [
      -32.860008239746094,
      -30.5334529876709,
      -30.376768112182617,
      -29.581676483154297,
      -30.717023849487305,
      -28.431608200073242,
      -28.47105598449707,
      -28.760013580322266,
      -28.531177520751953,
      -28.797382354736328,
      -26.521177291870117
    ],
    [
      -37.417236328125,
      -32.4290885925293,
      -31.662395477294922,
      -30.962629318237305,
      -34.66592788696289,
      -31.452163696289062,
      -31.099021911621094,
      -31.18657875061035,
      -32.34516143798828,
      -30.623733520507812,
      -29.50200080871582
    ],
    [
      -33.865848541259766,
      -30.40247344970703,
      -28.67990493774414,
      -28.0516414642334,
      -31.543142318725586,
      -30.87198257446289,
      -28.700077056884766,
      -28.023433685302734,
      -30.59468650817871,
      -28.442975997924805,
      -26.228130340576172
    ],
    [
      -40.42135238647461,
      -36.83977508544922,
      -34.67995071411133,
      -35.27653121948242,
      -36.36690902709961,
      -32.175048828125,
      -34.86396408081055,
      -35.43043518066406,
      -33.82376480102539,
      -33.64674758911133,
      -30.959758758544922
    ],
    [
      -37.010128021240234,
      -40.384578704833984,
      -39.138694763183594,
      -39.12775421142578,
      -39.385799407958984,
      -37.03671646118164,
      -38.12252426147461,
      -39.251502990722656,
      -38.47441864013672,
      -36.12803649902344,
      -33.240882873535156
    ],
    [
      -43.032859802246094,
      -42.130577087402344,
      -40.69158935546875,
      -40.52906036376953,
      -38.599185943603516,
      -37.37657165527344,
      -42.11897659301758,
      -39.89016342163086,
      -40.86583709716797,
      -37.85922622680664,
      -34.22455978393555
    ],
    [
      -43.120601654052734,
      -42.93184280395508,
      -41.59785079956055,
      -41.466251373291016,
      -41.788856506347656,
      -40.201698303222656,
      -43.16926956176758,
      -42.64350509643555,
      -42.68414306640625,
      -42.3458366394043,
      -39.77008056640625
    ],
    [
      -41.63326644897461,
      -43.16011047363281,
      -42.60245895385742,
      -42.986610412597656,
      -42.52323913574219,
      -41.13140869140625,
      -44.10825729370117,
      -44.59658432006836,
      -43.86124038696289,
      -43.34402847290039,
      -45.667015075683594
    ],
    [
      -41.42632293701172,
      -43.24599075317383,
      -43.06707000732422,
      -42.76701736450195,
      -42.26741027832031,
      -40.43950653076172,
      -43.14188766479492,
      -44.009849548339844,
      -43.373077392578125,
      -42.987728118896484,
      -45.500694274902344
    ],
    [
      -43.94995880126953,
      -44.2234992980957,
      -43.81211853027344,
      -43.569129943847656,
      -43.02134323120117,
      -42.492740631103516,
      -43.766937255859375,
      -44.173370361328125,
      -44.402183532714844,
      -45.7346076965332,
      -51.352291107177734
    ],
    [
      -47.61598205566406,
      -46.0611572265625,
      -44.11909103393555,
      -43.73259353637695,
      -42.55021286010742,
      -40.42453384399414,
      -43.4729118347168,
      -44.28583908081055,
      -44.817623138427734,
      -46.05653762817383,
      -50.79047393798828
    ],
    [
      -48.359676361083984,
      -44.45634841918945,
      -43.70695114135742,
      -43.45955276489258,
      -43.032379150390625,
      -39.96367645263672,
      -44.36021041870117,
      -44.26211166381836,
      -43.65937042236328,
      -43.527748107910156,
      -43.03948211669922
    ],
    [
      -50.69773483276367,
      -47.49552536010742,
      -45.327117919921875,
      -44.855682373046875,
      -45.05875778198242,
      -42.53097152709961,
      -46.44084548950195,
      -44.347869873046875,
      -44.48463821411133,
      -44.82455062866211,
      -48.03466796875
    ],
    [
      -48.9781494140625,
      -46.98175811767578,
      -45.04343032836914,
      -44.99471664428711,
      -44.83132553100586,
      -43.00115203857422,
      -46.135040283203125,
      -44.755828857421875,
      -44.956077575683594,
      -47.35115432739258,
      -52.06333541870117
    ],
    [
      -44.05107116699219,
      -44.97148895263672,
      -45.04499816894531,
      -45.04018020629883,
      -44.24580383300781,
      -42.632633209228516,
      -45.48299026489258,
      -44.94034957885742,
      -44.79793930053711,
      -45.60856628417969,
      -52.74305725097656
    ],
    [
      -55.54417037963867,
      -47.13225555419922,
      -46.749427795410156,
      -46.20627975463867,
      -45.185691833496094,
      -42.105289459228516,
      -46.511653900146484,
      -46.051876068115234,
      -45.033172607421875,
      -46.27920913696289,
      -63.25118637084961
    ],
    [
      -47.19762420654297,
      -49.80352020263672,
      -46.6311149597168,
      -45.644527435302734,
      -45.87009048461914,
      -44.009422302246094,
      -47.2347297668457,
      -46.9068489074707,
      -46.58983612060547,
      -43.2862663269043,
      -52.79194641113281
    ],
    [
      -370,
      -49.68824005126953,
      -48.81621551513672,
      -47.06758499145508,
      -47.770042419433594,
      -46.1549072265625,
      -48.135650634765625,
      -47.85551452636719,
      -48.008724212646484,
      -50.64145278930664,
      -45.1219367980957
    ],
    [
      -51.09009552001953,
      -50.143707275390625,
      -34.503482818603516,
      -43.528018951416016,
      -50.02522277832031,
      -47.979705810546875,
      -48.44260787963867,
      -47.09872055053711,
      -45.975772857666016,
      -47.58586883544922,
      -62.62753677368164
    ],
    [
      -75.5147933959961,
      -49.77323913574219,
      -39.69881057739258,
      -45.562252044677734,
      -50.03333282470703,
      -47.38560485839844,
      -47.97932815551758,
      -46.00720977783203,
      -44.60955047607422,
      -43.128509521484375,
      -370
    ],
    [
      -60.429298400878906,
      -52.19103240966797,
      -48.367431640625,
      -48.726810455322266,
      -53.34109878540039,
      -50.307342529296875,
      -49.84241485595703,
      -46.740726470947266,
      -45.857948303222656,
      -47.290523529052734,
      -370
    ],
    [
      -54.11410903930664,
      -50.50599670410156,
      -50.25041580200195,
      -50.747337341308594,
      -54.797176361083984,
      -52.47971725463867,
      -50.43218994140625,
      -48.76508712768555,
      -47.670494079589844,
      -45.136905670166016,
      -370
    ],
    [
      -47.9903678894043,
      -48.875125885009766,
      -50.0887336730957,
      -51.45954513549805,
      -55.01144790649414,
      -53.089813232421875,
      -51.43958282470703,
      -50.2133903503418,
      -48.71237564086914,
      -49.22735595703125,
      -67.5960922241211
    ],
    [
      -47.88019561767578,
      -48.511199951171875,
      -51.68212127685547,
      -52.9249153137207,
      -55.50160598754883,
      -53.645111083984375,
      -50.826229095458984,
      -49.0605354309082,
      -48.33914566040039,
      -49.1849250793457,
      -59.245460510253906
    ],
    [
      -51.6899299621582,
      -54.71809768676758,
      -54.530765533447266,
      -55.637611389160156,
      -58.46733856201172,
      -58.274967193603516,
      -53.435550689697266,
      -49.55741500854492,
      -47.659141540527344,
      -47.34614181518555,
      -57.695438385009766
    ],
    [
      -63.408790588378906,
      -63.83078384399414,
      -67.26165008544922,
      -65.31163787841797,
      -65.68968200683594,
      -65.79280090332031,
      -61.83182144165039,
      -54.692752838134766,
      -50.00445556640625,
      -47.37501907348633,
      -50.13676071166992
    ],
    [
      -68.99964904785156,
      -69.81927490234375,
      -70.76345825195312,
      -72.41819763183594,
      -72.57321166992188,
      -70.95094299316406,
      -64.6189193725586,
      -58.050804138183594,
      -55.094459533691406,
      -53.76164627075195,
      -65.10607147216797
    ]
  ],
  "histogram": [
    {
      "db": -70,
      "frequency": 1
    },
    {
      "db": -69,
      "frequency": 0
    },
    {
      "db": -68,
      "frequency": 1
    },
    {
      "db": -67,
      "frequency": 0
    },
    {
      "db": -66,
      "frequency": 1
    },
    {
      "db": -65,
      "frequency": 0
    },
    {
      "db": -64,
      "frequency": 1
    },
    {
      "db": -63,
      "frequency": 0
    },
    {
      "db": -62,
      "frequency": 1
    },
    {
      "db": -61,
      "frequency": 1
    },
    {
      "db": -60,
      "frequency": 0
    },
    {
      "db": -59,
      "frequency": 1
    },
    {
      "db": -58,
      "frequency": 1
    },
    {
      "db": -57,
      "frequency": 1
    },
    {
      "db": -56,
      "frequency": 1
    },
    {
      "db": -55,
      "frequency": 1
    },
    {
      "db": -54,
      "frequency": 1
    },
    {
      "db": -53,
      "frequency": 1
    },
    {
      "db": -52,
      "frequency": 0
    },
    {
      "db": -51,
      "frequency": 1
    },
    {
      "db": -50,
      "frequency": 2
    },
    {
      "db": -49,
      "frequency": 1
    },
    {
      "db": -48,
      "frequency": 1
    },
    {
      "db": -47,
      "frequency": 1
    },
    {
      "db": -46,
      "frequency": 2
    },
    {
      "db": -45,
      "frequency": 1
    },
    {
      "db": -44,
      "frequency": 1
    },
    {
      "db": -43,
      "frequency": 5
    },
    {
      "db": -42,
      "frequency": 12
    },
    {
      "db": -41,
      "frequency": 16
    },
    {
      "db": -40,
      "frequency": 19
    },
    {
      "db": -39,
      "frequency": 27
    },
    {
      "db": -38,
      "frequency": 27
    },
    {
      "db": -37,
      "frequency": 54
    },
    {
      "db": -36,
      "frequency": 44
    },
    {
      "db": -35,
      "frequency": 35
    },
    {
      "db": -34,
      "frequency": 35
    },
    {
      "db": -33,
      "frequency": 46
    },
    {
      "db": -32,
      "frequency": 73
    },
    {
      "db": -31,
      "frequency": 61
    },
    {
      "db": -30,
      "frequency": 86
    },
    {
      "db": -29,
      "frequency": 174
    },
    {
      "db": -28,
      "frequency": 233
    },
    {
      "db": -27,
      "frequency": 350
    },
    {
      "db": -26,
      "frequency": 378
    },
    {
      "db": -25,
      "frequency": 338
    },
    {
      "db": -24,
      "frequency": 311
    },
    {
      "db": -23,
      "frequency": 224
    },
    {
      "db": -22,
      "frequency": 243
    },
    {
      "db": -21,
      "frequency": 284
    },
    {
      "db": -20,
      "frequency": 268
    },
    {
      "db": -19,
      "frequency": 178
    },
    {
      "db": -18,
      "frequency": 103
    },
    {
      "db": -17,
      "frequency": 41
    },
    {
      "db": -16,
      "frequency": 29
    },
    {
      "db": -15,
      "frequency": 0
    },
    {
      "db": -14,
      "frequency": 0
    },
    {
      "db": -13,
      "frequency": 0
    },
    {
      "db": -12,
      "frequency": 0
    },
    {
      "db": -11,
      "frequency": 0
    },
    {
      "db": -10,
      "frequency": 0
    },
    {
      "db": -9,
      "frequency": 0
    },
    {
      "db": -8,
      "frequency": 0
    },
    {
      "db": -7,
      "frequency": 0
    },
    {
      "db": -6,
      "frequency": 0
    },
    {
      "db": -5,
      "frequency": 0
    },
    {
      "db": -4,
      "frequency": 0
    },
    {
      "db": -3,
      "frequency": 0
    },
    {
      "db": -2,
      "frequency": 0
    },
    {
      "db": -1,
      "frequency": 0
    },
    {
      "db": 0,
      "frequency": 0
    },
    {
      "db": 1,
      "frequency": 0
    },
    {
      "db": 2,
      "frequency": 0
    },
    {
      "db": 3,
      "frequency": 0
    },
    {
      "db": 4,
      "frequency": 0
    },
    {
      "db": 5,
      "frequency": 0
    },
    {
      "db": 6,
      "frequency": 0
    },
    {
