{
  "acoustic_entropy": 189.2271270751953,
  "bands": [
    {
      "high_freq": 148.1999969482422,
      "loudness": -27.109092712402344,
      "loudness_range": 9.994464874267578,
      "mid_mean": -23.756317138671875,
      "mid_to_side_loudness": -15.188270568847656,
      "mid_to_side_loudness_range": 11.397953987121582,
      "side_mean": -38.90586853027344
    },
    {
      "high_freq": 392.3793640136719,
      "loudness": -26.87640953063965,
      "loudness_range": 8.330497741699219,
      "low_freq": 148.1999969482422,
      "mid_mean": -23.72606658935547,
      "mid_to_side_loudness": -10.216165542602539,
      "mid_to_side_loudness_range": 7.271878242492676,
      "side_mean": -33.76512908935547
    },
    {
      "high_freq": 794.6976318359375,
      "loudness": -27.972576141357422,
      "loudness_range": 10.70037841796875,
      "low_freq": 392.3793640136719,
      "mid_mean": -24.834991455078125,
      "mid_to_side_loudness": -9.524449348449707,
      "mid_to_side_loudness_range": 7.1691389083862305,
      "side_mean": -34.402679443359375
    },
    {
      "high_freq": 1457.5709228515625,
      "loudness": -31.291900634765625,
      "loudness_range": 12.456338882446289,
      "low_freq": 794.6976318359375,
      "mid_mean": -28.255325317382812,
      "mid_to_side_loudness": -9.309693336486816,
      "mid_to_side_loudness_range": 8.424209594726562,
      "side_mean": -37.35920333862305
    },
    {
      "high_freq": 2549.74365234375,
      "loudness": -29.296573638916016,
      "loudness_range": 10.065164566040039,
      "low_freq": 1457.5709228515625,
      "mid_mean": -26.2801513671875,
      "mid_to_side_loudness": -9.353254318237305,
      "mid_to_side_loudness_range": 9.616792678833008,
      "side_mean": -35.35919189453125
    },
    {
      "high_freq": 4349.24462890625,
      "loudness": -32.1773681640625,
      "loudness_range": 10.621889114379883,
      "low_freq": 2549.74365234375,
      "mid_mean": -29.196252822875977,
      "mid_to_side_loudness": -8.55907154083252,
      "mid_to_side_loudness_range": 8.7750825881958,
      "side_mean": -37.71221923828125
    },
    {
      "high_freq": 7314.1640625,
      "loudness": -41.10093307495117,
      "loudness_range": 17.716402053833008,
      "low_freq": 4349.24462890625,
      "mid_mean": -38.62657165527344,
      "mid_to_side_loudness": -6.156651973724365,
      "mid_to_side_loudness_range": 8.793781280517578,
      "side_mean": -44.74580383300781
    },
    {
      "high_freq": 12199.2666015625,
      "loudness": -44.69655227661133,
      "loudness_range": 21.62221908569336,
      "low_freq": 7314.1640625,
      "mid_mean": -42.86478042602539,
      "mid_to_side_loudness": -5.462392807006836,
      "mid_to_side_loudness_range": 11.097028732299805,
      "side_mean": -50.34035873413086
    },
    {
      "loudness": -51.7449836730957,
      "loudness_range": 19.171146392822266,
      "low_freq": 12199.2666015625,
      "mid_mean": -51.747398376464844,
      "mid_to_side_loudness": -3.897881507873535,
      "mid_to_side_loudness_range": 9.3894681930542,
      "side_mean": -55.2889289855957
    }
  ],
  "bands_short": [
    {
      "high_freq": 148.1999969482422,
      "loudness": -31.886180877685547,
      "loudness_range": 21.045978546142578,
      "mid_mean": -28.621509552001953,
      "mid_to_side_loudness": -15.277530670166016,
      "mid_to_side_loudness_range": 19.887697219848633,
      "side_mean": -44.068267822265625
    },
    {
      "high_freq": 392.3793640136719,
      "loudness": -26.60543441772461,
      "loudness_range": 11.174745559692383,
      "low_freq": 148.1999969482422,
      "mid_mean": -23.432626724243164,
      "mid_to_side_loudness": -10.937260627746582,
      "mid_to_side_loudness_range": 11.657590866088867,
      "side_mean": -33.99797058105469
    },
    {
      "high_freq": 794.6976318359375,
      "loudness": -28.82108497619629,
      "loudness_range": 13.266874313354492,
      "low_freq": 392.3793640136719,
      "mid_mean": -25.769752502441406,
      "mid_to_side_loudness": -9.863419532775879,
      "mid_to_side_loudness_range": 11.456491470336914,
      "side_mean": -35.3572883605957
    },
    {
      "high_freq": 1457.5709228515625,
      "loudness": -31.47126579284668,
      "loudness_range": 14.948600769042969,
      "low_freq": 794.6976318359375,
      "mid_mean": -28.497509002685547,
      "mid_to_side_loudness": -9.961197853088379,
      "mid_to_side_loudness_range": 12.498567581176758,
      "side_mean": -38.09483337402344
    },
    {
      "high_freq": 2549.74365234375,
      "loudness": -30.017086029052734,
      "loudness_range": 13.462291717529297,
      "low_freq": 1457.5709228515625,
      "mid_mean": -27.003543853759766,
      "mid_to_side_loudness": -10.090635299682617,
      "mid_to_side_loudness_range": 12.401907920837402,
      "side_mean": -36.61302947998047
    },
    {
      "high_freq": 4349.24462890625,
      "loudness": -32.84857177734375,
      "loudness_range": 14.43096923828125,
      "low_freq": 2549.74365234375,
      "mid_mean": -29.903295516967773,
      "mid_to_side_loudness": -9.149527549743652,
      "mid_to_side_loudness_range": 11.586552619934082,
      "side_mean": -38.970726013183594
    },
    {
      "high_freq": 7314.1640625,
      "loudness": -42.75657653808594,
      "loudness_range": 22.52090072631836,
      "low_freq": 4349.24462890625,
      "mid_mean": -40.33637237548828,
      "mid_to_side_loudness": -6.585176467895508,
      "mid_to_side_loudness_range": 11.14487075805664,
      "side_mean": -47.06574249267578
    },
    {
      "high_freq": 12199.2666015625,
      "loudness": -46.25541687011719,
      "loudness_range": 26.01580810546875,
      "low_freq": 7314.1640625,
      "mid_mean": -45.41724395751953,
      "mid_to_side_loudness": -5.602792263031006,
      "mid_to_side_loudness_range": 12.551844596862793,
      "side_mean": -52.808650970458984
    },
    {
      "loudness": -53.833744049072266,
      "loudness_range": 25.022747039794922,
      "low_freq": 12199.2666015625,
      "mid_mean": -55.049652099609375,
      "mid_to_side_loudness": -4.457020282745361,
      "mid_to_side_loudness_range": 11.80887222290039,
      "side_mean": -58.8303337097168
    }
  ],
  "bandwidth": 574.6071166992188,
  "channels": 2,
  "covariance": [
    [
      23.344406127929688,
      14.08505630493164,
      12.067152976989746,
      12.725713729858398,
      9.80341625213623,
      13.23190975189209,
      9.483674049377441,
      11.313102722167969,
      8.24399471282959,
      11.15480899810791,
      8.271003723144531,
      11.93427562713623,
      12.084737777709961,
      14.834382057189941,
      12.979124069213867,
      19.724584579467773,
      20.265451431274414,
      16.66899871826172
    ],
    [
      14.08505630493164,
      22.63736915588379,
      10.094945907592773,
      13.07233715057373,
      9.359016418457031,
      13.970379829406738,
      8.560240745544434,
      11.85533332824707,
      7.376774311065674,
      11.432611465454102,
      7.5118937492370605,
      12.389747619628906,
      11.830177307128906,
      13.604058265686035,
      14.233552932739258,
      15.75832748413086,
      15.484305381774902,
      11.830745697021484
    ],
    [
      12.067152976989746,
      10.094945907592773,
      17.170318603515625,
      13.98128890991211,
      10.467622756958008,
      13.186287879943848,
      10.978318214416504,
      13.797469139099121,
      7.351089000701904,
      12.233915328979492,
      9.20201301574707,
      13.487868309020996,
      14.592706680297852,
      16.85190200805664,
      15.294255256652832,
      20.911943435668945,
      19.593530654907227,
      15.443808555603027
    ],
    [
      12.725713729858398,
      13.07233715057373,
      13.98128890991211,
      20.44049835205078,
      12.703426361083984,
      16.579914093017578,
      13.557585716247559,
      18.3846492767334,
      9.870285987854004,
      15.562034606933594,
      10.127551078796387,
      16.755619049072266,
      16.56850814819336,
      19.6864070892334,
      18.2949161529541,
      20.345705032348633,
      18.85061264038086,
      14.687186241149902
    ],
    [
      9.80341625213623,
      9.359016418457031,
      10.467622756958008,
      12.703426361083984,
      19.230268478393555,
      16.68492889404297,
      14.015704154968262,
      15.850708961486816,
      9.91199016571045,
      12.843809127807617,
      12.301614761352539,
      14.435050964355469,
      16.498544692993164,
      17.682872772216797,
      18.602603912353516,
      18.81675910949707,
      17.69736099243164,
      12.458492279052734
    ],
    [
      13.23190975189209,
      13.970379829406738,
      13.186287879943848,
      16.579914093017578,
      16.68492889404297,
      23.389604568481445,
      14.784343719482422,
      19.495174407958984,
      10.936238288879395,
      17.0094051361084,
      13.07259464263916,
      18.832345962524414,
      19.61969566345215,
      22.039955139160156,
      22.279155731201172,
      23.18049430847168,
      22.40065574645996,
      16.958011627197266
    ],
    [
      9.483674049377441,
      8.560240745544434,
      10.978318214416504,
      13.557585716247559,
      14.015704154968262,
      14.784343719482422,
      24.8497371673584,
      20.376577377319336,
      13.296273231506348,
      13.379971504211426,
      13.250411033630371,
      14.466713905334473,
      16.419668197631836,
      18.999460220336914,
      16.2421875,
      20.588733673095703,
      18.087453842163086,
      14.624375343322754
    ],
    [
      11.313102722167969,
      11.85533332824707,
      13.797469139099121,
      18.3846492767334,
      15.850708961486816,
      19.495174407958984,
      20.376577377319336,
      27.225820541381836,
      14.06335735321045,
      19.738264083862305,
      14.262114524841309,
      20.92352294921875,
      20.440792083740234,
      24.634366989135742,
      21.041807174682617,
      23.841291427612305,
      21.51795768737793,
      18.687257766723633
    ],
    [
      8.24399471282959,
      7.376774311065674,
      7.351089000701904,
      9.870285987854004,
      9.91199016571045,
      10.936238288879395,
      13.296273231506348,
      14.06335735321045,
      19.932676315307617,
      13.575671195983887,
      13.689702987670898,
      12.518998146057129,
      13.011810302734375,
      14.70514965057373,
      11.401667594909668,
      17.46558380126953,
      16.116130828857422,
      14.019245147705078
    ],
    [
      11.15480899810791,
      11.432611465454102,
      12.233915328979492,
      15.562034606933594,
      12.843809127807617,
      17.0094051361084,
      13.379971504211426,
      19.738264083862305,
      13.575671195983887,
      20.810884475708008,
      13.566291809082031,
      20.208402633666992,
      18.358980178833008,
      22.081748962402344,
      17.635746002197266,
      21.752304077148438,
      20.2088623046875,
      17.91301727294922
    ],
    [
      8.271003723144531,
      7.5118937492370605,
      9.20201301574707,
      10.127551078796387,
      12.301614761352539,
      13.07259464263916,
      13.250411033630371,
      14.262114524841309,
      13.689702987670898,
      13.566291809082031,
      21.244548797607422,
      16.586158752441406,
      19.26103401184082,
      18.39387321472168,
      18.071184158325195,
      19.9998836517334,
      19.632211685180664,
      15.019831657409668
    ],
    [
      11.93427562713623,
      12.389747619628906,
      13.487868309020996,
      16.755619049072266,
      14.435050964355469,
      18.832345962524414,
      14.466713905334473,
      20.92352294921875,
      12.518998146057129,
      20.208402633666992,
      16.586158752441406,
      25.357868194580078,
      24.050540924072266,
      28.408496856689453,
      24.171751022338867,
      27.72235679626465,
      24.81505584716797,
      21.38910484313965
    ],
    [
      12.084737777709961,
      11.830177307128906,
      14.592706680297852,
      16.56850814819336,
      16.498544692993164,
      19.61969566345215,
      16.419668197631836,
      20.440792083740234,
      13.011810302734375,
      18.358980178833008,
      19.26103401184082,
      24.050540924072266,
      44.52799606323242,
      38.7188606262207,
      48.786842346191406,
      42.663185119628906,
      43.02754211425781,
      29.404388427734375
    ],
    [
      14.834382057189941,
      13.604058265686035,
      16.85190200805664,
      19.6864070892334,
      17.682872772216797,
      22.039955139160156,
      18.999460220336914,
      24.634366989135742,
      14.70514965057373,
      22.081748962402344,
      18.39387321472168,
      28.408496856689453,
      38.7188606262207,
      46.07893371582031,
      41.04814910888672,
      47.14289093017578,
      41.39999008178711,
      35.995079040527344
    ],
    [
      12.979124069213867,
      14.233552932739258,
      15.294255256652832,
      18.2949161529541,
      18.602603912353516,
      22.279155731201172,
      16.2421875,
      21.041807174682617,
      11.401667594909668,
      17.635746002197266,
      18.071184158325195,
      24.171751022338867,
      48.786842346191406,
      41.04814910888672,
      72.56450653076172,
      48.8426399230957,
      55.37975311279297,
      33.03981018066406
    ],
    [
      19.724584579467773,
      15.75832748413086,
      20.911943435668945,
      20.345705032348633,
      18.81675910949707,
      23.18049430847168,
      20.588733673095703,
      23.841291427612305,
      17.46558380126953,
      21.752304077148438,
      19.9998836517334,
      27.72235679626465,
      42.663185119628906,
      47.14289093017578,
      48.8426399230957,
      77.64131164550781,
      72.56754302978516,
      59.642478942871094
    ],
    [
      20.265451431274414,
      15.484305381774902,
      19.593530654907227,
      18.85061264038086,
      17.69736099243164,
      22.40065574645996,
      18.087453842163086,
      21.51795768737793,
      16.116130828857422,
      20.2088623046875,
      19.632211685180664,
      24.81505584716797,
      43.02754211425781,
      41.39999008178711,
      55.37975311279297,
      72.56754302978516,
      80.37322998046875,
      60.84357833862305
    ],
    [
      16.66899871826172,
      11.830745697021484,
      15.443808555603027,
      14.687186241149902,
      12.458492279052734,
      16.958011627197266,
      14.624375343322754,
      18.687257766723633,
      14.019245147705078,
      17.91301727294922,
      15.019831657409668,
      21.38910484313965,
      29.404388427734375,
      35.995079040527344,
      33.03981018066406,
      59.642478942871094,
      60.84357833862305,
      56.60456085205078
    ]
  ],
  "covariance_short": [
    [
      53.686248779296875,
      22.65607452392578,
      15.530416488647461,
      18.138813018798828,
      13.120438575744629,
      17.194194793701172,
      11.946907997131348,
      16.609350204467773,
      10.508559226989746,
      16.498321533203125,
      11.62852954864502,
      19.1737060546875,
      18.8281307220459,
      23.84532928466797,
      24.010908126831055,
      25.355777740478516,
      26.45926856994629,
      20.736906051635742
    ],
    [
      22.65607452392578,
      40.4201545715332,
      12.697935104370117,
      17.967126846313477,
      13.00076675415039,
      16.766422271728516,
      11.411771774291992,
      15.483388900756836,
      10.085649490356445,
      15.469393730163574,
      10.792322158813477,
      18.47557830810547,
      17.25078582763672,
      22.16631317138672,
      20.954654693603516,
      22.12558364868164,
      20.840620040893555,
      15.858224868774414
    ],
    [
      15.530416488647461,
      12.697935104370117,
      22.72706413269043,
      16.411758422851562,
      13.246513366699219,
      15.375558853149414,
      11.688267707824707,
      16.57503318786621,
      8.73106861114502,
      15.271297454833984,
      10.527419090270996,
      16.404308319091797,
      15.757514953613281,
      20.92690658569336,
      19.527570724487305,
      22.833038330078125,
      22.09034538269043,
      18.570266723632812
    ],
    [
      18.138813018798828,
      17.967126846313477,
      16.411758422851562,
      30.157201766967773,
      16.906442642211914,
      22.986736297607422,
      14.909489631652832,
      25.35616111755371,
      10.669947624206543,
      20.65824317932129,
      11.697739601135254,
      22.251968383789062,
      18.653419494628906,
      25.44532012939453,
      22.82447624206543,
      24.988882064819336,
      24.4648494720459,
      20.24390411376953
    ],
    [
      13.120438575744629,
      13.00076675415039,
      13.246513366699219,
      16.906442642211914,
      29.060813903808594,
      23.026203155517578,
      16.700925827026367,
      21.883024215698242,
      12.704171180725098,
      18.470521926879883,
      15.854328155517578,
      20.54277801513672,
      20.40046501159668,
      24.867094039916992,
      24.988679885864258,
      25.81385040283203,
      24.822601318359375,
      19.667070388793945
    ],
    [
      17.194194793701172,
      16.766422271728516,
      15.375558853149414,
      22.986736297607422,
      23.026203155517578,
      37.0172233581543,
      17.595705032348633,
      30.119951248168945,
      12.499307632446289,
      25.499786376953125,
      16.107696533203125,
      26.789623260498047,
      24.69527816772461,
      30.239843368530273,
      29.46965980529785,
      30.276124954223633,
      30.263338088989258,
      24.198640823364258
    ],
    [
      11.946907997131348,
      11.411771774291992,
      11.688267707824707,
      14.909489631652832,
      16.700925827026367,
      17.595705032348633,
      33.94678497314453,
      26.134544372558594,
      17.244491577148438,
      17.22821044921875,
      18.30002212524414,
      19.80420684814453,
      21.103246688842773,
      26.234594345092773,
      23.236190795898438,
      27.016740798950195,
      24.15744972229004,
      21.241561889648438
    ],
    [
      16.609350204467773,
      15.483388900756836,
      16.57503318786621,
      25.35616111755371,
      21.883024215698242,
      30.119951248168945,
      26.134544372558594,
      44.54364776611328,
      17.83237648010254,
      30.95444679260254,
      19.318910598754883,
      31.053842544555664,
      27.366512298583984,
      35.13209533691406,
      29.74895668029785,
      34.225990295410156,
      32.15909957885742,
      29.778583526611328
    ],
    [
      10.508559226989746,
      10.085649490356445,
      8.73106861114502,
      10.669947624206543,
      12.704171180725098,
      12.499307632446289,
      17.244491577148438,
      17.83237648010254,
      28.428403854370117,
      19.65990447998047,
      19.433738708496094,
      18.147808074951172,
      18.32589340209961,
      22.050357818603516,
      17.584022521972656,
      23.554058074951172,
      21.444229125976562,
      19.920120239257812
    ],
    [
      16.498321533203125,
      15.469393730163574,
      15.271297454833984,
      20.65824317932129,
      18.470521926879883,
      25.499786376953125,
      17.22821044921875,
      30.95444679260254,
      19.65990447998047,
      36.557098388671875,
      19.55303382873535,
      32.06789016723633,
      27.147747039794922,
      34.14238739013672,
      27.17193603515625,
      32.154884338378906,
      30.224605560302734,
      29.11176872253418
    ],
    [
      11.62852954864502,
      10.792322158813477,
      10.527419090270996,
      11.697739601135254,
      15.854328155517578,
      16.107696533203125,
      18.30002212524414,
      19.318910598754883,
      19.433738708496094,
      19.55303382873535,
      32.28303527832031,
      24.952394485473633,
      26.91512107849121,
      28.217927932739258,
      27.16758918762207,
      28.935283660888672,
      28.30442237854004,
      23.303302764892578
    ],
    [
      19.1737060546875,
      18.47557830810547,
      16.404308319091797,
      22.251968383789062,
      20.54277801513672,
      26.789623260498047,
      19.80420684814453,
      31.053842544555664,
      18.147808074951172,
      32.06789016723633,
      24.952394485473633,
      42.35112762451172,
      35.14118957519531,
      44.522216796875,
      37.619712829589844,
      42.584228515625,
      38.6734619140625,
      36.55940628051758
    ],
    [
      18.8281307220459,
      17.25078582763672,
      15.757514953613281,
      18.653419494628906,
      20.40046501159668,
      24.69527816772461,
      21.103246688842773,
      27.366512298583984,
      18.32589340209961,
      27.147747039794922,
      26.91512107849121,
      35.14118957519531,
      64.46202087402344,
      59.505592346191406,
      70.57838439941406,
      64.24080657958984,
      66.6072769165039,
      51.33534622192383
    ],
    [
      23.84532928466797,
      22.16631317138672,
      20.92690658569336,
      25.44532012939453,
      24.867094039916992,
      30.239843368530273,
      26.234594345092773,
      35.13209533691406,
      22.050357818603516,
      34.14238739013672,
      28.217927932739258,
      44.522216796875,
      59.505592346191406,
      78.67474365234375,
      66.22917938232422,
      79.12102508544922,
      68.86581420898438,
      66.44185638427734
    ],
    [
      24.010908126831055,
      20.954654693603516,
      19.527570724487305,
      22.82447624206543,
      24.988679885864258,
      29.46965980529785,
      23.236190795898438,
      29.74895668029785,
      17.584022521972656,
      27.17193603515625,
      27.16758918762207,
      37.619712829589844,
      70.57838439941406,
      66.22917938232422,
      110.37061309814453,
      81.76626586914062,
      93.51725006103516,
      63.78208923339844
    ],
    [
      25.355777740478516,
      22.12558364868164,
      22.833038330078125,
      24.988882064819336,
      25.81385040283203,
      30.276124954223633,
      27.016740798950195,
      34.225990295410156,
      23.554058074951172,
      32.154884338378906,
      28.935283660888672,
      42.584228515625,
      64.24080657958984,
      79.12102508544922,
      81.76626586914062,
      104.26881408691406,
      93.88125610351562,
      82.94872283935547
    ],
    [
      26.45926856994629,
      20.840620040893555,
      22.09034538269043,
      24.4648494720459,
      24.822601318359375,
      30.263338088989258,
      24.15744972229004,
      32.15909957885742,
      21.444229125976562,
      30.224605560302734,
      28.30442237854004,
      38.6734619140625,
      66.6072769165039,
      68.86581420898438,
      93.51725006103516,
      93.88125610351562,
      106.81466674804688,
      80.92998504638672
    ],
    [
      20.736906051635742,
      15.858224868774414,
      18.570266723632812,
      20.24390411376953,
      19.667070388793945,
      24.198640823364258,
      21.241561889648438,
      29.778583526611328,
      19.920120239257812,
      29.11176872253418,
      23.303302764892578,
      36.55940628051758,
      51.33534622192383,
      66.44185638427734,
      63.78208923339844,
      82.94872283935547,
      80.92998504638672,
      79.75971221923828
    ]
  ],
  "damage": -12.211187362670898,
  "diff_bandwidth": 589.4832153320312,
  "dissonance": 8.94268892718906,
  "drr": 16.558324813842773,
  "dynamics": 2.6310629844665527,
  "format": 1245187,
  "frames": 13413456,
  "freq_pan_to_db": [
    [
      -30.71782875061035,
      -29.370561599731445,
      -26.367305755615234,
      -23.392419815063477,
      -20.88276481628418,
      -22.180940628051758,
      -24.596696853637695,
      -25.900007247924805,
      -27.01203727722168,
      -29.165998458862305,
      -30.50800895690918
    ],
    [
      -23.518550872802734,
      -21.920150756835938,
      -19.80360984802246,
      -18.119625091552734,
      -14.412347793579102,
      -14.184447288513184,
      -17.85370445251465,
      -19.307340621948242,
      -20.95135498046875,
      -22.321805953979492,
      -23.55597496032715
    ],
    [
      -21.54865264892578,
      -20.28973960876465,
      -18.546096801757812,
      -16.437776565551758,
      -15.0364408493042,
      -15.411076545715332,
      -16.979591369628906,
      -18.065893173217773,
      -18.83805274963379,
      -20.463022232055664,
      -21.382976531982422
    ],
    [
      -22.99366569519043,
      -21.96625328063965,
      -20.82729721069336,
      -19.78807258605957,
      -18.47776222229004,
      -18.336711883544922,
      -18.323776245117188,
      -19.464345932006836,
      -20.83938980102539,
      -22.165069580078125,
      -23.117904663085938
    ],
    [
      -23.922569274902344,
      -23.85923957824707,
      -22.639291763305664,
      -22.02610206604004,
      -21.43389320373535,
      -21.168668746948242,
      -19.78554916381836,
      -20.666345596313477,
      -21.818859100341797,
      -23.054759979248047,
      -23.467803955078125
    ],
    [
      -24.370681762695312,
      -23.59955406188965,
      -21.984193801879883,
      -20.720544815063477,
      -19.61997413635254,
      -20.044652938842773,
      -21.13485336303711,
      -22.70517349243164,
      -23.957971572875977,
      -25.04249382019043,
      -25.805225372314453
    ],
    [
      -25.402069091796875,
      -24.466196060180664,
      -23.29448890686035,
      -21.730304718017578,
      -20.201566696166992,
      -20.666046142578125,
      -21.113752365112305,
      -22.743040084838867,
      -24.545167922973633,
      -25.60147476196289,
      -26.519563674926758
    ],
    [
      -24.49106216430664,
      -24.770076751708984,
      -24.137147903442383,
      -22.798742294311523,
      -21.523874282836914,
      -20.441526412963867,
      -18.638643264770508,
      -20.9913387298584,
      -22.888381958007812,
      -23.17150115966797,
      -23.618194580078125
    ],
    [
      -25.116744995117188,
      -24.384963989257812,
      -23.910369873046875,
      -22.24391746520996,
      -20.834400177001953,
      -20.28781509399414,
      -18.956727981567383,
      -21.007081985473633,
      -23.354564666748047,
      -24.242151260375977,
      -24.539310455322266
    ],
    [
      -24.41838264465332,
      -25.58009147644043,
      -23.519275665283203,
      -20.86436653137207,
      -19.811325073242188,
      -21.107397079467773,
      -22.310930252075195,
      -23.563570022583008,
      -24.644428253173828,
      -26.624753952026367,
      -28.239389419555664
    ],
    [
      -26.903656005859375,
      -27.506999969482422,
      -26.99017906188965,
      -25.36237907409668,
      -23.108749389648438,
      -21.458227157592773,
      -23.304370880126953,
      -24.85742950439453,
      -26.74739646911621,
      -26.92595863342285,
      -27.54344940185547
    ],
    [
      -29.114351272583008,
      -28.76551628112793,
      -27.888607025146484,
      -27.904706954956055,
      -25.80437469482422,
      -24.278514862060547,
      -24.069429397583008,
      -25.633699417114258,
      -27.944774627685547,
      -28.375879287719727,
      -30.068254470825195
    ],
    [
      -27.64800262451172,
      -29.691238403320312,
      -30.432283401489258,
      -28.211538314819336,
      -24.902477264404297,
      -23.499887466430664,
      -25.039405822753906,
      -26.628162384033203,
      -27.946645736694336,
      -28.773237228393555,
      -28.16356658935547
    ],
    [
      -25.931499481201172,
      -29.118764877319336,
      -27.42049217224121,
      -26.341646194458008,
      -22.8601131439209,
      -22.616451263427734,
      -25.14278221130371,
      -28.012649536132812,
      -28.135982513427734,
      -28.497631072998047,
      -29.419282913208008
    ],
    [
      -25.514450073242188,
      -26.914281845092773,
      -27.838186264038086,
      -26.15386962890625,
      -24.14900016784668,
      -25.65117073059082,
      -27.536746978759766,
      -29.00779151916504,
      -27.383501052856445,
      -29.762895584106445,
      -30.66334342956543
    ],
    [
      -25.64598274230957,
      -27.09093475341797,
      -27.961305618286133,
      -25.68317985534668,
      -26.948989868164062,
      -26.767919540405273,
      -28.317062377929688,
      -28.29774284362793,
      -27.781049728393555,
      -27.771148681640625,
      -30.141162872314453
    ],
    [
      -25.963815689086914,
      -27.29645347595215,
      -29.035961151123047,
      -27.865676879882812,
      -28.046796798706055,
      -28.014820098876953,
      -29.598878860473633,
      -27.77682876586914,
      -27.682161331176758,
      -27.931663513183594,
      -29.814804077148438
    ],
    [
      -24.013805389404297,
      -26.08029556274414,
      -27.65256690979004,
      -28.275848388671875,
      -25.487510681152344,
      -26.805143356323242,
      -28.095535278320312,
      -26.50565528869629,
      -26.482994079589844,
      -26.87500762939453,
      -28.097835540771484
    ],
    [
      -26.65839385986328,
      -25.776811599731445,
      -27.11314582824707,
      -27.25267219543457,
      -24.97528648376465,
      -26.357894897460938,
      -28.385286331176758,
      -26.59743881225586,
      -26.650888442993164,
      -27.998538970947266,
      -29.865219116210938
    ],
    [
      -29.464332580566406,
      -28.545663833618164,
      -29.06662940979004,
      -29.299400329589844,
      -26.892229080200195,
      -28.151391983032227,
      -30.017568588256836,
      -29.319889068603516,
      -29.230178833007812,
      -29.341392517089844,
      -27.470890045166016
    ],
    [
      -29.963756561279297,
      -26.123565673828125,
      -29.2113037109375,
      -29.511856079101562,
      -28.482440948486328,
      -28.761491775512695,
      -30.905054092407227,
      -29.49336814880371,
      -30.61186981201172,
      -31.904224395751953,
      -32.003902435302734
    ],
    [
      -32.378395080566406,
      -29.73421287536621,
      -28.143924713134766,
      -30.065393447875977,
      -28.778440475463867,
      -28.567855834960938,
      -31.832624435424805,
      -28.836301803588867,
      -31.146942138671875,
      -32.20159149169922,
      -33.659507751464844
    ],
    [
      -31.05159568786621,
      -29.936677932739258,
      -31.459692001342773,
      -31.790903091430664,
      -30.25468635559082,
      -29.29285430908203,
      -31.205154418945312,
      -31.73674964904785,
      -31.85477638244629,
      -31.278179168701172,
      -31.351892471313477
    ],
    [
      -35.72704315185547,
      -31.019790649414062,
      -31.288616180419922,
      -31.763490676879883,
      -31.042987823486328,
      -29.40230941772461,
      -31.45248794555664,
      -32.107948303222656,
      -31.931806564331055,
      -32.07658767700195,
      -32.65475845336914
    ],
    [
      -37.14439392089844,
      -33.80022048950195,
      -33.94180679321289,
      -33.25967025756836,
      -33.40444564819336,
      -32.363277435302734,
      -33.8917350769043,
      -33.68251419067383,
      -34.242034912109375,
      -35.02117156982422,
      -37.894569396972656
    ],
    [
      -34.053375244140625,
      -34.69328689575195,
      -35.128753662109375,
      -34.252227783203125,
      -33.9677619934082,
      -34.29549789428711,
      -35.05322265625,
      -35.10610580444336,
      -35.09178161621094,
      -35.656646728515625,
      -35.526206970214844
    ],
    [
      -43.74484634399414,
      -36.22435760498047,
      -36.07894515991211,
      -36.63069534301758,
      -35.853309631347656,
      -35.4352912902832,
      -38.06892776489258,
      -37.6324462890625,
      -36.63151168823242,
      -37.59272384643555,
      -35.873451232910156
    ],
    [
      -40.767303466796875,
      -36.42011642456055,
      -36.77922439575195,
      -37.23367691040039,
      -37.93343734741211,
      -38.277584075927734,
      -40.36098098754883,
      -38.9638671875,
      -38.7000846862793,
      -38.84858322143555,
      -40.81280517578125
    ],
    [
      -42.57789611816406,
      -38.67387390136719,
      -39.045127868652344,
      -39.68885803222656,
      -40.36949157714844,
      -40.068355560302734,
      -41.88042449951172,
      -41.23496627807617,
      -40.068397521972656,
      -40.1468505859375,
      -35.562286376953125
    ],
    [
      -44.38334274291992,
      -41.55156326293945,
      -40.93720626831055,
      -41.337318420410156,
      -42.172908782958984,
      -40.061485290527344,
      -40.93602752685547,
      -41.471519470214844,
      -41.466670989990234,
      -41.13920974731445,
      -45.566322326660156
    ],
    [
      -52.68721008300781,
      -42.46405029296875,
      -41.64157485961914,
      -42.05385208129883,
      -42.54915237426758,
      -39.62495422363281,
      -40.10424041748047,
      -40.520973205566406,
      -43.643768310546875,
      -44.08295440673828,
      -46.99735641479492
    ],
    [
      -96.78375244140625,
      -43.21244812011719,
      -42.93324279785156,
      -43.169677734375,
      -43.15275955200195,
      -39.45098114013672,
      -42.22075653076172,
      -44.40213394165039,
      -45.184940338134766,
      -42.313453674316406,
      -370
    ],
    [
      -97.67739868164062,
      -44.207183837890625,
      -43.42479705810547,
      -43.62018585205078,
      -43.33502197265625,
      -39.57187271118164,
      -43.66179656982422,
      -46.40963363647461,
      -47.64860153198242,
      -43.07511901855469,
      -370
    ],
    [
      -74.9119644165039,
      -49.6458854675293,
      -46.329708099365234,
      -45.147613525390625,
      -44.20688247680664,
      -39.202247619628906,
      -43.59927749633789,
      -47.889564514160156,
      -51.88636016845703,
      -50.09495162963867,
      -370
    ],
    [
      -64.6313705444336,
      -51.628135681152344,
      -48.757694244384766,
      -46.64811706542969,
      -45.48159408569336,
      -39.716495513916016,
      -43.70437240600586,
      -41.20838928222656,
      -43.10824966430664,
      -45.25053405761719,
      -44.82028579711914
    ],
    [
      -47.65159225463867,
      -52.67237091064453,
      -51.14862060546875,
      -49.469356536865234,
      -48.449378967285156,
      -42.12297058105469,
      -45.353126525878906,
      -40.54395294189453,
      -41.82793045043945,
      -44.31845474243164,
      -40.40388870239258
    ],
    [
      -370,
      -52.392459869384766,
      -51.04570007324219,
      -50.68273162841797,
      -49.650482177734375,
      -43.66972351074219,
      -47.61271286010742,
      -45.19518280029297,
      -46.76093292236328,
      -44.84697341918945,
      -45.887306213378906
    ],
    [
      -65.71026611328125,
      -55.05366134643555,
      -53.953330993652344,
      -52.216773986816406,
      -50.28805923461914,
      -45.9134521484375,
      -50.14561080932617,
      -49.331459045410156,
      -47.57063674926758,
      -44.71235656738281,
      -40.421058654785156
    ],
    [
      -48.474037170410156,
      -56.43467712402344,
      -54.2999153137207,
      -52.789031982421875,
      -51.831783294677734,
      -48.41334533691406,
      -51.32867431640625,
      -50.39008331298828,
      -48.27278518676758,
      -45.88747787475586,
      -42.265968322753906
    ],
    [
      -58.45429611206055,
      -53.196773529052734,
      -53.9022331237793,
      -55.305477142333984,
      -54.611854553222656,
      -50.21458053588867,
      -50.843963623046875,
      -46.34635543823242,
      -48.05008316040039,
      -46.15696716308594,
      -49.197471618652344
    ],
    [
      -55.65631103515625,
      -53.148616790771484,
      -54.78872299194336,
      -54.597938537597656,
      -54.609153747558594,
      -52.96565628051758,
      -54.096580505371094,
      -51.9077262878418,
      -51.8868293762207,
      -50.25436019897461,
      -50.80080032348633
    ],
    [
      -56.62611389160156,
      -55.19350051879883,
      -54.433956146240234,
      -54.68714904785156,
      -55.410911560058594,
      -55.779788970947266,
      -56.93352127075195,
      -55.82688903808594,
      -51.57159423828125,
      -49.28590393066406,
      -51.2658576965332
    ]
  ],
  "histogram": [
    {
      "db": -70,
      "frequency": 1
    },
    {
      "db": -69,
      "frequency": 1
    },
    {
      "db": -68,
      "frequency": 1
    },
    {
      "db": -67,
      "frequency": 1
    },
    {
      "db": -66,
      "frequency": 9
    },
    {
      "db": -65,
      "frequency": 5
    },
    {
      "db": -64,
      "frequency": 2
    },
    {
      "db": -63,
      "frequency": 4
    },
    {
      "db": -62,
      "frequency": 2
    },
    {
      "db": -61,
      "frequency": 3
    },
    {
      "db": -60,
      "frequency": 5
    },
    {
      "db": -59,
      "frequency": 4
    },
    {
      "db": -58,
      "frequency": 1
    },
    {
      "db": -57,
      "frequency": 4
    },
    {
      "db": -56,
      "frequency": 4
    },
    {
      "db": -55,
      "frequency": 4
    },
    {
      "db": -54,
      "frequency": 5
    },
    {
      "db": -53,
      "frequency": 3
    },
    {
      "db": -52,
      "frequency": 5
    },
    {
      "db": -51,
      "frequency": 3
    },
    {
      "db": -50,
      "frequency": 5
    },
    {
      "db": -49,
      "frequency": 6
    },
    {
      "db": -48,
      "frequency": 2
    },
    {
      "db": -47,
      "frequency": 7
    },
    {
      "db": -46,
      "frequency": 2
    },
    {
      "db": -45,
      "frequency": 10
    },
    {
      "db": -44,
      "frequency": 6
    },
    {
      "db": -43,
      "frequency": 9
    },
    {
      "db": -42,
      "frequency": 5
    },
    {
      "db": -41,
      "frequency": 5
    },
    {
      "db": -40,
      "frequency": 2
    },
    {
      "db": -39,
      "frequency": 1
    },
    {
      "db": -38,
      "frequency": 2
    },
    {
      "db": -37,
      "frequency": 4
    },
    {
      "db": -36,
      "frequency": 15
    },
    {
      "db": -35,
      "frequency": 17
    },
    {
      "db": -34,
      "frequency": 10
    },
    {
      "db": -33,
      "frequency": 9
    },
    {
      "db": -32,
      "frequency": 8
    },
    {
      "db": -31,
      "frequency": 3
    },
    {
      "db": -30,
      "frequency": 9
    },
    {
      "db": -29,
      "frequency": 7
    },
    {
      "db": -28,
      "frequency": 1
    },
    {
      "db": -27,
      "frequency": 2
    },
    {
      "db": -26,
      "frequency": 13
    },
    {
      "db": -25,
      "frequency": 16
    },
    {
      "db": -24,
      "frequency": 12
    },
    {
      "db": -23,
      "frequency": 15
    },
    {
      "db": -22,
      "frequency": 58
    },
    {
      "db": -21,
      "frequency": 78
    },
    {
      "db": -20,
      "frequency": 75
    },
    {
      "db": -19,
      "frequency": 306
    },
    {
      "db": -18,
      "frequency": 648
    },
    {
      "db": -17,
      "frequency": 598
    },
    {
      "db": -16,
      "frequency": 326
    },
    {
      "db": -15,
      "frequency": 264
    },
    {
      "db": -14,
      "frequency": 232
    },
    {
      "db": -13,
      "frequency": 102
    },
    {
      "db": -12,
      "frequency": 26
    },
    {
      "db": -11,
      "frequency": 0
    },
    {
      "db": -10,
      "frequency": 0
    },
    {
      "db": -9,
      "frequency": 0
    },
    {
      "db": -8,
      "frequency": 0
    },
    {
      "db": -7,
      "frequency": 0
    },
    {
      "db": -6,
      "frequency": 0
    },
    {
      "db": -5,
      "frequency": 0
    },
    {
      "db": -4,
      "frequency": 0
    },
    {
      "db": -3,
      "frequency": 0
    },
    {
      "db": -2,
      "frequency": 0
    },
    {
      "db": -1,
      "frequency": 0
    },
    {
      "db": 0,
      "frequency": 0
    },
    {
      "db": 1,
      "frequency": 0
    },
    {
      "db": 2,
      "frequency": 0
    },
    {
      "db": 3,
