{
  "acoustic_entropy": 205.10960388183594,
  "bands": [
    {
      "high_freq": 148.1999969482422,
      "loudness": -20.660232543945312,
      "loudness_range": 14.53682804107666,
      "mid_mean": -17.031408309936523,
      "mid_to_side_loudness": -30.697423934936523,
      "mid_to_side_loudness_range": 25.638141632080078,
      "side_mean": -49.15333557128906
    },
    {
      "high_freq": 392.3793640136719,
      "loudness": -18.929601669311523,
      "loudness_range": 11.927068710327148,
      "low_freq": 148.1999969482422,
      "mid_mean": -15.633474349975586,
      "mid_to_side_loudness": -12.908865928649902,
      "mid_to_side_loudness_range": 15.652740478515625,
      "side_mean": -28.491060256958008
    },
    {
      "high_freq": 794.6976318359375,
      "loudness": -20.009578704833984,
      "loudness_range": 15.76804256439209,
      "low_freq": 392.3793640136719,
      "mid_mean": -17.125858306884766,
      "mid_to_side_loudness": -8.948116302490234,
      "mid_to_side_loudness_range": 14.94611930847168,
      "side_mean": -25.764034271240234
    },
    {
      "high_freq": 1457.5709228515625,
      "loudness": -21.66975975036621,
      "loudness_range": 21.437602996826172,
      "low_freq": 794.6976318359375,
      "mid_mean": -19.5444393157959,
      "mid_to_side_loudness": -6.0325093269348145,
      "mid_to_side_loudness_range": 16.26321029663086,
      "side_mean": -24.94951820373535
    },
    {
      "high_freq": 2549.74365234375,
      "loudness": -27.04503631591797,
      "loudness_range": 20.07317543029785,
      "low_freq": 1457.5709228515625,
      "mid_mean": -24.602388381958008,
      "mid_to_side_loudness": -6.5488080978393555,
      "mid_to_side_loudness_range": 11.77910327911377,
      "side_mean": -30.287628173828125
    },
    {
      "high_freq": 4349.24462890625,
      "loudness": -28.518436431884766,
      "loudness_range": 19.71128273010254,
      "low_freq": 2549.74365234375,
      "mid_mean": -25.959110260009766,
      "mid_to_side_loudness": -6.5802106857299805,
      "mid_to_side_loudness_range": 10.875255584716797,
      "side_mean": -32.118743896484375
    },
    {
      "high_freq": 7314.1640625,
      "loudness": -29.49971580505371,
      "loudness_range": 19.87762451171875,
      "low_freq": 4349.24462890625,
      "mid_mean": -27.177900314331055,
      "mid_to_side_loudness": -5.922967910766602,
      "mid_to_side_loudness_range": 10.162137031555176,
      "side_mean": -32.62029266357422
    },
    {
      "high_freq": 12199.2666015625,
      "loudness": -32.170692443847656,
      "loudness_range": 16.578784942626953,
      "low_freq": 7314.1640625,
      "mid_mean": -30.06932258605957,
      "mid_to_side_loudness": -4.581331729888916,
      "mid_to_side_loudness_range": 6.975677490234375,
      "side_mean": -34.839298248291016
    },
    {
      "loudness": -38.03346633911133,
      "loudness_range": 16.97833824157715,
      "low_freq": 12199.2666015625,
      "mid_mean": -36.26498031616211,
      "mid_to_side_loudness": -3.519315004348755,
      "mid_to_side_loudness_range": 4.452607154846191,
      "side_mean": -39.881168365478516
    }
  ],
  "bands_short": [
    {
      "high_freq": 148.1999969482422,
      "loudness": -22.749711990356445,
      "loudness_range": 19.783199310302734,
      "mid_mean": -19.255807876586914,
      "mid_to_side_loudness": -31.810373306274414,
      "mid_to_side_loudness_range": 31.783863067626953,
      "side_mean": -54.25666046142578
    },
    {
      "high_freq": 392.3793640136719,
      "loudness": -19.136367797851562,
      "loudness_range": 14.291905403137207,
      "low_freq": 148.1999969482422,
      "mid_mean": -15.828742027282715,
      "mid_to_side_loudness": -13.90938949584961,
      "mid_to_side_loudness_range": 17.946014404296875,
      "side_mean": -29.718236923217773
    },
    {
      "high_freq": 794.6976318359375,
      "loudness": -20.419517517089844,
      "loudness_range": 17.836814880371094,
      "low_freq": 392.3793640136719,
      "mid_mean": -17.633665084838867,
      "mid_to_side_loudness": -8.827326774597168,
      "mid_to_side_loudness_range": 15.995457649230957,
      "side_mean": -26.311019897460938
    },
    {
      "high_freq": 1457.5709228515625,
      "loudness": -22.157922744750977,
      "loudness_range": 23.035037994384766,
      "low_freq": 794.6976318359375,
      "mid_mean": -20.24604606628418,
      "mid_to_side_loudness": -5.6949357986450195,
      "mid_to_side_loudness_range": 17.54707145690918,
      "side_mean": -25.372055053710938
    },
    {
      "high_freq": 2549.74365234375,
      "loudness": -28.16452407836914,
      "loudness_range": 23.13044548034668,
      "low_freq": 1457.5709228515625,
      "mid_mean": -25.766695022583008,
      "mid_to_side_loudness": -6.6126604080200195,
      "mid_to_side_loudness_range": 13.582098960876465,
      "side_mean": -31.665903091430664
    },
    {
      "high_freq": 4349.24462890625,
      "loudness": -29.631755828857422,
      "loudness_range": 23.123313903808594,
      "low_freq": 2549.74365234375,
      "mid_mean": -27.15339469909668,
      "mid_to_side_loudness": -6.694774150848389,
      "mid_to_side_loudness_range": 12.067241668701172,
      "side_mean": -33.486812591552734
    },
    {
      "high_freq": 7314.1640625,
      "loudness": -31.425241470336914,
      "loudness_range": 25.76909065246582,
      "low_freq": 4349.24462890625,
      "mid_mean": -29.062454223632812,
      "mid_to_side_loudness": -6.149696350097656,
      "mid_to_side_loudness_range": 12.387807846069336,
      "side_mean": -35.029056549072266
    },
    {
      "high_freq": 12199.2666015625,
      "loudness": -35.03308868408203,
      "loudness_range": 25.333507537841797,
      "low_freq": 7314.1640625,
      "mid_mean": -33.14448928833008,
      "mid_to_side_loudness": -4.950514316558838,
      "mid_to_side_loudness_range": 9.224352836608887,
      "side_mean": -38.79376983642578
    },
    {
      "loudness": -42.691505432128906,
      "loudness_range": 28.97832679748535,
      "low_freq": 12199.2666015625,
      "mid_mean": -41.145286560058594,
      "mid_to_side_loudness": -4.260723114013672,
      "mid_to_side_loudness_range": 8.312992095947266,
      "side_mean": -46.679683685302734
    }
  ],
  "bandwidth": 618.51708984375,
  "channels": 2,
  "covariance": [
    [
      34.90226745605469,
      20.101154327392578,
      12.045639038085938,
      11.485892295837402,
      7.813444137573242,
      17.276077270507812,
      13.88090991973877,
      22.126859664916992,
      10.525996208190918,
      12.101844787597656,
      14.684759140014648,
      16.724224090576172,
      14.798235893249512,
      17.61713409423828,
      8.112640380859375,
      11.579286575317383,
      6.050468921661377,
      7.211003303527832
    ],
    [
      20.101154327392578,
      72.4337158203125,
      18.072994232177734,
      37.049808502197266,
      27.424545288085938,
      38.73866653442383,
      39.47787094116211,
      46.71051025390625,
      37.49933624267578,
      33.38838577270508,
      34.74607467651367,
      35.68891525268555,
      22.510427474975586,
      22.179595947265625,
      3.877272129058838,
      10.734597206115723,
      -0.5639656782150269,
      2.92665433883667
    ],
    [
      12.045639038085938,
      18.072994232177734,
      22.0960636138916,
      18.00242805480957,
      12.333778381347656,
      16.158363342285156,
      13.191436767578125,
      15.285004615783691,
      15.016070365905762,
      11.641119956970215,
      16.055830001831055,
      16.648706436157227,
      11.615400314331055,
      10.033730506896973,
      5.282027244567871,
      6.2562575340271,
      3.7392849922180176,
      4.771852016448975
    ],
    [
      11.485892295837402,
      37.049808502197266,
      18.00242805480957,
      42.12968444824219,
      21.2877140045166,
      33.60237503051758,
      24.745920181274414,
      33.47818374633789,
      26.197389602661133,
      24.103200912475586,
      23.35934829711914,
      27.891498565673828,
      12.445064544677734,
      12.9821138381958,
      0.6109511852264404,
      6.467423439025879,
      -1.5153448581695557,
      1.5856502056121826
    ],
    [
      7.813444137573242,
      27.424545288085938,
      12.333778381347656,
      21.2877140045166,
      35.20881271362305,
      28.222015380859375,
      31.434734344482422,
      26.515178680419922,
      32.182777404785156,
      22.3524169921875,
      29.142946243286133,
      23.83087158203125,
      19.67986297607422,
      14.263052940368652,
      7.079549789428711,
      8.256298065185547,
      3.3955953121185303,
      4.177134037017822
    ],
    [
      17.276077270507812,
      38.73866653442383,
      16.158363342285156,
      33.60237503051758,
      28.222015380859375,
      50.982696533203125,
      35.81418991088867,
      50.146018981933594,
      31.657861709594727,
      32.29368209838867,
      28.903072357177734,
      34.560646057128906,
      18.5633544921875,
      22.708499908447266,
      4.462395191192627,
      12.623442649841309,
      2.6317074298858643,
      6.365363121032715
    ],
    [
      13.88090991973877,
      39.47787094116211,
      13.191436767578125,
      24.745920181274414,
      31.434734344482422,
      35.81418991088867,
      59.2337646484375,
      52.0372428894043,
      42.957557678222656,
      34.300350189208984,
      39.81386184692383,
      35.7769889831543,
      26.716827392578125,
      24.16097640991211,
      6.258249282836914,
      11.156115531921387,
      1.691129207611084,
      3.8809139728546143
    ],
    [
      22.126859664916992,
      46.71051025390625,
      15.285004615783691,
      33.47818374633789,
      26.515178680419922,
      50.146018981933594,
      52.0372428894043,
      82.61309051513672,
      38.91048812866211,
      45.02616500854492,
      36.24470901489258,
      44.16805648803711,
      22.667034149169922,
      31.081645965576172,
      3.776742935180664,
      14.942793846130371,
      -0.5170160531997681,
      4.983705520629883
    ],
    [
      10.525996208190918,
      37.49933624267578,
      15.016070365905762,
      26.197389602661133,
      32.182777404785156,
      31.657861709594727,
      42.957557678222656,
      38.91048812866211,
      54.38153076171875,
      37.468421936035156,
      45.11167907714844,
      37.32216262817383,
      32.63893127441406,
      25.083415985107422,
      11.861623764038086,
      13.075567245483398,
      4.976714134216309,
      5.7759575843811035
    ],
    [
      12.101844787597656,
      33.38838577270508,
      11.641119956970215,
      24.103200912475586,
      22.3524169921875,
      32.29368209838867,
      34.300350189208984,
      45.02616500854492,
      37.468421936035156,
      46.25448226928711,
      32.52243423461914,
      38.4364013671875,
      22.411304473876953,
      28.808256149291992,
      9.336676597595215,
      16.583097457885742,
      5.157586097717285,
      8.934198379516602
    ],
    [
      14.684759140014648,
      34.74607467651367,
      16.055830001831055,
      23.35934829711914,
      29.142946243286133,
      28.903072357177734,
      39.81386184692383,
      36.24470901489258,
      45.11167907714844,
      32.52243423461914,
      52.266239166259766,
      43.01869201660156,
      39.83049011230469,
      33.53066635131836,
      18.366580963134766,
      19.72298812866211,
      9.589948654174805,
      10.41331672668457
    ],
    [
      16.724224090576172,
      35.68891525268555,
      16.648706436157227,
      27.891498565673828,
      23.83087158203125,
      34.560646057128906,
      35.7769889831543,
      44.16805648803711,
      37.32216262817383,
      38.4364013671875,
      43.01869201660156,
      55.18400192260742,
      36.44570541381836,
      40.92452621459961,
      17.324121475219727,
      26.05942153930664,
      11.31054973602295,
      15.443937301635742
    ],
    [
      14.798235893249512,
      22.510427474975586,
      11.615400314331055,
      12.445064544677734,
      19.67986297607422,
      18.5633544921875,
      26.716827392578125,
      22.667034149169922,
      32.63893127441406,
      22.411304473876953,
      39.83049011230469,
      36.44570541381836,
      54.563236236572266,
      41.81675720214844,
      34.661216735839844,
      31.73758888244629,
      25.684391021728516,
      23.699132919311523
    ],
    [
      17.61713409423828,
      22.179595947265625,
      10.033730506896973,
      12.9821138381958,
      14.263052940368652,
      22.708499908447266,
      24.16097640991211,
      31.081645965576172,
      25.083415985107422,
      28.808256149291992,
      33.53066635131836,
      40.92452621459961,
      41.81675720214844,
      51.960052490234375,
      29.815006256103516,
      38.325439453125,
      25.35634994506836,
      29.158935546875
    ],
    [
      8.112640380859375,
      3.877272129058838,
      5.282027244567871,
      0.6109511852264404,
      7.079549789428711,
      4.462395191192627,
      6.258249282836914,
      3.776742935180664,
      11.861623764038086,
      9.336676597595215,
      18.366580963134766,
      17.324121475219727,
      34.661216735839844,
      29.815006256103516,
      43.92128372192383,
      35.942195892333984,
      38.2636833190918,
      34.4052734375
    ],
    [
      11.579286575317383,
      10.734597206115723,
      6.2562575340271,
      6.467423439025879,
      8.256298065185547,
      12.623442649841309,
      11.156115531921387,
      14.942793846130371,
      13.075567245483398,
      16.583097457885742,
      19.72298812866211,
      26.05942153930664,
      31.73758888244629,
      38.325439453125,
      35.942195892333984,
      43.74827575683594,
      35.56636047363281,
      38.54146194458008
    ],
    [
      6.050468921661377,
      -0.5639656782150269,
      3.7392849922180176,
      -1.5153448581695557,
      3.3955953121185303,
      2.6317074298858643,
      1.691129207611084,
      -0.5170160531997681,
      4.976714134216309,
      5.157586097717285,
      9.589948654174805,
      11.31054973602295,
      25.684391021728516,
      25.35634994506836,
      38.2636833190918,
      35.56636047363281,
      46.758235931396484,
      43.29782485961914
    ],
    [
      7.211003303527832,
      2.92665433883667,
      4.771852016448975,
      1.5856502056121826,
      4.177134037017822,
      6.365363121032715,
      3.8809139728546143,
      4.983705520629883,
      5.7759575843811035,
      8.934198379516602,
      10.41331672668457,
      15.443937301635742,
      23.699132919311523,
      29.158935546875,
      34.4052734375,
      38.54146194458008,
      43.29782485961914,
      47.0914306640625
    ]
  ],
  "covariance_short": [
    [
      62.5557746887207,
      22.349258422851562,
      16.62784767150879,
      13.547879219055176,
      9.710099220275879,
      18.031532287597656,
      15.20571517944336,
      23.30760955810547,
      12.94420051574707,
      14.656899452209473,
      19.07084083557129,
      22.6778564453125,
      19.277202606201172,
      24.256389617919922,
      12.64440631866455,
      18.36865997314453,
      9.757257461547852,
      23.86678123474121
    ],
    [
      22.349258422851562,
      87.32820892333984,
      21.576332092285156,
      42.51298522949219,
      31.829349517822266,
      42.11656951904297,
      43.54100036621094,
      48.600589752197266,
      43.836708068847656,
      42.36435317993164,
      41.36433792114258,
      44.65080261230469,
      31.22274398803711,
      36.87684631347656,
      17.84306526184082,
      29.89435386657715,
      16.005109786987305,
      23.335004806518555
    ],
    [
      16.62784767150879,
      21.576332092285156,
      28.990903854370117,
      20.074405670166016,
      15.439230918884277,
      19.160242080688477,
      15.47421932220459,
      17.122154235839844,
      17.3820743560791,
      14.826305389404297,
      18.701501846313477,
      19.962514877319336,
      14.79036808013916,
      15.648935317993164,
      9.732980728149414,
      12.768110275268555,
      9.329222679138184,
      15.510204315185547
    ],
    [
      13.547879219055176,
      42.51298522949219,
      20.074405670166016,
      50.5190544128418,
      25.073104858398438,
      37.913658142089844,
      27.326045989990234,
      34.4007568359375,
      29.936229705810547,
      29.85887908935547,
      27.802019119262695,
      34.43536376953125,
      18.226137161254883,
      23.360742568969727,
      8.951818466186523,
      18.33819580078125,
      7.567990779876709,
      10.80838680267334
    ],
    [
      9.710099220275879,
      31.829349517822266,
      15.439230918884277,
      25.073104858398438,
      43.928062438964844,
      32.56470489501953,
      36.01061248779297,
      29.102094650268555,
      38.776309967041016,
      29.105125427246094,
      36.23588943481445,
      30.77281379699707,
      28.44217872619629,
      24.702041625976562,
      17.371728897094727,
      19.88535499572754,
      15.040460586547852,
      17.213773727416992
    ],
    [
      18.031532287597656,
      42.11656951904297,
      19.160242080688477,
      37.913658142089844,
      32.56470489501953,
      57.273807525634766,
      39.36124801635742,
      51.303062438964844,
      37.57266616821289,
      38.62971496582031,
      34.99541473388672,
      42.58968734741211,
      26.685571670532227,
      33.606319427490234,
      14.266380310058594,
      25.418306350708008,
      12.831694602966309,
      22.080110549926758
    ],
    [
      15.20571517944336,
      43.54100036621094,
      15.47421932220459,
      27.326045989990234,
      36.01061248779297,
      39.36124801635742,
      68.86329650878906,
      55.096458435058594,
      49.86553955078125,
      41.87824630737305,
      47.66545486450195,
      43.927391052246094,
      37.24287414550781,
      37.56155014038086,
      20.001258850097656,
      27.19920539855957,
      16.672887802124023,
      23.361003875732422
    ],
    [
      23.30760955810547,
      48.600589752197266,
      17.122154235839844,
      34.4007568359375,
      29.102094650268555,
      51.303062438964844,
      55.096458435058594,
      88.1913833618164,
      44.08686828613281,
      51.54938888549805,
      40.82080078125,
      51.438602447509766,
      30.024511337280273,
      44.19235610961914,
      15.936968803405762,
      31.505640029907227,
      11.858075141906738,
      26.276721954345703
    ],
    [
      12.94420051574707,
      43.836708068847656,
      17.3820743560791,
      29.936229705810547,
      38.776309967041016,
      37.57266616821289,
      49.86553955078125,
      44.08686828613281,
      67.96100616455078,
      49.21681594848633,
      55.63953399658203,
      47.99630355834961,
      45.87066650390625,
      42.40888977050781,
      28.619609832763672,
      33.632930755615234,
      23.34082794189453,
      27.63574981689453
    ],
    [
      14.656899452209473,
      42.36435317993164,
      14.826305389404297,
      29.85887908935547,
      29.105125427246094,
      38.62971496582031,
      41.87824630737305,
      51.54938888549805,
      49.21681594848633,
      63.08098602294922,
      42.6885871887207,
      51.114349365234375,
      35.966312408447266,
      48.03041458129883,
      26.603609085083008,
      39.57379913330078,
      24.85453987121582,
      33.131622314453125
    ],
    [
      19.07084083557129,
      41.36433792114258,
      18.701501846313477,
      27.802019119262695,
      36.23588943481445,
      34.99541473388672,
      47.66545486450195,
      40.82080078125,
      55.63953399658203,
      42.6885871887207,
      70.2606201171875,
      57.27336883544922,
      59.53249740600586,
      55.275421142578125,
      41.83832550048828,
      46.47599411010742,
      34.69105529785156,
      42.02528762817383
    ],
    [
      22.6778564453125,
      44.65080261230469,
      19.962514877319336,
      34.43536376953125,
      30.77281379699707,
      42.58968734741211,
      43.927391052246094,
      51.438602447509766,
      47.99630355834961,
      51.114349365234375,
      57.27336883544922,
      73.01776123046875,
      53.19120788574219,
      65.66653442382812,
      38.86531066894531,
      55.56879425048828,
      34.51422119140625,
      48.96745300292969
    ],
    [
      19.277202606201172,
      31.22274398803711,
      14.79036808013916,
      18.226137161254883,
      28.44217872619629,
      26.685571670532227,
      37.24287414550781,
      30.024511337280273,
      45.87066650390625,
      35.966312408447266,
      59.53249740600586,
      53.19120788574219,
      83.7481689453125,
      70.03324127197266,
      67.3798599243164,
      66.66339874267578,
      60.963809967041016,
      66.2877197265625
    ],
    [
      24.256389617919922,
      36.87684631347656,
      15.648935317993164,
      23.360742568969727,
      24.702041625976562,
      33.606319427490234,
      37.56155014038086,
      44.19235610961914,
      42.40888977050781,
      48.03041458129883,
      55.275421142578125,
      65.66653442382812,
      70.03324127197266,
      89.81017303466797,
      62.285316467285156,
      81.56433868408203,
      60.648895263671875,
      79.75275421142578
    ],
    [
      12.64440631866455,
      17.84306526184082,
      9.732980728149414,
      8.951818466186523,
      17.371728897094727,
      14.266380310058594,
      20.001258850097656,
      15.936968803405762,
      28.619609832763672,
      26.603609085083008,
      41.83832550048828,
      38.86531066894531,
      67.3798599243164,
      62.285316467285156,
      86.87625122070312,
      77.01103210449219,
      81.49851989746094,
      78.75983428955078
    ],
    [
      18.36865997314453,
      29.89435386657715,
      12.768110275268555,
      18.33819580078125,
      19.88535499572754,
      25.418306350708008,
      27.19920539855957,
      31.505640029907227,
      33.632930755615234,
      39.57379913330078,
      46.47599411010742,
      55.56879425048828,
      66.66339874267578,
      81.56433868408203,
      77.01103210449219,
      99.22331237792969,
      81.547119140625,
      97.65723419189453
    ],
    [
      9.757257461547852,
      16.005109786987305,
      9.329222679138184,
      7.567990779876709,
      15.040460586547852,
      12.831694602966309,
      16.672887802124023,
      11.858075141906738,
      23.34082794189453,
      24.85453987121582,
      34.69105529785156,
      34.51422119140625,
      60.963809967041016,
      60.648895263671875,
      81.49851989746094,
      81.547119140625,
      102.92631530761719,
      97.47730255126953
    ],
    [
      23.86678123474121,
      23.335004806518555,
      15.510204315185547,
      10.80838680267334,
      17.213773727416992,
      22.080110549926758,
      23.361003875732422,
      26.276721954345703,
      27.63574981689453,
      33.131622314453125,
      42.02528762817383,
      48.96745300292969,
      66.2877197265625,
      79.75275421142578,
      78.75983428955078,
      97.65723419189453,
      97.47730255126953,
      125.86322784423828
    ]
  ],
  "damage": -3.2828447818756104,
  "diff_bandwidth": 645.3908081054688,
  "dissonance": 7.668493672073926,
  "drr": 12.224185943603516,
  "dynamics": 3.8636810779571533,
  "format": 65538,
  "frames": 16633344,
  "freq_pan_to_db": [
    [
      -27.624526977539062,
      -26.688814163208008,
      -23.93346405029297,
      -17.11481285095215,
      -11.719685554504395,
      -9.408980369567871,
      -12.372221946716309,
      -18.052431106567383,
      -21.412189483642578,
      -22.350004196166992,
      -27.534658432006836
    ],
    [
      -23.129749298095703,
      -23.013277053833008,
      -19.615196228027344,
      -15.962666511535645,
      -11.054755210876465,
      -9.113533020019531,
      -11.062482833862305,
      -14.67065143585205,
      -17.916423797607422,
      -22.359840393066406,
      -28.82874298095703
    ],
    [
      -25.198169708251953,
      -23.447978973388672,
      -20.341466903686523,
      -17.31924819946289,
      -12.178869247436523,
      -10.10358715057373,
      -12.069572448730469,
      -15.197624206542969,
      -17.37291717529297,
      -23.372774124145508,
      -23.552181243896484
    ],
    [
      -27.104352951049805,
      -23.672367095947266,
      -19.614887237548828,
      -16.48792839050293,
      -13.648956298828125,
      -12.366086959838867,
      -14.491294860839844,
      -17.267932891845703,
      -20.01171875,
      -21.838764190673828,
      -23.866790771484375
    ],
    [
      -21.48183250427246,
      -18.783845901489258,
      -17.387317657470703,
      -14.901285171508789,
      -12.80795669555664,
      -11.872563362121582,
      -12.085274696350098,
      -14.261378288269043,
      -15.88914966583252,
      -18.385820388793945,
      -19.3065128326416
    ],
    [
      -17.502105712890625,
      -16.304645538330078,
      -14.840521812438965,
      -14.082304954528809,
      -12.648394584655762,
      -11.142621040344238,
      -11.624759674072266,
      -13.36805534362793,
      -14.995596885681152,
      -16.340248107910156,
      -16.609039306640625
    ],
    [
      -16.94664764404297,
      -15.871025085449219,
      -14.399724960327148,
      -13.761160850524902,
      -12.05273151397705,
      -9.994519233703613,
      -11.52694320678711,
      -13.480451583862305,
      -15.234166145324707,
      -16.28946876525879,
      -15.7979736328125
    ],
    [
      -15.771195411682129,
      -15.548465728759766,
      -14.66715145111084,
      -13.31881332397461,
      -10.735847473144531,
      -9.967733383178711,
      -11.718803405761719,
      -13.771124839782715,
      -14.228464126586914,
      -14.700690269470215,
      -15.464615821838379
    ],
    [
      -17.185407638549805,
      -16.4527530670166,
      -15.384395599365234,
      -13.586603164672852,
      -12.432799339294434,
      -12.707548141479492,
      -14.758098602294922,
      -16.583370208740234,
      -17.329273223876953,
      -18.044492721557617,
      -18.699996948242188
    ],
    [
      -14.302534103393555,
      -14.497353553771973,
      -14.441216468811035,
      -12.618326187133789,
      -10.271425247192383,
      -10.448762893676758,
      -13.140414237976074,
      -14.774247169494629,
      -13.91768741607666,
      -14.947769165039062,
      -15.054096221923828
    ],
    [
      -13.090717315673828,
      -13.797098159790039,
      -14.345191955566406,
      -12.91856575012207,
      -11.592363357543945,
      -10.275445938110352,
      -11.208257675170898,
      -13.213294982910156,
      -14.158246994018555,
      -14.574991226196289,
      -14.049579620361328
    ],
    [
      -12.932088851928711,
      -14.22373104095459,
      -13.598098754882812,
      -13.956256866455078,
      -13.63967227935791,
      -12.575386047363281,
      -13.36113166809082,
      -14.585893630981445,
      -15.12637710571289,
      -16.408899307250977,
      -16.57431983947754
    ],
    [
      -14.780281066894531,
      -15.62844467163086,
      -16.124921798706055,
      -14.993156433105469,
      -15.032553672790527,
      -14.412567138671875,
      -14.963387489318848,
      -15.179242134094238,
      -15.691176414489746,
      -15.533212661743164,
      -17.102588653564453
    ],
    [
      -14.76604175567627,
      -15.839061737060547,
      -15.341012001037598,
      -15.251288414001465,
      -14.71423053741455,
      -12.263134002685547,
      -12.345515251159668,
      -13.455184936523438,
      -13.801274299621582,
      -15.176176071166992,
      -15.360955238342285
    ],
    [
      -15.756402015686035,
      -14.826714515686035,
      -14.179937362670898,
      -13.297603607177734,
      -13.168121337890625,
      -11.657410621643066,
      -12.549489974975586,
      -12.579069137573242,
      -12.257196426391602,
      -13.240614891052246,
      -11.310182571411133
    ],
    [
      -17.917173385620117,
      -15.31495189666748,
      -15.146323204040527,
      -14.12153434753418,
      -15.850156784057617,
      -13.717695236206055,
      -13.801162719726562,
      -13.894949913024902,
      -13.247514724731445,
      -13.733426094055176,
      -11.685117721557617
    ],
    [
      -21.91165542602539,
      -17.487165451049805,
      -16.085283279418945,
      -15.978594779968262,
      -19.154521942138672,
      -16.62253761291504,
      -15.92420482635498,
      -15.939645767211914,
      -16.845399856567383,
      -15.712403297424316,
      -14.431451797485352
    ],
    [
      -18.656124114990234,
      -15.301799774169922,
      -13.462770462036133,
      -12.908194541931152,
      -16.213035583496094,
      -16.085180282592773,
      -13.437787055969238,
      -12.9449462890625,
      -15.380953788757324,
      -13.372849464416504,
      -11.38520336151123
    ],
    [
      -24.554664611816406,
      -21.319459915161133,
      -19.475013732910156,
      -20.155914306640625,
      -20.954517364501953,
      -17.870519638061523,
      -19.513837814331055,
      -20.035232543945312,
      -18.52287483215332,
      -18.590152740478516,
      -15.436386108398438
    ],
    [
      -21.288124084472656,
      -24.656103134155273,
      -23.32699966430664,
      -23.640277862548828,
      -24.064849853515625,
      -22.096269607543945,
      -23.440521240234375,
      -24.043621063232422,
      -22.918853759765625,
      -20.77701187133789,
      -18.419443130493164
    ],
    [
      -26.898731231689453,
      -26.764785766601562,
      -25.339109420776367,
      -24.756868362426758,
      -23.64752960205078,
      -22.32896614074707,
      -26.58713722229004,
      -24.058780670166016,
      -25.403331756591797,
      -22.605409622192383,
      -18.933504104614258
    ],
    [
      -26.251394271850586,
      -28.018478393554688,
      -26.023025512695312,
      -25.771251678466797,
      -26.537395477294922,
      -24.939128875732422,
      -27.721843719482422,
      -26.7043399810791,
      -26.875442504882812,
      -26.736299514770508,
      -24.8464298248291
    ],
    [
      -26.395570755004883,
      -27.121620178222656,
      -27.42902946472168,
      -27.221006393432617,
      -27.150693893432617,
      -25.655792236328125,
      -28.46724510192871,
      -28.51091766357422,
      -28.322057723999023,
      -27.8035831451416,
      -29.46581268310547
    ],
    [
      -25.46597671508789,
      -27.349756240844727,
      -27.48320960998535,
      -27.15550994873047,
      -26.91233253479004,
      -25.1278133392334,
      -27.515501022338867,
      -27.937082290649414,
      -27.928455352783203,
      -27.447265625,
      -29.053369522094727
    ],
    [
      -27.991954803466797,
      -28.56736946105957,
      -27.977563858032227,
      -27.833251953125,
      -27.385129928588867,
      -27.378070831298828,
      -28.14508056640625,
      -28.286020278930664,
      -28.656404495239258,
      -30.09361457824707,
      -35.50603103637695
    ],
    [
      -32.358577728271484,
      -30.166553497314453,
      -28.359817504882812,
      -27.550865173339844,
      -27.033193588256836,
      -25.558544158935547,
      -27.5418701171875,
      -28.281169891357422,
      -28.99813461303711,
      -30.23554801940918,
      -33.45783996582031
    ],
    [
      -32.37126159667969,
      -28.75286293029785,
      -27.846599578857422,
      -27.851699829101562,
      -27.184797286987305,
      -25.08954429626465,
      -28.538305282592773,
      -28.44846534729004,
      -27.873620986938477,
      -27.943172454833984,
      -26.95282745361328
    ],
    [
      -35.90748977661133,
      -31.657896041870117,
      -29.33224868774414,
      -29.091289520263672,
      -29.259010314941406,
      -27.654659271240234,
      -30.675201416015625,
      -28.587356567382812,
      -28.872005462646484,
      -28.909912109375,
      -37.316650390625
    ],
    [
      -32.455806732177734,
      -30.746726989746094,
      -29.367395401000977,
      -29.067607879638672,
      -29.123743057250977,
      -28.21689224243164,
      -30.183528900146484,
      -28.955228805541992,
      -29.018728256225586,
      -31.931982040405273,
      -38.71933364868164
    ],
    [
      -28.447511672973633,
      -29.214216232299805,
      -29.30803108215332,
      -29.128629684448242,
      -28.566532135009766,
      -27.865440368652344,
      -29.65407371520996,
      -29.170217514038086,
      -28.89087677001953,
      -30.08613395690918,
      -37.47859191894531
    ],
    [
      -36.823753356933594,
      -32.32893753051758,
      -30.93476104736328,
      -30.31353759765625,
      -29.073713302612305,
      -27.212303161621094,
      -30.491443634033203,
      -30.03059959411621,
      -29.242460250854492,
      -30.606416702270508,
      -33.64263916015625
    ],
    [
      -33.62612533569336,
      -33.98607635498047,
      -30.167505264282227,
      -29.690324783325195,
      -30.171953201293945,
      -28.76631736755371,
      -31.08505630493164,
      -31.13279151916504,
      -30.704423904418945,
      -27.970401763916016,
      -25.969621658325195
    ],
    [
      -60.29303741455078,
      -33.792850494384766,
      -33.41802978515625,
      -31.303321838378906,
      -31.83494758605957,
      -30.77532958984375,
      -32.18214797973633,
      -31.98297882080078,
      -31.847496032714844,
      -35.17214584350586,
      -38.05448913574219
    ],
    [
      -34.88999557495117,
      -35.21461868286133,
      -18.704116821289062,
      -27.468664169311523,
      -33.992523193359375,
      -32.42271423339844,
      -32.583587646484375,
      -31.272226333618164,
      -30.229251861572266,
      -31.69327735900879,
      -46.62015151977539
    ],
    [
      -35.15878677368164,
      -38.57557678222656,
      -24.173809051513672,
      -29.225387573242188,
      -33.67547607421875,
      -31.900671005249023,
      -32.03762435913086,
      -30.23751449584961,
      -28.86803436279297,
      -27.176584243774414,
      -61.4909553527832
    ],
    [
      -44.353759765625,
      -36.782447814941406,
      -32.5894775390625,
      -32.96674346923828,
      -37.200809478759766,
      -34.543701171875,
      -33.83757781982422,
      -30.92725372314453,
      -30.15654754638672,
      -31.383914947509766,
      -37.75223922729492
    ],
    [
      -41.388465881347656,
      -35.27421569824219,
      -34.84063720703125,
      -34.69601058959961,
      -38.70166778564453,
      -36.64350891113281,
      -34.53973388671875,
      -32.94379425048828,
      -32.00426483154297,
      -30.052900314331055,
      -370
    ],
    [
      -32.44417953491211,
      -33.4266357421875,
      -34.34528350830078,
      -35.68719482421875,
      -38.878108978271484,
      -37.227867126464844,
      -35.58716583251953,
      -34.42230987548828,
      -33.462440490722656,
      -33.3410530090332,
      -52.00940704345703
    ],
    [
      -32.98202133178711,
      -32.87068557739258,
      -36.26836013793945,
      -37.45612335205078,
      -39.447265625,
      -37.77140808105469,
      -34.9041633605957,
      -33.37405776977539,
      -32.50811767578125,
      -33.76714324951172,
      -47.065616607666016
    ],
    [
      -39.14706039428711,
      -39.210166931152344,
      -39.688106536865234,
      -39.79753875732422,
      -42.7382698059082,
      -42.39228057861328,
      -37.464935302734375,
      -33.612083435058594,
      -31.98591423034668,
      -32.2589111328125,
      -39.867740631103516
    ],
    [
      -48.429161071777344,
      -49.2565803527832,
      -51.450782775878906,
      -49.13628005981445,
      -50.16581344604492,
      -49.81143569946289,
      -45.73921585083008,
      -38.6201171875,
      -34.075531005859375,
      -31.668672561645508,
      -35.08417510986328
    ],
    [
      -53.78071594238281,
      -54.473548889160156,
      -55.11383056640625,
      -56.48815155029297,
      -56.507686614990234,
      -55.19619369506836,
      -48.433013916015625,
      -41.96316909790039,
      -39.25822830200195,
      -37.971961975097656,
      -38.50361251831055
    ]
  ],
  "histogram": [
    {
      "db": -70,
      "frequency": 0
    },
    {
      "db": -69,
      "frequency": 0
    },
    {
      "db": -68,
      "frequency": 0
    },
    {
      "db": -67,
      "frequency": 0
    },
    {
      "db": -66,
      "frequency": 1
    },
    {
      "db": -65,
      "frequency": 0
    },
    {
      "db": -64,
      "frequency": 0
    },
    {
      "db": -63,
      "frequency": 1
    },
    {
      "db": -62,
      "frequency": 0
    },
    {
      "db": -61,
      "frequency": 1
    },
    {
      "db": -60,
      "frequency": 0
    },
    {
      "db": -59,
      "frequency": 0
    },
    {
      "db": -58,
      "frequency": 1
    },
    {
      "db": -57,
      "frequency": 0
    },
    {
      "db": -56,
      "frequency": 0
    },
    {
      "db": -55,
      "frequency": 0
    },
    {
      "db": -54,
      "frequency": 1
    },
    {
      "db": -53,
      "frequency": 0
    },
    {
      "db": -52,
      "frequency": 1
    },
    {
      "db": -51,
      "frequency": 0
    },
    {
      "db": -50,
      "frequency": 1
    },
    {
      "db": -49,
      "frequency": 0
    },
    {
      "db": -48,
      "frequency": 1
    },
    {
      "db": -47,
      "frequency": 0
    },
    {
      "db": -46,
      "frequency": 1
    },
    {
      "db": -45,
      "frequency": 1
    },
    {
      "db": -44,
      "frequency": 0
    },
    {
      "db": -43,
      "frequency": 1
    },
    {
      "db": -42,
      "frequency": 1
    },
    {
      "db": -41,
      "frequency": 1
    },
    {
      "db": -40,
      "frequency": 1
    },
    {
      "db": -39,
      "frequency": 1
    },
    {
      "db": -38,
      "frequency": 1
    },
    {
      "db": -37,
      "frequency": 1
    },
    {
      "db": -36,
      "frequency": 0
    },
    {
      "db": -35,
      "frequency": 1
    },
    {
      "db": -34,
      "frequency": 2
    },
    {
      "db": -33,
      "frequency": 1
    },
    {
      "db": -32,
      "frequency": 1
    },
    {
      "db": -31,
      "frequency": 1
    },
    {
      "db": -30,
      "frequency": 2
    },
    {
      "db": -29,
      "frequency": 1
    },
    {
      "db": -28,
      "frequency": 1
    },
    {
      "db": -27,
      "frequency": 4
    },
    {
      "db": -26,
      "frequency": 12
    },
    {
      "db": -25,
      "frequency": 16
    },
    {
      "db": -24,
      "frequency": 18
    },
    {
      "db": -23,
      "frequency": 27
    },
    {
      "db": -22,
      "frequency": 28
    },
    {
      "db": -21,
      "frequency": 50
    },
    {
      "db": -20,
      "frequency": 47
    },
    {
      "db": -19,
      "frequency": 35
    },
    {
      "db": -18,
      "frequency": 32
    },
    {
      "db": -17,
      "frequency": 47
    },
    {
      "db": -16,
      "frequency": 71
    },
    {
      "db": -15,
      "frequency": 65
    },
    {
      "db": -14,
      "frequency": 88
    },
    {
      "db": -13,
      "frequency": 172
    },
    {
      "db": -12,
      "frequency": 237
    },
    {
      "db": -11,
      "frequency": 363
    },
    {
      "db": -10,
      "frequency": 396
    },
    {
      "db": -9,
      "frequency": 367
    },
    {
      "db": -8,
      "frequency": 313
    },
    {
      "db": -7,
      "frequency": 263
    },
    {
      "db": -6,
      "frequency": 351
    },
    {
      "db": -5,
      "frequency": 392
    },
    {
      "db": -4,
      "frequency": 225
    },
    {
      "db": -3,
      "frequency": 73
    },
    {
      "db": -2,
      "frequency": 2
    },
    {
      "db": -1,
      "frequency": 0
    },
    {
      "db": 0,
      "frequency": 0
    },
    {
      "db": 1,
      "frequency": 0
    },
    {
      "db": 2,
      "frequency": 0
    },
    {
      "db": 3,
