{
  "acoustic_entropy": 202.91119384765625,
  "bands": [
    {
      "high_freq": 148.1999969482422,
      "loudness": -22.424665451049805,
      "loudness_range": 14.844734191894531,
      "mid_mean": -18.781681060791016,
      "mid_to_side_loudness": -31.800046920776367,
      "mid_to_side_loudness_range": 26.51873016357422,
      "side_mean": -52.25752639770508
    },
    {
      "high_freq": 392.3793640136719,
      "loudness": -20.696352005004883,
      "loudness_range": 12.45947265625,
      "low_freq": 148.1999969482422,
      "mid_mean": -17.388696670532227,
      "mid_to_side_loudness": -13.003602981567383,
      "mid_to_side_loudness_range": 15.699628829956055,
      "side_mean": -30.338890075683594
    },
    {
      "high_freq": 794.6976318359375,
      "loudness": -21.77416229248047,
      "loudness_range": 16.312837600708008,
      "low_freq": 392.3793640136719,
      "mid_mean": -18.904281616210938,
      "mid_to_side_loudness": -8.976842880249023,
      "mid_to_side_loudness_range": 14.970325469970703,
      "side_mean": -27.543357849121094
    },
    {
      "high_freq": 1457.5709228515625,
      "loudness": -23.425058364868164,
      "loudness_range": 22.113147735595703,
      "low_freq": 794.6976318359375,
      "mid_mean": -21.286602020263672,
      "mid_to_side_loudness": -6.061127662658691,
      "mid_to_side_loudness_range": 16.395137786865234,
      "side_mean": -26.71079444885254
    },
    {
      "high_freq": 2549.74365234375,
      "loudness": -28.83696174621582,
      "loudness_range": 20.6126651763916,
      "low_freq": 1457.5709228515625,
      "mid_mean": -26.376623153686523,
      "mid_to_side_loudness": -6.65315055847168,
      "mid_to_side_loudness_range": 12.158327102661133,
      "side_mean": -32.167564392089844
    },
    {
      "high_freq": 4349.24462890625,
      "loudness": -30.341222763061523,
      "loudness_range": 20.094079971313477,
      "low_freq": 2549.74365234375,
      "mid_mean": -27.774555206298828,
      "mid_to_side_loudness": -6.694002151489258,
      "mid_to_side_loudness_range": 11.018573760986328,
      "side_mean": -34.04517364501953
    },
    {
      "high_freq": 7314.1640625,
      "loudness": -31.339876174926758,
      "loudness_range": 20.18881607055664,
      "low_freq": 4349.24462890625,
      "mid_mean": -28.990705490112305,
      "mid_to_side_loudness": -6.016104221343994,
      "mid_to_side_loudness_range": 10.483716011047363,
      "side_mean": -34.557533264160156
    },
    {
      "high_freq": 12199.2666015625,
      "loudness": -34.03659439086914,
      "loudness_range": 16.76889419555664,
      "low_freq": 7314.1640625,
      "mid_mean": -31.93511962890625,
      "mid_to_side_loudness": -4.628856182098389,
      "mid_to_side_loudness_range": 7.028977870941162,
      "side_mean": -36.787330627441406
    },
    {
      "loudness": -39.920284271240234,
      "loudness_range": 17.10148811340332,
      "low_freq": 12199.2666015625,
      "mid_mean": -38.13898468017578,
      "mid_to_side_loudness": -3.5696122646331787,
      "mid_to_side_loudness_range": 4.5239176750183105,
      "side_mean": -41.83500289916992
    }
  ],
  "bands_short": [
    {
      "high_freq": 148.1999969482422,
      "loudness": -24.49040985107422,
      "loudness_range": 19.695816040039062,
      "mid_mean": -21.01609992980957,
      "mid_to_side_loudness": -33.02180480957031,
      "mid_to_side_loudness_range": 32.53694534301758,
      "side_mean": -56.82886505126953
    },
    {
      "high_freq": 392.3793640136719,
      "loudness": -20.945159912109375,
      "loudness_range": 14.86159896850586,
      "low_freq": 148.1999969482422,
      "mid_mean": -17.631572723388672,
      "mid_to_side_loudness": -13.981761932373047,
      "mid_to_side_loudness_range": 18.004661560058594,
      "side_mean": -31.597393035888672
    },
    {
      "high_freq": 794.6976318359375,
      "loudness": -22.227685928344727,
      "loudness_range": 18.31961441040039,
      "low_freq": 392.3793640136719,
      "mid_mean": -19.437395095825195,
      "mid_to_side_loudness": -8.836359024047852,
      "mid_to_side_loudness_range": 15.996990203857422,
      "side_mean": -28.098236083984375
    },
    {
      "high_freq": 1457.5709228515625,
      "loudness": -23.92679214477539,
      "loudness_range": 23.653135299682617,
      "low_freq": 794.6976318359375,
      "mid_mean": -22.016523361206055,
      "mid_to_side_loudness": -5.693085193634033,
      "mid_to_side_loudness_range": 17.528976440429688,
      "side_mean": -27.14063835144043
    },
    {
      "high_freq": 2549.74365234375,
      "loudness": -29.99355125427246,
      "loudness_range": 23.631885528564453,
      "low_freq": 1457.5709228515625,
      "mid_mean": -27.58286476135254,
      "mid_to_side_loudness": -6.715452671051025,
      "mid_to_side_loudness_range": 13.76728343963623,
      "side_mean": -33.588584899902344
    },
    {
      "high_freq": 4349.24462890625,
      "loudness": -31.492311477661133,
      "loudness_range": 23.589387893676758,
      "low_freq": 2549.74365234375,
      "mid_mean": -28.991161346435547,
      "mid_to_side_loudness": -6.816333770751953,
      "mid_to_side_loudness_range": 12.173022270202637,
      "side_mean": -35.45363998413086
    },
    {
      "high_freq": 7314.1640625,
      "loudness": -33.26750946044922,
      "loudness_range": 26.047672271728516,
      "low_freq": 4349.24462890625,
      "mid_mean": -30.915830612182617,
      "mid_to_side_loudness": -6.23807954788208,
      "mid_to_side_loudness_range": 12.616704940795898,
      "side_mean": -37.0015869140625
    },
    {
      "high_freq": 12199.2666015625,
      "loudness": -36.87187194824219,
      "loudness_range": 25.337995529174805,
      "low_freq": 7314.1640625,
      "mid_mean": -35.022727966308594,
      "mid_to_side_loudness": -5.017498016357422,
      "mid_to_side_loudness_range": 9.349462509155273,
      "side_mean": -40.79716873168945
    },
    {
      "loudness": -44.504817962646484,
      "loudness_range": 28.82537078857422,
      "low_freq": 12199.2666015625,
      "mid_mean": -43.13334655761719,
      "mid_to_side_loudness": -4.344785690307617,
      "mid_to_side_loudness_range": 8.544331550598145,
      "side_mean": -50.104286193847656
    }
  ],
  "bandwidth": 624.36083984375,
  "channels": 2,
  "covariance": [
    [
      35.72845458984375,
      18.76590919494629,
      12.87459659576416,
      12.46590805053711,
      9.014815330505371,
      18.604835510253906,
      15.444007873535156,
      23.885953903198242,
      11.897224426269531,
      13.190434455871582,
      15.990593910217285,
      17.793643951416016,
      15.797761917114258,
      18.650672912597656,
      8.770325660705566,
      12.407049179077148,
      6.405529975891113,
      7.918677806854248
    ],
    [
      18.76590919494629,
      69.56793975830078,
      17.708620071411133,
      34.80158615112305,
      25.432466506958008,
      35.289554595947266,
      35.87910842895508,
      41.966739654541016,
      34.38834762573242,
      29.64543342590332,
      31.81210708618164,
      32.273956298828125,
      20.855993270874023,
      19.128541946411133,
      3.2473902702331543,
      8.867478370666504,
      -1.032808542251587,
      1.5710870027542114
    ],
    [
      12.87459659576416,
      17.708620071411133,
      23.347150802612305,
      19.304018020629883,
      13.976333618164062,
      17.692955017089844,
      14.948832511901855,
      17.184803009033203,
      16.7636775970459,
      13.112892150878906,
      17.8043212890625,
      18.2741756439209,
      12.904041290283203,
      11.257000923156738,
      5.921634197235107,
      7.0130085945129395,
      4.160559177398682,
      5.35420560836792
    ],
    [
      12.46590805053711,
      34.80158615112305,
      19.304018020629883,
      43.5671501159668,
      22.69035530090332,
      34.90154266357422,
      26.116804122924805,
      34.81619644165039,
      27.705482482910156,
      25.167762756347656,
      24.898935317993164,
      29.116363525390625,
      13.628479957580566,
      14.088479995727539,
      1.2586559057235718,
      7.148218154907227,
      -1.0237661600112915,
      2.0463764667510986
    ],
    [
      9.014815330505371,
      25.432466506958008,
      13.976333618164062,
      22.69035530090332,
      37.2006721496582,
      30.324764251708984,
      33.7227783203125,
      28.7520751953125,
      34.21735382080078,
      23.77017593383789,
      31.126842498779297,
      25.101747512817383,
      21.13673210144043,
      15.358659744262695,
      7.935306072235107,
      9.022845268249512,
      3.9900782108306885,
      4.742398738861084
    ],
    [
      18.604835510253906,
      35.289554595947266,
      17.692955017089844,
      34.90154266357422,
      30.324764251708984,
      53.063018798828125,
      38.019588470458984,
      52.1065673828125,
      33.434532165527344,
      33.63528060913086,
      30.716960906982422,
      35.8004264831543,
      19.726978302001953,
      23.931859970092773,
      5.352323532104492,
      13.434661865234375,
      3.212207317352295,
      6.9172587394714355
    ],
    [
      15.444007873535156,
      35.87910842895508,
      14.948832511901855,
      26.116804122924805,
      33.7227783203125,
      38.019588470458984,
      62.109100341796875,
      55.08016586303711,
      45.190067291259766,
      35.87574005126953,
      42.09512710571289,
      37.061187744140625,
      28.634380340576172,
      25.56037139892578,
      7.4289960861206055,
      12.140873908996582,
      2.6361052989959717,
      4.641317367553711
    ],
    [
      23.885953903198242,
      41.966739654541016,
      17.184803009033203,
      34.81619644165039,
      28.7520751953125,
      52.1065673828125,
      55.08016586303711,
      85.82452392578125,
      41.162864685058594,
      46.63981628417969,
      38.33646011352539,
      45.31792068481445,
      23.8605899810791,
      32.36527633666992,
      4.868106842041016,
      15.78466796875,
      0.17646658420562744,
      5.544098377227783
    ],
    [
      11.897224426269531,
      34.38834762573242,
      16.7636775970459,
      27.705482482910156,
      34.21735382080078,
      33.434532165527344,
      45.190067291259766,
      41.162864685058594,
      56.60892868041992,
      39.075836181640625,
      47.10639190673828,
      38.61374282836914,
      34.19786834716797,
      26.105688095092773,
      12.793707847595215,
      13.817142486572266,
      5.719446182250977,
      6.402782917022705
    ],
    [
      13.190434455871582,
      29.64543342590332,
      13.112892150878906,
      25.167762756347656,
      23.77017593383789,
      33.63528060913086,
      35.87574005126953,
      46.63981628417969,
      39.075836181640625,
      47.78572463989258,
      34.009727478027344,
      39.4963493347168,
      23.560787200927734,
      29.87685203552246,
      10.307551383972168,
      17.344711303710938,
      5.925592422485352,
      9.629901885986328
    ],
    [
      15.990593910217285,
      31.81210708618164,
      17.8043212890625,
      24.898935317993164,
      31.126842498779297,
      30.716960906982422,
      42.09512710571289,
      38.33646011352539,
      47.10639190673828,
      34.009727478027344,
      54.46138381958008,
      44.319252014160156,
      41.29800796508789,
      34.5677490234375,
      19.341066360473633,
      20.444169998168945,
      10.353104591369629,
      11.199883460998535
    ],
    [
      17.793643951416016,
      32.273956298828125,
      18.2741756439209,
      29.116363525390625,
      25.101747512817383,
      35.8004264831543,
      37.061187744140625,
      45.31792068481445,
      38.61374282836914,
      39.4963493347168,
      44.319252014160156,
      56.237911224365234,
      37.33468246459961,
      41.971866607666016,
      17.98782730102539,
      26.845951080322266,
      11.941520690917969,
      16.283401489257812
    ],
    [
      15.797761917114258,
      20.855993270874023,
      12.904041290283203,
      13.628479957580566,
      21.13673210144043,
      19.726978302001953,
      28.634380340576172,
      23.8605899810791,
      34.19786834716797,
      23.560787200927734,
      41.29800796508789,
      37.33468246459961,
      55.66594696044922,
      42.481529235839844,
      35.464012145996094,
      32.43547821044922,
      26.255615234375,
      24.363000869750977
    ],
    [
      18.650672912597656,
      19.128541946411133,
      11.257000923156738,
      14.088479995727539,
      15.358659744262695,
      23.931859970092773,
      25.56037139892578,
      32.36527633666992,
      26.105688095092773,
      29.87685203552246,
      34.5677490234375,
      41.971866607666016,
      42.481529235839844,
      52.884765625,
      30.238786697387695,
      39.103092193603516,
      25.896465301513672,
      30.042123794555664
    ],
    [
      8.770325660705566,
      3.2473902702331543,
      5.921634197235107,
      1.2586559057235718,
      7.935306072235107,
      5.352323532104492,
      7.4289960861206055,
      4.868106842041016,
      12.793707847595215,
      10.307551383972168,
      19.341066360473633,
      17.98782730102539,
      35.464012145996094,
      30.238786697387695,
      44.3292350769043,
      36.3243522644043,
      38.466793060302734,
      35.00625991821289
    ],
    [
      12.407049179077148,
      8.867478370666504,
      7.0130085945129395,
      7.148218154907227,
      9.022845268249512,
      13.434661865234375,
      12.140873908996582,
      15.78466796875,
      13.817142486572266,
      17.344711303710938,
      20.444169998168945,
      26.845951080322266,
      32.43547821044922,
      39.103092193603516,
      36.3243522644043,
      44.72293472290039,
      35.892459869384766,
      39.60236740112305
    ],
    [
      6.405529975891113,
      -1.032808542251587,
      4.160559177398682,
      -1.0237661600112915,
      3.9900782108306885,
      3.212207317352295,
      2.6361052989959717,
      0.17646658420562744,
      5.719446182250977,
      5.925592422485352,
      10.353104591369629,
      11.941520690917969,
      26.255615234375,
      25.896465301513672,
      38.466793060302734,
      35.892459869384766,
      46.833351135253906,
      43.517940521240234
    ],
    [
      7.918677806854248,
      1.5710870027542114,
      5.35420560836792,
      2.0463764667510986,
      4.742398738861084,
      6.9172587394714355,
      4.641317367553711,
      5.544098377227783,
      6.402782917022705,
      9.629901885986328,
      11.199883460998535,
      16.283401489257812,
      24.363000869750977,
      30.042123794555664,
      35.00625991821289,
      39.60236740112305,
      43.517940521240234,
      48.034385681152344
    ]
  ],
  "covariance_short": [
    [
      62.840370178222656,
      18.7403621673584,
      17.56313705444336,
      14.448667526245117,
      10.946197509765625,
      19.222625732421875,
      16.81435775756836,
      24.734338760375977,
      14.42385482788086,
      15.563862800598145,
      20.2978515625,
      23.781436920166016,
      20.46295166015625,
      25.388586044311523,
      13.532088279724121,
      19.531667709350586,
      10.985663414001465,
      30.026325225830078
    ],
    [
      18.7403621673584,
      71.85462951660156,
      19.74851417541504,
      37.645626068115234,
      27.402841567993164,
      35.850440979003906,
      37.30483627319336,
      41.00996398925781,
      37.809322357177734,
      36.03086471557617,
      35.19150924682617,
      37.53399658203125,
      26.17413330078125,
      30.26056480407715,
      14.883749961853027,
      24.54177474975586,
      14.082313537597656,
      29.561872482299805
    ],
    [
      17.56313705444336,
      19.74851417541504,
      30.3385066986084,
      21.335039138793945,
      17.160675048828125,
      20.818592071533203,
      17.49941062927246,
      19.101829528808594,
      19.250574111938477,
      16.328262329101562,
      20.521697998046875,
      21.695615768432617,
      16.456146240234375,
      17.207149505615234,
      10.920028686523438,
      14.14001178741455,
      10.564504623413086,
      24.932449340820312
    ],
    [
      14.448667526245117,
      37.645626068115234,
      21.335039138793945,
      51.98057556152344,
      26.473037719726562,
      39.065860748291016,
      28.719179153442383,
      35.78140640258789,
      31.443506240844727,
      30.88595199584961,
      29.244400024414062,
      35.72283935546875,
      19.574357986450195,
      24.664297103881836,
      9.91290283203125,
      19.383302688598633,
      8.48891830444336,
      20.789846420288086
    ],
    [
      10.946197509765625,
      27.402841567993164,
      17.160675048828125,
      26.473037719726562,
      46.009132385253906,
      34.675148010253906,
      38.5393180847168,
      31.482397079467773,
      41.05439758300781,
      30.695371627807617,
      38.41118240356445,
      32.41668701171875,
      30.35141944885254,
      26.179481506347656,
      18.724937438964844,
      21.106403350830078,
      16.430400848388672,
      26.18707847595215
    ],
    [
      19.222625732421875,
      35.850440979003906,
      20.818592071533203,
      39.065860748291016,
      34.675148010253906,
      59.24471664428711,
      41.613929748535156,
      53.392208099365234,
      39.66338348388672,
      40.042545318603516,
      36.94952392578125,
      43.977081298828125,
      28.36707305908203,
      35.226585388183594,
      15.616527557373047,
      26.764522552490234,
      14.170763969421387,
      33.412452697753906
    ],
    [
      16.81435775756836,
      37.30483627319336,
      17.49941062927246,
      28.719179153442383,
      38.5393180847168,
      41.613929748535156,
      71.82908630371094,
      58.03125,
      52.40768814086914,
      43.53152847290039,
      50.10088348388672,
      45.369667053222656,
      39.40892791748047,
      39.12958526611328,
      21.543272018432617,
      28.472349166870117,
      18.445880889892578,
      33.77568054199219
    ],
    [
      24.734338760375977,
      41.00996398925781,
      19.101829528808594,
      35.78140640258789,
      31.482397079467773,
      53.392208099365234,
      58.03125,
      91.31314086914062,
      46.56503677368164,
      52.98712158203125,
      43.05806350708008,
      52.741424560546875,
      31.85993766784668,
      45.761714935302734,
      17.274063110351562,
      32.74407958984375,
      13.379172325134277,
      33.601837158203125
    ],
    [
      14.42385482788086,
      37.809322357177734,
      19.250574111938477,
      31.443506240844727,
      41.05439758300781,
      39.66338348388672,
      52.40768814086914,
      46.56503677368164,
      70.53050231933594,
      50.91889572143555,
      57.896522521972656,
      49.54680633544922,
      47.96260452270508,
      43.743247985839844,
      30.05384635925293,
      34.71837615966797,
      25.149681091308594,
      38.98884963989258
    ],
    [
      15.563862800598145,
      36.03086471557617,
      16.328262329101562,
      30.88595199584961,
      30.695371627807617,
      40.042545318603516,
      43.53152847290039,
      52.98712158203125,
      50.91889572143555,
      64.61344909667969,
      44.069549560546875,
      52.07435989379883,
      37.31051254272461,
      49.05622482299805,
      27.59719467163086,
      40.45796203613281,
      26.164400100708008,
      36.378456115722656
    ],
    [
      20.2978515625,
      35.19150924682617,
      20.521697998046875,
      29.244400024414062,
      38.41118240356445,
      36.94952392578125,
      50.10088348388672,
      43.05806350708008,
      57.896522521972656,
      44.069549560546875,
      72.43538665771484,
      58.60749816894531,
      61.34614181518555,
      56.41148376464844,
      42.947052001953125,
      47.4469108581543,
      36.304283142089844,
      53.07035827636719
    ],
    [
      23.781436920166016,
      37.53399658203125,
      21.695615768432617,
      35.72283935546875,
      32.41668701171875,
      43.977081298828125,
      45.369667053222656,
      52.741424560546875,
      49.54680633544922,
      52.07435989379883,
      58.60749816894531,
      74.15017700195312,
      54.3646125793457,
      66.79715728759766,
      39.71377944946289,
      56.581199645996094,
      35.889564514160156,
      58.60138702392578
    ],
    [
      20.46295166015625,
      26.17413330078125,
      16.456146240234375,
      19.574357986450195,
      30.35141944885254,
      28.36707305908203,
      39.40892791748047,
      31.85993766784668,
      47.96260452270508,
      37.31051254272461,
      61.34614181518555,
      54.3646125793457,
      85.39832305908203,
      70.873291015625,
      68.35420989990234,
      67.32731628417969,
      62.54368209838867,
      73.7916259765625
    ],
    [
      25.388586044311523,
      30.26056480407715,
      17.207149505615234,
      24.664297103881836,
      26.179481506347656,
      35.226585388183594,
      39.12958526611328,
      45.761714935302734,
      43.743247985839844,
      49.05622482299805,
      56.41148376464844,
      66.79715728759766,
      70.873291015625,
      91.08688354492188,
      62.82842254638672,
      82.82943725585938,
      62.32483673095703,
      83.50039672851562
    ],
    [
      13.532088279724121,
      14.883749961853027,
      10.920028686523438,
      9.91290283203125,
      18.724937438964844,
      15.616527557373047,
      21.543272018432617,
      17.274063110351562,
      30.05384635925293,
      27.59719467163086,
      42.947052001953125,
      39.71377944946289,
      68.35420989990234,
      62.82842254638672,
      87.45254516601562,
      77.10448455810547,
      82.46353149414062,
      78.61133575439453
    ],
    [
      19.531667709350586,
      24.54177474975586,
      14.14001178741455,
      19.383302688598633,
      21.106403350830078,
      26.764522552490234,
      28.472349166870117,
      32.74407958984375,
      34.71837615966797,
      40.45796203613281,
      47.4469108581543,
      56.581199645996094,
      67.32731628417969,
      82.82943725585938,
      77.10448455810547,
      100.54825592041016,
      83.26931762695312,
      98.12078094482422
    ],
    [
      10.985663414001465,
      14.082313537597656,
      10.564504623413086,
      8.48891830444336,
      16.430400848388672,
      14.170763969421387,
      18.445880889892578,
      13.379172325134277,
      25.149681091308594,
      26.164400100708008,
      36.304283142089844,
      35.889564514160156,
      62.54368209838867,
      62.32483673095703,
      82.46353149414062,
      83.26931762695312,
      104.53551483154297,
      98.42166137695312
    ],
    [
      30.026325225830078,
      29.561872482299805,
      24.932449340820312,
      20.789846420288086,
      26.18707847595215,
      33.412452697753906,
      33.77568054199219,
      33.601837158203125,
      38.98884963989258,
      36.378456115722656,
      53.07035827636719,
      58.60138702392578,
      73.7916259765625,
      83.50039672851562,
      78.61133575439453,
      98.12078094482422,
      98.42166137695312,
      143.490234375
    ]
  ],
  "damage": -4.641892910003662,
  "diff_bandwidth": 651.1957397460938,
  "dissonance": 7.64032247801437,
  "drr": 13.03576946258545,
  "dynamics": 4.037819862365723,
  "format": 65538,
  "frames": 16633344,
  "freq_pan_to_db": [
    [
      -29.627370834350586,
      -29.029354095458984,
      -27.47176170349121,
      -20.337100982666016,
      -14.112024307250977,
      -11.111245155334473,
      -15.010360717773438,
      -21.773473739624023,
      -21.761505126953125,
      -25.461353302001953,
      -31.94233512878418
    ],
    [
      -27.025890350341797,
      -24.4014892578125,
      -22.10407257080078,
      -18.73798179626465,
      -13.113882064819336,
      -10.850196838378906,
      -13.241909980773926,
      -16.957666397094727,
      -21.08232307434082,
      -24.091278076171875,
      -32.466556549072266
    ],
    [
      -27.215219497680664,
      -26.043394088745117,
      -23.402475357055664,
      -20.42671012878418,
      -14.454060554504395,
      -11.770108222961426,
      -14.097038269042969,
      -17.649974822998047,
      -19.901865005493164,
      -26.40141487121582,
      -27.3659610748291
    ],
    [
      -29.126216888427734,
      -26.568561553955078,
      -22.760557174682617,
      -18.732633590698242,
      -15.350940704345703,
      -14.037304878234863,
      -16.362333297729492,
      -19.42605972290039,
      -22.154176712036133,
      -23.666635513305664,
      -26.644481658935547
    ],
    [
      -23.381105422973633,
      -20.804914474487305,
      -19.075599670410156,
      -16.617328643798828,
      -14.52164077758789,
      -13.477295875549316,
      -13.814921379089355,
      -16.065176010131836,
      -17.731769561767578,
      -20.224985122680664,
      -21.373533248901367
    ],
    [
      -19.258380889892578,
      -18.16194725036621,
      -16.653793334960938,
      -15.886618614196777,
      -14.34708023071289,
      -12.737363815307617,
      -13.389951705932617,
      -15.12228012084961,
      -16.659255981445312,
      -18.056047439575195,
      -18.398469924926758
    ],
    [
      -18.68890953063965,
      -17.64813232421875,
      -16.114404678344727,
      -15.415903091430664,
      -13.689804077148438,
      -11.48880672454834,
      -13.033808708190918,
      -15.332449913024902,
      -17.076478958129883,
      -18.01490592956543,
      -17.584177017211914
    ],
    [
      -17.506710052490234,
      -17.250001907348633,
      -16.402114868164062,
      -15.00827693939209,
      -12.082001686096191,
      -11.388643264770508,
      -13.337958335876465,
      -15.413788795471191,
      -15.94598388671875,
      -16.526159286499023,
      -17.16585922241211
    ],
    [
      -18.75893783569336,
      -18.316999435424805,
      -17.017702102661133,
      -15.058290481567383,
      -14.007834434509277,
      -14.290874481201172,
      -16.419031143188477,
      -18.267181396484375,
      -19.14928436279297,
      -19.51595115661621,
      -20.73548698425293
    ],
    [
      -16.123964309692383,
      -16.096763610839844,
      -16.185405731201172,
      -14.219813346862793,
      -11.766685485839844,
      -12.071436882019043,
      -14.781743049621582,
      -16.422470092773438,
      -15.3135404586792,
      -16.55057716369629,
      -17.5130672454834
    ],
    [
      -14.399078369140625,
      -15.300324440002441,
      -15.678999900817871,
      -14.406644821166992,
      -12.930777549743652,
      -11.754926681518555,
      -12.53464126586914,
      -14.501871109008789,
      -15.229804039001465,
      -17.25534439086914,
      -15.12563419342041
    ],
    [
      -14.147541999816895,
      -15.917126655578613,
      -15.083235740661621,
      -15.45693302154541,
      -15.34364128112793,
      -14.025227546691895,
      -14.877983093261719,
      -16.02332878112793,
      -16.54048728942871,
      -18.013347625732422,
      -18.67252540588379
    ],
    [
      -16.551895141601562,
      -16.978853225708008,
      -17.736129760742188,
      -16.58234405517578,
      -16.619338989257812,
      -15.985794067382812,
      -16.56304931640625,
      -16.700040817260742,
      -17.086868286132812,
      -17.468835830688477,
      -18.798213958740234
    ],
    [
      -16.226625442504883,
      -17.42164421081543,
      -16.96513557434082,
      -16.711545944213867,
      -16.234771728515625,
      -13.601648330688477,
      -13.848907470703125,
      -14.953287124633789,
      -15.340913772583008,
      -16.753950119018555,
      -16.739530563354492
    ],
    [
      -17.524375915527344,
      -16.400243759155273,
      -15.772259712219238,
      -14.778863906860352,
      -14.562758445739746,
      -12.955829620361328,
      -13.98794174194336,
      -13.85931396484375,
      -13.607030868530273,
      -14.734270095825195,
      -12.377346992492676
    ],
    [
      -19.2504940032959,
      -17.064260482788086,
      -16.536787033081055,
      -15.700639724731445,
      -17.24373435974121,
      -15.13712215423584,
      -15.066546440124512,
      -15.299424171447754,
      -14.768962860107422,
      -15.221257209777832,
      -12.956982612609863
    ],
    [
      -23.606088638305664,
      -18.94831657409668,
      -17.767892837524414,
      -17.251550674438477,
      -20.874927520751953,
      -18.035287857055664,
      -17.428077697753906,
      -17.356834411621094,
      -18.428518295288086,
      -17.251615524291992,
      -15.859128952026367
    ],
    [
      -20.09271812438965,
      -16.753780364990234,
      -15.044144630432129,
      -14.195013999938965,
      -17.671693801879883,
      -17.56056022644043,
      -14.935751914978027,
      -14.315951347351074,
      -16.848711013793945,
      -14.849336624145508,
      -12.696227073669434
    ],
    [
      -26.51091957092285,
      -23.112518310546875,
      -21.070049285888672,
      -21.610599517822266,
      -22.468915939331055,
      -19.104434967041016,
      -21.166385650634766,
      -21.463951110839844,
      -19.950918197631836,
      -20.112154006958008,
      -17.16856575012207
    ],
    [
      -22.97766876220703,
      -26.480005264282227,
      -25.173593521118164,
      -25.58635902404785,
      -25.65043830871582,
      -23.534643173217773,
      -24.8819522857666,
      -25.404691696166992,
      -24.52462387084961,
      -22.247983932495117,
      -19.83161163330078
    ],
    [
      -29.20532989501953,
      -28.66488265991211,
      -27.209182739257812,
      -26.532514572143555,
      -25.25743865966797,
      -23.788280487060547,
      -28.20153045654297,
      -25.903593063354492,
      -26.744287490844727,
      -24.144554138183594,
      -20.34136199951172
    ],
    [
      -28.381772994995117,
      -29.479110717773438,
      -27.719696044921875,
      -27.49102783203125,
      -28.167869567871094,
      -26.498355865478516,
      -29.347349166870117,
      -28.727922439575195,
      -28.650859832763672,
      -28.4791316986084,
      -26.465211868286133
    ],
    [
      -28.099950790405273,
      -28.95905876159668,
      -29.121315002441406,
      -28.71523094177246,
      -28.850744247436523,
      -27.36055564880371,
      -30.223630905151367,
      -30.415409088134766,
      -29.961769104003906,
      -29.482423782348633,
      -31.849262237548828
    ],
    [
      -28.264554977416992,
      -29.103124618530273,
      -29.282278060913086,
      -28.8019962310791,
      -28.578535079956055,
      -26.75102424621582,
      -29.200754165649414,
      -29.918550491333008,
      -29.523828506469727,
      -29.18699073791504,
      -32.23537826538086
    ],
    [
      -30.107452392578125,
      -30.331174850463867,
      -29.706716537475586,
      -29.649953842163086,
      -29.02952766418457,
      -28.935768127441406,
      -29.793611526489258,
      -30.33319854736328,
      -30.553529739379883,
      -31.72478485107422,
      -37.63691711425781
    ],
    [
      -33.68022918701172,
      -32.00489807128906,
      -30.27965545654297,
      -29.422941207885742,
      -28.56148338317871,
      -27.032455444335938,
      -29.403522491455078,
      -30.29882049560547,
      -30.839012145996094,
      -31.94047737121582,
      -36.75008773803711
    ],
    [
      -35.13533401489258,
      -30.449142456054688,
      -29.72480583190918,
      -29.49227523803711,
      -28.985713958740234,
      -26.55069923400879,
      -30.370643615722656,
      -30.395084381103516,
      -29.65165901184082,
      -29.637319564819336,
      -28.149805068969727
    ],
    [
      -37.19147872924805,
      -33.46784973144531,
      -31.215242385864258,
      -30.924562454223633,
      -31.154685974121094,
      -29.17709732055664,
      -32.385746002197266,
      -30.36879539489746,
      -30.478282928466797,
      -30.85173225402832,
      -34.78349685668945
    ],
    [
      -36.45473861694336,
      -32.98345184326172,
      -31.075298309326172,
      -31.04500389099121,
      -30.73828125,
      -29.722888946533203,
      -31.995838165283203,
      -30.754873275756836,
      -30.858972549438477,
      -33.64430618286133,
      -38.804893493652344
    ],
    [
      -30.68403434753418,
      -30.906452178955078,
      -31.139755249023438,
      -30.956012725830078,
      -30.36857032775879,
      -29.344947814941406,
      -31.449106216430664,
      -30.89043426513672,
      -30.785789489746094,
      -32.03485107421875,
      -45.536861419677734
    ],
    [
      -38.61991882324219,
      -33.44533157348633,
      -32.84929275512695,
      -32.11422348022461,
      -31.060331344604492,
      -28.715320587158203,
      -32.243621826171875,
      -31.98501968383789,
      -30.946556091308594,
      -32.60880661010742,
      -37.2297248840332
    ],
    [
      -34.67707824707031,
      -35.1827392578125,
      -32.77040481567383,
      -31.68598747253418,
      -31.837451934814453,
      -30.403461456298828,
      -33.0636100769043,
      -32.921104431152344,
      -32.86682891845703,
      -28.870214462280273,
      -45.59574508666992
    ],
    [
      -132.11465454101562,
      -35.452266693115234,
      -35.047080993652344,
      -33.09510803222656,
      -33.655155181884766,
      -32.538326263427734,
      -34.04785919189453,
      -33.83317947387695,
      -33.73918533325195,
      -37.372833251953125,
      -32.21430969238281
    ],
    [
      -37.02402877807617,
      -36.330894470214844,
      -20.4901123046875,
      -29.49464988708496,
      -35.94801330566406,
      -34.2222785949707,
      -34.42212677001953,
      -33.127044677734375,
      -32.064388275146484,
      -33.61037063598633,
      -48.55885314941406
    ],
    [
      -36.01358413696289,
      -40.91768264770508,
      -25.53720474243164,
      -31.56236457824707,
      -35.70891571044922,
      -33.610069274902344,
      -33.97650146484375,
      -32.12720489501953,
      -30.607938766479492,
      -28.957185745239258,
      -370
    ],
    [
      -49.2326774597168,
      -38.3355827331543,
      -34.567283630371094,
      -34.728153228759766,
      -39.116695404052734,
      -36.475887298583984,
      -35.751590728759766,
      -32.771583557128906,
      -31.96743392944336,
      -33.18855285644531,
      -370
    ],
    [
      -39.99713134765625,
      -37.39371871948242,
      -36.322959899902344,
      -36.67509460449219,
      -40.58672332763672,
      -38.548194885253906,
      -36.43706512451172,
      -34.81496810913086,
      -33.72819519042969,
      -32.0584831237793,
      -370
    ],
    [
      -33.03795623779297,
      -35.03145980834961,
      -36.27601623535156,
      -37.51029586791992,
      -40.876747131347656,
      -39.123870849609375,
      -37.46531295776367,
      -36.26478958129883,
      -35.11003494262695,
      -35.017364501953125,
      -55.992332458496094
    ],
    [
      -34.293304443359375,
      -34.688079833984375,
      -37.81916427612305,
      -39.22221755981445,
      -41.30353927612305,
      -39.686004638671875,
      -36.81190872192383,
      -35.152523040771484,
      -34.48711013793945,
      -35.485557556152344,
      -49.087646484375
    ],
    [
      -37.718299865722656,
      -41.178775787353516,
      -40.79805374145508,
      -41.65713882446289,
      -44.58042907714844,
      -44.339324951171875,
      -39.41988754272461,
      -35.565731048583984,
      -33.66860580444336,
      -33.688804626464844,
      -43.6350212097168
    ],
    [
      -50.43299865722656,
      -49.86850357055664,
      -53.039981842041016,
      -51.09676742553711,
      -51.922828674316406,
      -51.78093338012695,
      -47.76003646850586,
      -40.58574295043945,
      -35.993282318115234,
      -33.39067077636719,
      -36.50631332397461
    ],
    [
      -55.70578384399414,
      -57.18308639526367,
      -56.437828063964844,
      -58.421382904052734,
      -58.48149871826172,
      -57.044708251953125,
      -50.56560516357422,
      -43.98710632324219,
      -41.04128646850586,
      -39.83562088012695,
      -52.7242317199707
    ]
  ],
  "histogram": [
    {
      "db": -70,
      "frequency": 0
    },
    {
      "db": -69,
      "frequency": 0
    },
    {
      "db": -68,
      "frequency": 1
    },
    {
      "db": -67,
      "frequency": 0
    },
    {
      "db": -66,
      "frequency": 0
    },
    {
      "db": -65,
      "frequency": 1
    },
    {
      "db": -64,
      "frequency": 0
    },
    {
      "db": -63,
      "frequency": 1
    },
    {
      "db": -62,
      "frequency": 0
    },
    {
      "db": -61,
      "frequency": 0
    },
    {
      "db": -60,
      "frequency": 1
    },
    {
      "db": -59,
      "frequency": 0
    },
    {
      "db": -58,
      "frequency": 0
    },
    {
      "db": -57,
      "frequency": 0
    },
    {
      "db": -56,
      "frequency": 1
    },
    {
      "db": -55,
      "frequency": 0
    },
    {
      "db": -54,
      "frequency": 1
    },
    {
      "db": -53,
      "frequency": 0
    },
    {
      "db": -52,
      "frequency": 1
    },
    {
      "db": -51,
      "frequency": 0
    },
    {
      "db": -50,
      "frequency": 1
    },
    {
      "db": -49,
      "frequency": 0
    },
    {
      "db": -48,
      "frequency": 1
    },
    {
      "db": -47,
      "frequency": 1
    },
    {
      "db": -46,
      "frequency": 0
    },
    {
      "db": -45,
      "frequency": 1
    },
    {
      "db": -44,
      "frequency": 1
    },
    {
      "db": -43,
      "frequency": 1
    },
    {
      "db": -42,
      "frequency": 1
    },
    {
      "db": -41,
      "frequency": 1
    },
    {
      "db": -40,
      "frequency": 1
    },
    {
      "db": -39,
      "frequency": 1
    },
    {
      "db": -38,
      "frequency": 0
    },
    {
      "db": -37,
      "frequency": 1
    },
    {
      "db": -36,
      "frequency": 2
    },
    {
      "db": -35,
      "frequency": 1
    },
    {
      "db": -34,
      "frequency": 1
    },
    {
      "db": -33,
      "frequency": 1
    },
    {
      "db": -32,
      "frequency": 2
    },
    {
      "db": -31,
      "frequency": 1
    },
    {
      "db": -30,
      "frequency": 1
    },
    {
      "db": -29,
      "frequency": 5
    },
    {
      "db": -28,
      "frequency": 11
    },
    {
      "db": -27,
      "frequency": 16
    },
    {
      "db": -26,
      "frequency": 18
    },
    {
      "db": -25,
      "frequency": 27
    },
    {
      "db": -24,
      "frequency": 28
    },
    {
      "db": -23,
      "frequency": 51
    },
    {
      "db": -22,
      "frequency": 47
    },
    {
      "db": -21,
      "frequency": 35
    },
    {
      "db": -20,
      "frequency": 31
    },
    {
      "db": -19,
      "frequency": 48
    },
    {
      "db": -18,
      "frequency": 67
    },
    {
      "db": -17,
      "frequency": 66
    },
    {
      "db": -16,
      "frequency": 84
    },
    {
      "db": -15,
      "frequency": 168
    },
    {
      "db": -14,
      "frequency": 237
    },
    {
      "db": -13,
      "frequency": 349
    },
    {
      "db": -12,
      "frequency": 382
    },
    {
      "db": -11,
      "frequency": 347
    },
    {
      "db": -10,
      "frequency": 314
    },
    {
      "db": -9,
      "frequency": 240
    },
    {
      "db": -8,
      "frequency": 276
    },
    {
      "db": -7,
      "frequency": 326
    },
    {
      "db": -6,
      "frequency": 302
    },
    {
      "db": -5,
      "frequency": 154
    },
    {
      "db": -4,
      "frequency": 55
    },
    {
      "db": -3,
      "frequency": 10
    },
    {
      "db": -2,
      "frequency": 0
    },
    {
      "db": -1,
      "frequency": 0
    },
    {
      "db": 0,
      "frequency": 0
    },
    {
      "db": 1,
      "frequency": 0
    },
    {
      "db": 2,
      "frequency": 0
    },
    {
      "db": 3,
      "frequency": 0
