{
  "acoustic_entropy": 201.59971618652344,
  "bands": [
    {
      "high_freq": 148.1999969482422,
      "loudness": -24.311967849731445,
      "loudness_range": 15.127470016479492,
      "mid_mean": -20.655452728271484,
      "mid_to_side_loudness": -32.4221076965332,
      "mid_to_side_loudness_range": 26.8753604888916,
      "side_mean": -54.56885528564453
    },
    {
      "high_freq": 392.3793640136719,
      "loudness": -22.576061248779297,
      "loudness_range": 12.886685371398926,
      "low_freq": 148.1999969482422,
      "mid_mean": -19.253700256347656,
      "mid_to_side_loudness": -13.037965774536133,
      "mid_to_side_loudness_range": 15.71693229675293,
      "side_mean": -32.26321029663086
    },
    {
      "high_freq": 794.6976318359375,
      "loudness": -23.666234970092773,
      "loudness_range": 16.606563568115234,
      "low_freq": 392.3793640136719,
      "mid_mean": -20.80096435546875,
      "mid_to_side_loudness": -8.97761058807373,
      "mid_to_side_loudness_range": 15.079693794250488,
      "side_mean": -29.438278198242188
    },
    {
      "high_freq": 1457.5709228515625,
      "loudness": -25.302879333496094,
      "loudness_range": 22.3973445892334,
      "low_freq": 794.6976318359375,
      "mid_mean": -23.15746307373047,
      "mid_to_side_loudness": -6.062397003173828,
      "mid_to_side_loudness_range": 16.388835906982422,
      "side_mean": -28.59459686279297
    },
    {
      "high_freq": 2549.74365234375,
      "loudness": -30.73178482055664,
      "loudness_range": 20.834747314453125,
      "low_freq": 1457.5709228515625,
      "mid_mean": -28.271026611328125,
      "mid_to_side_loudness": -6.7034149169921875,
      "mid_to_side_loudness_range": 12.369215965270996,
      "side_mean": -34.11478805541992
    },
    {
      "high_freq": 4349.24462890625,
      "loudness": -32.25127029418945,
      "loudness_range": 20.270763397216797,
      "low_freq": 2549.74365234375,
      "mid_mean": -29.6742000579834,
      "mid_to_side_loudness": -6.751865386962891,
      "mid_to_side_loudness_range": 11.037778854370117,
      "side_mean": -36.022499084472656
    },
    {
      "high_freq": 7314.1640625,
      "loudness": -33.22769546508789,
      "loudness_range": 20.353073120117188,
      "low_freq": 4349.24462890625,
      "mid_mean": -30.893020629882812,
      "mid_to_side_loudness": -6.068288326263428,
      "mid_to_side_loudness_range": 10.535804748535156,
      "side_mean": -36.54065704345703
    },
    {
      "high_freq": 12199.2666015625,
      "loudness": -35.96944046020508,
      "loudness_range": 16.8465576171875,
      "low_freq": 7314.1640625,
      "mid_mean": -33.871543884277344,
      "mid_to_side_loudness": -4.660867214202881,
      "mid_to_side_loudness_range": 7.026679039001465,
      "side_mean": -38.77262878417969
    },
    {
      "loudness": -41.85280227661133,
      "loudness_range": 17.119098663330078,
      "low_freq": 12199.2666015625,
      "mid_mean": -40.094852447509766,
      "mid_to_side_loudness": -3.5876786708831787,
      "mid_to_side_loudness_range": 4.566779136657715,
      "side_mean": -43.823116302490234
    }
  ],
  "bands_short": [
    {
      "high_freq": 148.1999969482422,
      "loudness": -26.344388961791992,
      "loudness_range": 19.445667266845703,
      "mid_mean": -22.89410972595215,
      "mid_to_side_loudness": -33.68471908569336,
      "mid_to_side_loudness_range": 32.86089324951172,
      "side_mean": -58.9395637512207
    },
    {
      "high_freq": 392.3793640136719,
      "loudness": -22.856351852416992,
      "loudness_range": 15.173038482666016,
      "low_freq": 148.1999969482422,
      "mid_mean": -19.540843963623047,
      "mid_to_side_loudness": -14.012086868286133,
      "mid_to_side_loudness_range": 18.050689697265625,
      "side_mean": -33.53989791870117
    },
    {
      "high_freq": 794.6976318359375,
      "loudness": -24.136962890625,
      "loudness_range": 18.54537010192871,
      "low_freq": 392.3793640136719,
      "mid_mean": -21.347402572631836,
      "mid_to_side_loudness": -8.831550598144531,
      "mid_to_side_loudness_range": 15.994172096252441,
      "side_mean": -30.000669479370117
    },
    {
      "high_freq": 1457.5709228515625,
      "loudness": -25.817354202270508,
      "loudness_range": 23.933502197265625,
      "low_freq": 794.6976318359375,
      "mid_mean": -23.906831741333008,
      "mid_to_side_loudness": -5.6911516189575195,
      "mid_to_side_loudness_range": 17.534080505371094,
      "side_mean": -29.026378631591797
    },
    {
      "high_freq": 2549.74365234375,
      "loudness": -31.914751052856445,
      "loudness_range": 23.913867950439453,
      "low_freq": 1457.5709228515625,
      "mid_mean": -29.497251510620117,
      "mid_to_side_loudness": -6.7617878913879395,
      "mid_to_side_loudness_range": 13.848418235778809,
      "side_mean": -35.5601692199707
    },
    {
      "high_freq": 4349.24462890625,
      "loudness": -33.42312240600586,
      "loudness_range": 23.83307647705078,
      "low_freq": 2549.74365234375,
      "mid_mean": -30.908803939819336,
      "mid_to_side_loudness": -6.874154567718506,
      "mid_to_side_loudness_range": 12.264715194702148,
      "side_mean": -37.45072555541992
    },
    {
      "high_freq": 7314.1640625,
      "loudness": -35.17918014526367,
      "loudness_range": 26.204145431518555,
      "low_freq": 4349.24462890625,
      "mid_mean": -32.84025955200195,
      "mid_to_side_loudness": -6.281943321228027,
      "mid_to_side_loudness_range": 12.702497482299805,
      "side_mean": -39.00843048095703
    },
    {
      "high_freq": 12199.2666015625,
      "loudness": -38.78519821166992,
      "loudness_range": 25.32831382751465,
      "low_freq": 7314.1640625,
      "mid_mean": -36.967403411865234,
      "mid_to_side_loudness": -5.055150032043457,
      "mid_to_side_loudness_range": 9.4364652633667,
      "side_mean": -42.85275650024414
    },
    {
      "loudness": -46.373924255371094,
      "loudness_range": 28.648401260375977,
      "low_freq": 12199.2666015625,
      "mid_mean": -45.35954666137695,
      "mid_to_side_loudness": -4.389687538146973,
      "mid_to_side_loudness_range": 8.642677307128906,
      "side_mean": -51.81975555419922
    }
  ],
  "bandwidth": 628.0355224609375,
  "channels": 2,
  "covariance": [
    [
      36.162879943847656,
      17.407747268676758,
      13.25790786743164,
      12.965453147888184,
      9.685776710510254,
      19.32858657836914,
      16.348405838012695,
      24.840290069580078,
      12.617036819458008,
      13.85372543334961,
      16.652114868164062,
      18.440351486206055,
      16.3907527923584,
      19.11244010925293,
      9.173813819885254,
      12.817180633544922,
      6.958286285400391,
      8.240604400634766
    ],
    [
      17.407747268676758,
      60.92282485961914,
      16.250091552734375,
      31.873350143432617,
      22.52607536315918,
      31.106277465820312,
      31.834320068359375,
      36.861488342285156,
      30.737314224243164,
      26.394420623779297,
      28.43320655822754,
      28.573650360107422,
      18.410877227783203,
      16.443605422973633,
      2.485308885574341,
      7.186391353607178,
      -1.6299899816513062,
      0.4266837537288666
    ],
    [
      13.25790786743164,
      16.250091552734375,
      23.957958221435547,
      20.039464950561523,
      14.930810928344727,
      18.645227432250977,
      16.038185119628906,
      18.337732315063477,
      17.76356315612793,
      13.965309143066406,
      18.781883239746094,
      19.115095138549805,
      13.687954902648926,
      12.032408714294434,
      6.385112762451172,
      7.485137462615967,
      4.677963733673096,
      5.70724630355835
    ],
    [
      12.965453147888184,
      31.873350143432617,
      20.039464950561523,
      44.36598205566406,
      23.439311981201172,
      35.67815399169922,
      26.878509521484375,
      35.57246398925781,
      28.505617141723633,
      25.823823928833008,
      25.649280548095703,
      29.86098289489746,
      14.371548652648926,
      14.656596183776855,
      1.6812458038330078,
      7.487563133239746,
      -0.6537524461746216,
      2.26633882522583
    ],
    [
      9.685776710510254,
      22.52607536315918,
      14.930810928344727,
      23.439311981201172,
      38.30777359008789,
      31.50994110107422,
      34.90671157836914,
      29.960872650146484,
      35.34918975830078,
      24.4904842376709,
      32.14413833618164,
      25.83378791809082,
      22.032676696777344,
      15.95238208770752,
      8.486960411071777,
      9.394353866577148,
      4.529001712799072,
      5.041673183441162
    ],
    [
      19.32858657836914,
      31.106277465820312,
      18.645227432250977,
      35.67815399169922,
      31.50994110107422,
      54.22384262084961,
      39.226036071777344,
      53.16028594970703,
      34.464439392089844,
      34.32827377319336,
      31.671741485595703,
      36.4733772277832,
      20.590608596801758,
      24.569374084472656,
      5.925304889678955,
      13.874531745910645,
      3.798327922821045,
      7.234935283660889
    ],
    [
      16.348405838012695,
      31.834320068359375,
      16.038185119628906,
      26.878509521484375,
      34.90671157836914,
      39.226036071777344,
      63.642337799072266,
      56.6621208190918,
      46.44625473022461,
      36.520668029785156,
      43.16885757446289,
      37.60563278198242,
      29.523103713989258,
      26.057004928588867,
      8.131113052368164,
      12.689558029174805,
      3.2888357639312744,
      5.038392066955566
    ],
    [
      24.840290069580078,
      36.861488342285156,
      18.337732315063477,
      35.57246398925781,
      29.960872650146484,
      53.16028594970703,
      56.6621208190918,
      87.48773193359375,
      42.45212173461914,
      47.414207458496094,
      39.521121978759766,
      46.01761245727539,
      24.681259155273438,
      32.93570327758789,
      5.545679092407227,
      16.2603816986084,
      0.8508130311965942,
      5.859618663787842
    ],
    [
      12.617036819458008,
      30.737314224243164,
      17.76356315612793,
      28.505617141723633,
      35.34918975830078,
      34.464439392089844,
      46.44625473022461,
      42.45212173461914,
      57.888362884521484,
      39.97014236450195,
      48.26719665527344,
      39.367584228515625,
      35.208065032958984,
      26.71200942993164,
      13.466899871826172,
      14.230051040649414,
      6.304182052612305,
      6.90009880065918
    ],
    [
      13.85372543334961,
      26.394420623779297,
      13.965309143066406,
      25.823823928833008,
      24.4904842376709,
      34.32827377319336,
      36.520668029785156,
      47.414207458496094,
      39.97014236450195,
      48.642616271972656,
      34.81687927246094,
      40.03975296020508,
      24.186826705932617,
      30.33686065673828,
      10.838295936584473,
      17.786991119384766,
      6.439191818237305,
      10.063237190246582
    ],
    [
      16.652114868164062,
      28.43320655822754,
      18.781883239746094,
      25.649280548095703,
      32.14413833618164,
      31.671741485595703,
      43.16885757446289,
      39.521121978759766,
      48.26719665527344,
      34.81687927246094,
      55.51667404174805,
      45.0159797668457,
      42.16951370239258,
      35.08890151977539,
      19.96242332458496,
      20.82016372680664,
      10.931783676147461,
      11.575638771057129
    ],
    [
      18.440351486206055,
      28.573650360107422,
      19.115095138549805,
      29.86098289489746,
      25.83378791809082,
      36.4733772277832,
      37.60563278198242,
      46.01761245727539,
      39.367584228515625,
      40.03975296020508,
      45.0159797668457,
      56.82160949707031,
      37.83375930786133,
      42.39646530151367,
      18.365917205810547,
      27.318281173706055,
      12.420571327209473,
      16.614347457885742
    ],
    [
      16.3907527923584,
      18.410877227783203,
      13.687954902648926,
      14.371548652648926,
      22.032676696777344,
      20.590608596801758,
      29.523103713989258,
      24.681259155273438,
      35.208065032958984,
      24.186826705932617,
      42.16951370239258,
      37.83375930786133,
      56.38444519042969,
      42.62217330932617,
      35.9988899230957,
      32.606475830078125,
      26.643943786621094,
      24.635608673095703
    ],
    [
      19.11244010925293,
      16.443605422973633,
      12.032408714294434,
      14.656596183776855,
      15.95238208770752,
      24.569374084472656,
      26.057004928588867,
      32.93570327758789,
      26.71200942993164,
      30.33686065673828,
      35.08890151977539,
      42.39646530151367,
      42.62217330932617,
      53.373146057128906,
      30.445539474487305,
      39.67905044555664,
      26.31301498413086,
      30.621063232421875
    ],
    [
      9.173813819885254,
      2.485308885574341,
      6.385112762451172,
      1.6812458038330078,
      8.486960411071777,
      5.925304889678955,
      8.131113052368164,
      5.545679092407227,
      13.466899871826172,
      10.838295936584473,
      19.96242332458496,
      18.365917205810547,
      35.9988899230957,
      30.445539474487305,
      44.657875061035156,
      36.43736267089844,
      39.02273178100586,
      35.03117752075195
    ],
    [
      12.817180633544922,
      7.186391353607178,
      7.485137462615967,
      7.487563133239746,
      9.394353866577148,
      13.874531745910645,
      12.689558029174805,
      16.2603816986084,
      14.230051040649414,
      17.786991119384766,
      20.82016372680664,
      27.318281173706055,
      32.606475830078125,
      39.67905044555664,
      36.43736267089844,
      45.18560791015625,
      36.56404113769531,
      40.35108947753906
    ],
    [
      6.958286285400391,
      -1.6299899816513062,
      4.677963733673096,
      -0.6537524461746216,
      4.529001712799072,
      3.798327922821045,
      3.2888357639312744,
      0.8508130311965942,
      6.304182052612305,
      6.439191818237305,
      10.931783676147461,
      12.420571327209473,
      26.643943786621094,
      26.31301498413086,
      39.02273178100586,
      36.56404113769531,
      47.27776336669922,
      43.80567169189453
    ],
    [
      8.240604400634766,
      0.4266837537288666,
      5.70724630355835,
      2.26633882522583,
      5.041673183441162,
      7.234935283660889,
      5.038392066955566,
      5.859618663787842,
      6.90009880065918,
      10.063237190246582,
      11.575638771057129,
      16.614347457885742,
      24.635608673095703,
      30.621063232421875,
      35.03117752075195,
      40.35108947753906,
      43.80567169189453,
      48.512840270996094
    ]
  ],
  "covariance_short": [
    [
      62.765602111816406,
      15.913416862487793,
      18.074077606201172,
      14.879905700683594,
      11.593055725097656,
      19.763120651245117,
      17.556106567382812,
      25.35805320739746,
      15.011369705200195,
      15.95805549621582,
      20.718698501586914,
      24.176769256591797,
      20.982330322265625,
      25.92351531982422,
      14.070158958435059,
      20.28704261779785,
      14.666528701782227,
      28.658843994140625
    ],
    [
      15.913416862487793,
      59.90761947631836,
      17.1340389251709,
      33.16371154785156,
      23.272275924682617,
      30.39018440246582,
      31.74654769897461,
      34.395660400390625,
      32.60170364379883,
      30.900449752807617,
      29.98012924194336,
      31.725187301635742,
      21.938289642333984,
      25.11607551574707,
      12.31704044342041,
      20.308391571044922,
      11.883548736572266,
      22.905467987060547
    ],
    [
      18.074077606201172,
      17.1340389251709,
      31.15667724609375,
      22.068449020385742,
      18.149200439453125,
      21.737964630126953,
      18.646909713745117,
      20.147518157958984,
      20.283445358276367,
      17.1474552154541,
      21.4785213470459,
      22.589017868041992,
      17.36443519592285,
      18.143083572387695,
      11.596574783325195,
      15.02242374420166,
      12.376681327819824,
      24.424203872680664
    ],
    [
      14.879905700683594,
      33.16371154785156,
      22.068449020385742,
      52.77236557006836,
      27.21320343017578,
      39.72662353515625,
      29.496543884277344,
      36.4740104675293,
      32.196468353271484,
      31.418277740478516,
      29.920564651489258,
      36.46587371826172,
      20.258588790893555,
      25.34105110168457,
      10.409021377563477,
      19.87317657470703,
      8.272555351257324,
      20.26081085205078
    ],
    [
      11.593055725097656,
      23.272275924682617,
      18.149200439453125,
      27.21320343017578,
      47.11141586303711,
      35.776641845703125,
      39.878543853759766,
      32.70785903930664,
      42.29715347290039,
      31.451045989990234,
      39.487693786621094,
      33.18025207519531,
      31.350147247314453,
      26.95374298095703,
      19.419260025024414,
      21.828458786010742,
      17.4108829498291,
      25.543107986450195
    ],
    [
      19.763120651245117,
      30.39018440246582,
      21.737964630126953,
      39.72662353515625,
      35.776641845703125,
      60.37277603149414,
      42.82255554199219,
      54.505374908447266,
      40.804115295410156,
      40.77597427368164,
      37.957828521728516,
      44.7047004699707,
      29.231197357177734,
      36.04369354248047,
      16.31682777404785,
      27.483013153076172,
      15.543778419494629,
      32.41361999511719
    ],
    [
      17.556106567382812,
      31.74654769897461,
      18.646909713745117,
      29.496543884277344,
      39.878543853759766,
      42.82255554199219,
      73.37992095947266,
      59.6052360534668,
      53.74997329711914,
      44.25442886352539,
      51.32721710205078,
      46.073726654052734,
      40.618804931640625,
      39.88429641723633,
      22.417760848999023,
      29.35111427307129,
      20.47005271911621,
      32.564910888671875
    ],
    [
      25.35805320739746,
      34.395660400390625,
      20.147518157958984,
      36.4740104675293,
      32.70785903930664,
      54.505374908447266,
      59.6052360534668,
      92.82571411132812,
      47.77888488769531,
      53.69396209716797,
      44.15184783935547,
      53.35837173461914,
      32.859859466552734,
      46.4334831237793,
      18.03550148010254,
      33.49553298950195,
      15.799756050109863,
      32.42803192138672
    ],
    [
      15.011369705200195,
      32.60170364379883,
      20.283445358276367,
      32.196468353271484,
      42.29715347290039,
      40.804115295410156,
      53.74997329711914,
      47.77888488769531,
      71.86634063720703,
      51.76137924194336,
      59.07656478881836,
      50.28134536743164,
      49.06354904174805,
      44.39105987548828,
      30.822656631469727,
      35.26275634765625,
      26.79684829711914,
      37.59685516357422
    ],
    [
      15.95805549621582,
      30.900449752807617,
      17.1474552154541,
      31.418277740478516,
      31.451045989990234,
      40.77597427368164,
      44.25442886352539,
      53.69396209716797,
      51.76137924194336,
      65.3738021850586,
      44.787715911865234,
      52.51664352416992,
      37.975799560546875,
      49.47231674194336,
      28.102190017700195,
      40.97247314453125,
      27.271974563598633,
      35.659706115722656
    ],
    [
      20.718698501586914,
      29.98012924194336,
      21.4785213470459,
      29.920564651489258,
      39.487693786621094,
      37.957828521728516,
      51.32721710205078,
      44.15184783935547,
      59.07656478881836,
      44.787715911865234,
      73.47581481933594,
      59.1927375793457,
      62.352333068847656,
      56.96770095825195,
      43.6450309753418,
      48.07962417602539,
      38.748023986816406,
      51.01129913330078
    ],
    [
      24.176769256591797,
      31.725187301635742,
      22.589017868041992,
      36.46587371826172,
      33.18025207519531,
      44.7047004699707,
      46.073726654052734,
      53.35837173461914,
      50.28134536743164,
      52.51664352416992,
      59.1927375793457,
      74.64752197265625,
      54.869293212890625,
      67.32389068603516,
      40.05036163330078,
      57.15685272216797,
      37.818172454833984,
      56.836570739746094
    ],
    [
      20.982330322265625,
      21.938289642333984,
      17.36443519592285,
      20.258588790893555,
      31.350147247314453,
      29.231197357177734,
      40.618804931640625,
      32.859859466552734,
      49.06354904174805,
      37.975799560546875,
      62.352333068847656,
      54.869293212890625,
      86.30451965332031,
      71.22402954101562,
      68.97380828857422,
      67.96749114990234,
      65.9112319946289,
      71.38353729248047
    ],
    [
      25.92351531982422,
      25.11607551574707,
      18.143083572387695,
      25.34105110168457,
      26.95374298095703,
      36.04369354248047,
      39.88429641723633,
      46.4334831237793,
      44.39105987548828,
      49.47231674194336,
      56.96770095825195,
      67.32389068603516,
      71.22402954101562,
      91.65467071533203,
      63.04456329345703,
      83.60946655273438,
      65.6907958984375,
      81.74503326416016
    ],
    [
      14.070158958435059,
      12.31704044342041,
      11.596574783325195,
      10.409021377563477,
      19.419260025024414,
      16.31682777404785,
      22.417760848999023,
      18.03550148010254,
      30.822656631469727,
      28.102190017700195,
      43.6450309753418,
      40.05036163330078,
      68.97380828857422,
      63.04456329345703,
      87.78751373291016,
      77.10079956054688,
      83.46566009521484,
      77.15686798095703
    ],
    [
      20.28704261779785,
      20.308391571044922,
      15.02242374420166,
      19.87317657470703,
      21.828458786010742,
      27.483013153076172,
      29.35111427307129,
      33.49553298950195,
      35.26275634765625,
      40.97247314453125,
      48.07962417602539,
      57.15685272216797,
      67.96749114990234,
      83.60946655273438,
      77.10079956054688,
      101.47258758544922,
      86.38288879394531,
      97.31983947753906
    ],
    [
      14.666528701782227,
      11.883548736572266,
      12.376681327819824,
      8.272555351257324,
      17.4108829498291,
      15.543778419494629,
      20.47005271911621,
      15.799756050109863,
      26.79684829711914,
      27.271974563598633,
      38.748023986816406,
      37.818172454833984,
      65.9112319946289,
      65.6907958984375,
      83.46566009521484,
      86.38288879394531,
      108.7688217163086,
      100.81468200683594
    ],
    [
      28.658843994140625,
      22.905467987060547,
      24.424203872680664,
      20.26081085205078,
      25.543107986450195,
      32.41361999511719,
      32.564910888671875,
      32.42803192138672,
      37.59685516357422,
      35.659706115722656,
      51.01129913330078,
      56.836570739746094,
      71.38353729248047,
      81.74503326416016,
      77.15686798095703,
      97.31983947753906,
      100.81468200683594,
      134.34744262695312
    ]
  ],
  "damage": -6.278200149536133,
  "diff_bandwidth": 655.0039672851562,
  "dissonance": 7.6304844300589725,
  "drr": 14.587129592895508,
  "dynamics": 4.134156703948975,
  "format": 65538,
  "frames": 16633344,
  "freq_pan_to_db": [
    [
      -31.534379959106445,
      -31.15338897705078,
      -29.338682174682617,
      -23.71063804626465,
      -16.90862274169922,
      -12.926189422607422,
      -17.74380874633789,
      -23.265405654907227,
      -23.93321418762207,
      -28.35856056213379,
      -33.27356719970703
    ],
    [
      -28.761131286621094,
      -27.899742126464844,
      -24.254127502441406,
      -20.64994239807129,
      -15.264780044555664,
      -12.698090553283691,
      -15.55880355834961,
      -19.165285110473633,
      -23.086803436279297,
      -26.969493865966797,
      -34.49445724487305
    ],
    [
      -29.147356033325195,
      -28.034732818603516,
      -25.289079666137695,
      -23.188810348510742,
      -17.0930233001709,
      -13.560538291931152,
      -16.303119659423828,
      -20.213478088378906,
      -22.102375030517578,
      -27.736225128173828,
      -29.905792236328125
    ],
    [
      -31.36366081237793,
      -28.47688865661621,
      -25.164613723754883,
      -20.915632247924805,
      -17.475914001464844,
      -15.806403160095215,
      -18.276729583740234,
      -21.753292083740234,
      -24.26629638671875,
      -26.169710159301758,
      -28.026580810546875
    ],
    [
      -25.305004119873047,
      -22.87141990661621,
      -21.00592041015625,
      -18.552982330322266,
      -16.47450828552246,
      -15.158095359802246,
      -15.814037322998047,
      -17.985658645629883,
      -19.560993194580078,
      -22.170482635498047,
      -23.34708023071289
    ],
    [
      -21.180591583251953,
      -20.060792922973633,
      -18.650758743286133,
      -17.718605041503906,
      -16.19586181640625,
      -14.480916976928711,
      -15.288628578186035,
      -16.950103759765625,
      -18.58217430114746,
      -19.880704879760742,
      -20.40943717956543
    ],
    [
      -20.43777847290039,
      -19.59946060180664,
      -17.916854858398438,
      -17.22804069519043,
      -15.560749053955078,
      -13.192954063415527,
      -14.7251615524292,
      -17.17447280883789,
      -19.053319931030273,
      -19.9650821685791,
      -19.41154670715332
    ],
    [
      -19.408039093017578,
      -19.17149543762207,
      -18.370811462402344,
      -16.75068473815918,
      -13.820377349853516,
      -12.980476379394531,
      -15.175853729248047,
      -17.294763565063477,
      -17.75079917907715,
      -18.47349739074707,
      -19.080772399902344
    ],
    [
      -20.70199203491211,
      -20.102725982666016,
      -18.894084930419922,
      -16.76405906677246,
      -15.83227252960205,
      -16.04092025756836,
      -18.24289321899414,
      -20.245914459228516,
      -20.893306732177734,
      -21.4981689453125,
      -22.694307327270508
    ],
    [
      -17.834251403808594,
      -18.481531143188477,
      -17.768455505371094,
      -16.102264404296875,
      -13.526372909545898,
      -13.886844635009766,
      -16.534221649169922,
      -18.164409637451172,
      -17.393436431884766,
      -18.293140411376953,
      -19.229639053344727
    ],
    [
      -16.007789611816406,
      -17.192384719848633,
      -17.40003776550293,
      -16.150766372680664,
      -14.663724899291992,
      -13.403837203979492,
      -13.978008270263672,
      -16.153005599975586,
      -16.895336151123047,
      -18.95751953125,
      -17.074344635009766
    ],
    [
      -15.92513370513916,
      -17.635652542114258,
      -16.79584503173828,
      -17.170408248901367,
      -17.073884963989258,
      -15.748612403869629,
      -16.593868255615234,
      -17.677427291870117,
      -18.29546546936035,
      -19.9246883392334,
      -20.615663528442383
    ],
    [
      -18.33282470703125,
      -18.68627166748047,
      -19.50092315673828,
      -18.373477935791016,
      -18.321054458618164,
      -17.78862953186035,
      -18.25269889831543,
      -18.627012252807617,
      -18.866676330566406,
      -19.413442611694336,
      -20.78557777404785
    ],
    [
      -18.067758560180664,
      -19.21912384033203,
      -18.70013427734375,
      -18.48929786682129,
      -17.956260681152344,
      -15.23769760131836,
      -15.5777587890625,
      -16.729005813598633,
      -17.1357421875,
      -18.579524993896484,
      -18.371246337890625
    ],
    [
      -19.244768142700195,
      -18.229036331176758,
      -17.527788162231445,
      -16.507816314697266,
      -16.22801971435547,
      -14.507863998413086,
      -15.691764831542969,
      -15.4091796875,
      -15.38662052154541,
      -16.334863662719727,
      -13.9609956741333
    ],
    [
      -20.804584503173828,
      -18.704463958740234,
      -18.123157501220703,
      -17.501461029052734,
      -18.838409423828125,
      -16.739498138427734,
      -16.751102447509766,
      -16.862215042114258,
      -16.574947357177734,
      -16.889760971069336,
      -14.564851760864258
    ],
    [
      -25.436843872070312,
      -20.621463775634766,
      -19.69407844543457,
      -18.947336196899414,
      -22.640378952026367,
      -19.66224479675293,
      -19.081457138061523,
      -19.080524444580078,
      -20.346168518066406,
      -19.06266212463379,
      -17.584346771240234
    ],
    [
      -22.16930389404297,
      -18.5725040435791,
      -16.753236770629883,
      -15.96912956237793,
      -19.423799514770508,
      -19.198867797851562,
      -16.646333694458008,
      -16.020217895507812,
      -18.58843231201172,
      -16.569839477539062,
      -14.392897605895996
    ],
    [
      -28.565959930419922,
      -24.84803009033203,
      -22.754817962646484,
      -23.215261459350586,
      -24.308813095092773,
      -20.63128662109375,
      -22.910444259643555,
      -23.37647819519043,
      -21.666400909423828,
      -21.924423217773438,
      -18.96719741821289
    ],
    [
      -24.891206741333008,
      -28.28629493713379,
      -27.066444396972656,
      -27.136018753051758,
      -27.4608211517334,
      -25.223495483398438,
      -26.476917266845703,
      -27.404754638671875,
      -26.368803024291992,
      -23.9296875,
      -21.12349510192871
    ],
    [
      -30.945695877075195,
      -30.322912216186523,
      -28.841785430908203,
      -28.610050201416016,
      -26.81937026977539,
      -25.535749435424805,
      -30.119312286376953,
      -27.75168228149414,
      -28.589214324951172,
      -25.87208366394043,
      -22.13493537902832
    ],
    [
      -30.459217071533203,
      -31.050739288330078,
      -29.58591651916504,
      -29.514484405517578,
      -29.89419937133789,
      -28.304384231567383,
      -31.0174560546875,
      -30.537572860717773,
      -30.65580940246582,
      -30.248048782348633,
      -27.84696388244629
    ],
    [
      -29.8513126373291,
      -30.988126754760742,
      -30.793691635131836,
      -30.697961807250977,
      -30.53542709350586,
      -29.22574234008789,
      -32.058204650878906,
      -32.44535446166992,
      -31.781322479248047,
      -31.310274124145508,
      -33.44207763671875
    ],
    [
      -29.68921661376953,
      -31.285797119140625,
      -30.88766098022461,
      -30.639623641967773,
      -30.426395416259766,
      -28.549219131469727,
      -31.081661224365234,
      -31.90707015991211,
      -31.279970169067383,
      -31.152034759521484,
      -34.84144592285156
    ],
    [
      -31.82556915283203,
      -32.42412567138672,
      -31.63037872314453,
      -31.47712516784668,
      -31.011777877807617,
      -30.69406509399414,
      -31.680984497070312,
      -31.978654861450195,
      -32.45584487915039,
      -33.7681770324707,
      -38.33522033691406
    ],
    [
      -35.31562042236328,
      -33.95976257324219,
      -32.17684555053711,
      -31.511869430541992,
      -30.48165512084961,
      -28.705860137939453,
      -31.304283142089844,
      -32.232078552246094,
      -32.723690032958984,
      -34.01782989501953,
      -38.24529266357422
    ],
    [
      -36.26271057128906,
      -32.199310302734375,
      -31.621963500976562,
      -31.410871505737305,
      -30.833675384521484,
      -28.231122970581055,
      -32.35498809814453,
      -32.30439758300781,
      -31.562110900878906,
      -31.460811614990234,
      -30.823196411132812
    ],
    [
      -39.26224136352539,
      -35.607173919677734,
      -33.16660690307617,
      -32.7701530456543,
      -33.10008239746094,
      -30.851253509521484,
      -34.279212951660156,
      -32.16123962402344,
      -32.44462585449219,
      -32.78921890258789,
      -39.55274200439453
    ],
    [
      -37.28018569946289,
      -34.791412353515625,
      -32.999298095703125,
      -32.897010803222656,
      -32.708499908447266,
      -31.3402042388916,
      -33.970699310302734,
      -32.768978118896484,
      -32.860984802246094,
      -35.29442596435547,
      -39.1740837097168
    ],
    [
      -32.48092269897461,
      -33.01254653930664,
      -32.99152755737305,
      -32.85489273071289,
      -32.263389587402344,
      -30.985912322998047,
      -33.3624382019043,
      -32.77853775024414,
      -32.742584228515625,
      -33.9022331237793,
      -42.537269592285156
    ],
    [
      -34.255069732666016,
      -34.07545852661133,
      -34.9202766418457,
      -34.074859619140625,
      -32.9375114440918,
      -30.408903121948242,
      -34.28786849975586,
      -34.09064865112305,
      -32.85999298095703,
      -34.46936798095703,
      -35.959312438964844
    ],
    [
      -36.23751449584961,
      -37.59708023071289,
      -34.540992736816406,
      -33.63364028930664,
      -33.761356353759766,
      -32.19556427001953,
      -35.11219024658203,
      -34.74272537231445,
      -34.573814392089844,
      -30.946704864501953,
      -42.108848571777344
    ],
    [
      -35.744049072265625,
      -37.37216567993164,
      -36.863956451416016,
      -35.05918502807617,
      -35.595863342285156,
      -34.338016510009766,
      -36.025733947753906,
      -35.73039245605469,
      -35.83928298950195,
      -37.46434783935547,
      -370
    ],
    [
      -37.418983459472656,
      -38.57122039794922,
      -22.551244735717773,
      -31.452129364013672,
      -37.91069030761719,
      -36.071468353271484,
      -36.3878288269043,
      -35.03499984741211,
      -34.0140266418457,
      -35.530460357666016,
      -50.56848907470703
    ],
    [
      -63.454288482666016,
      -38.57985305786133,
      -27.63945198059082,
      -33.56992721557617,
      -37.83621597290039,
      -35.47837448120117,
      -35.87997055053711,
      -34.00672912597656,
      -32.55155944824219,
      -31.028623580932617,
      -47.63347244262695
    ],
    [
      -50.1282844543457,
      -40.759761810302734,
      -36.46580505371094,
      -36.651615142822266,
      -41.10574722290039,
      -38.41559982299805,
      -37.71600341796875,
      -34.69697570800781,
      -33.847896575927734,
      -35.06972122192383,
      -40.694950103759766
    ],
    [
      -41.57161331176758,
      -39.48954391479492,
      -38.0197868347168,
      -38.746829986572266,
      -42.596370697021484,
      -40.49721145629883,
      -38.39754867553711,
      -36.69271469116211,
      -35.715023040771484,
      -33.22171401977539,
      -370
    ],
    [
      -35.93256378173828,
      -36.64247131347656,
      -38.1646614074707,
      -39.48152160644531,
      -42.789825439453125,
      -41.11578369140625,
      -39.381595611572266,
      -38.14883804321289,
      -36.97874450683594,
      -36.987823486328125,
      -55.58250427246094
    ],
    [
      -35.913814544677734,
      -36.3613395690918,
      -39.69963455200195,
      -41.00874710083008,
      -43.34730911254883,
      -41.69892883300781,
      -38.72063064575195,
      -37.05750274658203,
      -36.318870544433594,
      -36.8815803527832,
      -51.07865905761719
    ],
    [
      -39.353145599365234,
      -43.031707763671875,
      -43.08541488647461,
      -43.27450180053711,
      -46.53529739379883,
      -46.287750244140625,
      -41.30803298950195,
      -37.52439498901367,
      -35.556793212890625,
      -35.5152702331543,
      -45.6352424621582
    ],
    [
      -51.297767639160156,
      -51.552223205566406,
      -54.973472595214844,
      -53.157630920410156,
      -53.606990814208984,
      -53.80636215209961,
      -49.8383903503418,
      -42.567176818847656,
      -37.95374298095703,
      -35.30012130737305,
      -38.075626373291016
    ],
    [
      -56.9632682800293,
      -58.962379455566406,
      -58.553531646728516,
      -60.416080474853516,
      -60.4868049621582,
      -58.987876892089844,
      -52.48347854614258,
      -45.97146224975586,
      -43.02561569213867,
      -41.800697326660156,
      -51.39179992675781
    ]
  ],
  "histogram": [
    {
      "db": -70,
      "frequency": 1
    },
    {
      "db": -69,
      "frequency": 0
    },
    {
      "db": -68,
      "frequency": 0
    },
    {
      "db": -67,
      "frequency": 1
    },
    {
      "db": -66,
      "frequency": 0
    },
    {
      "db": -65,
      "frequency": 1
    },
    {
      "db": -64,
      "frequency": 0
    },
    {
      "db": -63,
      "frequency": 0
    },
    {
      "db": -62,
      "frequency": 1
    },
    {
      "db": -61,
      "frequency": 0
    },
    {
      "db": -60,
      "frequency": 0
    },
    {
      "db": -59,
      "frequency": 0
    },
    {
      "db": -58,
      "frequency": 1
    },
    {
      "db": -57,
      "frequency": 0
    },
    {
      "db": -56,
      "frequency": 1
    },
    {
      "db": -55,
      "frequency": 0
    },
    {
      "db": -54,
      "frequency": 1
    },
    {
      "db": -53,
      "frequency": 0
    },
    {
      "db": -52,
      "frequency": 1
    },
    {
      "db": -51,
      "frequency": 0
    },
    {
      "db": -50,
      "frequency": 1
    },
    {
      "db": -49,
      "frequency": 1
    },
    {
      "db": -48,
      "frequency": 0
    },
    {
      "db": -47,
      "frequency": 1
    },
    {
      "db": -46,
      "frequency": 1
    },
    {
      "db": -45,
      "frequency": 1
    },
    {
      "db": -44,
      "frequency": 1
    },
    {
      "db": -43,
      "frequency": 1
    },
    {
      "db": -42,
      "frequency": 1
    },
    {
      "db": -41,
      "frequency": 1
    },
    {
      "db": -40,
      "frequency": 0
    },
    {
      "db": -39,
      "frequency": 1
    },
    {
      "db": -38,
      "frequency": 2
    },
    {
      "db": -37,
      "frequency": 1
    },
    {
      "db": -36,
      "frequency": 1
    },
    {
      "db": -35,
      "frequency": 1
    },
    {
      "db": -34,
      "frequency": 2
    },
    {
      "db": -33,
      "frequency": 1
    },
    {
      "db": -32,
      "frequency": 1
    },
    {
      "db": -31,
      "frequency": 5
    },
    {
      "db": -30,
      "frequency": 11
    },
    {
      "db": -29,
      "frequency": 16
    },
    {
      "db": -28,
      "frequency": 18
    },
    {
      "db": -27,
      "frequency": 27
    },
    {
      "db": -26,
      "frequency": 28
    },
    {
      "db": -25,
      "frequency": 51
    },
    {
      "db": -24,
      "frequency": 47
    },
    {
      "db": -23,
      "frequency": 35
    },
    {
      "db": -22,
      "frequency": 31
    },
    {
      "db": -21,
      "frequency": 48
    },
    {
      "db": -20,
      "frequency": 67
    },
    {
      "db": -19,
      "frequency": 65
    },
    {
      "db": -18,
      "frequency": 85
    },
    {
      "db": -17,
      "frequency": 164
    },
    {
      "db": -16,
      "frequency": 237
    },
    {
      "db": -15,
      "frequency": 346
    },
    {
      "db": -14,
      "frequency": 372
    },
    {
      "db": -13,
      "frequency": 349
    },
    {
      "db": -12,
      "frequency": 314
    },
    {
      "db": -11,
      "frequency": 223
    },
    {
      "db": -10,
      "frequency": 250
    },
    {
      "db": -9,
      "frequency": 295
    },
    {
      "db": -8,
      "frequency": 291
    },
    {
      "db": -7,
      "frequency": 186
    },
    {
      "db": -6,
      "frequency": 87
    },
    {
      "db": -5,
      "frequency": 44
    },
    {
      "db": -4,
      "frequency": 2
    },
    {
      "db": -3,
      "frequency": 0
    },
    {
      "db": -2,
      "frequency": 0
    },
    {
      "db": -1,
      "frequency": 0
    },
    {
      "db": 0,
      "frequency": 0
    },
    {
      "db": 1,
      "frequency": 0
    },
    {
      "db": 2,
      "frequency": 0
    },
    {
      "db": 3,
      "frequency": 0
    },
    {
      "db": 4,
