{
  "acoustic_entropy": 213.82154846191406,
  "bands": [
    {
      "high_freq": 148.1999969482422,
      "loudness": -20.07366180419922,
      "loudness_range": 13.978426933288574,
      "mid_mean": -16.470659255981445,
      "mid_to_side_loudness": -30.9460391998291,
      "mid_to_side_loudness_range": 24.606645584106445,
      "side_mean": -48.64958572387695
    },
    {
      "high_freq": 392.3793640136719,
      "loudness": -18.507915496826172,
      "loudness_range": 10.960731506347656,
      "low_freq": 148.1999969482422,
      "mid_mean": -15.1677827835083,
      "mid_to_side_loudness": -12.47098159790039,
      "mid_to_side_loudness_range": 12.874063491821289,
      "side_mean": -27.66689682006836
    },
    {
      "high_freq": 794.6976318359375,
      "loudness": -20.3929386138916,
      "loudness_range": 14.859601020812988,
      "low_freq": 392.3793640136719,
      "mid_mean": -17.625354766845703,
      "mid_to_side_loudness": -7.826686382293701,
      "mid_to_side_loudness_range": 12.683521270751953,
      "side_mean": -25.458602905273438
    },
    {
      "high_freq": 1457.5709228515625,
      "loudness": -22.448415756225586,
      "loudness_range": 20.250324249267578,
      "low_freq": 794.6976318359375,
      "mid_mean": -20.165544509887695,
      "mid_to_side_loudness": -6.013552188873291,
      "mid_to_side_loudness_range": 14.022867202758789,
      "side_mean": -25.717714309692383
    },
    {
      "high_freq": 2549.74365234375,
      "loudness": -24.633140563964844,
      "loudness_range": 18.43657112121582,
      "low_freq": 1457.5709228515625,
      "mid_mean": -22.003398895263672,
      "mid_to_side_loudness": -6.739775657653809,
      "mid_to_side_loudness_range": 10.597904205322266,
      "side_mean": -28.19601821899414
    },
    {
      "high_freq": 4349.24462890625,
      "loudness": -26.745250701904297,
      "loudness_range": 18.80999755859375,
      "low_freq": 2549.74365234375,
      "mid_mean": -24.228097915649414,
      "mid_to_side_loudness": -6.1335062980651855,
      "mid_to_side_loudness_range": 9.47192668914795,
      "side_mean": -30.084796905517578
    },
    {
      "high_freq": 7314.1640625,
      "loudness": -29.07091522216797,
      "loudness_range": 19.341327667236328,
      "low_freq": 4349.24462890625,
      "mid_mean": -26.824071884155273,
      "mid_to_side_loudness": -5.301614761352539,
      "mid_to_side_loudness_range": 10.214818000793457,
      "side_mean": -31.67070198059082
    },
    {
      "high_freq": 12199.2666015625,
      "loudness": -29.98798179626465,
      "loudness_range": 16.270668029785156,
      "low_freq": 7314.1640625,
      "mid_mean": -27.632827758789062,
      "mid_to_side_loudness": -5.399503231048584,
      "mid_to_side_loudness_range": 6.931710243225098,
      "side_mean": -33.22960662841797
    },
    {
      "loudness": -38.02762985229492,
      "loudness_range": 15.81928825378418,
      "low_freq": 12199.2666015625,
      "mid_mean": -35.7969856262207,
      "mid_to_side_loudness": -4.440587043762207,
      "mid_to_side_loudness_range": 4.466594696044922,
      "side_mean": -40.346435546875
    }
  ],
  "bands_short": [
    {
      "high_freq": 148.1999969482422,
      "loudness": -22.224184036254883,
      "loudness_range": 20.17819595336914,
      "mid_mean": -18.683185577392578,
      "mid_to_side_loudness": -32.2436408996582,
      "mid_to_side_loudness_range": 30.55207633972168,
      "side_mean": -53.87950897216797
    },
    {
      "high_freq": 392.3793640136719,
      "loudness": -18.654987335205078,
      "loudness_range": 13.278894424438477,
      "low_freq": 148.1999969482422,
      "mid_mean": -15.310883522033691,
      "mid_to_side_loudness": -13.559553146362305,
      "mid_to_side_loudness_range": 15.785305976867676,
      "side_mean": -28.88469123840332
    },
    {
      "high_freq": 794.6976318359375,
      "loudness": -20.750577926635742,
      "loudness_range": 16.906665802001953,
      "low_freq": 392.3793640136719,
      "mid_mean": -18.084089279174805,
      "mid_to_side_loudness": -7.750174522399902,
      "mid_to_side_loudness_range": 14.520995140075684,
      "side_mean": -25.878795623779297
    },
    {
      "high_freq": 1457.5709228515625,
      "loudness": -22.963258743286133,
      "loudness_range": 22.05211639404297,
      "low_freq": 794.6976318359375,
      "mid_mean": -20.89066505432129,
      "mid_to_side_loudness": -5.680267333984375,
      "mid_to_side_loudness_range": 15.817737579345703,
      "side_mean": -26.13973045349121
    },
    {
      "high_freq": 2549.74365234375,
      "loudness": -25.70550537109375,
      "loudness_range": 21.62954330444336,
      "low_freq": 1457.5709228515625,
      "mid_mean": -23.161062240600586,
      "mid_to_side_loudness": -6.842187404632568,
      "mid_to_side_loudness_range": 12.56060791015625,
      "side_mean": -29.60013771057129
    },
    {
      "high_freq": 4349.24462890625,
      "loudness": -27.83089828491211,
      "loudness_range": 22.390113830566406,
      "low_freq": 2549.74365234375,
      "mid_mean": -25.379610061645508,
      "mid_to_side_loudness": -6.26911735534668,
      "mid_to_side_loudness_range": 11.041827201843262,
      "side_mean": -31.418529510498047
    },
    {
      "high_freq": 7314.1640625,
      "loudness": -30.922000885009766,
      "loudness_range": 25.15308952331543,
      "low_freq": 4349.24462890625,
      "mid_mean": -28.684818267822266,
      "mid_to_side_loudness": -5.5270586013793945,
      "mid_to_side_loudness_range": 12.412470817565918,
      "side_mean": -34.03409194946289
    },
    {
      "high_freq": 12199.2666015625,
      "loudness": -32.96295928955078,
      "loudness_range": 25.53104591369629,
      "low_freq": 7314.1640625,
      "mid_mean": -30.667516708374023,
      "mid_to_side_loudness": -5.763538360595703,
      "mid_to_side_loudness_range": 9.240762710571289,
      "side_mean": -37.072654724121094
    },
    {
      "loudness": -42.569881439208984,
      "loudness_range": 28.663209915161133,
      "low_freq": 12199.2666015625,
      "mid_mean": -41.55169677734375,
      "mid_to_side_loudness": -5.181033134460449,
      "mid_to_side_loudness_range": 8.322630882263184,
      "side_mean": -47.908992767333984
    }
  ],
  "bandwidth": 613.1006469726562,
  "channels": 2,
  "covariance": [
    [
      34.24266052246094,
      18.20691680908203,
      9.615175247192383,
      9.110527038574219,
      6.28641414642334,
      15.418607711791992,
      14.278902053833008,
      20.315208435058594,
      9.60549545288086,
      10.284404754638672,
      14.7881441116333,
      16.116636276245117,
      15.203376770019531,
      17.981548309326172,
      7.640200138092041,
      11.17840576171875,
      5.851607799530029,
      7.322016716003418
    ],
    [
      18.20691680908203,
      60.06404495239258,
      13.090290069580078,
      24.995296478271484,
      21.267072677612305,
      30.769695281982422,
      32.338409423828125,
      37.66495132446289,
      29.836740493774414,
      27.941179275512695,
      29.46558952331543,
      30.317947387695312,
      20.641504287719727,
      19.294940948486328,
      4.8055291175842285,
      9.513160705566406,
      1.0018904209136963,
      4.208257675170898
    ],
    [
      9.615175247192383,
      13.090290069580078,
      18.041357040405273,
      14.338910102844238,
      9.297203063964844,
      13.941160202026367,
      10.714473724365234,
      12.382466316223145,
      11.704758644104004,
      10.329099655151367,
      12.979458808898926,
      14.054656982421875,
      9.766077041625977,
      8.59089469909668,
      4.472833156585693,
      5.123839378356934,
      2.8340532779693604,
      3.9492835998535156
    ],
    [
      9.110527038574219,
      24.995296478271484,
      14.338910102844238,
      30.173410415649414,
      16.157066345214844,
      26.188282012939453,
      19.847436904907227,
      26.06161117553711,
      20.472930908203125,
      20.34636116027832,
      19.15509033203125,
      23.347206115722656,
      10.670869827270508,
      11.237955093383789,
      1.230768084526062,
      5.481138229370117,
      -0.8128940463066101,
      2.056520938873291
    ],
    [
      6.28641414642334,
      21.267072677612305,
      9.297203063964844,
      16.157066345214844,
      31.713336944580078,
      26.45787239074707,
      27.71634864807129,
      24.2420597076416,
      27.379138946533203,
      20.514036178588867,
      26.0866756439209,
      22.14092254638672,
      17.993074417114258,
      13.041889190673828,
      6.929667949676514,
      7.548086643218994,
      3.365445137023926,
      4.246497631072998
    ],
    [
      15.418607711791992,
      30.769695281982422,
      13.941160202026367,
      26.188282012939453,
      26.45787239074707,
      43.22969055175781,
      32.83365249633789,
      42.315677642822266,
      29.06853675842285,
      28.951557159423828,
      28.476665496826172,
      32.774635314941406,
      20.179141998291016,
      21.074495315551758,
      5.665931701660156,
      11.829442977905273,
      3.696965456008911,
      6.860352993011475
    ],
    [
      14.278902053833008,
      32.338409423828125,
      10.714473724365234,
      19.847436904907227,
      27.71634864807129,
      32.83365249633789,
      53.4530143737793,
      48.014015197753906,
      36.77005386352539,
      30.472026824951172,
      36.889068603515625,
      33.3243522644043,
      24.889307022094727,
      22.558025360107422,
      6.170849323272705,
      10.61147403717041,
      2.406646728515625,
      4.769961357116699
    ],
    [
      20.315208435058594,
      37.66495132446289,
      12.382466316223145,
      26.06161117553711,
      24.2420597076416,
      42.315677642822266,
      48.014015197753906,
      71.53240966796875,
      34.80855178833008,
      39.27446746826172,
      34.666221618652344,
      40.83148193359375,
      22.37193489074707,
      29.183414459228516,
      4.550689697265625,
      14.756423950195312,
      1.2486158609390259,
      6.7651567459106445
    ],
    [
      9.60549545288086,
      29.836740493774414,
      11.704758644104004,
      20.472930908203125,
      27.379138946533203,
      29.06853675842285,
      36.77005386352539,
      34.80855178833008,
      45.105159759521484,
      33.26774215698242,
      39.973487854003906,
      34.294437408447266,
      29.010011672973633,
      22.582521438598633,
      10.99915599822998,
      11.853174209594727,
      5.196101665496826,
      6.241946220397949
    ],
    [
      10.284404754638672,
      27.941179275512695,
      10.329099655151367,
      20.34636116027832,
      20.514036178588867,
      28.951557159423828,
      30.472026824951172,
      39.27446746826172,
      33.26774215698242,
      41.0801887512207,
      30.98613929748535,
      36.339847564697266,
      23.510581970214844,
      26.587404251098633,
      9.61684513092041,
      15.848045349121094,
      6.3194661140441895,
      9.881811141967773
    ],
    [
      14.7881441116333,
      29.46558952331543,
      12.979458808898926,
      19.15509033203125,
      26.0866756439209,
      28.476665496826172,
      36.889068603515625,
      34.666221618652344,
      39.973487854003906,
      30.98613929748535,
      47.96916961669922,
      41.22498321533203,
      37.03257751464844,
      30.985858917236328,
      17.39627456665039,
      18.444087982177734,
      9.516606330871582,
      10.806764602661133
    ],
    [
      16.116636276245117,
      30.317947387695312,
      14.054656982421875,
      23.347206115722656,
      22.14092254638672,
      32.774635314941406,
      33.3243522644043,
      40.83148193359375,
      34.294437408447266,
      36.339847564697266,
      41.22498321533203,
      50.65876388549805,
      35.295082092285156,
      38.13541793823242,
      17.027015686035156,
      24.66316795349121,
      10.78761100769043,
      15.09451675415039
    ],
    [
      15.203376770019531,
      20.641504287719727,
      9.766077041625977,
      10.670869827270508,
      17.993074417114258,
      20.179141998291016,
      24.889307022094727,
      22.37193489074707,
      29.010011672973633,
      23.510581970214844,
      37.03257751464844,
      35.295082092285156,
      51.25813674926758,
      39.366363525390625,
      32.761756896972656,
      30.10379981994629,
      23.717557907104492,
      22.011911392211914
    ],
    [
      17.981548309326172,
      19.294940948486328,
      8.59089469909668,
      11.237955093383789,
      13.041889190673828,
      21.074495315551758,
      22.558025360107422,
      29.183414459228516,
      22.582521438598633,
      26.587404251098633,
      30.985858917236328,
      38.13541793823242,
      39.366363525390625,
      49.095035552978516,
      28.157119750976562,
      36.253509521484375,
      23.464950561523438,
      27.33038330078125
    ],
    [
      7.640200138092041,
      4.8055291175842285,
      4.472833156585693,
      1.230768084526062,
      6.929667949676514,
      5.665931701660156,
      6.170849323272705,
      4.550689697265625,
      10.99915599822998,
      9.61684513092041,
      17.39627456665039,
      17.027015686035156,
      32.761756896972656,
      28.157119750976562,
      42.28109359741211,
      34.53345489501953,
      35.21257400512695,
      31.777923583984375
    ],
    [
      11.17840576171875,
      9.513160705566406,
      5.123839378356934,
      5.481138229370117,
      7.548086643218994,
      11.829442977905273,
      10.61147403717041,
      14.756423950195312,
      11.853174209594727,
      15.848045349121094,
      18.444087982177734,
      24.66316795349121,
      30.10379981994629,
      36.253509521484375,
      34.53345489501953,
      42.68156051635742,
      32.81913757324219,
      36.18111801147461
    ],
    [
      5.851607799530029,
      1.0018904209136963,
      2.8340532779693604,
      -0.8128940463066101,
      3.365445137023926,
      3.696965456008911,
      2.406646728515625,
      1.2486158609390259,
      5.196101665496826,
      6.3194661140441895,
      9.516606330871582,
      10.78761100769043,
      23.717557907104492,
      23.464950561523438,
      35.21257400512695,
      32.81913757324219,
      40.52685546875,
      37.43840026855469
    ],
    [
      7.322016716003418,
      4.208257675170898,
      3.9492835998535156,
      2.056520938873291,
      4.246497631072998,
      6.860352993011475,
      4.769961357116699,
      6.7651567459106445,
      6.241946220397949,
      9.881811141967773,
      10.806764602661133,
      15.09451675415039,
      22.011911392211914,
      27.33038330078125,
      31.777923583984375,
      36.18111801147461,
      37.43840026855469,
      41.581642150878906
    ]
  ],
  "covariance_short": [
    [
      61.46546173095703,
      21.42505645751953,
      14.633861541748047,
      11.816563606262207,
      8.479951858520508,
      16.598697662353516,
      15.183019638061523,
      21.317935943603516,
      11.97392749786377,
      13.340192794799805,
      18.29907989501953,
      21.618377685546875,
      19.10157012939453,
      24.202802658081055,
      12.489341735839844,
      18.00388526916504,
      25.08060073852539,
      28.518966674804688
    ],
    [
      21.42505645751953,
      76.59195709228516,
      17.91875648498535,
      30.814903259277344,
      26.101062774658203,
      33.34215545654297,
      36.86571502685547,
      39.706382751464844,
      36.70629119873047,
      36.562469482421875,
      36.307003021240234,
      38.79059600830078,
      28.75019073486328,
      32.376678466796875,
      17.26807975769043,
      27.183208465576172,
      14.52626895904541,
      31.83207130432129
    ],
    [
      14.633861541748047,
      17.91875648498535,
      25.387996673583984,
      16.64790916442871,
      12.689292907714844,
      16.622777938842773,
      13.40205192565918,
      14.733469009399414,
      14.465505599975586,
      14.016304969787598,
      16.07870864868164,
      17.708728790283203,
      13.074529647827148,
      14.395414352416992,
      9.088900566101074,
      11.795352935791016,
      14.291589736938477,
      20.500072479248047
    ],
    [
      11.816563606262207,
      30.814903259277344,
      16.64790916442871,
      38.13043212890625,
      19.82423210144043,
      28.645048141479492,
      21.974916458129883,
      26.56427574157715,
      23.86000633239746,
      25.306076049804688,
      23.162078857421875,
      28.638586044311523,
      15.415948867797852,
      19.489234924316406,
      8.27530288696289,
      15.807207107543945,
      4.129734516143799,
      17.557817459106445
    ],
    [
      8.479951858520508,
      26.101062774658203,
      12.689292907714844,
      19.82423210144043,
      40.61924362182617,
      29.480571746826172,
      32.45490264892578,
      26.844947814941406,
      34.20458221435547,
      27.399507522583008,
      33.309356689453125,
      29.004741668701172,
      26.515640258789062,
      22.858495712280273,
      16.5264949798584,
      18.711854934692383,
      15.306044578552246,
      23.13527488708496
    ],
    [
      16.598697662353516,
      33.34215545654297,
      16.622777938842773,
      28.645048141479492,
      29.480571746826172,
      47.893062591552734,
      35.5112419128418,
      43.38862228393555,
      33.464134216308594,
      35.05259323120117,
      33.057403564453125,
      38.5498046875,
      26.10607147216797,
      30.549381256103516,
      14.186125755310059,
      23.410863876342773,
      16.88637924194336,
      32.35887145996094
    ],
    [
      15.183019638061523,
      36.86571502685547,
      13.40205192565918,
      21.974916458129883,
      32.45490264892578,
      35.5112419128418,
      63.184452056884766,
      51.19289779663086,
      43.83712387084961,
      38.17776870727539,
      44.441184997558594,
      41.61065673828125,
      35.1069221496582,
      35.172142028808594,
      19.1317138671875,
      26.1113338470459,
      21.032615661621094,
      31.719900131225586
    ],
    [
      21.317935943603516,
      39.706382751464844,
      14.733469009399414,
      26.56427574157715,
      26.844947814941406,
      43.38862228393555,
      51.19289779663086,
      77.38484191894531,
      39.431705474853516,
      45.019683837890625,
      39.065792083740234,
      47.15234375,
      30.144275665283203,
      41.5268669128418,
      16.294431686401367,
      30.448211669921875,
      19.921146392822266,
      33.5293083190918
    ],
    [
      11.97392749786377,
      36.70629119873047,
      14.465505599975586,
      23.86000633239746,
      34.20458221435547,
      33.464134216308594,
      43.83712387084961,
      39.431705474853516,
      58.92851257324219,
      44.47336959838867,
      50.62180709838867,
      44.75143051147461,
      42.173797607421875,
      38.98781967163086,
      26.99170684814453,
      31.60839080810547,
      24.982149124145508,
      36.676292419433594
    ],
    [
      13.340192794799805,
      36.562469482421875,
      14.016304969787598,
      25.306076049804688,
      27.399507522583008,
      35.05259323120117,
      38.17776870727539,
      45.019683837890625,
      44.47336959838867,
      57.322723388671875,
      41.03582763671875,
      48.84395217895508,
      36.375938415527344,
      45.20057678222656,
      26.270946502685547,
      38.08216094970703,
      25.87177276611328,
      39.14260482788086
    ],
    [
      18.29907989501953,
      36.307003021240234,
      16.07870864868164,
      23.162078857421875,
      33.309356689453125,
      33.057403564453125,
      44.441184997558594,
      39.065792083740234,
      50.62180709838867,
      41.03582763671875,
      65.69440460205078,
      54.86024475097656,
      56.35952377319336,
      52.104244232177734,
      39.92223358154297,
      44.2500114440918,
      41.057437896728516,
      50.19642639160156
    ],
    [
      21.618377685546875,
      38.79059600830078,
      17.708728790283203,
      28.638586044311523,
      29.004741668701172,
      38.5498046875,
      41.61065673828125,
      47.15234375,
      44.75143051147461,
      48.84395217895508,
      54.86024475097656,
      68.03267669677734,
      51.45904541015625,
      61.49370193481445,
      37.77077865600586,
      52.80857467651367,
      40.89203643798828,
      57.00777053833008
    ],
    [
      19.10157012939453,
      28.75019073486328,
      13.074529647827148,
      15.415948867797852,
      26.515640258789062,
      26.10607147216797,
      35.1069221496582,
      30.144275665283203,
      42.173797607421875,
      36.375938415527344,
      56.35952377319336,
      51.45904541015625,
      79.69213104248047,
      66.1197509765625,
      64.76189422607422,
      63.488128662109375,
      66.16709899902344,
      70.80742645263672
    ],
    [
      24.202802658081055,
      32.376678466796875,
      14.395414352416992,
      19.489234924316406,
      22.858495712280273,
      30.549381256103516,
      35.172142028808594,
      41.5268669128418,
      38.98781967163086,
      45.20057678222656,
      52.104244232177734,
      61.49370193481445,
      66.1197509765625,
      85.58861541748047,
      59.50543975830078,
      77.9096908569336,
      66.7538070678711,
      80.18241119384766
    ],
    [
      12.489341735839844,
      17.26807975769043,
      9.088900566101074,
      8.27530288696289,
      16.5264949798584,
      14.186125755310059,
      19.1317138671875,
      16.294431686401367,
      26.99170684814453,
      26.270946502685547,
      39.92223358154297,
      37.77077865600586,
      64.76189422607422,
      59.50543975830078,
      84.60835266113281,
      74.76813507080078,
      79.32061767578125,
      75.42066192626953
    ],
    [
      18.00388526916504,
      27.183208465576172,
      11.795352935791016,
      15.807207107543945,
      18.711854934692383,
      23.410863876342773,
      26.1113338470459,
      30.448211669921875,
      31.60839080810547,
      38.08216094970703,
      44.2500114440918,
      52.80857467651367,
      63.488128662109375,
      77.9096908569336,
      74.76813507080078,
      96.60867309570312,
      80.68994140625,
      93.05747985839844
    ],
    [
      25.08060073852539,
      14.52626895904541,
      14.291589736938477,
      4.129734516143799,
      15.306044578552246,
      16.88637924194336,
      21.032615661621094,
      19.921146392822266,
      24.982149124145508,
      25.87177276611328,
      41.057437896728516,
      40.89203643798828,
      66.16709899902344,
      66.7538070678711,
      79.32061767578125,
      80.68994140625,
      114.1090316772461,
      107.7158432006836
    ],
    [
      28.518966674804688,
      31.83207130432129,
      20.500072479248047,
      17.557817459106445,
      23.13527488708496,
      32.35887145996094,
      31.719900131225586,
      33.5293083190918,
      36.676292419433594,
      39.14260482788086,
      50.19642639160156,
      57.00777053833008,
      70.80742645263672,
      80.18241119384766,
      75.42066192626953,
      93.05747985839844,
      107.7158432006836,
      131.60861206054688
    ]
  ],
  "damage": -3.9033541679382324,
  "diff_bandwidth": 646.7918701171875,
  "dissonance": 7.97113897485085,
  "drr": 12.701925277709961,
  "dynamics": 3.7028815746307373,
  "format": 65538,
  "frames": 16633344,
  "freq_pan_to_db": [
    [
      -27.40550422668457,
      -27.418697357177734,
      -23.637033462524414,
      -19.31427574157715,
      -11.841958999633789,
      -8.759635925292969,
      -12.464510917663574,
      -18.981233596801758,
      -19.79337501525879,
      -27.23674964904785,
      -29.917598724365234
    ],
    [
      -25.047088623046875,
      -24.595441818237305,
      -20.06153106689453,
      -16.344820022583008,
      -10.847240447998047,
      -8.551620483398438,
      -10.777186393737793,
      -14.72811222076416,
      -18.69819450378418,
      -22.742887496948242,
      -30.55377960205078
    ],
    [
      -25.844560623168945,
      -23.7633113861084,
      -21.37274742126465,
      -18.30451774597168,
      -12.218123435974121,
      -9.50600814819336,
      -11.860759735107422,
      -15.481647491455078,
      -18.033397674560547,
      -23.369064331054688,
      -25.032508850097656
    ],
    [
      -27.27703285217285,
      -24.172313690185547,
      -20.937891006469727,
      -16.598867416381836,
      -13.388750076293945,
      -11.86129379272461,
      -14.217504501342773,
      -17.091272354125977,
      -19.684541702270508,
      -22.108999252319336,
      -22.52507781982422
    ],
    [
      -21.37177848815918,
      -18.793230056762695,
      -16.95267677307129,
      -14.755386352539062,
      -12.536048889160156,
      -11.440106391906738,
      -11.881447792053223,
      -14.05809211730957,
      -15.996140480041504,
      -18.08547592163086,
      -19.504472732543945
    ],
    [
      -17.86827278137207,
      -16.605825424194336,
      -15.143054962158203,
      -13.741926193237305,
      -12.257017135620117,
      -10.82522964477539,
      -11.406136512756348,
      -13.502591133117676,
      -14.837138175964355,
      -16.786230087280273,
      -17.03606605529785
    ],
    [
      -17.300649642944336,
      -16.27289390563965,
      -14.637054443359375,
      -13.489903450012207,
      -11.957550048828125,
      -9.849308013916016,
      -11.324845314025879,
      -13.501099586486816,
      -15.456055641174316,
      -16.77421760559082,
      -16.237768173217773
    ],
    [
      -16.403085708618164,
      -15.781805038452148,
      -14.706381797790527,
      -13.292200088500977,
      -10.774925231933594,
      -9.90181827545166,
      -11.707658767700195,
      -13.654024124145508,
      -14.488080024719238,
      -15.203939437866211,
      -15.948371887207031
    ],
    [
      -17.46510124206543,
      -16.592853546142578,
      -15.345739364624023,
      -13.94058895111084,
      -12.674211502075195,
      -12.8322172164917,
      -14.795653343200684,
      -16.638757705688477,
      -17.61963653564453,
      -18.302152633666992,
      -18.725290298461914
    ],
    [
      -15.580794334411621,
      -15.705870628356934,
      -14.498483657836914,
      -12.728638648986816,
      -10.714912414550781,
      -10.732115745544434,
      -13.32888126373291,
      -14.8987455368042,
      -14.92552661895752,
      -15.289762496948242,
      -15.767427444458008
    ],
    [
      -14.201601028442383,
      -14.880243301391602,
      -14.810367584228516,
      -13.409801483154297,
      -11.947319030761719,
      -10.81796932220459,
      -11.590560913085938,
      -13.686604499816895,
      -14.845658302307129,
      -14.76519775390625,
      -15.028972625732422
    ],
    [
      -14.257767677307129,
      -15.30030345916748,
      -14.431743621826172,
      -14.932489395141602,
      -14.380966186523438,
      -13.279945373535156,
      -14.185083389282227,
      -15.208985328674316,
      -15.686705589294434,
      -17.35881805419922,
      -17.59882354736328
    ],
    [
      -16.053382873535156,
      -16.47475242614746,
      -16.778305053710938,
      -15.874246597290039,
      -16.049257278442383,
      -15.277934074401855,
      -16.118797302246094,
      -16.274147033691406,
      -16.616413116455078,
      -16.820146560668945,
      -17.821958541870117
    ],
    [
      -16.515653610229492,
      -17.223812103271484,
      -16.613779067993164,
      -16.82181167602539,
      -15.914163589477539,
      -13.615884780883789,
      -14.047518730163574,
      -14.781110763549805,
      -15.368260383605957,
      -16.547073364257812,
      -16.816875457763672
    ],
    [
      -17.65303611755371,
      -16.628355026245117,
      -16.08574104309082,
      -14.92170524597168,
      -14.537657737731934,
      -13.157114028930664,
      -14.118204116821289,
      -13.882448196411133,
      -13.854528427124023,
      -14.326969146728516,
      -13.133561134338379
    ],
    [
      -19.091367721557617,
      -17.239055633544922,
      -16.435964584350586,
      -15.981226921081543,
      -17.237520217895508,
      -15.062773704528809,
      -15.25896167755127,
      -15.164189338684082,
      -14.682662963867188,
      -15.337876319885254,
      -12.984396934509277
    ],
    [
      -22.63359260559082,
      -18.339710235595703,
      -16.805810928344727,
      -16.80458641052246,
      -20.20233726501465,
      -17.55377769470215,
      -16.756147384643555,
      -16.905033111572266,
      -17.857149124145508,
      -16.67396354675293,
      -15.189549446105957
    ],
    [
      -18.20049476623535,
      -15.762500762939453,
      -13.409663200378418,
      -13.346460342407227,
      -16.90355110168457,
      -16.208152770996094,
      -13.832780838012695,
      -13.522594451904297,
      -16.233312606811523,
      -13.67934799194336,
      -11.410778999328613
    ],
    [
      -23.241453170776367,
      -20.629728317260742,
      -18.60169219970703,
      -19.454500198364258,
      -20.09019660949707,
      -17.161951065063477,
      -18.977123260498047,
      -19.353113174438477,
      -17.882949829101562,
      -17.57973861694336,
      -14.538206100463867
    ],
    [
      -19.68069839477539,
      -22.828815460205078,
      -21.734933853149414,
      -22.562562942504883,
      -22.303922653198242,
      -20.317554473876953,
      -21.77457046508789,
      -22.119192123413086,
      -21.48641586303711,
      -18.472740173339844,
      -16.416358947753906
    ],
    [
      -25.020357131958008,
      -24.615074157714844,
      -22.935192108154297,
      -22.770689010620117,
      -21.589658737182617,
      -20.009437561035156,
      -23.96532440185547,
      -21.883926391601562,
      -23.030109405517578,
      -20.1264705657959,
      -16.553470611572266
    ],
    [
      -23.7679500579834,
      -24.998531341552734,
      -23.72334098815918,
      -23.460336685180664,
      -24.048080444335938,
      -22.486106872558594,
      -24.998844146728516,
      -24.121198654174805,
      -24.410139083862305,
      -24.621688842773438,
      -22.859033584594727
    ],
    [
      -24.209142684936523,
      -25.1218204498291,
      -25.043851852416992,
      -24.956165313720703,
      -24.792821884155273,
      -23.418428421020508,
      -26.091379165649414,
      -26.222570419311523,
      -25.861602783203125,
      -25.26095199584961,
      -26.567066192626953
    ],
    [
      -24.04903221130371,
      -25.337217330932617,
      -25.32168960571289,
      -25.20609474182129,
      -24.970598220825195,
      -23.247512817382812,
      -25.69042205810547,
      -26.3623104095459,
      -25.957557678222656,
      -25.505374908447266,
      -27.840112686157227
    ],
    [
      -25.5352783203125,
      -26.868722915649414,
      -26.6000919342041,
      -26.348384857177734,
      -25.781761169433594,
      -25.833850860595703,
      -26.6192569732666,
      -26.589527130126953,
      -27.162694931030273,
      -28.328941345214844,
      -32.4256591796875
    ],
    [
      -30.7509822845459,
      -28.335588455200195,
      -26.948116302490234,
      -26.19732666015625,
      -25.486051559448242,
      -24.27509880065918,
      -25.8868465423584,
      -26.593660354614258,
      -27.49046516418457,
      -28.23868751525879,
      -32.90596008300781
    ],
    [
      -32.030765533447266,
      -27.06568717956543,
      -26.269304275512695,
      -26.35016441345215,
      -25.697664260864258,
      -23.71811294555664,
      -26.929031372070312,
      -27.14789390563965,
      -26.402189254760742,
      -26.7360897064209,
      -25.034250259399414
    ],
    [
      -34.47273635864258,
      -30.049179077148438,
      -28.322067260742188,
      -27.955293655395508,
      -28.16681671142578,
      -26.51644515991211,
      -29.465087890625,
      -27.697101593017578,
      -27.514371871948242,
      -27.961698532104492,
      -31.439956665039062
    ],
    [
      -32.02479553222656,
      -30.027008056640625,
      -28.8181209564209,
      -28.69099235534668,
      -28.293060302734375,
      -27.783458709716797,
      -29.869205474853516,
      -28.470375061035156,
      -28.521591186523438,
      -30.90184783935547,
      -35.87218475341797
    ],
    [
      -27.673542022705078,
      -29.284608840942383,
      -29.031888961791992,
      -28.809446334838867,
      -28.232894897460938,
      -27.63516616821289,
      -29.368732452392578,
      -28.878673553466797,
      -28.683256149291992,
      -29.83989715576172,
      -34.77080154418945
    ],
    [
      -33.48263168334961,
      -31.831336975097656,
      -30.604028701782227,
      -29.8514404296875,
      -28.925710678100586,
      -27.012266159057617,
      -30.261978149414062,
      -29.9741268157959,
      -29.0869083404541,
      -29.970815658569336,
      -32.60502243041992
    ],
    [
      -39.61323928833008,
      -30.174997329711914,
      -30.62934112548828,
      -29.827762603759766,
      -29.75337791442871,
      -28.60238265991211,
      -30.783411026000977,
      -30.855314254760742,
      -30.8802547454834,
      -28.699565887451172,
      -37.10132598876953
    ],
    [
      -46.51179885864258,
      -33.514617919921875,
      -32.35938262939453,
      -30.443252563476562,
      -30.88383674621582,
      -29.910049438476562,
      -31.215232849121094,
      -31.03841781616211,
      -30.22189712524414,
      -29.297521591186523,
      -370
    ],
    [
      -30.96258544921875,
      -30.19275665283203,
      -22.487211227416992,
      -22.54610252380371,
      -31.96666717529297,
      -30.449630737304688,
      -30.467693328857422,
      -29.096176147460938,
      -28.437854766845703,
      -29.57098388671875,
      -29.131580352783203
    ],
    [
      -370,
      -36.9387092590332,
      -26.55992317199707,
      -25.58319664001465,
      -31.485204696655273,
      -29.83026885986328,
      -29.668920516967773,
      -27.858623504638672,
      -26.489299774169922,
      -24.789613723754883,
      -38.23566436767578
    ],
    [
      -35.56532287597656,
      -36.765830993652344,
      -32.688358306884766,
      -30.34113121032715,
      -34.65024185180664,
      -32.50796127319336,
      -31.26242446899414,
      -28.546159744262695,
      -28.192106246948242,
      -31.180824279785156,
      -50.703697204589844
    ],
    [
      -38.05928421020508,
      -34.17488098144531,
      -33.570098876953125,
      -32.513877868652344,
      -36.26837921142578,
      -34.501731872558594,
      -32.16128158569336,
      -30.765783309936523,
      -30.045434951782227,
      -27.921855926513672,
      -370
    ],
    [
      -33.905311584472656,
      -32.57127380371094,
      -34.475746154785156,
      -34.119049072265625,
      -37.252864837646484,
      -35.91301727294922,
      -34.197914123535156,
      -33.243072509765625,
      -32.61824035644531,
      -31.015827178955078,
      -52.01966857910156
    ],
    [
      -31.939193725585938,
      -33.759273529052734,
      -36.902130126953125,
      -36.821510314941406,
      -39.197593688964844,
      -37.93729019165039,
      -34.98847579956055,
      -33.63433837890625,
      -32.68974304199219,
      -33.95254898071289,
      -60.74861526489258
    ],
    [
      -38.36994552612305,
      -40.32249069213867,
      -39.38092041015625,
      -40.014610290527344,
      -42.38944625854492,
      -42.46539306640625,
      -37.48284149169922,
      -33.664894104003906,
      -32.43796157836914,
      -32.90998840332031,
      -38.658721923828125
    ],
    [
      -370,
      -50.6484489440918,
      -52.36859130859375,
      -48.67184066772461,
      -49.50536346435547,
      -49.99687957763672,
      -45.566551208496094,
      -38.202178955078125,
      -33.73213195800781,
      -33.05439758300781,
      -40.753177642822266
    ],
    [
      -52.46914291381836,
      -52.87329864501953,
      -56.8460693359375,
      -55.98155975341797,
      -55.87575149536133,
      -55.132442474365234,
      -48.11029815673828,
      -41.76497268676758,
      -39.30790328979492,
      -39.3668212890625,
      -47.269386291503906
    ]
  ],
  "histogram": [
    {
      "db": -70,
      "frequency": 1
    },
    {
      "db": -69,
      "frequency": 0
    },
    {
      "db": -68,
      "frequency": 0
    },
    {
      "db": -67,
      "frequency": 0
    },
    {
      "db": -66,
      "frequency": 0
    },
    {
      "db": -65,
      "frequency": 1
    },
    {
      "db": -64,
      "frequency": 0
    },
    {
      "db": -63,
      "frequency": 0
    },
    {
      "db": -62,
      "frequency": 0
    },
    {
      "db": -61,
      "frequency": 0
    },
    {
      "db": -60,
      "frequency": 1
    },
    {
      "db": -59,
      "frequency": 0
    },
    {
      "db": -58,
      "frequency": 0
    },
    {
      "db": -57,
      "frequency": 1
    },
    {
      "db": -56,
      "frequency": 0
    },
    {
      "db": -55,
      "frequency": 0
    },
    {
      "db": -54,
      "frequency": 1
    },
    {
      "db": -53,
      "frequency": 0
    },
    {
      "db": -52,
      "frequency": 1
    },
    {
      "db": -51,
      "frequency": 0
    },
    {
      "db": -50,
      "frequency": 0
    },
    {
      "db": -49,
      "frequency": 0
    },
    {
      "db": -48,
      "frequency": 0
    },
    {
      "db": -47,
      "frequency": 1
    },
    {
      "db": -46,
      "frequency": 1
    },
    {
      "db": -45,
      "frequency": 0
    },
    {
      "db": -44,
      "frequency": 1
    },
    {
      "db": -43,
      "frequency": 0
    },
    {
      "db": -42,
      "frequency": 1
    },
    {
      "db": -41,
      "frequency": 1
    },
    {
      "db": -40,
      "frequency": 0
    },
    {
      "db": -39,
      "frequency": 1
    },
    {
      "db": -38,
      "frequency": 1
    },
    {
      "db": -37,
      "frequency": 1
    },
    {
      "db": -36,
      "frequency": 1
    },
    {
      "db": -35,
      "frequency": 2
    },
    {
      "db": -34,
      "frequency": 1
    },
    {
      "db": -33,
      "frequency": 1
    },
    {
      "db": -32,
      "frequency": 0
    },
    {
      "db": -31,
      "frequency": 1
    },
    {
      "db": -30,
      "frequency": 2
    },
    {
      "db": -29,
      "frequency": 2
    },
    {
      "db": -28,
      "frequency": 0
    },
    {
      "db": -27,
      "frequency": 3
    },
    {
      "db": -26,
      "frequency": 2
    },
    {
      "db": -25,
      "frequency": 2
    },
    {
      "db": -24,
      "frequency": 12
    },
    {
      "db": -23,
      "frequency": 16
    },
    {
      "db": -22,
      "frequency": 25
    },
    {
      "db": -21,
      "frequency": 28
    },
    {
      "db": -20,
      "frequency": 47
    },
    {
      "db": -19,
      "frequency": 58
    },
    {
      "db": -18,
      "frequency": 36
    },
    {
      "db": -17,
      "frequency": 36
    },
    {
      "db": -16,
      "frequency": 51
    },
    {
      "db": -15,
      "frequency": 81
    },
    {
      "db": -14,
      "frequency": 71
    },
    {
      "db": -13,
      "frequency": 122
    },
    {
      "db": -12,
      "frequency": 218
    },
    {
      "db": -11,
      "frequency": 319
    },
    {
      "db": -10,
      "frequency": 461
    },
    {
      "db": -9,
      "frequency": 447
    },
    {
      "db": -8,
      "frequency": 356
    },
    {
      "db": -7,
      "frequency": 303
    },
    {
      "db": -6,
      "frequency": 387
    },
    {
      "db": -5,
      "frequency": 393
    },
    {
      "db": -4,
      "frequency": 178
    },
    {
      "db": -3,
      "frequency": 47
    },
    {
      "db": -2,
      "frequency": 0
    },
    {
      "db": -1,
      "frequency": 0
    },
    {
      "db": 0,
      "frequency": 0
    },
    {
      "db": 1,
      "frequency": 0
    },
    {
      "db": 2,
      "frequency": 0
    },
    {
      "db": 3,
      "frequency": 0
    },
    {
