{
  "acoustic_entropy": 212.40573120117188,
  "bands": [
    {
      "high_freq": 148.1999969482422,
      "loudness": -23.70177459716797,
      "loudness_range": 14.43093490600586,
      "mid_mean": -20.090744018554688,
      "mid_to_side_loudness": -32.68830108642578,
      "mid_to_side_loudness_range": 26.032970428466797,
      "side_mean": -54.14128875732422
    },
    {
      "high_freq": 392.3793640136719,
      "loudness": -22.16426658630371,
      "loudness_range": 11.685991287231445,
      "low_freq": 148.1999969482422,
      "mid_mean": -18.821155548095703,
      "mid_to_side_loudness": -12.60089111328125,
      "mid_to_side_loudness_range": 12.881406784057617,
      "side_mean": -31.440092086791992
    },
    {
      "high_freq": 794.6976318359375,
      "loudness": -24.110050201416016,
      "loudness_range": 15.534927368164062,
      "low_freq": 392.3793640136719,
      "mid_mean": -21.346805572509766,
      "mid_to_side_loudness": -7.836577892303467,
      "mid_to_side_loudness_range": 12.711502075195312,
      "side_mean": -29.15414047241211
    },
    {
      "high_freq": 1457.5709228515625,
      "loudness": -26.151548385620117,
      "loudness_range": 21.008413314819336,
      "low_freq": 794.6976318359375,
      "mid_mean": -23.858781814575195,
      "mid_to_side_loudness": -6.055607795715332,
      "mid_to_side_loudness_range": 14.098071098327637,
      "side_mean": -29.454254150390625
    },
    {
      "high_freq": 2549.74365234375,
      "loudness": -28.337026596069336,
      "loudness_range": 19.19475555419922,
      "low_freq": 1457.5709228515625,
      "mid_mean": -25.701311111450195,
      "mid_to_side_loudness": -6.841045379638672,
      "mid_to_side_loudness_range": 10.805877685546875,
      "side_mean": -31.950830459594727
    },
    {
      "high_freq": 4349.24462890625,
      "loudness": -30.485912322998047,
      "loudness_range": 19.411510467529297,
      "low_freq": 2549.74365234375,
      "mid_mean": -27.942983627319336,
      "mid_to_side_loudness": -6.266271114349365,
      "mid_to_side_loudness_range": 9.555370330810547,
      "side_mean": -33.907474517822266
    },
    {
      "high_freq": 7314.1640625,
      "loudness": -32.84749984741211,
      "loudness_range": 19.818359375,
      "low_freq": 4349.24462890625,
      "mid_mean": -30.585773468017578,
      "mid_to_side_loudness": -5.43290901184082,
      "mid_to_side_loudness_range": 10.485315322875977,
      "side_mean": -35.5818977355957
    },
    {
      "high_freq": 12199.2666015625,
      "loudness": -33.75244140625,
      "loudness_range": 16.432910919189453,
      "low_freq": 7314.1640625,
      "mid_mean": -31.396665573120117,
      "mid_to_side_loudness": -5.499566555023193,
      "mid_to_side_loudness_range": 7.053407669067383,
      "side_mean": -37.132286071777344
    },
    {
      "loudness": -41.82371520996094,
      "loudness_range": 15.94525146484375,
      "low_freq": 12199.2666015625,
      "mid_mean": -39.64583969116211,
      "mid_to_side_loudness": -4.558017730712891,
      "mid_to_side_loudness_range": 4.614773750305176,
      "side_mean": -44.385826110839844
    }
  ],
  "bands_short": [
    {
      "high_freq": 148.1999969482422,
      "loudness": -25.874298095703125,
      "loudness_range": 19.884977340698242,
      "mid_mean": -22.378721237182617,
      "mid_to_side_loudness": -34.01295471191406,
      "mid_to_side_loudness_range": 31.65655517578125,
      "side_mean": -58.64883804321289
    },
    {
      "high_freq": 392.3793640136719,
      "loudness": -22.40064811706543,
      "loudness_range": 14.078831672668457,
      "low_freq": 148.1999969482422,
      "mid_mean": -19.0484561920166,
      "mid_to_side_loudness": -13.650252342224121,
      "mid_to_side_loudness_range": 15.85513687133789,
      "side_mean": -32.71510314941406
    },
    {
      "high_freq": 794.6976318359375,
      "loudness": -24.50591468811035,
      "loudness_range": 17.52505874633789,
      "low_freq": 392.3793640136719,
      "mid_mean": -21.839937210083008,
      "mid_to_side_loudness": -7.7502827644348145,
      "mid_to_side_loudness_range": 14.506112098693848,
      "side_mean": -29.612407684326172
    },
    {
      "high_freq": 1457.5709228515625,
      "loudness": -26.679546356201172,
      "loudness_range": 22.699371337890625,
      "low_freq": 794.6976318359375,
      "mid_mean": -24.608840942382812,
      "mid_to_side_loudness": -5.697725296020508,
      "mid_to_side_loudness_range": 15.841157913208008,
      "side_mean": -29.869203567504883
    },
    {
      "high_freq": 2549.74365234375,
      "loudness": -29.475431442260742,
      "loudness_range": 22.31627655029297,
      "low_freq": 1457.5709228515625,
      "mid_mean": -26.91558074951172,
      "mid_to_side_loudness": -6.959291934967041,
      "mid_to_side_loudness_range": 12.729374885559082,
      "side_mean": -33.457584381103516
    },
    {
      "high_freq": 4349.24462890625,
      "loudness": -31.625885009765625,
      "loudness_range": 23.01692008972168,
      "low_freq": 2549.74365234375,
      "mid_mean": -29.151954650878906,
      "mid_to_side_loudness": -6.399118900299072,
      "mid_to_side_loudness_range": 11.201408386230469,
      "side_mean": -35.31928634643555
    },
    {
      "high_freq": 7314.1640625,
      "loudness": -34.718448638916016,
      "loudness_range": 25.559141159057617,
      "low_freq": 4349.24462890625,
      "mid_mean": -32.48738098144531,
      "mid_to_side_loudness": -5.640749454498291,
      "mid_to_side_loudness_range": 12.620566368103027,
      "side_mean": -38.00453186035156
    },
    {
      "high_freq": 12199.2666015625,
      "loudness": -36.59787368774414,
      "loudness_range": 25.203020095825195,
      "low_freq": 7314.1640625,
      "mid_mean": -34.488407135009766,
      "mid_to_side_loudness": -5.878973484039307,
      "mid_to_side_loudness_range": 9.42286205291748,
      "side_mean": -41.110015869140625
    },
    {
      "loudness": -46.18690490722656,
      "loudness_range": 28.116750717163086,
      "low_freq": 12199.2666015625,
      "mid_mean": -45.51386642456055,
      "mid_to_side_loudness": -5.355404853820801,
      "mid_to_side_loudness_range": 8.662540435791016,
      "side_mean": -51.89950942993164
    }
  ],
  "bandwidth": 618.6690063476562,
  "channels": 2,
  "covariance": [
    [
      34.918392181396484,
      15.651000022888184,
      10.948740005493164,
      10.368367195129395,
      7.8999247550964355,
      16.674646377563477,
      16.17205810546875,
      22.345008850097656,
      11.355944633483887,
      11.63664436340332,
      16.298460006713867,
      17.44223976135254,
      16.02587127685547,
      18.854442596435547,
      8.2691011428833,
      12.012304306030273,
      6.713133811950684,
      8.648946762084961
    ],
    [
      15.651000022888184,
      53.941463470458984,
      11.798784255981445,
      21.434139251708984,
      16.610464096069336,
      23.788816452026367,
      25.816587448120117,
      29.461252212524414,
      24.203128814697266,
      21.694210052490234,
      23.752161026000977,
      23.860271453857422,
      16.775352478027344,
      13.898017883300781,
      2.762482166290283,
      5.734431743621826,
      -0.47627225518226624,
      1.3357571363449097
    ],
    [
      10.948740005493164,
      11.798784255981445,
      19.7337646484375,
      16.094772338867188,
      11.273479461669922,
      16.101688385009766,
      13.234509468078613,
      15.015572547912598,
      14.093057632446289,
      12.23793888092041,
      15.335664749145508,
      16.38280487060547,
      11.78169059753418,
      10.527461051940918,
      5.727241039276123,
      6.474081039428711,
      3.9979822635650635,
      5.061848163604736
    ],
    [
      10.368367195129395,
      21.434139251708984,
      16.094772338867188,
      31.953670501708984,
      17.800905227661133,
      27.614465713500977,
      21.743913650512695,
      28.07640838623047,
      22.39731788635254,
      21.492687225341797,
      21.08061981201172,
      24.877050399780273,
      12.424123764038086,
      12.703567504882812,
      2.2456934452056885,
      6.443674087524414,
      -0.018323848024010658,
      2.526460886001587
    ],
    [
      7.8999247550964355,
      16.610464096069336,
      11.273479461669922,
      17.800905227661133,
      34.12936782836914,
      28.868616104125977,
      30.570186614990234,
      27.143272399902344,
      29.906204223632812,
      21.904329299926758,
      28.532331466674805,
      24.00682830810547,
      20.01317024230957,
      14.459092140197754,
      8.13396167755127,
      8.509502410888672,
      4.458281517028809,
      4.967369079589844
    ],
    [
      16.674646377563477,
      23.788816452026367,
      16.101688385009766,
      27.614465713500977,
      28.868616104125977,
      45.5347785949707,
      35.472259521484375,
      44.91363525390625,
      31.452085494995117,
      29.895225524902344,
      30.667081832885742,
      34.154380798339844,
      21.79694366455078,
      22.408029556274414,
      6.689310550689697,
      12.821953773498535,
      4.7573323249816895,
      7.604355812072754
    ],
    [
      16.17205810546875,
      25.816587448120117,
      13.234509468078613,
      21.743913650512695,
      30.570186614990234,
      35.472259521484375,
      56.95233154296875,
      51.61671447753906,
      39.70599365234375,
      31.786115646362305,
      39.62433624267578,
      35.06724548339844,
      27.230863571166992,
      23.94802474975586,
      7.479421615600586,
      11.454219818115234,
      3.4690139293670654,
      5.522617816925049
    ],
    [
      22.345008850097656,
      29.461252212524414,
      15.015572547912598,
      28.07640838623047,
      27.143272399902344,
      44.91363525390625,
      51.61671447753906,
      75.60533142089844,
      37.764644622802734,
      40.912086486816406,
      37.44941711425781,
      42.57012176513672,
      24.468183517456055,
      30.738433837890625,
      5.831180095672607,
      15.682546615600586,
      2.4360620975494385,
      7.676977157592773
    ],
    [
      11.355944633483887,
      24.203128814697266,
      14.093057632446289,
      22.39731788635254,
      29.906204223632812,
      31.452085494995117,
      39.70599365234375,
      37.764644622802734,
      48.01905822753906,
      34.97216033935547,
      42.649681091308594,
      36.10328674316406,
      31.427473068237305,
      24.01643943786621,
      12.328848838806152,
      12.683919906616211,
      6.446950435638428,
      7.425724029541016
    ],
    [
      11.63664436340332,
      21.694210052490234,
      12.23793888092041,
      21.492687225341797,
      21.904329299926758,
      29.895225524902344,
      31.786115646362305,
      40.912086486816406,
      34.97216033935547,
      42.562644958496094,
      32.65950012207031,
      37.25356674194336,
      24.785703659057617,
      28.049558639526367,
      10.946172714233398,
      16.834741592407227,
      7.503555774688721,
      10.83324146270752
    ],
    [
      16.298460006713867,
      23.752161026000977,
      15.335664749145508,
      21.08061981201172,
      28.532331466674805,
      30.667081832885742,
      39.62433624267578,
      37.44941711425781,
      42.649681091308594,
      32.65950012207031,
      50.67400360107422,
      42.94763946533203,
      39.32335662841797,
      32.321144104003906,
      18.656129837036133,
      19.16790199279785,
      10.838282585144043,
      11.813939094543457
    ],
    [
      17.44223976135254,
      23.860271453857422,
      16.38280487060547,
      24.877050399780273,
      24.00682830810547,
      34.154380798339844,
      35.06724548339844,
      42.57012176513672,
      36.10328674316406,
      37.25356674194336,
      42.94763946533203,
      51.98971176147461,
      36.65522384643555,
      39.29268264770508,
      17.854524612426758,
      25.41788101196289,
      11.866498947143555,
      16.20225715637207
    ],
    [
      16.02587127685547,
      16.775352478027344,
      11.78169059753418,
      12.424123764038086,
      20.01317024230957,
      21.79694366455078,
      27.230863571166992,
      24.468183517456055,
      31.427473068237305,
      24.785703659057617,
      39.32335662841797,
      36.65522384643555,
      53.12765121459961,
      40.05887985229492,
      33.637718200683594,
      30.478593826293945,
      24.87287712097168,
      23.344009399414062
    ],
    [
      18.854442596435547,
      13.898017883300781,
      10.527461051940918,
      12.703567504882812,
      14.459092140197754,
      22.408029556274414,
      23.94802474975586,
      30.738433837890625,
      24.01643943786621,
      28.049558639526367,
      32.321144104003906,
      39.29268264770508,
      40.05887985229492,
      50.3275260925293,
      28.485305786132812,
      37.12834548950195,
      24.47943687438965,
      29.336952209472656
    ],
    [
      8.2691011428833,
      2.762482166290283,
      5.727241039276123,
      2.2456934452056885,
      8.13396167755127,
      6.689310550689697,
      7.479421615600586,
      5.831180095672607,
      12.328848838806152,
      10.946172714233398,
      18.656129837036133,
      17.854524612426758,
      33.637718200683594,
      28.485305786132812,
      42.429264068603516,
      34.45294189453125,
      35.859275817871094,
      31.49646759033203
    ],
    [
      12.012304306030273,
      5.734431743621826,
      6.474081039428711,
      6.443674087524414,
      8.509502410888672,
      12.821953773498535,
      11.454219818115234,
      15.682546615600586,
      12.683919906616211,
      16.834741592407227,
      19.16790199279785,
      25.41788101196289,
      30.478593826293945,
      37.12834548950195,
      34.45294189453125,
      43.63135528564453,
      33.783267974853516,
      38.254188537597656
    ],
    [
      6.713133811950684,
      -0.47627225518226624,
      3.9979822635650635,
      -0.018323848024010658,
      4.458281517028809,
      4.7573323249816895,
      3.4690139293670654,
      2.4360620975494385,
      6.446950435638428,
      7.503555774688721,
      10.838282585144043,
      11.866498947143555,
      24.87287712097168,
      24.47943687438965,
      35.859275817871094,
      33.783267974853516,
      41.302764892578125,
      38.13874816894531
    ],
    [
      8.648946762084961,
      1.3357571363449097,
      5.061848163604736,
      2.526460886001587,
      4.967369079589844,
      7.604355812072754,
      5.522617816925049,
      7.676977157592773,
      7.425724029541016,
      10.83324146270752,
      11.813939094543457,
      16.20225715637207,
      23.344009399414062,
      29.336952209472656,
      31.49646759033203,
      38.254188537597656,
      38.13874816894531,
      44.07065200805664
    ]
  ],
  "covariance_short": [
    [
      62.136924743652344,
      15.349501609802246,
      16.071077346801758,
      12.926713943481445,
      10.03393840789795,
      17.97592544555664,
      17.136241912841797,
      23.171791076660156,
      13.784955978393555,
      14.629298210144043,
      20.025409698486328,
      23.07352066040039,
      20.658226013183594,
      25.789819717407227,
      13.704025268554688,
      19.71160125732422,
      26.546884536743164,
      27.8936767578125
    ],
    [
      15.349501609802246,
      54.19719314575195,
      14.026141166687012,
      23.937360763549805,
      18.263673782348633,
      23.2430419921875,
      26.390092849731445,
      27.437335968017578,
      26.75124168395996,
      26.365617752075195,
      25.75368309020996,
      27.096128463745117,
      19.561389923095703,
      21.423593521118164,
      11.301213264465332,
      17.749452590942383,
      9.05436897277832,
      22.521127700805664
    ],
    [
      16.071077346801758,
      14.026141166687012,
      27.231863021850586,
      18.31702423095703,
      14.81827449798584,
      18.798683166503906,
      15.84879207611084,
      17.18182373046875,
      16.85240364074707,
      16.007341384887695,
      18.490583419799805,
      19.92233657836914,
      15.305753707885742,
      16.491090774536133,
      10.84981632232666,
      13.6786470413208,
      16.536792755126953,
      20.988887786865234
    ],
    [
      12.926713943481445,
      23.937360763549805,
      18.31702423095703,
      40.06669235229492,
      21.552173614501953,
      30.297130584716797,
      23.74333953857422,
      28.312135696411133,
      25.776336669921875,
      26.753524780273438,
      25.04799461364746,
      30.388545989990234,
      17.144775390625,
      21.280065536499023,
      9.577759742736816,
      17.195249557495117,
      5.846139907836914,
      17.735506057739258
    ],
    [
      10.03393840789795,
      18.263673782348633,
      14.81827449798584,
      21.552173614501953,
      43.15971374511719,
      32.16171646118164,
      35.29214096069336,
      29.600414276123047,
      37.06757354736328,
      29.334430694580078,
      35.98500061035156,
      31.098649978637695,
      28.839460372924805,
      24.698131561279297,
      18.31959342956543,
      20.113576889038086,
      17.645097732543945,
      22.928081512451172
    ],
    [
      17.97592544555664,
      23.2430419921875,
      18.798683166503906,
      30.297130584716797,
      32.16171646118164,
      50.518157958984375,
      38.162418365478516,
      45.9235725402832,
      36.2437629699707,
      36.84756851196289,
      35.586753845214844,
      40.61274337768555,
      28.383787155151367,
      32.6746940612793,
      15.9660062789917,
      25.132556915283203,
      19.017980575561523,
      31.71710777282715
    ],
    [
      17.136241912841797,
      26.390092849731445,
      15.84879207611084,
      23.74333953857422,
      35.29214096069336,
      38.162418365478516,
      66.58916473388672,
      54.507022857666016,
      46.862361907958984,
      40.088401794433594,
      47.37269973754883,
      43.63739013671875,
      37.70309829711914,
      37.05221939086914,
      21.148405075073242,
      27.602497100830078,
      23.463134765625,
      30.567861557006836
    ],
    [
      23.171791076660156,
      27.437335968017578,
      17.18182373046875,
      28.312135696411133,
      29.600414276123047,
      45.9235725402832,
      54.507022857666016,
      81.01663970947266,
      42.33574295043945,
      46.882869720458984,
      41.80588912963867,
      49.045650482177734,
      32.34672546386719,
      43.47068786621094,
      18.065275192260742,
      31.93460464477539,
      21.99820899963379,
      32.30244445800781
    ],
    [
      13.784955978393555,
      26.75124168395996,
      16.85240364074707,
      25.776336669921875,
      37.06757354736328,
      36.2437629699707,
      46.862361907958984,
      42.33574295043945,
      62.11979293823242,
      46.69658279418945,
      53.56129455566406,
      46.879356384277344,
      44.78535461425781,
      40.727664947509766,
      28.968944549560547,
      32.84604263305664,
      27.344314575195312,
      35.175052642822266
    ],
    [
      14.629298210144043,
      26.365617752075195,
      16.007341384887695,
      26.753524780273438,
      29.334430694580078,
      36.84756851196289,
      40.088401794433594,
      46.882869720458984,
      46.69658279418945,
      59.38859939575195,
      42.94512176513672,
      50.31730651855469,
      38.01077651977539,
      46.72529983520508,
      27.748517990112305,
      39.32835006713867,
      27.766220092773438,
      37.96519088745117
    ],
    [
      20.025409698486328,
      25.75368309020996,
      18.490583419799805,
      25.04799461364746,
      35.98500061035156,
      35.586753845214844,
      47.37269973754883,
      41.80588912963867,
      53.56129455566406,
      42.94512176513672,
      68.61345672607422,
      56.822296142578125,
      58.7753791809082,
      53.62298583984375,
      41.70587158203125,
      45.35354995727539,
      43.26746368408203,
      47.76664352416992
    ],
    [
      23.07352066040039,
      27.096128463745117,
      19.92233657836914,
      30.388545989990234,
      31.098649978637695,
      40.61274337768555,
      43.63739013671875,
      49.045650482177734,
      46.879356384277344,
      50.31730651855469,
      56.822296142578125,
      69.69709014892578,
      52.998199462890625,
      63.068946838378906,
      39.06351089477539,
      54.15155029296875,
      42.55485534667969,
      54.827247619628906
    ],
    [
      20.658226013183594,
      19.561389923095703,
      15.305753707885742,
      17.144775390625,
      28.839460372924805,
      28.383787155151367,
      37.70309829711914,
      32.34672546386719,
      44.78535461425781,
      38.01077651977539,
      58.7753791809082,
      52.998199462890625,
      81.82192993164062,
      67.06989288330078,
      66.23929595947266,
      64.21354675292969,
      67.89990234375,
      67.36842346191406
    ],
    [
      25.789819717407227,
      21.423593521118164,
      16.491090774536133,
      21.280065536499023,
      24.698131561279297,
      32.6746940612793,
      37.05221939086914,
      43.47068786621094,
      40.727664947509766,
      46.72529983520508,
      53.62298583984375,
      63.068946838378906,
      67.06989288330078,
      87.30908203125,
      60.28326416015625,
      79.79296875,
      68.44725036621094,
      78.0781478881836
    ],
    [
      13.704025268554688,
      11.301213264465332,
      10.84981632232666,
      9.577759742736816,
      18.31959342956543,
      15.9660062789917,
      21.148405075073242,
      18.065275192260742,
      28.968944549560547,
      27.748517990112305,
      41.70587158203125,
      39.06351089477539,
      66.23929595947266,
      60.28326416015625,
      85.67500305175781,
      74.9761962890625,
      80.18841552734375,
      73.16780853271484
    ],
    [
      19.71160125732422,
      17.749452590942383,
      13.6786470413208,
      17.195249557495117,
      20.113576889038086,
      25.132556915283203,
      27.602497100830078,
      31.93460464477539,
      32.84604263305664,
      39.32835006713867,
      45.35354995727539,
      54.15155029296875,
      64.21354675292969,
      79.79296875,
      74.9761962890625,
      98.76780700683594,
      82.56724548339844,
      92.33235168457031
    ],
    [
      26.546884536743164,
      9.05436897277832,
      16.536792755126953,
      5.846139907836914,
      17.645097732543945,
      19.017980575561523,
      23.463134765625,
      21.99820899963379,
      27.344314575195312,
      27.766220092773438,
      43.26746368408203,
      42.55485534667969,
      67.89990234375,
      68.44725036621094,
      80.18841552734375,
      82.56724548339844,
      114.2948226928711,
      104.64867401123047
    ],
    [
      27.8936767578125,
      22.521127700805664,
      20.988887786865234,
      17.735506057739258,
      22.928081512451172,
      31.71710777282715,
      30.567861557006836,
      32.30244445800781,
      35.175052642822266,
      37.96519088745117,
      47.76664352416992,
      54.827247619628906,
      67.36842346191406,
      78.0781478881836,
      73.16780853271484,
      92.33235168457031,
      104.64867401123047,
      124.2607650756836
    ]
  ],
  "damage": -7.255350112915039,
  "diff_bandwidth": 652.0083618164062,
  "dissonance": 7.957901816723153,
  "drr": 13.678053855895996,
  "dynamics": 3.9074618816375732,
  "format": 65538,
  "frames": 16633344,
  "freq_pan_to_db": [
    [
      -31.451148986816406,
      -31.274917602539062,
      -28.02860450744629,
      -24.85034942626953,
      -17.101238250732422,
      -12.353754997253418,
      -17.642845153808594,
      -23.472639083862305,
      -26.411317825317383,
      -31.754087448120117,
      -34.42550277709961
    ],
    [
      -28.9798641204834,
      -30.557907104492188,
      -24.367929458618164,
      -21.06231689453125,
      -15.144686698913574,
      -12.16916561126709,
      -15.134441375732422,
      -19.10073471069336,
      -23.667003631591797,
      -26.6694393157959,
      -34.4683837890625
    ],
    [
      -30.836528778076172,
      -29.095178604125977,
      -26.370723724365234,
      -23.655698776245117,
      -17.066911697387695,
      -13.028668403625488,
      -16.07703971862793,
      -20.39046287536621,
      -22.482053756713867,
      -27.822538375854492,
      -29.90070915222168
    ],
    [
      -31.56456756591797,
      -27.981298446655273,
      -26.299057006835938,
      -20.890810012817383,
      -17.283472061157227,
      -15.315771102905273,
      -18.11320686340332,
      -21.303462982177734,
      -24.327699661254883,
      -26.22039794921875,
      -27.294931411743164
    ],
    [
      -25.217517852783203,
      -22.956378936767578,
      -20.683977127075195,
      -18.444833755493164,
      -16.261137008666992,
      -14.733596801757812,
      -15.6532564163208,
      -17.80050277709961,
      -19.724933624267578,
      -22.089656829833984,
      -23.286535263061523
    ],
    [
      -21.575918197631836,
      -20.40953826904297,
      -18.80663299560547,
      -17.46750259399414,
      -15.908905982971191,
      -14.194784164428711,
      -15.19498348236084,
      -17.258621215820312,
      -18.624813079833984,
      -20.404483795166016,
      -21.083364486694336
    ],
    [
      -20.761808395385742,
      -19.971710205078125,
      -18.158578872680664,
      -17.11037826538086,
      -15.631596565246582,
      -13.145237922668457,
      -14.672033309936523,
      -17.203838348388672,
      -19.262786865234375,
      -20.46272087097168,
      -19.979717254638672
    ],
    [
      -20.13654327392578,
      -19.527339935302734,
      -18.40873146057129,
      -16.744531631469727,
      -13.869735717773438,
      -13.11450481414795,
      -15.192941665649414,
      -17.354032516479492,
      -18.08271598815918,
      -18.977767944335938,
      -19.51653480529785
    ],
    [
      -21.151369094848633,
      -20.220855712890625,
      -18.852615356445312,
      -17.239643096923828,
      -16.046749114990234,
      -16.282379150390625,
      -18.42456817626953,
      -20.327499389648438,
      -21.33473777770996,
      -21.899641036987305,
      -22.584125518798828
    ],
    [
      -19.44847297668457,
      -19.104114532470703,
      -18.057432174682617,
      -16.26265525817871,
      -14.037154197692871,
      -14.304855346679688,
      -16.882221221923828,
      -18.53441047668457,
      -18.585186004638672,
      -18.472259521484375,
      -19.547876358032227
    ],
    [
      -17.069547653198242,
      -18.492395401000977,
      -18.34726333618164,
      -16.6815185546875,
      -15.196551322937012,
      -14.117977142333984,
      -14.5361909866333,
      -16.794836044311523,
      -18.09218406677246,
      -18.54988670349121,
      -18.760761260986328
    ],
    [
      -17.79469871520996,
      -18.363805770874023,
      -17.95677375793457,
      -18.27090072631836,
      -17.942678451538086,
      -16.5671443939209,
      -17.61057472229004,
      -18.454662322998047,
      -19.033039093017578,
      -20.914400100708008,
      -20.90813636779785
    ],
    [
      -19.206388473510742,
      -19.949810028076172,
      -20.38116455078125,
      -19.391908645629883,
      -19.478212356567383,
      -18.768545150756836,
      -19.521394729614258,
      -19.76107406616211,
      -20.003875732421875,
      -20.589021682739258,
      -21.699665069580078
    ],
    [
      -20.04166030883789,
      -20.404340744018555,
      -20.19383430480957,
      -20.09535026550293,
      -19.29544448852539,
      -16.866304397583008,
      -17.424158096313477,
      -18.292905807495117,
      -18.872547149658203,
      -20.14340591430664,
      -20.202388763427734
    ],
    [
      -20.603309631347656,
      -20.039813995361328,
      -19.86720085144043,
      -18.277175903320312,
      -17.85019302368164,
      -16.31609344482422,
      -17.358200073242188,
      -17.02359962463379,
      -17.070215225219727,
      -17.63151741027832,
      -15.949057579040527
    ],
    [
      -22.05586814880371,
      -20.495620727539062,
      -19.753379821777344,
      -19.34018898010254,
      -20.47864532470703,
      -18.322172164916992,
      -18.442176818847656,
      -18.504547119140625,
      -18.126678466796875,
      -18.611431121826172,
      -16.174015045166016
    ],
    [
      -25.756784439086914,
      -21.494144439697266,
      -20.402847290039062,
      -20.11650276184082,
      -23.709104537963867,
      -20.868494033813477,
      -20.060983657836914,
      -20.2513427734375,
      -21.467117309570312,
      -20.039714813232422,
      -18.607603073120117
    ],
    [
      -21.55667495727539,
      -18.954233169555664,
      -17.089370727539062,
      -16.334232330322266,
      -20.29996109008789,
      -19.574193954467773,
      -17.175140380859375,
      -16.74540138244629,
      -19.607845306396484,
      -16.93885612487793,
      -14.842232704162598
    ],
    [
      -27.06898307800293,
      -24.24453353881836,
      -22.165584564208984,
      -22.60564422607422,
      -23.549901962280273,
      -20.098703384399414,
      -22.394872665405273,
      -22.910463333129883,
      -21.235246658325195,
      -21.036020278930664,
      -18.01419448852539
    ],
    [
      -23.549903869628906,
      -26.419511795043945,
      -25.34787368774414,
      -25.845340728759766,
      -25.582355499267578,
      -23.663253784179688,
      -24.71190071105957,
      -25.72152328491211,
      -25.247047424316406,
      -21.75323486328125,
      -19.172012329101562
    ],
    [
      -27.346826553344727,
      -27.60176658630371,
      -26.458906173706055,
      -26.2642822265625,
      -24.53948974609375,
      -23.35157585144043,
      -27.404165267944336,
      -25.43137550354004,
      -26.59370994567871,
      -23.6539363861084,
      -19.963674545288086
    ],
    [
      -27.070362091064453,
      -28.419872283935547,
      -27.296344757080078,
      -26.99842643737793,
      -27.105667114257812,
      -25.957887649536133,
      -28.520837783813477,
      -27.934303283691406,
      -28.036590576171875,
      -28.05999755859375,
      -26.20870590209961
    ],
    [
      -28.6157283782959,
      -28.62491798400879,
      -28.73611831665039,
      -28.220844268798828,
      -28.154470443725586,
      -27.001218795776367,
      -29.73831558227539,
      -30.013399124145508,
      -29.549211502075195,
      -28.832448959350586,
      -30.00579261779785
    ],
    [
      -27.635833740234375,
      -29.282958984375,
      -28.72283172607422,
      -28.50831413269043,
      -28.378520965576172,
      -26.74077033996582,
      -29.361040115356445,
      -29.94710350036621,
      -29.49703598022461,
      -28.685001373291016,
      -31.00514030456543
    ],
    [
      -29.827613830566406,
      -30.76763916015625,
      -30.14154815673828,
      -30.092838287353516,
      -29.35997200012207,
      -29.21990966796875,
      -30.26897621154785,
      -30.06200408935547,
      -30.80921745300293,
      -32.23917007446289,
      -36.4034538269043
    ],
    [
      -33.88349914550781,
      -32.14171600341797,
      -30.533910751342773,
      -29.9759464263916,
      -29.050251007080078,
      -27.51630210876465,
      -29.424705505371094,
      -30.458721160888672,
      -31.308916091918945,
      -31.793609619140625,
      -35.92549133300781
    ],
    [
      -34.501190185546875,
      -30.907758712768555,
      -30.024730682373047,
      -29.942298889160156,
      -29.363361358642578,
      -26.913230895996094,
      -30.753555297851562,
      -30.806171417236328,
      -30.050914764404297,
      -30.0245361328125,
      -29.24693489074707
    ],
    [
      -37.27840805053711,
      -33.87591552734375,
      -31.92957878112793,
      -31.640886306762695,
      -31.906349182128906,
      -29.771514892578125,
      -33.28107833862305,
      -31.27804946899414,
      -31.168081283569336,
      -31.63518714904785,
      -35.650482177734375
    ],
    [
      -36.74619674682617,
      -33.811927795410156,
      -32.53742218017578,
      -32.40673065185547,
      -32.11971664428711,
      -30.995248794555664,
      -33.540157318115234,
      -32.20077133178711,
      -32.406883239746094,
      -34.6199951171875,
      -38.664424896240234
    ],
    [
      -30.930700302124023,
      -33.0333251953125,
      -32.694339752197266,
      -32.640872955322266,
      -32.0262336730957,
      -30.822378158569336,
      -33.16342544555664,
      -32.585575103759766,
      -32.528743743896484,
      -32.824501037597656,
      -37.568058013916016
    ],
    [
      -39.17001724243164,
      -34.710079193115234,
      -34.2551383972168,
      -33.74526596069336,
      -32.7468376159668,
      -30.294645309448242,
      -34.14961624145508,
      -33.6910400390625,
      -33.03631591796875,
      -33.562721252441406,
      -37.062400817871094
    ],
    [
      -48.547306060791016,
      -33.71487045288086,
      -34.411338806152344,
      -33.5751953125,
      -33.46786880493164,
      -32.12356948852539,
      -34.715484619140625,
      -34.705806732177734,
      -34.856109619140625,
      -33.32437515258789,
      -41.77577209472656
    ],
    [
      -31.728891372680664,
      -36.14854431152344,
      -35.990909576416016,
      -34.15348815917969,
      -34.68693161010742,
      -33.491519927978516,
      -35.05922317504883,
      -34.97675323486328,
      -34.21890640258789,
      -31.885587692260742,
      -34.51417922973633
    ],
    [
      -32.67106246948242,
      -34.379024505615234,
      -21.919063568115234,
      -27.729467391967773,
      -35.835792541503906,
      -34.11381530761719,
      -34.292266845703125,
      -32.82107162475586,
      -32.14423751831055,
      -33.642967224121094,
      -47.80449676513672
    ],
    [
      -370,
      -40.49835968017578,
      -28.020492553710938,
      -29.801549911499023,
      -35.66495895385742,
      -33.40279769897461,
      -33.4950065612793,
      -31.597301483154297,
      -30.146440505981445,
      -28.844951629638672,
      -370
    ],
    [
      -38.31125259399414,
      -39.842960357666016,
      -36.29990005493164,
      -33.99533462524414,
      -38.71778106689453,
      -36.33293533325195,
      -35.17329788208008,
      -32.28288650512695,
      -31.769962310791016,
      -34.13441467285156,
      -370
    ],
    [
      -41.43960189819336,
      -37.31440734863281,
      -37.10862731933594,
      -36.27896499633789,
      -40.11332321166992,
      -38.431217193603516,
      -36.016387939453125,
      -34.51413345336914,
      -33.19429016113281,
      -31.884782791137695,
      -52.35287857055664
    ],
    [
      -37.841468811035156,
      -35.955474853515625,
      -38.10737228393555,
      -37.67426681518555,
      -41.41618347167969,
      -39.74089050292969,
      -38.069427490234375,
      -36.921783447265625,
      -35.61217498779297,
      -34.792789459228516,
      -55.944095611572266
    ],
    [
      -36.49679183959961,
      -36.74646759033203,
      -40.17416000366211,
      -40.51614761352539,
      -43.1758918762207,
      -41.90409469604492,
      -38.774200439453125,
      -37.34386444091797,
      -36.574764251708984,
      -37.67291259765625,
      -60.01816940307617
    ],
    [
      -40.87052536010742,
      -41.96918487548828,
      -42.510650634765625,
      -43.959068298339844,
      -46.06837463378906,
      -46.41858673095703,
      -41.43395233154297,
      -37.5161247253418,
      -35.98041534423828,
      -36.3785285949707,
      -42.3317756652832
    ],
    [
      -51.36800765991211,
      -54.7762336730957,
      -55.653778076171875,
      -52.1408805847168,
      -53.56180953979492,
      -53.83149719238281,
      -49.61665344238281,
      -42.13738250732422,
      -37.58791732788086,
      -36.6321907043457,
      -45.46744918823242
    ],
    [
      -56.40943908691406,
      -56.9818000793457,
      -60.25058364868164,
      -59.88658142089844,
      -59.87094497680664,
      -59.07355880737305,
      -52.131248474121094,
      -45.69768142700195,
      -43.060855865478516,
      -43.20379638671875,
      -49.398887634277344
    ]
  ],
  "histogram": [
    {
      "db": -70,
      "frequency": 0
    },
    {
      "db": -69,
      "frequency": 1
    },
    {
      "db": -68,
      "frequency": 0
    },
    {
      "db": -67,
      "frequency": 0
    },
    {
      "db": -66,
      "frequency": 0
    },
    {
      "db": -65,
      "frequency": 0
    },
    {
      "db": -64,
      "frequency": 1
    },
    {
      "db": -63,
      "frequency": 0
    },
    {
      "db": -62,
      "frequency": 0
    },
    {
      "db": -61,
      "frequency": 1
    },
    {
      "db": -60,
      "frequency": 0
    },
    {
      "db": -59,
      "frequency": 0
    },
    {
      "db": -58,
      "frequency": 1
    },
    {
      "db": -57,
      "frequency": 0
    },
    {
      "db": -56,
      "frequency": 1
    },
    {
      "db": -55,
      "frequency": 0
    },
    {
      "db": -54,
      "frequency": 0
    },
    {
      "db": -53,
      "frequency": 0
    },
    {
      "db": -52,
      "frequency": 0
    },
    {
      "db": -51,
      "frequency": 1
    },
    {
      "db": -50,
      "frequency": 1
    },
    {
      "db": -49,
      "frequency": 0
    },
    {
      "db": -48,
      "frequency": 1
    },
    {
      "db": -47,
      "frequency": 0
    },
    {
      "db": -46,
      "frequency": 1
    },
    {
      "db": -45,
      "frequency": 1
    },
    {
      "db": -44,
      "frequency": 0
    },
    {
      "db": -43,
      "frequency": 1
    },
    {
      "db": -42,
      "frequency": 1
    },
    {
      "db": -41,
      "frequency": 1
    },
    {
      "db": -40,
      "frequency": 1
    },
    {
      "db": -39,
      "frequency": 2
    },
    {
      "db": -38,
      "frequency": 1
    },
    {
      "db": -37,
      "frequency": 1
    },
    {
      "db": -36,
      "frequency": 0
    },
    {
      "db": -35,
      "frequency": 1
    },
    {
      "db": -34,
      "frequency": 2
    },
    {
      "db": -33,
      "frequency": 2
    },
    {
      "db": -32,
      "frequency": 0
    },
    {
      "db": -31,
      "frequency": 3
    },
    {
      "db": -30,
      "frequency": 2
    },
    {
      "db": -29,
      "frequency": 1
    },
    {
      "db": -28,
      "frequency": 13
    },
    {
      "db": -27,
      "frequency": 16
    },
    {
      "db": -26,
      "frequency": 25
    },
    {
      "db": -25,
      "frequency": 28
    },
    {
      "db": -24,
      "frequency": 47
    },
    {
      "db": -23,
      "frequency": 58
    },
    {
      "db": -22,
      "frequency": 36
    },
    {
      "db": -21,
      "frequency": 35
    },
    {
      "db": -20,
      "frequency": 51
    },
    {
      "db": -19,
      "frequency": 79
    },
    {
      "db": -18,
      "frequency": 69
    },
    {
      "db": -17,
      "frequency": 113
    },
    {
      "db": -16,
      "frequency": 193
    },
    {
      "db": -15,
      "frequency": 318
    },
    {
      "db": -14,
      "frequency": 430
    },
    {
      "db": -13,
      "frequency": 421
    },
    {
      "db": -12,
      "frequency": 371
    },
    {
      "db": -11,
      "frequency": 266
    },
    {
      "db": -10,
      "frequency": 301
    },
    {
      "db": -9,
      "frequency": 322
    },
    {
      "db": -8,
      "frequency": 272
    },
    {
      "db": -7,
      "frequency": 152
    },
    {
      "db": -6,
      "frequency": 61
    },
    {
      "db": -5,
      "frequency": 16
    },
    {
      "db": -4,
      "frequency": 0
    },
    {
      "db": -3,
      "frequency": 0
    },
    {
      "db": -2,
      "frequency": 0
    },
    {
      "db": -1,
      "frequency": 0
    },
    {
      "db": 0,
      "frequency": 0
    },
    {
      "db": 1,
      "frequency": 0
    },
    {
      "db": 2,
      "frequency": 0
    },
    {
      "db": 3,
      "frequency": 0
    },
