{
  "acoustic_entropy": 209.64414978027344,
  "bands": [
    {
      "high_freq": 148.1999969482422,
      "loudness": -20.326000213623047,
      "loudness_range": 14.192344665527344,
      "mid_mean": -16.719585418701172,
      "mid_to_side_loudness": -30.870145797729492,
      "mid_to_side_loudness_range": 24.94901466369629,
      "side_mean": -48.90711212158203
    },
    {
      "high_freq": 392.3793640136719,
      "loudness": -18.705299377441406,
      "loudness_range": 11.475595474243164,
      "low_freq": 148.1999969482422,
      "mid_mean": -15.375901222229004,
      "mid_to_side_loudness": -12.727426528930664,
      "mid_to_side_loudness_range": 14.185243606567383,
      "side_mean": -28.099756240844727
    },
    {
      "high_freq": 794.6976318359375,
      "loudness": -20.17515754699707,
      "loudness_range": 15.33113956451416,
      "low_freq": 392.3793640136719,
      "mid_mean": -17.343374252319336,
      "mid_to_side_loudness": -8.425919532775879,
      "mid_to_side_loudness_range": 13.798263549804688,
      "side_mean": -25.671249389648438
    },
    {
      "high_freq": 1457.5709228515625,
      "loudness": -22.096698760986328,
      "loudness_range": 20.9509220123291,
      "low_freq": 794.6976318359375,
      "mid_mean": -19.859771728515625,
      "mid_to_side_loudness": -6.054379463195801,
      "mid_to_side_loudness_range": 15.142789840698242,
      "side_mean": -25.385211944580078
    },
    {
      "high_freq": 2549.74365234375,
      "loudness": -25.862205505371094,
      "loudness_range": 19.243022918701172,
      "low_freq": 1457.5709228515625,
      "mid_mean": -23.319917678833008,
      "mid_to_side_loudness": -6.676667213439941,
      "mid_to_side_loudness_range": 11.2684907913208,
      "side_mean": -29.23480796813965
    },
    {
      "high_freq": 4349.24462890625,
      "loudness": -27.598920822143555,
      "loudness_range": 19.307058334350586,
      "low_freq": 2549.74365234375,
      "mid_mean": -25.062314987182617,
      "mid_to_side_loudness": -6.3691277503967285,
      "mid_to_side_loudness_range": 10.222906112670898,
      "side_mean": -31.03599739074707
    },
    {
      "high_freq": 7314.1640625,
      "loudness": -29.259033203125,
      "loudness_range": 19.62931251525879,
      "low_freq": 4349.24462890625,
      "mid_mean": -26.953615188598633,
      "mid_to_side_loudness": -5.621681213378906,
      "mid_to_side_loudness_range": 10.249106407165527,
      "side_mean": -32.1190299987793
    },
    {
      "high_freq": 12199.2666015625,
      "loudness": -31.04527473449707,
      "loudness_range": 16.47163200378418,
      "low_freq": 7314.1640625,
      "mid_mean": -28.793807983398438,
      "mid_to_side_loudness": -4.985971927642822,
      "mid_to_side_loudness_range": 6.888935089111328,
      "side_mean": -34.000301361083984
    },
    {
      "loudness": -38.070518493652344,
      "loudness_range": 16.48255729675293,
      "low_freq": 12199.2666015625,
      "mid_mean": -36.02296829223633,
      "mid_to_side_loudness": -3.982973575592041,
      "mid_to_side_loudness_range": 4.448238849639893,
      "side_mean": -40.08025360107422
    }
  ],
  "bands_short": [
    {
      "high_freq": 148.1999969482422,
      "loudness": -22.474803924560547,
      "loudness_range": 20.155494689941406,
      "mid_mean": -18.947895050048828,
      "mid_to_side_loudness": -32.08519744873047,
      "mid_to_side_loudness_range": 31.057388305664062,
      "side_mean": -54.08516311645508
    },
    {
      "high_freq": 392.3793640136719,
      "loudness": -18.884098052978516,
      "loudness_range": 13.784366607666016,
      "low_freq": 148.1999969482422,
      "mid_mean": -15.540816307067871,
      "mid_to_side_loudness": -13.773331642150879,
      "mid_to_side_loudness_range": 16.758323669433594,
      "side_mean": -29.321985244750977
    },
    {
      "high_freq": 794.6976318359375,
      "loudness": -20.557579040527344,
      "loudness_range": 17.364057540893555,
      "low_freq": 392.3793640136719,
      "mid_mean": -17.828279495239258,
      "mid_to_side_loudness": -8.32072639465332,
      "mid_to_side_loudness_range": 15.238996505737305,
      "side_mean": -26.134580612182617
    },
    {
      "high_freq": 1457.5709228515625,
      "loudness": -22.579551696777344,
      "loudness_range": 22.537883758544922,
      "low_freq": 794.6976318359375,
      "mid_mean": -20.57621955871582,
      "mid_to_side_loudness": -5.711583137512207,
      "mid_to_side_loudness_range": 16.64522361755371,
      "side_mean": -25.795860290527344
    },
    {
      "high_freq": 2549.74365234375,
      "loudness": -26.95304298400879,
      "loudness_range": 22.39801597595215,
      "low_freq": 1457.5709228515625,
      "mid_mean": -24.478092193603516,
      "mid_to_side_loudness": -6.749502658843994,
      "mid_to_side_loudness_range": 13.085460662841797,
      "side_mean": -30.65958023071289
    },
    {
      "high_freq": 4349.24462890625,
      "loudness": -28.69770050048828,
      "loudness_range": 22.774761199951172,
      "low_freq": 2549.74365234375,
      "mid_mean": -26.230201721191406,
      "mid_to_side_loudness": -6.488306522369385,
      "mid_to_side_loudness_range": 11.510104179382324,
      "side_mean": -32.42271423339844
    },
    {
      "high_freq": 7314.1640625,
      "loudness": -31.1334285736084,
      "loudness_range": 25.44886016845703,
      "low_freq": 4349.24462890625,
      "mid_mean": -28.837677001953125,
      "mid_to_side_loudness": -5.84063720703125,
      "mid_to_side_loudness_range": 12.424766540527344,
      "side_mean": -34.49813461303711
    },
    {
      "high_freq": 12199.2666015625,
      "loudness": -33.94663619995117,
      "loudness_range": 25.408109664916992,
      "low_freq": 7314.1640625,
      "mid_mean": -31.87047004699707,
      "mid_to_side_loudness": -5.354764938354492,
      "mid_to_side_loudness_range": 9.220876693725586,
      "side_mean": -37.89191436767578
    },
    {
      "loudness": -42.708953857421875,
      "loudness_range": 29.1014347076416,
      "low_freq": 12199.2666015625,
      "mid_mean": -40.88209533691406,
      "mid_to_side_loudness": -4.7232747077941895,
      "mid_to_side_loudness_range": 8.325704574584961,
      "side_mean": -47.18903732299805
    }
  ],
  "bandwidth": 612.8575439453125,
  "channels": 2,
  "covariance": [
    [
      34.55704879760742,
      19.09494972229004,
      11.066222190856934,
      10.485225677490234,
      7.236875057220459,
      16.011369705200195,
      13.99429988861084,
      21.255231857299805,
      10.31680679321289,
      11.397453308105469,
      14.976922988891602,
      16.69550132751465,
      14.490391731262207,
      17.91554832458496,
      7.6114606857299805,
      11.324543952941895,
      5.803239822387695,
      6.965390682220459
    ],
    [
      19.09494972229004,
      65.77739715576172,
      15.637957572937012,
      30.66239356994629,
      24.45026206970215,
      35.49091720581055,
      35.953033447265625,
      42.265647888183594,
      33.84032440185547,
      30.0320987701416,
      31.97708511352539,
      32.41647720336914,
      21.62100601196289,
      20.644012451171875,
      4.346764087677002,
      10.323368072509766,
      0.20353174209594727,
      3.491946220397949
    ],
    [
      11.066222190856934,
      15.637957572937012,
      20.12141990661621,
      16.40060806274414,
      10.852012634277344,
      15.518457412719727,
      11.922444343566895,
      13.913500785827637,
      13.541558265686035,
      10.693121910095215,
      14.658760070800781,
      15.224023818969727,
      10.674956321716309,
      9.438990592956543,
      4.922850131988525,
      5.668340682983398,
      3.21759295463562,
      4.314532279968262
    ],
    [
      10.485225677490234,
      30.66239356994629,
      16.40060806274414,
      35.99592590332031,
      18.78165626525879,
      30.756610870361328,
      22.20798683166504,
      30.031749725341797,
      23.492807388305664,
      21.84405517578125,
      21.366962432861328,
      25.194690704345703,
      11.662291526794434,
      12.076545715332031,
      0.8986090421676636,
      5.8694682121276855,
      -1.3990592956542969,
      1.686030626296997
    ],
    [
      7.236875057220459,
      24.45026206970215,
      10.852012634277344,
      18.78165626525879,
      33.52327346801758,
      28.02086639404297,
      29.595504760742188,
      25.70001983642578,
      29.864913940429688,
      21.089736938476562,
      27.8414249420166,
      22.796586990356445,
      18.945037841796875,
      13.728082656860352,
      7.047049522399902,
      7.980077743530273,
      3.38628888130188,
      4.19580602645874
    ],
    [
      16.011369705200195,
      35.49091720581055,
      15.518457412719727,
      30.756610870361328,
      28.02086639404297,
      48.11802291870117,
      34.92644500732422,
      46.55750274658203,
      31.27621078491211,
      30.193927764892578,
      29.575990676879883,
      34.06447219848633,
      20.12090301513672,
      21.961406707763672,
      5.267414569854736,
      12.36808967590332,
      3.21415114402771,
      6.528449535369873
    ],
    [
      13.99429988861084,
      35.953033447265625,
      11.922444343566895,
      22.20798683166504,
      29.595504760742188,
      34.92644500732422,
      56.391090393066406,
      50.637943267822266,
      39.868526458740234,
      31.945907592773438,
      38.37931823730469,
      34.42707824707031,
      25.874486923217773,
      23.364221572875977,
      6.162992000579834,
      10.95330810546875,
      1.9112226963043213,
      4.202544212341309
    ],
    [
      21.255231857299805,
      42.265647888183594,
      13.913500785827637,
      30.031749725341797,
      25.70001983642578,
      46.55750274658203,
      50.637943267822266,
      77.41474151611328,
      37.07429122924805,
      42.199119567871094,
      35.720863342285156,
      42.357025146484375,
      22.757402420043945,
      30.235532760620117,
      3.92236590385437,
      14.867585182189941,
      0.1756078004837036,
      5.768696308135986
    ],
    [
      10.31680679321289,
      33.84032440185547,
      13.541558265686035,
      23.492807388305664,
      29.864913940429688,
      31.27621078491211,
      39.868526458740234,
      37.07429122924805,
      49.85971450805664,
      34.88909912109375,
      42.67668914794922,
      35.32729721069336,
      30.876657485961914,
      23.813722610473633,
      11.455456733703613,
      12.524378776550293,
      5.09281587600708,
      6.051131725311279
    ],
    [
      11.397453308105469,
      30.0320987701416,
      10.693121910095215,
      21.84405517578125,
      21.089736938476562,
      30.193927764892578,
      31.945907592773438,
      42.199119567871094,
      34.88909912109375,
      42.90708541870117,
      31.613513946533203,
      36.83824920654297,
      22.5378360748291,
      28.02566909790039,
      9.683941841125488,
      16.490747451782227,
      5.968229293823242,
      9.606255531311035
    ],
    [
      14.976922988891602,
      31.97708511352539,
      14.658760070800781,
      21.366962432861328,
      27.8414249420166,
      29.575990676879883,
      38.37931823730469,
      35.720863342285156,
      42.67668914794922,
      31.613513946533203,
      50.22523880004883,
      41.880252838134766,
      38.41154861450195,
      32.487545013427734,
      17.826473236083984,
      19.217063903808594,
      9.595337867736816,
      10.624638557434082
    ],
    [
      16.69550132751465,
      32.41647720336914,
      15.224023818969727,
      25.194690704345703,
      22.796586990356445,
      34.06447219848633,
      34.42707824707031,
      42.357025146484375,
      35.32729721069336,
      36.83824920654297,
      41.880252838134766,
      52.18568420410156,
      35.64445114135742,
      39.68525695800781,
      17.134607315063477,
      25.433835983276367,
      11.316277503967285,
      15.237805366516113
    ],
    [
      14.490391731262207,
      21.62100601196289,
      10.674956321716309,
      11.662291526794434,
      18.945037841796875,
      20.12090301513672,
      25.874486923217773,
      22.757402420043945,
      30.876657485961914,
      22.5378360748291,
      38.41154861450195,
      35.64445114135742,
      52.713932037353516,
      40.36878967285156,
      33.43222427368164,
      31.18435287475586,
      25.213754653930664,
      23.00229835510254
    ],
    [
      17.91554832458496,
      20.644012451171875,
      9.438990592956543,
      12.076545715332031,
      13.728082656860352,
      21.961406707763672,
      23.364221572875977,
      30.235532760620117,
      23.813722610473633,
      28.02566909790039,
      32.487545013427734,
      39.68525695800781,
      40.36878967285156,
      50.670528411865234,
      28.7244930267334,
      37.37826156616211,
      24.813093185424805,
      28.10732650756836
    ],
    [
      7.6114606857299805,
      4.346764087677002,
      4.922850131988525,
      0.8986090421676636,
      7.047049522399902,
      5.267414569854736,
      6.162992000579834,
      3.92236590385437,
      11.455456733703613,
      9.683941841125488,
      17.826473236083984,
      17.134607315063477,
      33.43222427368164,
      28.7244930267334,
      42.72709274291992,
      34.969520568847656,
      37.07187271118164,
      33.04401397705078
    ],
    [
      11.324543952941895,
      10.323368072509766,
      5.668340682983398,
      5.8694682121276855,
      7.980077743530273,
      12.36808967590332,
      10.95330810546875,
      14.867585182189941,
      12.524378776550293,
      16.490747451782227,
      19.217063903808594,
      25.433835983276367,
      31.18435287475586,
      37.37826156616211,
      34.969520568847656,
      43.38386535644531,
      34.5565299987793,
      37.3302001953125
    ],
    [
      5.803239822387695,
      0.20353174209594727,
      3.21759295463562,
      -1.3990592956542969,
      3.38628888130188,
      3.21415114402771,
      1.9112226963043213,
      0.1756078004837036,
      5.09281587600708,
      5.968229293823242,
      9.595337867736816,
      11.316277503967285,
      25.213754653930664,
      24.813093185424805,
      37.07187271118164,
      34.5565299987793,
      44.05714797973633,
      40.58716583251953
    ],
    [
      6.965390682220459,
      3.491946220397949,
      4.314532279968262,
      1.686030626296997,
      4.19580602645874,
      6.528449535369873,
      4.202544212341309,
      5.768696308135986,
      6.051131725311279,
      9.606255531311035,
      10.624638557434082,
      15.237805366516113,
      23.00229835510254,
      28.10732650756836,
      33.04401397705078,
      37.3302001953125,
      40.58716583251953,
      44.15442657470703
    ]
  ],
  "covariance_short": [
    [
      62.21274185180664,
      22.04736328125,
      15.674897193908691,
      12.814212799072266,
      9.190897941589355,
      17.318334579467773,
      15.333060264587402,
      22.34735679626465,
      12.53862190246582,
      13.98398208618164,
      18.781797409057617,
      22.332918167114258,
      19.145395278930664,
      24.403554916381836,
      12.602473258972168,
      18.26537322998047,
      11.911947250366211,
      29.318824768066406
    ],
    [
      22.04736328125,
      81.81061553955078,
      19.81305503845215,
      36.50954818725586,
      29.104053497314453,
      38.162845611572266,
      40.4300537109375,
      44.36758804321289,
      40.45206832885742,
      39.30250549316406,
      38.9951286315918,
      41.71689987182617,
      30.1552677154541,
      34.63727951049805,
      17.58401107788086,
      28.634117126464844,
      16.513574600219727,
      22.86640167236328
    ],
    [
      15.674897193908691,
      19.81305503845215,
      27.165992736816406,
      18.438024520874023,
      14.076126098632812,
      18.167325973510742,
      14.500619888305664,
      16.041961669921875,
      15.992706298828125,
      14.467049598693848,
      17.417888641357422,
      18.88488006591797,
      14.055131912231445,
      15.034902572631836,
      9.506619453430176,
      12.264505386352539,
      9.663103103637695,
      18.146759033203125
    ],
    [
      12.814212799072266,
      36.50954818725586,
      18.438024520874023,
      44.12453842163086,
      22.484472274780273,
      33.69480514526367,
      24.783632278442383,
      30.67111587524414,
      27.03035545349121,
      27.630691528320312,
      25.549724578857422,
      31.642841339111328,
      16.980527877807617,
      21.465051651000977,
      8.659215927124023,
      17.155405044555664,
      7.228391170501709,
      10.197986602783203
    ],
    [
      9.190897941589355,
      29.104053497314453,
      14.076126098632812,
      22.484472274780273,
      42.349510192871094,
      31.4943904876709,
      34.32301712036133,
      28.109575271606445,
      36.59085464477539,
      28.3426570892334,
      34.83202362060547,
      29.943838119506836,
      27.605802536010742,
      23.872682571411133,
      16.961849212646484,
      19.302099227905273,
      14.76602840423584,
      18.337276458740234
    ],
    [
      17.318334579467773,
      38.162845611572266,
      18.167325973510742,
      33.69480514526367,
      31.4943904876709,
      53.171485900878906,
      37.855018615722656,
      47.61729049682617,
      36.09418869018555,
      36.95470428466797,
      34.5877571105957,
      40.85146713256836,
      26.938657760620117,
      32.21427917480469,
      14.205345153808594,
      24.353527069091797,
      13.455629348754883,
      23.753366470336914
    ],
    [
      15.333060264587402,
      40.4300537109375,
      14.500619888305664,
      24.783632278442383,
      34.32301712036133,
      37.855018615722656,
      66.14173126220703,
      53.265872955322266,
      46.97246170043945,
      39.91887283325195,
      46.16279983520508,
      42.892662048339844,
      36.310760498046875,
      36.45463943481445,
      19.588409423828125,
      26.703813552856445,
      17.139150619506836,
      25.80810546875
    ],
    [
      22.34735679626465,
      44.36758804321289,
      16.041961669921875,
      30.67111587524414,
      28.109575271606445,
      47.61729049682617,
      53.265872955322266,
      82.9240493774414,
      41.83100509643555,
      48.21820831298828,
      39.99775695800781,
      49.36824035644531,
      30.32408905029297,
      42.908321380615234,
      16.10519790649414,
      31.05484390258789,
      13.265093803405762,
      29.5068416595459
    ],
    [
      12.53862190246582,
      40.45206832885742,
      15.992706298828125,
      27.03035545349121,
      36.59085464477539,
      36.09418869018555,
      46.97246170043945,
      41.83100509643555,
      63.48564147949219,
      46.63394546508789,
      53.25290298461914,
      46.346187591552734,
      44.076393127441406,
      40.739322662353516,
      27.819599151611328,
      32.66118621826172,
      23.411375045776367,
      29.462533950805664
    ],
    [
      13.98398208618164,
      39.30250549316406,
      14.467049598693848,
      27.630691528320312,
      28.3426570892334,
      36.95470428466797,
      39.91887283325195,
      48.21820831298828,
      46.63394546508789,
      60.05024337768555,
      41.798583984375,
      49.962310791015625,
      36.17585372924805,
      46.85725784301758,
      26.6132869720459,
      39.05778503417969,
      25.478527069091797,
      34.4056282043457
    ],
    [
      18.781797409057617,
      38.9951286315918,
      17.417888641357422,
      25.549724578857422,
      34.83202362060547,
      34.5877571105957,
      46.16279983520508,
      39.99775695800781,
      53.25290298461914,
      41.798583984375,
      67.98297119140625,
      55.95862579345703,
      58.015804290771484,
      53.73550796508789,
      40.90697479248047,
      45.411354064941406,
      34.90727233886719,
      45.083290100097656
    ],
    [
      22.332918167114258,
      41.71689987182617,
      18.88488006591797,
      31.642841339111328,
      29.943838119506836,
      40.85146713256836,
      42.892662048339844,
      49.36824035644531,
      46.346187591552734,
      49.962310791015625,
      55.95862579345703,
      70.45655059814453,
      52.38558578491211,
      63.630584716796875,
      38.38739776611328,
      54.177528381347656,
      34.99464797973633,
      51.836360931396484
    ],
    [
      19.145395278930664,
      30.1552677154541,
      14.055131912231445,
      16.980527877807617,
      27.605802536010742,
      26.938657760620117,
      36.310760498046875,
      30.32408905029297,
      44.076393127441406,
      36.17585372924805,
      58.015804290771484,
      52.38558578491211,
      81.75084686279297,
      67.92041778564453,
      66.16739654541016,
      65.00121307373047,
      60.845462799072266,
      66.73968505859375
    ],
    [
      24.403554916381836,
      34.63727951049805,
      15.034902572631836,
      21.465051651000977,
      23.872682571411133,
      32.21427917480469,
      36.45463943481445,
      42.908321380615234,
      40.739322662353516,
      46.85725784301758,
      53.73550796508789,
      63.630584716796875,
      67.92041778564453,
      87.72700500488281,
      60.967987060546875,
      79.74880981445312,
      60.44684982299805,
      80.4935531616211
    ],
    [
      12.602473258972168,
      17.58401107788086,
      9.506619453430176,
      8.659215927124023,
      16.961849212646484,
      14.205345153808594,
      19.588409423828125,
      16.10519790649414,
      27.819599151611328,
      26.6132869720459,
      40.90697479248047,
      38.38739776611328,
      66.16739654541016,
      60.967987060546875,
      85.85077667236328,
      75.9761734008789,
      80.42098999023438,
      77.1108169555664
    ],
    [
      18.26537322998047,
      28.634117126464844,
      12.264505386352539,
      17.155405044555664,
      19.302099227905273,
      24.353527069091797,
      26.703813552856445,
      31.05484390258789,
      32.66118621826172,
      39.05778503417969,
      45.411354064941406,
      54.177528381347656,
      65.00121307373047,
      79.74880981445312,
      75.9761734008789,
      97.97367095947266,
      80.75409698486328,
      95.576171875
    ],
    [
      11.911947250366211,
      16.513574600219727,
      9.663103103637695,
      7.228391170501709,
      14.76602840423584,
      13.455629348754883,
      17.139150619506836,
      13.265093803405762,
      23.411375045776367,
      25.478527069091797,
      34.90727233886719,
      34.99464797973633,
      60.845462799072266,
      60.44684982299805,
      80.42098999023438,
      80.75409698486328,
      101.50108337402344,
      96.13658905029297
    ],
    [
      29.318824768066406,
      22.86640167236328,
      18.146759033203125,
      10.197986602783203,
      18.337276458740234,
      23.753366470336914,
      25.80810546875,
      29.5068416595459,
      29.462533950805664,
      34.4056282043457,
      45.083290100097656,
      51.836360931396484,
      66.73968505859375,
      80.4935531616211,
      77.1108169555664,
      95.576171875,
      96.13658905029297,
      128.37510681152344
    ]
  ],
  "damage": -3.5903992652893066,
  "diff_bandwidth": 643.1427001953125,
  "dissonance": 7.806888272710094,
  "drr": 15.278219223022461,
  "dynamics": 3.76482892036438,
  "format": 65538,
  "frames": 16633344,
  "freq_pan_to_db": [
    [
      -27.358966827392578,
      -25.00502586364746,
      -25.383827209472656,
      -17.632017135620117,
      -11.812725067138672,
      -9.053091049194336,
      -12.389525413513184,
      -18.605501174926758,
      -20.202930450439453,
      -25.755168914794922,
      -27.82895851135254
    ],
    [
      -24.66141700744629,
      -23.16754913330078,
      -19.704511642456055,
      -16.293909072875977,
      -10.919285774230957,
      -8.805248260498047,
      -10.890054702758789,
      -14.787593841552734,
      -18.319520950317383,
      -22.30244255065918,
      -30.279672622680664
    ],
    [
      -25.50209617614746,
      -23.30359649658203,
      -20.78504180908203,
      -17.872095108032227,
      -12.285531044006348,
      -9.762734413146973,
      -12.005186080932617,
      -15.158828735351562,
      -18.45745277404785,
      -21.78105354309082,
      -24.820266723632812
    ],
    [
      -26.62869644165039,
      -24.032255172729492,
      -20.274198532104492,
      -16.73016357421875,
      -13.550385475158691,
      -12.071495056152344,
      -14.389705657958984,
      -17.14356803894043,
      -20.05661964416504,
      -22.040910720825195,
      -22.856678009033203
    ],
    [
      -21.420398712158203,
      -18.585798263549805,
      -17.169706344604492,
      -14.892386436462402,
      -12.63841724395752,
      -11.633130073547363,
      -11.955065727233887,
      -14.198040008544922,
      -15.95366096496582,
      -18.180965423583984,
      -19.43846893310547
    ],
    [
      -17.69160270690918,
      -16.511554718017578,
      -15.019186973571777,
      -13.89600944519043,
      -12.412424087524414,
      -10.962557792663574,
      -11.52108097076416,
      -13.492955207824707,
      -14.928784370422363,
      -16.338077545166016,
      -16.945228576660156
    ],
    [
      -17.06153106689453,
      -16.056230545043945,
      -14.599859237670898,
      -13.556138038635254,
      -11.95999813079834,
      -9.926880836486816,
      -11.414202690124512,
      -13.456503868103027,
      -15.305800437927246,
      -16.60672378540039,
      -16.014629364013672
    ],
    [
      -16.089181900024414,
      -15.645054817199707,
      -14.749781608581543,
      -13.368422508239746,
      -10.765252113342285,
      -9.879602432250977,
      -11.761500358581543,
      -13.653653144836426,
      -14.35595703125,
      -14.958664894104004,
      -15.677664756774902
    ],
    [
      -17.279882431030273,
      -16.563629150390625,
      -15.365641593933105,
      -13.686233520507812,
      -12.535110473632812,
      -12.77223014831543,
      -14.733901977539062,
      -16.578166961669922,
      -17.46082878112793,
      -17.945199966430664,
      -18.7913818359375
    ],
    [
      -15.223525047302246,
      -15.248605728149414,
      -14.318595886230469,
      -12.684454917907715,
      -10.48057746887207,
      -10.558266639709473,
      -13.203575134277344,
      -14.868334770202637,
      -14.455182075500488,
      -14.627121925354004,
      -15.216593742370605
    ],
    [
      -13.895455360412598,
      -14.280988693237305,
      -14.333328247070312,
      -13.079095840454102,
      -11.767844200134277,
      -10.505829811096191,
      -11.393589973449707,
      -13.478657722473145,
      -14.51174545288086,
      -14.846220016479492,
      -14.62194538116455
    ],
    [
      -13.765340805053711,
      -14.746074676513672,
      -14.022920608520508,
      -14.413838386535645,
      -14.050642013549805,
      -12.849278450012207,
      -13.806005477905273,
      -14.87025260925293,
      -15.359338760375977,
      -16.922225952148438,
      -17.049304962158203
    ],
    [
      -15.410645484924316,
      -15.995285987854004,
      -16.34963035583496,
      -15.426528930664062,
      -15.497267723083496,
      -14.823774337768555,
      -15.4923677444458,
      -15.711309432983398,
      -16.167110443115234,
      -16.37479019165039,
      -17.450298309326172
    ],
    [
      -15.395087242126465,
      -16.478538513183594,
      -15.871450424194336,
      -16.21802520751953,
      -15.236846923828125,
      -12.913398742675781,
      -13.167430877685547,
      -14.036705017089844,
      -14.632444381713867,
      -15.806600570678711,
      -16.054872512817383
    ],
    [
      -17.10752296447754,
      -15.751442909240723,
      -15.239432334899902,
      -14.077070236206055,
      -13.930302619934082,
      -12.360931396484375,
      -13.280740737915039,
      -13.178046226501465,
      -13.019761085510254,
      -13.627545356750488,
      -12.178176879882812
    ],
    [
      -18.521377563476562,
      -16.447175979614258,
      -15.728044509887695,
      -15.135824203491211,
      -16.506671905517578,
      -14.381704330444336,
      -14.47726821899414,
      -14.499345779418945,
      -13.947303771972656,
      -14.395060539245605,
      -12.498895645141602
    ],
    [
      -22.493738174438477,
      -17.951974868774414,
      -16.518678665161133,
      -16.37289047241211,
      -19.68108367919922,
      -17.09958267211914,
      -16.40576171875,
      -16.408050537109375,
      -17.38549041748047,
      -16.291017532348633,
      -14.838717460632324
    ],
    [
      -18.177993774414062,
      -15.627921104431152,
      -13.521760940551758,
      -13.117573738098145,
      -16.61511993408203,
      -16.168231964111328,
      -13.630867958068848,
      -13.270063400268555,
      -15.924944877624512,
      -13.594408988952637,
      -11.440997123718262
    ],
    [
      -24.077072143554688,
      -21.11376953125,
      -18.94063377380371,
      -19.83476448059082,
      -20.544424057006836,
      -17.56783103942871,
      -19.445241928100586,
      -19.760921478271484,
      -18.278472900390625,
      -18.09640884399414,
      -15.049969673156738
    ],
    [
      -20.46240234375,
      -23.71152687072754,
      -22.595273971557617,
      -23.236225128173828,
      -23.08714485168457,
      -21.223590850830078,
      -22.609769821166992,
      -23.24527359008789,
      -22.284984588623047,
      -19.682287216186523,
      -17.077686309814453
    ],
    [
      -26.486160278320312,
      -25.86514663696289,
      -24.241910934448242,
      -23.75534439086914,
      -22.723100662231445,
      -21.12464141845703,
      -25.174419403076172,
      -23.03834342956543,
      -24.106929779052734,
      -21.377981185913086,
      -17.548431396484375
    ],
    [
      -24.317108154296875,
      -26.17262840270996,
      -24.869335174560547,
      -24.648733139038086,
      -25.312395095825195,
      -23.69746971130371,
      -26.173994064331055,
      -25.401348114013672,
      -25.62794303894043,
      -25.657629013061523,
      -24.007884979248047
    ],
    [
      -25.608272552490234,
      -26.23064422607422,
      -26.123516082763672,
      -26.176218032836914,
      -25.962465286254883,
      -24.50659942626953,
      -27.20404815673828,
      -27.307483673095703,
      -27.103544235229492,
      -26.47705078125,
      -28.017719268798828
    ],
    [
      -25.522520065307617,
      -26.316162109375,
      -26.25636100769043,
      -26.122196197509766,
      -25.880197525024414,
      -24.147499084472656,
      -26.675235748291016,
      -27.197092056274414,
      -26.90275001525879,
      -26.338640213012695,
      -28.757631301879883
    ],
    [
      -26.3634033203125,
      -27.71874237060547,
      -27.35204315185547,
      -26.974807739257812,
      -26.53965950012207,
      -26.576644897460938,
      -27.305322647094727,
      -27.339923858642578,
      -28.008174896240234,
      -29.100019454956055,
      -34.023067474365234
    ],
    [
      -32.547218322753906,
      -29.079498291015625,
      -27.643695831298828,
      -26.79430389404297,
      -26.200056076049805,
      -24.893938064575195,
      -26.651561737060547,
      -27.41889762878418,
      -28.21763801574707,
      -29.10482406616211,
      -33.7099494934082
    ],
    [
      -32.643638610839844,
      -27.819196701049805,
      -26.970762252807617,
      -27.055809020996094,
      -26.35137939453125,
      -24.35357666015625,
      -27.760986328125,
      -27.718141555786133,
      -27.143259048461914,
      -27.363290786743164,
      -25.8256893157959
    ],
    [
      -34.603694915771484,
      -30.598562240600586,
      -28.963687896728516,
      -28.50164031982422,
      -28.631183624267578,
      -27.039764404296875,
      -30.06988525390625,
      -28.19345474243164,
      -28.01167106628418,
      -28.473384857177734,
      -30.505441665649414
    ],
    [
      -32.14789581298828,
      -30.310487747192383,
      -29.06788444519043,
      -28.88120460510254,
      -28.59247589111328,
      -27.954002380371094,
      -30.061193466186523,
      -28.70245933532715,
      -28.767309188842773,
      -31.24588394165039,
      -39.775238037109375
    ],
    [
      -27.906246185302734,
      -29.472537994384766,
      -29.092321395874023,
      -28.960386276245117,
      -28.394866943359375,
      -27.684444427490234,
      -29.46874237060547,
      -28.957786560058594,
      -28.806367874145508,
      -29.914663314819336,
      -30.847246170043945
    ],
    [
      -34.05026626586914,
      -31.880727767944336,
      -30.870824813842773,
      -29.936124801635742,
      -28.98140525817871,
      -27.083393096923828,
      -30.307287216186523,
      -30.12750244140625,
      -29.03196144104004,
      -30.925764083862305,
      -34.548553466796875
    ],
    [
      -38.29500961303711,
      -30.159791946411133,
      -30.66318702697754,
      -29.851835250854492,
      -29.82404327392578,
      -28.69951629638672,
      -30.838438034057617,
      -30.870256423950195,
      -30.936553955078125,
      -27.85873794555664,
      -33.81971740722656
    ],
    [
      -31.790529251098633,
      -33.779964447021484,
      -32.913021087646484,
      -30.8265438079834,
      -31.385454177856445,
      -30.324064254760742,
      -31.67778968811035,
      -31.438627243041992,
      -30.725208282470703,
      -35.470394134521484,
      -370
    ],
    [
      -30.720483779907227,
      -31.275388717651367,
      -19.610607147216797,
      -24.812543869018555,
      -32.86369705200195,
      -31.459590911865234,
      -31.457704544067383,
      -30.1269474029541,
      -29.283300399780273,
      -31.119338989257812,
      -47.26396560668945
    ],
    [
      -43.77914810180664,
      -37.98447799682617,
      -24.599252700805664,
      -27.276485443115234,
      -32.62258529663086,
      -30.866056442260742,
      -30.781606674194336,
      -29.00942039489746,
      -27.597558975219727,
      -25.885208129882812,
      -30.54082679748535
    ],
    [
      -39.94483947753906,
      -37.278717041015625,
      -32.0534553527832,
      -31.76171112060547,
      -35.88837432861328,
      -33.53077697753906,
      -32.50518798828125,
      -29.688308715820312,
      -29.009868621826172,
      -32.350181579589844,
      -370
    ],
    [
      -40.17426681518555,
      -34.65757369995117,
      -34.34437561035156,
      -33.533390045166016,
      -37.378177642822266,
      -35.55807113647461,
      -33.277549743652344,
      -31.856401443481445,
      -30.963926315307617,
      -29.295578002929688,
      -62.14849090576172
    ],
    [
      -34.32661819458008,
      -32.76620101928711,
      -34.43405532836914,
      -34.830753326416016,
      -38.14772033691406,
      -36.544254302978516,
      -34.88163375854492,
      -33.83950424194336,
      -33.0936279296875,
      -31.814544677734375,
      -36.90306854248047
    ],
    [
      -31.737627029418945,
      -33.23234939575195,
      -36.70970916748047,
      -37.13298797607422,
      -39.15716552734375,
      -37.85645294189453,
      -34.98064041137695,
      -33.40592575073242,
      -32.6845588684082,
      -33.77645492553711,
      -50.08525848388672
    ],
    [
      -38.53267288208008,
      -39.50058364868164,
      -39.27446365356445,
      -40.09126281738281,
      -42.52571487426758,
      -42.346763610839844,
      -37.54072570800781,
      -33.64167785644531,
      -32.07200622558594,
      -31.964576721191406,
      -39.234947204589844
    ],
    [
      -48.788082122802734,
      -49.72426223754883,
      -51.60539627075195,
      -49.0878791809082,
      -49.711219787597656,
      -49.950927734375,
      -45.54484939575195,
      -38.38996124267578,
      -33.87666320800781,
      -32.245567321777344,
      -33.68241882324219
    ],
    [
      -52.10819625854492,
      -52.834442138671875,
      -54.832244873046875,
      -55.84476852416992,
      -56.3138313293457,
      -55.18107223510742,
      -48.16096115112305,
      -41.86021423339844,
      -39.196006774902344,
      -38.56418991088867,
      -37.180110931396484
    ]
  ],
  "histogram": [
    {
      "db": -70,
      "frequency": 0
    },
    {
      "db": -69,
      "frequency": 0
    },
    {
      "db": -68,
      "frequency": 1
    },
    {
      "db": -67,
      "frequency": 0
    },
    {
      "db": -66,
      "frequency": 0
    },
    {
      "db": -65,
      "frequency": 0
    },
    {
      "db": -64,
      "frequency": 1
    },
    {
      "db": -63,
      "frequency": 0
    },
    {
      "db": -62,
      "frequency": 0
    },
    {
      "db": -61,
      "frequency": 0
    },
    {
      "db": -60,
      "frequency": 1
    },
    {
      "db": -59,
      "frequency": 0
    },
    {
      "db": -58,
      "frequency": 1
    },
    {
      "db": -57,
      "frequency": 0
    },
    {
      "db": -56,
      "frequency": 0
    },
    {
      "db": -55,
      "frequency": 1
    },
    {
      "db": -54,
      "frequency": 0
    },
    {
      "db": -53,
      "frequency": 0
    },
    {
      "db": -52,
      "frequency": 0
    },
    {
      "db": -51,
      "frequency": 1
    },
    {
      "db": -50,
      "frequency": 0
    },
    {
      "db": -49,
      "frequency": 1
    },
    {
      "db": -48,
      "frequency": 0
    },
    {
      "db": -47,
      "frequency": 1
    },
    {
      "db": -46,
      "frequency": 0
    },
    {
      "db": -45,
      "frequency": 1
    },
    {
      "db": -44,
      "frequency": 1
    },
    {
      "db": -43,
      "frequency": 0
    },
    {
      "db": -42,
      "frequency": 1
    },
    {
      "db": -41,
      "frequency": 1
    },
    {
      "db": -40,
      "frequency": 1
    },
    {
      "db": -39,
      "frequency": 1
    },
    {
      "db": -38,
      "frequency": 1
    },
    {
      "db": -37,
      "frequency": 1
    },
    {
      "db": -36,
      "frequency": 1
    },
    {
      "db": -35,
      "frequency": 1
    },
    {
      "db": -34,
      "frequency": 0
    },
    {
      "db": -33,
      "frequency": 1
    },
    {
      "db": -32,
      "frequency": 2
    },
    {
      "db": -31,
      "frequency": 1
    },
    {
      "db": -30,
      "frequency": 1
    },
    {
      "db": -29,
      "frequency": 2
    },
    {
      "db": -28,
      "frequency": 2
    },
    {
      "db": -27,
      "frequency": 1
    },
    {
      "db": -26,
      "frequency": 2
    },
    {
      "db": -25,
      "frequency": 13
    },
    {
      "db": -24,
      "frequency": 16
    },
    {
      "db": -23,
      "frequency": 24
    },
    {
      "db": -22,
      "frequency": 27
    },
    {
      "db": -21,
      "frequency": 31
    },
    {
      "db": -20,
      "frequency": 58
    },
    {
      "db": -19,
      "frequency": 42
    },
    {
      "db": -18,
      "frequency": 33
    },
    {
      "db": -17,
      "frequency": 42
    },
    {
      "db": -16,
      "frequency": 67
    },
    {
      "db": -15,
      "frequency": 71
    },
    {
      "db": -14,
      "frequency": 79
    },
    {
      "db": -13,
      "frequency": 128
    },
    {
      "db": -12,
      "frequency": 241
    },
    {
      "db": -11,
      "frequency": 345
    },
    {
      "db": -10,
      "frequency": 426
    },
    {
      "db": -9,
      "frequency": 401
    },
    {
      "db": -8,
      "frequency": 339
    },
    {
      "db": -7,
      "frequency": 290
    },
    {
      "db": -6,
      "frequency": 365
    },
    {
      "db": -5,
      "frequency": 402
    },
    {
      "db": -4,
      "frequency": 189
    },
    {
      "db": -3,
      "frequency": 63
    },
    {
      "db": -2,
      "frequency": 0
    },
    {
      "db": -1,
      "frequency": 0
    },
    {
      "db": 0,
      "frequency": 0
    },
    {
      "db": 1,
      "frequency": 0
    },
    {
      "db": 2,
      "frequency": 0
    },
    {
      "db": 3,
