{
  "acoustic_entropy": 212.91998291015625,
  "bands": [
    {
      "high_freq": 148.1999969482422,
      "loudness": -21.819297790527344,
      "loudness_range": 14.227045059204102,
      "mid_mean": -18.208759307861328,
      "mid_to_side_loudness": -32.069580078125,
      "mid_to_side_loudness_range": 25.594404220581055,
      "side_mean": -51.8145866394043
    },
    {
      "high_freq": 392.3793640136719,
      "loudness": -20.280906677246094,
      "loudness_range": 11.327011108398438,
      "low_freq": 148.1999969482422,
      "mid_mean": -16.935462951660156,
      "mid_to_side_loudness": -12.546819686889648,
      "mid_to_side_loudness_range": 12.93727970123291,
      "side_mean": -29.509878158569336
    },
    {
      "high_freq": 794.6976318359375,
      "loudness": -22.19842529296875,
      "loudness_range": 15.361507415771484,
      "low_freq": 392.3793640136719,
      "mid_mean": -19.429994583129883,
      "mid_to_side_loudness": -7.83049201965332,
      "mid_to_side_loudness_range": 12.686087608337402,
      "side_mean": -27.24831199645996
    },
    {
      "high_freq": 1457.5709228515625,
      "loudness": -24.23692512512207,
      "loudness_range": 20.77101707458496,
      "low_freq": 794.6976318359375,
      "mid_mean": -21.950971603393555,
      "mid_to_side_loudness": -6.037733554840088,
      "mid_to_side_loudness_range": 14.08957576751709,
      "side_mean": -27.538515090942383
    },
    {
      "high_freq": 2549.74365234375,
      "loudness": -26.429533004760742,
      "loudness_range": 18.95690155029297,
      "low_freq": 1457.5709228515625,
      "mid_mean": -23.79705047607422,
      "mid_to_side_loudness": -6.804363250732422,
      "mid_to_side_loudness_range": 10.710537910461426,
      "side_mean": -30.026853561401367
    },
    {
      "high_freq": 4349.24462890625,
      "loudness": -28.573347091674805,
      "loudness_range": 19.20051383972168,
      "low_freq": 2549.74365234375,
      "mid_mean": -26.037975311279297,
      "mid_to_side_loudness": -6.212890625,
      "mid_to_side_loudness_range": 9.478253364562988,
      "side_mean": -31.959997177124023
    },
    {
      "high_freq": 7314.1640625,
      "loudness": -30.92473602294922,
      "loudness_range": 19.63597297668457,
      "low_freq": 4349.24462890625,
      "mid_mean": -28.665361404418945,
      "mid_to_side_loudness": -5.382683277130127,
      "mid_to_side_loudness_range": 10.439642906188965,
      "side_mean": -33.60589599609375
    },
    {
      "high_freq": 12199.2666015625,
      "loudness": -31.827613830566406,
      "loudness_range": 16.401958465576172,
      "low_freq": 7314.1640625,
      "mid_mean": -29.47991943359375,
      "mid_to_side_loudness": -5.455642223358154,
      "mid_to_side_loudness_range": 7.021915912628174,
      "side_mean": -35.15498352050781
    },
    {
      "loudness": -39.93671798706055,
      "loudness_range": 15.96554183959961,
      "low_freq": 12199.2666015625,
      "mid_mean": -37.68425369262695,
      "mid_to_side_loudness": -4.514008522033691,
      "mid_to_side_loudness_range": 4.554561138153076,
      "side_mean": -42.324649810791016
    }
  ],
  "bands_short": [
    {
      "high_freq": 148.1999969482422,
      "loudness": -23.997106552124023,
      "loudness_range": 20.088308334350586,
      "mid_mean": -20.472715377807617,
      "mid_to_side_loudness": -33.40949249267578,
      "mid_to_side_loudness_range": 31.348541259765625,
      "side_mean": -56.524776458740234
    },
    {
      "high_freq": 392.3793640136719,
      "loudness": -20.477231979370117,
      "loudness_range": 13.780000686645508,
      "low_freq": 148.1999969482422,
      "mid_mean": -17.127145767211914,
      "mid_to_side_loudness": -13.617195129394531,
      "mid_to_side_loudness_range": 15.843709945678711,
      "side_mean": -30.76401710510254
    },
    {
      "high_freq": 794.6976318359375,
      "loudness": -22.57805633544922,
      "loudness_range": 17.328258514404297,
      "low_freq": 392.3793640136719,
      "mid_mean": -19.912508010864258,
      "mid_to_side_loudness": -7.748078346252441,
      "mid_to_side_loudness_range": 14.5166597366333,
      "side_mean": -27.694198608398438
    },
    {
      "high_freq": 1457.5709228515625,
      "loudness": -24.767637252807617,
      "loudness_range": 22.543479919433594,
      "low_freq": 794.6976318359375,
      "mid_mean": -22.69352149963379,
      "mid_to_side_loudness": -5.691286087036133,
      "mid_to_side_loudness_range": 15.82379150390625,
      "side_mean": -27.953458786010742
    },
    {
      "high_freq": 2549.74365234375,
      "loudness": -27.544517517089844,
      "loudness_range": 22.090923309326172,
      "low_freq": 1457.5709228515625,
      "mid_mean": -24.990724563598633,
      "mid_to_side_loudness": -6.919943809509277,
      "mid_to_side_loudness_range": 12.673707008361816,
      "side_mean": -31.496824264526367
    },
    {
      "high_freq": 4349.24462890625,
      "loudness": -29.68850326538086,
      "loudness_range": 22.795774459838867,
      "low_freq": 2549.74365234375,
      "mid_mean": -27.22011947631836,
      "mid_to_side_loudness": -6.352808952331543,
      "mid_to_side_loudness_range": 11.129693984985352,
      "side_mean": -33.342132568359375
    },
    {
      "high_freq": 7314.1640625,
      "loudness": -32.79447555541992,
      "loudness_range": 25.444580078125,
      "low_freq": 4349.24462890625,
      "mid_mean": -30.54991340637207,
      "mid_to_side_loudness": -5.600245475769043,
      "mid_to_side_loudness_range": 12.560895919799805,
      "side_mean": -36.0056037902832
    },
    {
      "high_freq": 12199.2666015625,
      "loudness": -34.751808166503906,
      "loudness_range": 25.41887664794922,
      "low_freq": 7314.1640625,
      "mid_mean": -32.54587936401367,
      "mid_to_side_loudness": -5.839466094970703,
      "mid_to_side_loudness_range": 9.34691047668457,
      "side_mean": -39.08186340332031
    },
    {
      "loudness": -44.44166564941406,
      "loudness_range": 28.611164093017578,
      "low_freq": 12199.2666015625,
      "mid_mean": -43.50540542602539,
      "mid_to_side_loudness": -5.294064044952393,
      "mid_to_side_loudness_range": 8.565658569335938,
      "side_mean": -50.13173294067383
    }
  ],
  "bandwidth": 616.7632446289062,
  "channels": 2,
  "covariance": [
    [
      34.55947494506836,
      16.66034507751465,
      10.438044548034668,
      9.884626388549805,
      7.334195137023926,
      16.194782257080078,
      15.448793411254883,
      21.579486846923828,
      10.706546783447266,
      11.112337112426758,
      15.761492729187012,
      16.931684494018555,
      15.72425651550293,
      18.48887825012207,
      8.147603988647461,
      11.773414611816406,
      6.180182933807373,
      7.76818323135376
    ],
    [
      16.66034507751465,
      59.97195816040039,
      12.78493595123291,
      23.33903694152832,
      19.236364364624023,
      27.50685691833496,
      29.177915573120117,
      33.80571746826172,
      27.262514114379883,
      24.643102645874023,
      26.636310577392578,
      27.122417449951172,
      19.01212501525879,
      16.276567459106445,
      3.714958906173706,
      7.374359607696533,
      0.19687409698963165,
      2.5562427043914795
    ],
    [
      10.438044548034668,
      12.78493595123291,
      19.10519790649414,
      15.457280158996582,
      10.575970649719238,
      15.40093994140625,
      12.323555946350098,
      14.095389366149902,
      13.229649543762207,
      11.54848575592041,
      14.52587890625,
      15.53957748413086,
      11.02930736541748,
      9.829866409301758,
      5.237155914306641,
      5.972054958343506,
      3.4471001625061035,
      4.623664855957031
    ],
    [
      9.884626388549805,
      23.33903694152832,
      15.457280158996582,
      31.32777214050293,
      17.275249481201172,
      27.150959014892578,
      21.070831298828125,
      27.43433952331543,
      21.722972869873047,
      21.069658279418945,
      20.446088790893555,
      24.308515548706055,
      11.812308311462402,
      12.213970184326172,
      1.8809949159622192,
      6.135190486907959,
      -0.33190199732780457,
      2.408928155899048
    ],
    [
      7.334195137023926,
      19.236364364624023,
      10.575970649719238,
      17.275249481201172,
      33.34153366088867,
      28.10419273376465,
      29.60141944885254,
      26.21061134338379,
      29.04201316833496,
      21.449661254882812,
      27.749183654785156,
      23.44985580444336,
      19.32400131225586,
      14.02146053314209,
      7.713357448577881,
      8.216848373413086,
      3.9786489009857178,
      4.585063457489014
    ],
    [
      16.194782257080078,
      27.50685691833496,
      15.40093994140625,
      27.150959014892578,
      28.10419273376465,
      44.828582763671875,
      34.49374008178711,
      44.13321304321289,
      30.71595001220703,
      29.637439727783203,
      29.991607666015625,
      33.735809326171875,
      21.228548049926758,
      22.007110595703125,
      6.405043601989746,
      12.550702095031738,
      4.301278114318848,
      7.266599178314209
    ],
    [
      15.448793411254883,
      29.177915573120117,
      12.323555946350098,
      21.070831298828125,
      29.60141944885254,
      34.49374008178711,
      55.7970085144043,
      50.55535125732422,
      38.74296951293945,
      31.363845825195312,
      38.79533767700195,
      34.51325988769531,
      26.379024505615234,
      23.495080947875977,
      7.007121562957764,
      11.156920433044434,
      3.0537126064300537,
      5.03995943069458
    ],
    [
      21.579486846923828,
      33.80571746826172,
      14.095389366149902,
      27.43433952331543,
      26.21061134338379,
      44.13321304321289,
      50.55535125732422,
      74.4119644165039,
      36.814735412597656,
      40.47770690917969,
      36.633663177490234,
      42.01841735839844,
      23.792308807373047,
      30.30669403076172,
      5.415466785430908,
      15.434625625610352,
      1.9132097959518433,
      7.16748571395874
    ],
    [
      10.706546783447266,
      27.262514114379883,
      13.229649543762207,
      21.722972869873047,
      29.04201316833496,
      30.71595001220703,
      38.74296951293945,
      36.814735412597656,
      47.0872688293457,
      34.327823638916016,
      41.733367919921875,
      35.49238204956055,
      30.55632972717285,
      23.560169219970703,
      11.886861801147461,
      12.399664878845215,
      5.94353723526001,
      6.715414524078369
    ],
    [
      11.112337112426758,
      24.643102645874023,
      11.54848575592041,
      21.069658279418945,
      21.449661254882812,
      29.637439727783203,
      31.363845825195312,
      40.47770690917969,
      34.327823638916016,
      41.997032165527344,
      32.07069396972656,
      36.797298431396484,
      24.29792022705078,
      27.572614669799805,
      10.460339546203613,
      16.49163246154785,
      7.018881797790527,
      10.31827163696289
    ],
    [
      15.761492729187012,
      26.636310577392578,
      14.52587890625,
      20.446088790893555,
      27.749183654785156,
      29.991607666015625,
      38.79533767700195,
      36.633663177490234,
      41.733367919921875,
      32.07069396972656,
      49.792789459228516,
      42.442359924316406,
      38.500648498535156,
      31.90826988220215,
      18.238292694091797,
      18.92853355407715,
      10.246660232543945,
      11.282196044921875
    ],
    [
      16.931684494018555,
      27.122417449951172,
      15.53957748413086,
      24.308515548706055,
      23.44985580444336,
      33.735809326171875,
      34.51325988769531,
      42.01841735839844,
      35.49238204956055,
      36.797298431396484,
      42.442359924316406,
      51.51261901855469,
      36.23312759399414,
      38.85926818847656,
      17.60926055908203,
      25.076519012451172,
      11.363266944885254,
      15.442666053771973
    ],
    [
      15.72425651550293,
      19.01212501525879,
      11.02930736541748,
      11.812308311462402,
      19.32400131225586,
      21.228548049926758,
      26.379024505615234,
      23.792308807373047,
      30.55632972717285,
      24.29792022705078,
      38.500648498535156,
      36.23312759399414,
      52.453208923339844,
      39.864768981933594,
      33.31669616699219,
      30.335939407348633,
      24.285144805908203,
      22.274341583251953
    ],
    [
      18.48887825012207,
      16.276567459106445,
      9.829866409301758,
      12.213970184326172,
      14.02146053314209,
      22.007110595703125,
      23.495080947875977,
      30.30669403076172,
      23.560169219970703,
      27.572614669799805,
      31.90826988220215,
      38.85926818847656,
      39.864768981933594,
      49.98580551147461,
      28.465885162353516,
      36.80025863647461,
      23.9814453125,
      27.92316436767578
    ],
    [
      8.147603988647461,
      3.714958906173706,
      5.237155914306641,
      1.8809949159622192,
      7.713357448577881,
      6.405043601989746,
      7.007121562957764,
      5.415466785430908,
      11.886861801147461,
      10.460339546203613,
      18.238292694091797,
      17.60926055908203,
      33.31669616699219,
      28.465885162353516,
      42.540504455566406,
      34.581398010253906,
      35.662479400634766,
      31.686391830444336
    ],
    [
      11.773414611816406,
      7.374359607696533,
      5.972054958343506,
      6.135190486907959,
      8.216848373413086,
      12.550702095031738,
      11.156920433044434,
      15.434625625610352,
      12.399664878845215,
      16.49163246154785,
      18.92853355407715,
      25.076519012451172,
      30.335939407348633,
      36.80025863647461,
      34.581398010253906,
      43.240211486816406,
      33.20460891723633,
      37.064544677734375
    ],
    [
      6.180182933807373,
      0.19687409698963165,
      3.4471001625061035,
      -0.33190199732780457,
      3.9786489009857178,
      4.301278114318848,
      3.0537126064300537,
      1.9132097959518433,
      5.94353723526001,
      7.018881797790527,
      10.246660232543945,
      11.363266944885254,
      24.285144805908203,
      23.9814453125,
      35.662479400634766,
      33.20460891723633,
      40.824073791503906,
      37.69561767578125
    ],
    [
      7.76818323135376,
      2.5562427043914795,
      4.623664855957031,
      2.408928155899048,
      4.585063457489014,
      7.266599178314209,
      5.03995943069458,
      7.16748571395874,
      6.715414524078369,
      10.31827163696289,
      11.282196044921875,
      15.442666053771973,
      22.274341583251953,
      27.92316436767578,
      31.686391830444336,
      37.064544677734375,
      37.69561767578125,
      42.41297912597656
    ]
  ],
  "covariance_short": [
    [
      61.98075485229492,
      17.79133415222168,
      15.60744857788086,
      12.583396911621094,
      9.533452987670898,
      17.546207427978516,
      16.514400482177734,
      22.6315860748291,
      13.235268592834473,
      14.250997543334961,
      19.49421501159668,
      22.633176803588867,
      20.16421890258789,
      25.340435028076172,
      13.324380874633789,
      19.179594039916992,
      26.108787536621094,
      28.814655303955078
    ],
    [
      17.79133415222168,
      63.63456726074219,
      16.258193969726562,
      27.11214256286621,
      21.906888961791992,
      27.87118911743164,
      31.076555252075195,
      32.8224983215332,
      31.203519821166992,
      30.791101455688477,
      30.28380584716797,
      32.129695892333984,
      23.55764389038086,
      25.95246696472168,
      13.906140327453613,
      21.673635482788086,
      11.235254287719727,
      28.85483169555664
    ],
    [
      15.60744857788086,
      16.258193969726562,
      26.583940505981445,
      17.761213302612305,
      14.119872093200684,
      18.056602478027344,
      15.048843383789062,
      16.373706817626953,
      16.050256729125977,
      15.331072807312012,
      17.650564193725586,
      19.167877197265625,
      14.534170150756836,
      15.791101455688477,
      10.240962982177734,
      13.02238941192627,
      15.762239456176758,
      21.30438995361328
    ],
    [
      12.583396911621094,
      27.11214256286621,
      17.761213302612305,
      39.389259338378906,
      21.028226852416992,
      29.77614974975586,
      23.194358825683594,
      27.795438766479492,
      25.1785831451416,
      26.270225524902344,
      24.43348503112793,
      29.77066993713379,
      16.576671600341797,
      20.67327117919922,
      9.145017623901367,
      16.718046188354492,
      5.116522789001465,
      18.128549575805664
    ],
    [
      9.533452987670898,
      21.906888961791992,
      14.119872093200684,
      21.028226852416992,
      42.36924362182617,
      31.346546173095703,
      34.38542938232422,
      28.770164489746094,
      36.16410827636719,
      28.75884437561035,
      35.12887191772461,
      30.4459228515625,
      28.091115951538086,
      24.116361618041992,
      17.74602699279785,
      19.689924240112305,
      16.72144317626953,
      23.514633178710938
    ],
    [
      17.546207427978516,
      27.87118911743164,
      18.056602478027344,
      29.77614974975586,
      31.346546173095703,
      49.71340560913086,
      37.35481643676758,
      45.157711029052734,
      35.40272521972656,
      36.316158294677734,
      34.80825424194336,
      39.922725677490234,
      27.65764045715332,
      32.01371765136719,
      15.38419246673584,
      24.609901428222656,
      18.277353286743164,
      32.69089126586914
    ],
    [
      16.514400482177734,
      31.076555252075195,
      15.048843383789062,
      23.194358825683594,
      34.38542938232422,
      37.35481643676758,
      65.52039337158203,
      53.476497650146484,
      45.918907165527344,
      39.48353958129883,
      46.39979553222656,
      42.983802795410156,
      36.841983795166016,
      36.45521926879883,
      20.485200881958008,
      27.091501235961914,
      22.634492874145508,
      31.72541618347168
    ],
    [
      22.6315860748291,
      32.8224983215332,
      16.373706817626953,
      27.795438766479492,
      28.770164489746094,
      45.157711029052734,
      53.476497650146484,
      79.9616928100586,
      41.43894958496094,
      46.3526496887207,
      40.92357635498047,
      48.48128890991211,
      31.6409969329834,
      42.93109130859375,
      17.510587692260742,
      31.526676177978516,
      21.308502197265625,
      33.454132080078125
    ],
    [
      13.235268592834473,
      31.203519821166992,
      16.050256729125977,
      25.1785831451416,
      36.16410827636719,
      35.40272521972656,
      45.918907165527344,
      41.43894958496094,
      61.125511169433594,
      45.997982025146484,
      52.616825103759766,
      46.19565200805664,
      43.90031433105469,
      40.18254852294922,
      28.29315185546875,
      32.41520690917969,
      26.44351577758789,
      36.43150329589844
    ],
    [
      14.250997543334961,
      30.791101455688477,
      15.331072807312012,
      26.270225524902344,
      28.75884437561035,
      36.316158294677734,
      39.48353958129883,
      46.3526496887207,
      45.997982025146484,
      58.71683883666992,
      42.30173873901367,
      49.82890319824219,
      37.443931579589844,
      46.2326774597168,
      27.268301010131836,
      38.92427444458008,
      27.020668029785156,
      38.96338653564453
    ],
    [
      19.49421501159668,
      30.28380584716797,
      17.650564193725586,
      24.43348503112793,
      35.12887191772461,
      34.80825424194336,
      46.39979553222656,
      40.92357635498047,
      52.616825103759766,
      42.30173873901367,
      67.62041473388672,
      56.168235778808594,
      57.929283142089844,
      53.127708435058594,
      41.09443664550781,
      44.961734771728516,
      42.36798095703125,
      49.45852279663086
    ],
    [
      22.633176803588867,
      32.129695892333984,
      19.167877197265625,
      29.77066993713379,
      30.4459228515625,
      39.922725677490234,
      42.983802795410156,
      48.48128890991211,
      46.19565200805664,
      49.82890319824219,
      56.168235778808594,
      69.1207275390625,
      52.492122650146484,
      62.55648422241211,
      38.683204650878906,
      53.69063949584961,
      41.98466491699219,
      56.45542526245117
    ],
    [
      20.16421890258789,
      23.55764389038086,
      14.534170150756836,
      16.576671600341797,
      28.091115951538086,
      27.65764045715332,
      36.841983795166016,
      31.6409969329834,
      43.90031433105469,
      37.443931579589844,
      57.929283142089844,
      52.492122650146484,
      81.07373809814453,
      66.71829986572266,
      65.73214721679688,
      63.89241027832031,
      67.0712890625,
      69.56400299072266
    ],
    [
      25.340435028076172,
      25.95246696472168,
      15.791101455688477,
      20.67327117919922,
      24.116361618041992,
      32.01371765136719,
      36.45521926879883,
      42.93109130859375,
      40.18254852294922,
      46.2326774597168,
      53.127708435058594,
      62.55648422241211,
      66.71829986572266,
      86.82923126220703,
      60.06968307495117,
      79.20590209960938,
      67.76493072509766,
      79.76863861083984
    ],
    [
      13.324380874633789,
      13.906140327453613,
      10.240962982177734,
      9.145017623901367,
      17.74602699279785,
      15.38419246673584,
      20.485200881958008,
      17.510587692260742,
      28.29315185546875,
      27.268301010131836,
      41.09443664550781,
      38.683204650878906,
      65.73214721679688,
      60.06968307495117,
      85.3837661743164,
      74.98975372314453,
      79.88935089111328,
      74.63394927978516
    ],
    [
      19.179594039916992,
      21.673635482788086,
      13.02238941192627,
      16.718046188354492,
      19.689924240112305,
      24.609901428222656,
      27.091501235961914,
      31.526676177978516,
      32.41520690917969,
      38.92427444458008,
      44.961734771728516,
      53.69063949584961,
      63.89241027832031,
      79.20590209960938,
      74.98975372314453,
      98.08451080322266,
      81.69572448730469,
      93.35116577148438
    ],
    [
      26.108787536621094,
      11.235254287719727,
      15.762239456176758,
      5.116522789001465,
      16.72144317626953,
      18.277353286743164,
      22.634492874145508,
      21.308502197265625,
      26.44351577758789,
      27.020668029785156,
      42.36798095703125,
      41.98466491699219,
      67.0712890625,
      67.76493072509766,
      79.88935089111328,
      81.69572448730469,
      114.5779037475586,
      106.73690032958984
    ],
    [
      28.814655303955078,
      28.85483169555664,
      21.30438995361328,
      18.128549575805664,
      23.514633178710938,
      32.69089126586914,
      31.72541618347168,
      33.454132080078125,
      36.43150329589844,
      38.96338653564453,
      49.45852279663086,
      56.45542526245117,
      69.56400299072266,
      79.76863861083984,
      74.63394927978516,
      93.35116577148438,
      106.73690032958984,
      131.8135528564453
    ]
  ],
  "damage": -5.475246429443359,
  "diff_bandwidth": 650.31396484375,
  "dissonance": 7.954947627119391,
  "drr": 12.170563697814941,
  "dynamics": 3.836099863052368,
  "format": 65538,
  "frames": 16633344,
  "freq_pan_to_db": [
    [
      -29.563322067260742,
      -28.964111328125,
      -26.34231185913086,
      -22.828279495239258,
      -14.578572273254395,
      -10.479839324951172,
      -15.279023170471191,
      -21.569536209106445,
      -22.766237258911133,
      -26.171762466430664,
      -32.84638977050781
    ],
    [
      -27.3525447845459,
      -28.37163543701172,
      -22.439756393432617,
      -18.730527877807617,
      -13.000576972961426,
      -10.304289817810059,
      -12.979065895080566,
      -16.8403263092041,
      -21.62443733215332,
      -24.743566513061523,
      -32.570701599121094
    ],
    [
      -28.014039993286133,
      -27.257532119750977,
      -23.66686248779297,
      -21.222274780273438,
      -14.495262145996094,
      -11.209188461303711,
      -13.908961296081543,
      -18.219478607177734,
      -20.692630767822266,
      -25.8845272064209,
      -27.925886154174805
    ],
    [
      -29.6997013092041,
      -26.18475914001465,
      -23.763172149658203,
      -18.663394927978516,
      -15.209443092346191,
      -13.520673751831055,
      -16.163576126098633,
      -19.31804656982422,
      -22.25800132751465,
      -23.895341873168945,
      -25.23957061767578
    ],
    [
      -23.392498016357422,
      -20.93930435180664,
      -18.750219345092773,
      -16.48195457458496,
      -14.306435585021973,
      -13.01976490020752,
      -13.668682098388672,
      -15.90975284576416,
      -17.796070098876953,
      -19.91572380065918,
      -21.51614761352539
    ],
    [
      -19.709102630615234,
      -18.41069793701172,
      -16.91852569580078,
      -15.57826042175293,
      -14.022283554077148,
      -12.425474166870117,
      -13.266153335571289,
      -15.217942237854004,
      -16.566373825073242,
      -18.668542861938477,
      -19.034439086914062
    ],
    [
      -18.916250228881836,
      -18.104536056518555,
      -16.309310913085938,
      -15.243034362792969,
      -13.722923278808594,
      -11.375405311584473,
      -12.930814743041992,
      -15.282210350036621,
      -17.289945602416992,
      -18.60147476196289,
      -18.007394790649414
    ],
    [
      -18.21185874938965,
      -17.69610023498535,
      -16.46331787109375,
      -14.886597633361816,
      -12.253470420837402,
      -11.383721351623535,
      -13.370596885681152,
      -15.39608097076416,
      -16.17995262145996,
      -16.9993953704834,
      -17.62466049194336
    ],
    [
      -19.43423080444336,
      -18.303630828857422,
      -16.982030868530273,
      -15.441944122314453,
      -14.256321907043457,
      -14.486226081848145,
      -16.48151969909668,
      -18.421083450317383,
      -19.385046005249023,
      -20.009410858154297,
      -20.78970718383789
    ],
    [
      -17.393468856811523,
      -17.42792510986328,
      -16.2211856842041,
      -14.41528034210205,
      -12.237853050231934,
      -12.429483413696289,
      -15.05108642578125,
      -16.62262725830078,
      -16.698841094970703,
      -16.712135314941406,
      -17.641145706176758
    ],
    [
      -15.514594078063965,
      -16.466279983520508,
      -16.461402893066406,
      -14.959178924560547,
      -13.387845993041992,
      -12.390478134155273,
      -12.980576515197754,
      -15.062752723693848,
      -16.56642723083496,
      -16.286035537719727,
      -16.6563720703125
    ],
    [
      -15.906949043273926,
      -16.69342613220215,
      -16.077308654785156,
      -16.55620765686035,
      -16.098285675048828,
      -14.809456825256348,
      -15.803426742553711,
      -16.67490005493164,
      -17.27108383178711,
      -19.067577362060547,
      -19.126611709594727
    ],
    [
      -17.70316505432129,
      -18.10124969482422,
      -18.46381187438965,
      -17.54022789001465,
      -17.692428588867188,
      -16.928747177124023,
      -17.706275939941406,
      -17.928600311279297,
      -18.167490005493164,
      -18.637527465820312,
      -19.775827407836914
    ],
    [
      -18.01810073852539,
      -18.72774314880371,
      -18.235492706298828,
      -18.361228942871094,
      -17.525938034057617,
      -15.114099502563477,
      -15.604187965393066,
      -16.489309310913086,
      -16.996658325195312,
      -18.171913146972656,
      -18.495677947998047
    ],
    [
      -18.88467788696289,
      -18.31047248840332,
      -17.923837661743164,
      -16.54766082763672,
      -16.047243118286133,
      -14.627302169799805,
      -15.55532455444336,
      -15.35482406616211,
      -15.24559211730957,
      -15.853955268859863,
      -14.521710395812988
    ],
    [
      -19.88238525390625,
      -18.91792106628418,
      -17.907054901123047,
      -17.613561630249023,
      -18.77878189086914,
      -16.591236114501953,
      -16.760173797607422,
      -16.699600219726562,
      -16.30544662475586,
      -16.666107177734375,
      -14.568928718566895
    ],
    [
      -24.32126808166504,
      -19.800464630126953,
      -18.527809143066406,
      -18.36625099182129,
      -21.88484001159668,
      -19.10257911682129,
      -18.264862060546875,
      -18.410436630249023,
      -19.58223533630371,
      -18.227642059326172,
      -16.815692901611328
    ],
    [
      -19.68707847595215,
      -17.227895736694336,
      -15.164873123168945,
      -14.645509719848633,
      -18.455930709838867,
      -17.74927520751953,
      -15.333308219909668,
      -15.136222839355469,
      -17.89891815185547,
      -15.16182804107666,
      -13.041723251342773
    ],
    [
      -25.119659423828125,
      -22.474998474121094,
      -20.292837142944336,
      -20.925790786743164,
      -21.729949951171875,
      -18.49115753173828,
      -20.611576080322266,
      -21.136510848999023,
      -19.33384132385254,
      -19.23787498474121,
      -16.119962692260742
    ],
    [
      -21.638500213623047,
      -24.602283477783203,
      -23.494287490844727,
      -24.18416976928711,
      -23.89955711364746,
      -21.86246109008789,
      -23.267980575561523,
      -23.648473739624023,
      -23.17802619934082,
      -20.124387741088867,
      -17.967599868774414
    ],
    [
      -25.64388656616211,
      -25.90620994567871,
      -24.659992218017578,
      -24.41118812561035,
      -22.971336364746094,
      -21.56519889831543,
      -25.550674438476562,
      -23.562528610229492,
      -24.64590835571289,
      -21.81467056274414,
      -18.15839385986328
    ],
    [
      -25.899030685424805,
      -26.55730438232422,
      -25.50490951538086,
      -25.067054748535156,
      -25.48891258239746,
      -24.109901428222656,
      -26.743215560913086,
      -25.97744369506836,
      -26.2152042388916,
      -26.299890518188477,
      -24.319421768188477
    ],
    [
      -27.041275024414062,
      -26.716453552246094,
      -26.83571434020996,
      -26.594690322875977,
      -26.345102310180664,
      -25.139259338378906,
      -27.847036361694336,
      -28.000709533691406,
      -27.601652145385742,
      -26.90842056274414,
      -28.682527542114258
    ],
    [
      -25.852779388427734,
      -27.22691535949707,
      -27.106199264526367,
      -26.698726654052734,
      -26.566015243530273,
      -24.906253814697266,
      -27.417638778686523,
      -28.069787979125977,
      -27.6251163482666,
      -27.175439834594727,
      -29.8024845123291
    ],
    [
      -27.32806396484375,
      -28.872196197509766,
      -28.289546966552734,
      -28.1272029876709,
      -27.600322723388672,
      -27.36612892150879,
      -28.46344757080078,
      -28.314311981201172,
      -28.85369110107422,
      -30.224037170410156,
      -34.42036437988281
    ],
    [
      -34.59828186035156,
      -30.202693939208984,
      -28.647294998168945,
      -27.988094329833984,
      -27.188812255859375,
      -25.779150009155273,
      -27.60748863220215,
      -28.483760833740234,
      -29.35608673095703,
      -29.907459259033203,
      -33.82435607910156
    ],
    [
      -32.15994644165039,
      -29.08034896850586,
      -28.15004539489746,
      -28.010684967041016,
      -27.447620391845703,
      -25.194869995117188,
      -28.791799545288086,
      -28.982463836669922,
      -28.234718322753906,
      -28.2358341217041,
      -27.616994857788086
    ],
    [
      -35.4166259765625,
      -31.925628662109375,
      -30.00337791442871,
      -29.79299545288086,
      -29.999422073364258,
      -28.041671752929688,
      -31.367277145385742,
      -29.407733917236328,
      -29.290712356567383,
      -29.59630584716797,
      -34.1382942199707
    ],
    [
      -36.00791931152344,
      -31.996782302856445,
      -30.573299407958984,
      -30.472190856933594,
      -30.221654891967773,
      -29.300460815429688,
      -31.63851547241211,
      -30.188688278198242,
      -30.474231719970703,
      -32.524417877197266,
      -38.711395263671875
    ],
    [
      -29.42552375793457,
      -31.053401947021484,
      -30.75339126586914,
      -30.69338035583496,
      -30.067663192749023,
      -29.165616989135742,
      -31.205278396606445,
      -30.650667190551758,
      -30.531103134155273,
      -31.321186065673828,
      -41.83528518676758
    ],
    [
      -36.652164459228516,
      -32.916072845458984,
      -32.385074615478516,
      -31.810258865356445,
      -30.83677101135254,
      -28.57363510131836,
      -32.063602447509766,
      -31.780324935913086,
      -31.04401969909668,
      -31.61966896057129,
      -33.91403579711914
    ],
    [
      -40.60297393798828,
      -32.03917694091797,
      -32.53860855102539,
      -31.68561553955078,
      -31.57369041442871,
      -30.279706954956055,
      -32.727508544921875,
      -32.70561981201172,
      -32.949607849121094,
      -30.64980125427246,
      -122.76924133300781
    ],
    [
      -129.0361328125,
      -34.46953582763672,
      -34.14634323120117,
      -32.20611572265625,
      -32.72881317138672,
      -31.654272079467773,
      -33.11098098754883,
      -32.96171951293945,
      -32.13106155395508,
      -33.13948440551758,
      -45.00200271606445
    ],
    [
      -36.86381530761719,
      -32.63930130004883,
      -20.390562057495117,
      -25.58223533630371,
      -33.740814208984375,
      -32.25045394897461,
      -32.33052062988281,
      -30.914173126220703,
      -30.18364906311035,
      -31.374025344848633,
      -48.812984466552734
    ],
    [
      -125.1899642944336,
      -38.70412063598633,
      -27.356674194335938,
      -27.476390838623047,
      -33.57624053955078,
      -31.541000366210938,
      -31.577823638916016,
      -29.712682723999023,
      -28.212345123291016,
      -26.764169692993164,
      -120.90804290771484
    ],
    [
      -43.557865142822266,
      -38.073699951171875,
      -34.649635314941406,
      -32.08474349975586,
      -36.64168167114258,
      -34.41740798950195,
      -33.18368911743164,
      -30.356042861938477,
      -29.929101943969727,
      -31.800954818725586,
      -121.04563903808594
    ],
    [
      -41.072452545166016,
      -35.424957275390625,
      -35.42909240722656,
      -34.27444076538086,
      -38.17207717895508,
      -36.46564483642578,
      -34.05096435546875,
      -32.59108352661133,
      -31.56707000732422,
      -29.92447280883789,
      -121.41220092773438
    ],
    [
      -36.636810302734375,
      -34.589012145996094,
      -36.01771926879883,
      -35.78298568725586,
      -39.373050689697266,
      -37.790061950683594,
      -36.07148361206055,
      -35.148521423339844,
      -33.94210433959961,
      -33.202022552490234,
      -59.18717956542969
    ],
    [
      -35.30082321166992,
      -35.041717529296875,
      -38.258487701416016,
      -38.822998046875,
      -41.08948516845703,
      -39.91684341430664,
      -36.85248565673828,
      -35.434059143066406,
      -34.569786071777344,
      -36.394287109375,
      -62.875606536865234
    ],
    [
      -42.905948638916016,
      -39.97555923461914,
      -41.32506561279297,
      -41.7811279296875,
      -44.235130310058594,
      -44.52983093261719,
      -39.41567611694336,
      -35.56588363647461,
      -34.092891693115234,
      -34.979286193847656,
      -41.797584533691406
    ],
    [
      -54.296348571777344,
      -52.59354782104492,
      -53.686954498291016,
      -50.608192443847656,
      -51.4311637878418,
      -51.963584899902344,
      -47.58167266845703,
      -40.16874694824219,
      -35.610408782958984,
      -34.86339569091797,
      -44.71656036376953
    ],
    [
      -56.61766052246094,
      -55.34413146972656,
      -58.74666976928711,
      -57.81257247924805,
      -57.93973159790039,
      -57.05181884765625,
      -50.1109504699707,
      -43.709571838378906,
      -41.13188934326172,
      -41.3862419128418,
      -51.85801315307617
    ]
  ],
  "histogram": [
    {
      "db": -70,
      "frequency": 0
    },
    {
      "db": -69,
      "frequency": 0
    },
    {
      "db": -68,
      "frequency": 0
    },
    {
      "db": -67,
      "frequency": 1
    },
    {
      "db": -66,
      "frequency": 0
    },
    {
      "db": -65,
      "frequency": 0
    },
    {
      "db": -64,
      "frequency": 0
    },
    {
      "db": -63,
      "frequency": 0
    },
    {
      "db": -62,
      "frequency": 1
    },
    {
      "db": -61,
      "frequency": 0
    },
    {
      "db": -60,
      "frequency": 0
    },
    {
      "db": -59,
      "frequency": 1
    },
    {
      "db": -58,
      "frequency": 0
    },
    {
      "db": -57,
      "frequency": 0
    },
    {
      "db": -56,
      "frequency": 1
    },
    {
      "db": -55,
      "frequency": 0
    },
    {
      "db": -54,
      "frequency": 1
    },
    {
      "db": -53,
      "frequency": 0
    },
    {
      "db": -52,
      "frequency": 0
    },
    {
      "db": -51,
      "frequency": 0
    },
    {
      "db": -50,
      "frequency": 0
    },
    {
      "db": -49,
      "frequency": 1
    },
    {
      "db": -48,
      "frequency": 1
    },
    {
      "db": -47,
      "frequency": 0
    },
    {
      "db": -46,
      "frequency": 1
    },
    {
      "db": -45,
      "frequency": 0
    },
    {
      "db": -44,
      "frequency": 1
    },
    {
      "db": -43,
      "frequency": 1
    },
    {
      "db": -42,
      "frequency": 0
    },
    {
      "db": -41,
      "frequency": 1
    },
    {
      "db": -40,
      "frequency": 1
    },
    {
      "db": -39,
      "frequency": 1
    },
    {
      "db": -38,
      "frequency": 1
    },
    {
      "db": -37,
      "frequency": 2
    },
    {
      "db": -36,
      "frequency": 1
    },
    {
      "db": -35,
      "frequency": 1
    },
    {
      "db": -34,
      "frequency": 0
    },
    {
      "db": -33,
      "frequency": 1
    },
    {
      "db": -32,
      "frequency": 2
    },
    {
      "db": -31,
      "frequency": 2
    },
    {
      "db": -30,
      "frequency": 0
    },
    {
      "db": -29,
      "frequency": 3
    },
    {
      "db": -28,
      "frequency": 2
    },
    {
      "db": -27,
      "frequency": 1
    },
    {
      "db": -26,
      "frequency": 13
    },
    {
      "db": -25,
      "frequency": 16
    },
    {
      "db": -24,
      "frequency": 25
    },
    {
      "db": -23,
      "frequency": 28
    },
    {
      "db": -22,
      "frequency": 47
    },
    {
      "db": -21,
      "frequency": 58
    },
    {
      "db": -20,
      "frequency": 36
    },
    {
      "db": -19,
      "frequency": 36
    },
    {
      "db": -18,
      "frequency": 50
    },
    {
      "db": -17,
      "frequency": 80
    },
    {
      "db": -16,
      "frequency": 70
    },
    {
      "db": -15,
      "frequency": 113
    },
    {
      "db": -14,
      "frequency": 204
    },
    {
      "db": -13,
      "frequency": 316
    },
    {
      "db": -12,
      "frequency": 442
    },
    {
      "db": -11,
      "frequency": 421
    },
    {
      "db": -10,
      "frequency": 374
    },
    {
      "db": -9,
      "frequency": 269
    },
    {
      "db": -8,
      "frequency": 318
    },
    {
      "db": -7,
      "frequency": 363
    },
    {
      "db": -6,
      "frequency": 273
    },
    {
      "db": -5,
      "frequency": 104
    },
    {
      "db": -4,
      "frequency": 36
    },
    {
      "db": -3,
      "frequency": 1
    },
    {
      "db": -2,
      "frequency": 0
    },
    {
      "db": -1,
      "frequency": 0
    },
    {
      "db": 0,
      "frequency": 0
    },
    {
      "db": 1,
      "frequency": 0
    },
    {
      "db": 2,
      "frequency": 0
    },
