{
  "acoustic_entropy": 207.67633056640625,
  "bands": [
    {
      "high_freq": 148.1999969482422,
      "loudness": -23.974946975708008,
      "loudness_range": 14.685724258422852,
      "mid_mean": -20.315479278564453,
      "mid_to_side_loudness": -32.61556625366211,
      "mid_to_side_loudness_range": 26.288129806518555,
      "side_mean": -54.39310073852539
    },
    {
      "high_freq": 392.3793640136719,
      "loudness": -22.358028411865234,
      "loudness_range": 12.271476745605469,
      "low_freq": 148.1999969482422,
      "mid_mean": -19.019733428955078,
      "mid_to_side_loudness": -12.854695320129395,
      "mid_to_side_loudness_range": 14.204105377197266,
      "side_mean": -31.864910125732422
    },
    {
      "high_freq": 794.6976318359375,
      "loudness": -23.883935928344727,
      "loudness_range": 16.10300064086914,
      "low_freq": 392.3793640136719,
      "mid_mean": -21.03264045715332,
      "mid_to_side_loudness": -8.445518493652344,
      "mid_to_side_loudness_range": 13.856887817382812,
      "side_mean": -29.369098663330078
    },
    {
      "high_freq": 1457.5709228515625,
      "loudness": -25.762916564941406,
      "loudness_range": 21.750247955322266,
      "low_freq": 794.6976318359375,
      "mid_mean": -23.527454376220703,
      "mid_to_side_loudness": -6.089456081390381,
      "mid_to_side_loudness_range": 15.285613059997559,
      "side_mean": -29.082775115966797
    },
    {
      "high_freq": 2549.74365234375,
      "loudness": -29.567344665527344,
      "loudness_range": 20.00722312927246,
      "low_freq": 1457.5709228515625,
      "mid_mean": -27.022037506103516,
      "mid_to_side_loudness": -6.78728723526001,
      "mid_to_side_loudness_range": 11.626099586486816,
      "side_mean": -33.04486083984375
    },
    {
      "high_freq": 4349.24462890625,
      "loudness": -31.341320037841797,
      "loudness_range": 19.907888412475586,
      "low_freq": 2549.74365234375,
      "mid_mean": -28.769609451293945,
      "mid_to_side_loudness": -6.507951259613037,
      "mid_to_side_loudness_range": 10.32381820678711,
      "side_mean": -34.90109634399414
    },
    {
      "high_freq": 7314.1640625,
      "loudness": -33.02632141113281,
      "loudness_range": 20.133102416992188,
      "low_freq": 4349.24462890625,
      "mid_mean": -30.698312759399414,
      "mid_to_side_loudness": -5.750997543334961,
      "mid_to_side_loudness_range": 10.517202377319336,
      "side_mean": -36.03207778930664
    },
    {
      "high_freq": 12199.2666015625,
      "loudness": -34.81779479980469,
      "loudness_range": 16.581960678100586,
      "low_freq": 7314.1640625,
      "mid_mean": -32.58380889892578,
      "mid_to_side_loudness": -5.078615188598633,
      "mid_to_side_loudness_range": 7.047657489776611,
      "side_mean": -37.91779327392578
    },
    {
      "loudness": -41.767601013183594,
      "loudness_range": 16.408248901367188,
      "low_freq": 12199.2666015625,
      "mid_mean": -39.85676193237305,
      "mid_to_side_loudness": -4.072451591491699,
      "mid_to_side_loudness_range": 4.576385498046875,
      "side_mean": -44.0412483215332
    }
  ],
  "bands_short": [
    {
      "high_freq": 148.1999969482422,
      "loudness": -26.097270965576172,
      "loudness_range": 19.679122924804688,
      "mid_mean": -22.622997283935547,
      "mid_to_side_loudness": -33.9134521484375,
      "mid_to_side_loudness_range": 32.19717025756836,
      "side_mean": -58.82668685913086
    },
    {
      "high_freq": 392.3793640136719,
      "loudness": -22.61369514465332,
      "loudness_range": 14.600164413452148,
      "low_freq": 148.1999969482422,
      "mid_mean": -19.273395538330078,
      "mid_to_side_loudness": -13.867561340332031,
      "mid_to_side_loudness_range": 16.84930419921875,
      "side_mean": -33.15241241455078
    },
    {
      "high_freq": 794.6976318359375,
      "loudness": -24.2991886138916,
      "loudness_range": 18.02448272705078,
      "low_freq": 392.3793640136719,
      "mid_mean": -21.567230224609375,
      "mid_to_side_loudness": -8.32161808013916,
      "mid_to_side_loudness_range": 15.187015533447266,
      "side_mean": -29.854354858398438
    },
    {
      "high_freq": 1457.5709228515625,
      "loudness": -26.26059913635254,
      "loudness_range": 23.275386810302734,
      "low_freq": 794.6976318359375,
      "mid_mean": -24.275772094726562,
      "mid_to_side_loudness": -5.717621326446533,
      "mid_to_side_loudness_range": 16.641748428344727,
      "side_mean": -29.49282455444336
    },
    {
      "high_freq": 2549.74365234375,
      "loudness": -30.717708587646484,
      "loudness_range": 23.119260787963867,
      "low_freq": 1457.5709228515625,
      "mid_mean": -28.222787857055664,
      "mid_to_side_loudness": -6.880749225616455,
      "mid_to_side_loudness_range": 13.262240409851074,
      "side_mean": -34.540157318115234
    },
    {
      "high_freq": 4349.24462890625,
      "loudness": -32.484737396240234,
      "loudness_range": 23.405099868774414,
      "low_freq": 2549.74365234375,
      "mid_mean": -29.999841690063477,
      "mid_to_side_loudness": -6.636858940124512,
      "mid_to_side_loudness_range": 11.714189529418945,
      "side_mean": -36.35391616821289
    },
    {
      "high_freq": 7314.1640625,
      "loudness": -34.91371536254883,
      "loudness_range": 25.88313865661621,
      "low_freq": 4349.24462890625,
      "mid_mean": -32.61994171142578,
      "mid_to_side_loudness": -5.961491584777832,
      "mid_to_side_loudness_range": 12.681307792663574,
      "side_mean": -38.475624084472656
    },
    {
      "high_freq": 12199.2666015625,
      "loudness": -37.6424674987793,
      "loudness_range": 25.225996017456055,
      "low_freq": 7314.1640625,
      "mid_mean": -35.68667221069336,
      "mid_to_side_loudness": -5.464000225067139,
      "mid_to_side_loudness_range": 9.445518493652344,
      "side_mean": -41.933589935302734
    },
    {
      "loudness": -46.22203826904297,
      "loudness_range": 28.30491065979004,
      "low_freq": 12199.2666015625,
      "mid_mean": -45.73333740234375,
      "mid_to_side_loudness": -4.8733320236206055,
      "mid_to_side_loudness_range": 8.657590866088867,
      "side_mean": -51.85019302368164
    }
  ],
  "bandwidth": 619.9532470703125,
  "channels": 2,
  "covariance": [
    [
      34.89152526855469,
      16.361417770385742,
      12.185737609863281,
      11.76701831817627,
      8.596237182617188,
      17.679243087768555,
      15.81404972076416,
      23.144834518432617,
      11.947503089904785,
      12.588872909545898,
      16.380023956298828,
      17.6545467376709,
      15.760308265686035,
      19.040441513061523,
      8.508333206176758,
      12.518356323242188,
      6.739503383636475,
      8.197463035583496
    ],
    [
      16.361417770385742,
      57.12104415893555,
      14.10904312133789,
      26.251745223999023,
      19.37371826171875,
      28.14995765686035,
      28.88597869873047,
      33.355045318603516,
      27.595050811767578,
      23.5772705078125,
      26.043344497680664,
      25.76894760131836,
      17.710485458374023,
      15.036836624145508,
      2.6699001789093018,
      6.479508876800537,
      -1.2578861713409424,
      0.8472657203674316
    ],
    [
      12.185737609863281,
      14.10904312133789,
      21.9289493560791,
      18.268835067749023,
      12.891264915466309,
      17.94476890563965,
      14.688578605651855,
      16.76950454711914,
      16.105022430419922,
      12.899596214294434,
      17.10939598083496,
      17.646404266357422,
      12.77568244934082,
      11.48099422454834,
      6.206308364868164,
      7.0778937339782715,
      4.343719005584717,
      5.563963413238525
    ],
    [
      11.76701831817627,
      26.251745223999023,
      18.268835067749023,
      37.7797966003418,
      20.462020874023438,
      32.44704055786133,
      24.16764259338379,
      32.009910583496094,
      25.59840965270996,
      23.37711524963379,
      23.370861053466797,
      26.877418518066406,
      13.236084938049316,
      13.402804374694824,
      1.9297220706939697,
      6.722904682159424,
      -0.5068597197532654,
      2.2039482593536377
    ],
    [
      8.596237182617188,
      19.37371826171875,
      12.891264915466309,
      20.462020874023438,
      35.95059585571289,
      30.689002990722656,
      32.7285270690918,
      28.64396858215332,
      32.565120697021484,
      22.888479232788086,
      30.23810386657715,
      24.553699493408203,
      20.901477813720703,
      15.13184928894043,
      8.155879974365234,
      8.821162223815918,
      4.313658714294434,
      5.002450466156006
    ],
    [
      17.679243087768555,
      28.14995765686035,
      17.94476890563965,
      32.44704055786133,
      30.689002990722656,
      51.003902435302734,
      37.88108825683594,
      49.610904693603516,
      34.077884674072266,
      32.08385467529297,
      32.06888961791992,
      35.82902526855469,
      22.069005966186523,
      23.703636169433594,
      6.505801677703857,
      13.541275978088379,
      4.416309833526611,
      7.5947771072387695
    ],
    [
      15.81404972076416,
      28.88597869873047,
      14.688578605651855,
      24.16764259338379,
      32.7285270690918,
      37.88108825683594,
      60.37894058227539,
      54.612667083740234,
      43.22806930541992,
      34.103355407714844,
      41.47303771972656,
      36.44862747192383,
      28.416603088378906,
      25.124671936035156,
      7.795462608337402,
      12.11860179901123,
      3.3837735652923584,
      5.27236795425415
    ],
    [
      23.144834518432617,
      33.355045318603516,
      16.76950454711914,
      32.009910583496094,
      28.64396858215332,
      49.610904693603516,
      54.612667083740234,
      81.78264617919922,
      40.27939224243164,
      44.11614990234375,
      38.5296630859375,
      44.29500961303711,
      25.010284423828125,
      31.867115020751953,
      5.3599982261657715,
      15.804627418518066,
      1.3911538124084473,
      6.624186038970947
    ],
    [
      11.947503089904785,
      27.595050811767578,
      16.105022430419922,
      25.59840965270996,
      32.565120697021484,
      34.077884674072266,
      43.22806930541992,
      40.27939224243164,
      53.247074127197266,
      37.25957489013672,
      45.614051818847656,
      37.3984375,
      33.388187408447266,
      25.437746047973633,
      13.016985893249512,
      13.556903839111328,
      6.51557731628418,
      6.974343299865723
    ],
    [
      12.588872909545898,
      23.5772705078125,
      12.899596214294434,
      23.37711524963379,
      22.888479232788086,
      32.08385467529297,
      34.103355407714844,
      44.11614990234375,
      37.25957489013672,
      45.14067840576172,
      33.612037658691406,
      38.49037170410156,
      24.29365348815918,
      29.436586380004883,
      11.072211265563965,
      17.45576286315918,
      7.189682960510254,
      10.497883796691895
    ],
    [
      16.380023956298828,
      26.043344497680664,
      17.10939598083496,
      23.370861053466797,
      30.23810386657715,
      32.06888961791992,
      41.47303771972656,
      38.5296630859375,
      45.614051818847656,
      33.612037658691406,
      53.02692413330078,
      43.53611755371094,
      40.66192626953125,
      33.860374450683594,
      19.19131088256836,
      20.048303604125977,
      10.842294692993164,
      11.57060432434082
    ],
    [
      17.6545467376709,
      25.76894760131836,
      17.646404266357422,
      26.877418518066406,
      24.553699493408203,
      35.82902526855469,
      36.44862747192383,
      44.29500961303711,
      37.3984375,
      38.49037170410156,
      43.53611755371094,
      53.811805725097656,
      36.88606262207031,
      41.1240348815918,
      18.09878921508789,
      26.499055862426758,
      12.393322944641113,
      16.343059539794922
    ],
    [
      15.760308265686035,
      17.710485458374023,
      12.77568244934082,
      13.236084938049316,
      20.901477813720703,
      22.069005966186523,
      28.416603088378906,
      25.010284423828125,
      33.388187408447266,
      24.29365348815918,
      40.66192626953125,
      36.88606262207031,
      54.67705535888672,
      41.22222137451172,
      34.614471435546875,
      31.624128341674805,
      26.093435287475586,
      23.621362686157227
    ],
    [
      19.040441513061523,
      15.036836624145508,
      11.48099422454834,
      13.402804374694824,
      15.13184928894043,
      23.703636169433594,
      25.124671936035156,
      31.867115020751953,
      25.437746047973633,
      29.436586380004883,
      33.860374450683594,
      41.1240348815918,
      41.22222137451172,
      52.00700378417969,
      29.290164947509766,
      38.489707946777344,
      25.67922019958496,
      29.459497451782227
    ],
    [
      8.508333206176758,
      2.6699001789093018,
      6.206308364868164,
      1.9297220706939697,
      8.155879974365234,
      6.505801677703857,
      7.795462608337402,
      5.3599982261657715,
      13.016985893249512,
      11.072211265563965,
      19.19131088256836,
      18.09878921508789,
      34.614471435546875,
      29.290164947509766,
      43.325584411621094,
      35.18524169921875,
      37.40470886230469,
      33.193023681640625
    ],
    [
      12.518356323242188,
      6.479508876800537,
      7.0778937339782715,
      6.722904682159424,
      8.821162223815918,
      13.541275978088379,
      12.11860179901123,
      15.804627418518066,
      13.556903839111328,
      17.45576286315918,
      20.048303604125977,
      26.499055862426758,
      31.624128341674805,
      38.489707946777344,
      35.18524169921875,
      44.5804557800293,
      35.41152572631836,
      38.96739959716797
    ],
    [
      6.739503383636475,
      -1.2578861713409424,
      4.343719005584717,
      -0.5068597197532654,
      4.313658714294434,
      4.416309833526611,
      3.3837735652923584,
      1.3911538124084473,
      6.51557731628418,
      7.189682960510254,
      10.842294692993164,
      12.393322944641113,
      26.093435287475586,
      25.67922019958496,
      37.40470886230469,
      35.41152572631836,
      44.551307678222656,
      41.06275177001953
    ],
    [
      8.197463035583496,
      0.8472657203674316,
      5.563963413238525,
      2.2039482593536377,
      5.002450466156006,
      7.5947771072387695,
      5.27236795425415,
      6.624186038970947,
      6.974343299865723,
      10.497883796691895,
      11.57060432434082,
      16.343059539794922,
      23.621362686157227,
      29.459497451782227,
      33.193023681640625,
      38.96739959716797,
      41.06275177001953,
      45.53872299194336
    ]
  ],
  "covariance_short": [
    [
      62.748966217041016,
      15.736275672912598,
      17.211990356445312,
      14.015474319458008,
      10.889915466308594,
      18.797500610351562,
      17.444446563720703,
      24.29096221923828,
      14.458306312561035,
      15.361807823181152,
      20.62177276611328,
      23.857397079467773,
      20.878164291381836,
      26.048341751098633,
      13.856660842895508,
      19.93851089477539,
      24.596826553344727,
      28.646459579467773
    ],
    [
      15.736275672912598,
      56.71870422363281,
      15.639575004577637,
      28.3603458404541,
      20.748397827148438,
      27.061450958251953,
      29.116928100585938,
      30.905378341674805,
      29.64552879333496,
      28.44266700744629,
      27.901424407958984,
      29.33412742614746,
      20.758419036865234,
      23.196929931640625,
      11.751896858215332,
      18.998292922973633,
      9.247371673583984,
      22.827301025390625
    ],
    [
      17.211990356445312,
      15.639575004577637,
      29.225435256958008,
      20.33944320678711,
      16.482139587402344,
      20.578624725341797,
      17.33090591430664,
      18.777957916259766,
      18.6341495513916,
      16.66265869140625,
      20.068246841430664,
      21.361223220825195,
      16.404434204101562,
      17.381542205810547,
      11.27518081665039,
      14.386896133422852,
      16.232757568359375,
      22.83586311340332
    ],
    [
      14.015474319458008,
      28.3603458404541,
      20.33944320678711,
      46.223880767822266,
      24.42584228515625,
      35.49372863769531,
      26.785470962524414,
      32.53186798095703,
      29.07399559020996,
      29.16336441040039,
      27.59125328063965,
      33.563232421875,
      18.786415100097656,
      23.307493209838867,
      10.018728256225586,
      18.549190521240234,
      5.925724983215332,
      19.148597717285156
    ],
    [
      10.889915466308594,
      20.748397827148438,
      16.482139587402344,
      24.42584228515625,
      45.14043045043945,
      34.39210510253906,
      37.6253776550293,
      31.223995208740234,
      39.6840934753418,
      30.419170379638672,
      37.744136810302734,
      32.195556640625,
      30.103374481201172,
      25.8580379486084,
      18.887248992919922,
      20.936782836914062,
      17.930530548095703,
      24.35306739807129
    ],
    [
      18.797500610351562,
      27.061450958251953,
      20.578624725341797,
      35.49372863769531,
      34.39210510253906,
      56.06745529174805,
      40.886070251464844,
      50.43190002441406,
      39.057273864746094,
      38.92955780029297,
      37.414363861083984,
      43.040138244628906,
      29.256040573120117,
      34.460514068603516,
      16.12070655822754,
      26.28510093688965,
      18.26822853088379,
      32.90957260131836
    ],
    [
      17.444446563720703,
      29.116928100585938,
      17.33090591430664,
      26.785470962524414,
      37.6253776550293,
      40.886070251464844,
      70.0767593383789,
      57.05597686767578,
      50.38884735107422,
      41.984619140625,
      49.404991149902344,
      45.00258255004883,
      39.18778610229492,
      38.50111770629883,
      21.731937408447266,
      28.428272247314453,
      23.342342376708984,
      31.76662254333496
    ],
    [
      24.29096221923828,
      30.905378341674805,
      18.777957916259766,
      32.53186798095703,
      31.223995208740234,
      50.43190002441406,
      57.05597686767578,
      86.93408966064453,
      45.08428955078125,
      50.205196380615234,
      43.09135055541992,
      51.33421325683594,
      32.77101135253906,
      44.93887710571289,
      18.035985946655273,
      32.65589904785156,
      21.020267486572266,
      32.52433395385742
    ],
    [
      14.458306312561035,
      29.64552879333496,
      18.6341495513916,
      29.07399559020996,
      39.6840934753418,
      39.057273864746094,
      50.38884735107422,
      45.08428955078125,
      66.9261474609375,
      48.9666862487793,
      56.361907958984375,
      48.596195220947266,
      46.78944396972656,
      42.61852264404297,
      29.808542251586914,
      33.99310302734375,
      27.638744354248047,
      36.63584518432617
    ],
    [
      15.361807823181152,
      28.44266700744629,
      16.66265869140625,
      29.16336441040039,
      30.419170379638672,
      38.92955780029297,
      41.984619140625,
      50.205196380615234,
      48.9666862487793,
      62.2520866394043,
      43.806941986083984,
      51.4588508605957,
      37.92539978027344,
      48.393653869628906,
      28.096786499023438,
      40.384681701660156,
      27.882516860961914,
      36.95022964477539
    ],
    [
      20.62177276611328,
      27.901424407958984,
      20.068246841430664,
      27.59125328063965,
      37.744136810302734,
      37.414363861083984,
      49.404991149902344,
      43.09135055541992,
      56.361907958984375,
      43.806941986083984,
      71.11605834960938,
      57.97764587402344,
      60.49017333984375,
      55.43043899536133,
      42.72264862060547,
      46.7214241027832,
      43.365562438964844,
      49.640342712402344
    ],
    [
      23.857397079467773,
      29.33412742614746,
      21.361223220825195,
      33.563232421875,
      32.195556640625,
      43.040138244628906,
      45.00258255004883,
      51.33421325683594,
      48.596195220947266,
      51.4588508605957,
      57.97764587402344,
      72.18495178222656,
      53.938568115234375,
      65.24054718017578,
      39.615577697753906,
      55.648738861083984,
      42.18117141723633,
      56.03915786743164
    ],
    [
      20.878164291381836,
      20.758419036865234,
      16.404434204101562,
      18.786415100097656,
      30.103374481201172,
      29.256040573120117,
      39.18778610229492,
      32.77101135253906,
      46.78944396972656,
      37.92539978027344,
      60.49017333984375,
      53.938568115234375,
      83.94410705566406,
      68.89722442626953,
      67.58938598632812,
      65.90604400634766,
      69.10255432128906,
      69.51396179199219
    ],
    [
      26.048341751098633,
      23.196929931640625,
      17.381542205810547,
      23.307493209838867,
      25.8580379486084,
      34.460514068603516,
      38.50111770629883,
      44.93887710571289,
      42.61852264404297,
      48.393653869628906,
      55.43043899536133,
      65.24054718017578,
      68.89722442626953,
      89.60179901123047,
      61.73419952392578,
      81.7298583984375,
      69.9073715209961,
      80.185302734375
    ],
    [
      13.856660842895508,
      11.751896858215332,
      11.27518081665039,
      10.018728256225586,
      18.887248992919922,
      16.12070655822754,
      21.731937408447266,
      18.035985946655273,
      29.808542251586914,
      28.096786499023438,
      42.72264862060547,
      39.615577697753906,
      67.58938598632812,
      61.73419952392578,
      86.74418640136719,
      76.03600311279297,
      82.40606689453125,
      75.26786804199219
    ],
    [
      19.93851089477539,
      18.998292922973633,
      14.386896133422852,
      18.549190521240234,
      20.936782836914062,
      26.28510093688965,
      28.428272247314453,
      32.65589904785156,
      33.99310302734375,
      40.384681701660156,
      46.7214241027832,
      55.648738861083984,
      65.90604400634766,
      81.7298583984375,
      76.03600311279297,
      100.08792877197266,
      85.56383514404297,
      94.8764419555664
    ],
    [
      24.596826553344727,
      9.247371673583984,
      16.232757568359375,
      5.925724983215332,
      17.930530548095703,
      18.26822853088379,
      23.342342376708984,
      21.020267486572266,
      27.638744354248047,
      27.882516860961914,
      43.365562438964844,
      42.18117141723633,
      69.10255432128906,
      69.9073715209961,
      82.40606689453125,
      85.56383514404297,
      117.62117767333984,
      107.70645904541016
    ],
    [
      28.646459579467773,
      22.827301025390625,
      22.83586311340332,
      19.148597717285156,
      24.35306739807129,
      32.90957260131836,
      31.76662254333496,
      32.52433395385742,
      36.63584518432617,
      36.95022964477539,
      49.640342712402344,
      56.03915786743164,
      69.51396179199219,
      80.185302734375,
      75.26786804199219,
      94.8764419555664,
      107.70645904541016,
      129.818603515625
    ]
  ],
  "damage": -6.878391742706299,
  "diff_bandwidth": 650.0662231445312,
  "dissonance": 7.782901150291567,
  "drr": 12.315168380737305,
  "dynamics": 4.015812873840332,
  "format": 65538,
  "frames": 16633344,
  "freq_pan_to_db": [
    [
      -31.51613998413086,
      -31.82634735107422,
      -28.59495735168457,
      -24.272871017456055,
      -17.054664611816406,
      -12.612136840820312,
      -17.67771339416504,
      -23.49811553955078,
      -25.089080810546875,
      -30.767187118530273,
      -33.69343948364258
    ],
    [
      -29.029296875,
      -29.132984161376953,
      -24.354578018188477,
      -21.019691467285156,
      -15.191289901733398,
      -12.415800094604492,
      -15.23326301574707,
      -19.051315307617188,
      -23.746997833251953,
      -26.693431854248047,
      -33.917144775390625
    ],
    [
      -30.0996036529541,
      -27.986133575439453,
      -25.687780380249023,
      -23.77983856201172,
      -17.099472045898438,
      -13.27133560180664,
      -16.19718360900879,
      -20.208274841308594,
      -23.4562931060791,
      -26.906829833984375,
      -28.909996032714844
    ],
    [
      -31.352109909057617,
      -28.370332717895508,
      -25.89542579650879,
      -21.04838752746582,
      -17.402544021606445,
      -15.527741432189941,
      -18.27448844909668,
      -21.36246681213379,
      -24.65229606628418,
      -26.5561466217041,
      -27.28281021118164
    ],
    [
      -25.3416690826416,
      -22.822776794433594,
      -20.948196411132812,
      -18.541128158569336,
      -16.328472137451172,
      -14.935742378234863,
      -15.699581146240234,
      -17.895130157470703,
      -19.773046493530273,
      -21.930322647094727,
      -23.337705612182617
    ],
    [
      -21.355878829956055,
      -20.269601821899414,
      -18.722604751586914,
      -17.662317276000977,
      -15.997675895690918,
      -14.322269439697266,
      -15.242018699645996,
      -17.185243606567383,
      -18.720638275146484,
      -20.0251522064209,
      -20.78403091430664
    ],
    [
      -20.468860626220703,
      -19.72785758972168,
      -18.165971755981445,
      -17.152082443237305,
      -15.589912414550781,
      -13.148138046264648,
      -14.744178771972656,
      -17.204004287719727,
      -19.09986114501953,
      -20.22038459777832,
      -19.805246353149414
    ],
    [
      -19.850276947021484,
      -19.331640243530273,
      -18.42048454284668,
      -16.73644256591797,
      -13.877561569213867,
      -13.019972801208496,
      -15.172337532043457,
      -17.338748931884766,
      -17.89292335510254,
      -18.739383697509766,
      -19.231538772583008
    ],
    [
      -20.837364196777344,
      -20.21750259399414,
      -18.91695213317871,
      -16.938560485839844,
      -15.904339790344238,
      -16.177854537963867,
      -18.334407806396484,
      -20.176584243774414,
      -21.123798370361328,
      -21.788818359375,
      -22.298336029052734
    ],
    [
      -18.955602645874023,
      -18.62140655517578,
      -17.866641998291016,
      -16.208887100219727,
      -13.749311447143555,
      -14.089094161987305,
      -16.71428680419922,
      -18.399246215820312,
      -17.837127685546875,
      -17.941570281982422,
      -18.917680740356445
    ],
    [
      -16.413890838623047,
      -18.04187774658203,
      -17.707544326782227,
      -16.350399017333984,
      -14.981881141662598,
      -13.727410316467285,
      -14.250350952148438,
      -16.317039489746094,
      -17.669736862182617,
      -18.855302810668945,
      -18.05854606628418
    ],
    [
      -17.322263717651367,
      -17.762502670288086,
      -17.464746475219727,
      -17.674951553344727,
      -17.504058837890625,
      -16.142597198486328,
      -17.052677154541016,
      -18.097902297973633,
      -18.606233596801758,
      -20.498620986938477,
      -20.428741455078125
    ],
    [
      -18.82403564453125,
      -19.26952362060547,
      -19.86851692199707,
      -18.81753921508789,
      -18.894561767578125,
      -18.27533721923828,
      -18.81650733947754,
      -19.254594802856445,
      -19.402158737182617,
      -20.110754013061523,
      -21.30645751953125
    ],
    [
      -19.154294967651367,
      -19.71646499633789,
      -19.33392906188965,
      -19.304170608520508,
      -18.636394500732422,
      -16.034944534301758,
      -16.480241775512695,
      -17.547035217285156,
      -18.134538650512695,
      -19.2938232421875,
      -19.380313873291016
    ],
    [
      -20.53095817565918,
      -18.98688507080078,
      -18.850305557250977,
      -17.374021530151367,
      -17.006654739379883,
      -15.446420669555664,
      -16.369686126708984,
      -16.240934371948242,
      -16.25385856628418,
      -16.727842330932617,
      -15.099213600158691
    ],
    [
      -22.114503860473633,
      -19.650096893310547,
      -18.81807518005371,
      -18.400537490844727,
      -19.783918380737305,
      -17.504444122314453,
      -17.57222557067871,
      -17.754955291748047,
      -17.266942977905273,
      -17.65350914001465,
      -15.698789596557617
    ],
    [
      -25.442964553833008,
      -21.13753318786621,
      -20.097763061523438,
      -19.601757049560547,
      -23.1843204498291,
      -20.343769073486328,
      -19.60256004333496,
      -19.749662399291992,
      -20.918127059936523,
      -19.536060333251953,
      -18.16284942626953
    ],
    [
      -21.512468338012695,
      -18.798654556274414,
      -16.992481231689453,
      -16.19882583618164,
      -19.999649047851562,
      -19.44525146484375,
      -17.019088745117188,
      -16.518901824951172,
      -19.22844886779785,
      -16.7418212890625,
      -14.6685209274292
    ],
    [
      -27.866113662719727,
      -24.753055572509766,
      -22.55757713317871,
      -22.929035186767578,
      -23.950462341308594,
      -20.42594337463379,
      -22.739810943603516,
      -23.095319747924805,
      -21.613752365112305,
      -21.519989013671875,
      -18.423738479614258
    ],
    [
      -24.30105209350586,
      -27.39557456970215,
      -26.220726013183594,
      -26.650768280029297,
      -26.517292022705078,
      -24.49689483642578,
      -25.503807067871094,
      -26.71640968322754,
      -25.9153995513916,
      -22.79092788696289,
      -20.210180282592773
    ],
    [
      -28.92793083190918,
      -28.916431427001953,
      -27.72688102722168,
      -27.36107063293457,
      -25.75387191772461,
      -24.42272186279297,
      -28.68228530883789,
      -26.53606605529785,
      -27.679399490356445,
      -24.94590950012207,
      -20.82147216796875
    ],
    [
      -28.14068603515625,
      -29.565019607543945,
      -28.50255012512207,
      -28.207155227661133,
      -28.436969757080078,
      -27.130855560302734,
      -29.83937644958496,
      -29.160165786743164,
      -29.284727096557617,
      -29.144630432128906,
      -27.30224609375
    ],
    [
      -29.969160079956055,
      -29.899709701538086,
      -29.821195602416992,
      -29.372650146484375,
      -29.34565544128418,
      -28.078248977661133,
      -30.886333465576172,
      -31.190216064453125,
      -30.785783767700195,
      -30.037900924682617,
      -31.41597557067871
    ],
    [
      -28.874736785888672,
      -30.192333221435547,
      -29.64900016784668,
      -29.543550491333008,
      -29.32495880126953,
      -27.618656158447266,
      -30.295841217041016,
      -30.976160049438477,
      -30.439678192138672,
      -29.585304260253906,
      -33.02796173095703
    ],
    [
      -30.539569854736328,
      -31.57938575744629,
      -30.999534606933594,
      -30.771820068359375,
      -30.162702560424805,
      -29.893754959106445,
      -31.035625457763672,
      -30.884672164916992,
      -31.472280502319336,
      -33.13072967529297,
      -37.08359146118164
    ],
    [
      -35.39112854003906,
      -33.093719482421875,
      -31.309579849243164,
      -30.684337615966797,
      -29.782150268554688,
      -28.05000877380371,
      -30.34316635131836,
      -31.233793258666992,
      -32.075958251953125,
      -32.82773208618164,
      -36.83839797973633
    ],
    [
      -35.352210998535156,
      -31.634765625,
      -30.724855422973633,
      -30.720844268798828,
      -30.0426025390625,
      -27.517797470092773,
      -31.518728256225586,
      -31.651853561401367,
      -30.738706588745117,
      -30.646381378173828,
      -29.87125587463379
    ],
    [
      -38.45700454711914,
      -34.44567108154297,
      -32.671791076660156,
      -32.05546951293945,
      -32.515052795410156,
      -30.261398315429688,
      -33.82184600830078,
      -31.80722427368164,
      -31.594240188598633,
      -32.15903091430664,
      -34.35083770751953
    ],
    [
      -36.27758026123047,
      -34.289005279541016,
      -32.755149841308594,
      -32.6135139465332,
      -32.343116760253906,
      -31.14916229248047,
      -33.789390563964844,
      -32.37628936767578,
      -32.57676696777344,
      -34.71759033203125,
      -38.236045837402344
    ],
    [
      -30.529478073120117,
      -33.16081237792969,
      -32.86255645751953,
      -32.724273681640625,
      -32.05172348022461,
      -30.878480911254883,
      -33.17306137084961,
      -32.67727279663086,
      -32.6245002746582,
      -33.37626266479492,
      -39.40843200683594
    ],
    [
      -41.87991714477539,
      -35.22953796386719,
      -34.286739349365234,
      -33.819583892822266,
      -32.87212371826172,
      -30.3034725189209,
      -34.235267639160156,
      -33.79818344116211,
      -32.898277282714844,
      -34.36894226074219,
      -45.394691467285156
    ],
    [
      -36.115596771240234,
      -34.64132308959961,
      -34.506256103515625,
      -33.75379180908203,
      -33.411598205566406,
      -32.175384521484375,
      -34.80337905883789,
      -34.8185920715332,
      -34.72398376464844,
      -32.60966873168945,
      -32.10533905029297
    ],
    [
      -34.7829704284668,
      -37.133609771728516,
      -36.527645111083984,
      -34.591548919677734,
      -35.136573791503906,
      -33.86880111694336,
      -35.546138763427734,
      -35.410335540771484,
      -34.376407623291016,
      -37.44967269897461,
      -52.96420669555664
    ],
    [
      -36.832115173339844,
      -35.82863998413086,
      -21.849655151367188,
      -29.973655700683594,
      -36.79513931274414,
      -35.06562805175781,
      -35.30678939819336,
      -33.88192367553711,
      -33.059974670410156,
      -34.24586486816406,
      -49.174461364746094
    ],
    [
      -56.164520263671875,
      -41.29452896118164,
      -27.46552085876465,
      -31.63709259033203,
      -36.75453567504883,
      -34.439334869384766,
      -34.60933303833008,
      -32.77812194824219,
      -31.255216598510742,
      -29.772899627685547,
      -28.471233367919922
    ],
    [
      -43.93862533569336,
      -41.02406311035156,
      -35.56751251220703,
      -35.45363998413086,
      -39.94458770751953,
      -37.3259391784668,
      -36.42850112915039,
      -33.42225646972656,
      -32.75263977050781,
      -34.966529846191406,
      -370
    ],
    [
      -44.66042709350586,
      -38.23783493041992,
      -37.876426696777344,
      -37.424983978271484,
      -41.20669937133789,
      -39.45078659057617,
      -37.14215087890625,
      -35.626976013183594,
      -34.36737823486328,
      -32.23385238647461,
      -50.23945236206055
    ],
    [
      -38.359962463378906,
      -36.226558685302734,
      -38.16850662231445,
      -38.49798583984375,
      -42.19611740112305,
      -40.40676498413086,
      -38.76539993286133,
      -37.51244354248047,
      -36.272552490234375,
      -35.12584686279297,
      -42.26979446411133
    ],
    [
      -36.56767654418945,
      -36.6556510925293,
      -39.98835372924805,
      -40.763267517089844,
      -43.18046951293945,
      -41.78181076049805,
      -38.769737243652344,
      -37.16480255126953,
      -36.35881423950195,
      -37.427974700927734,
      -43.89658737182617
    ],
    [
      -41.00370788574219,
      -41.76304626464844,
      -42.45229721069336,
      -44.12275695800781,
      -46.16847610473633,
      -46.30047607421875,
      -41.384246826171875,
      -37.5039176940918,
      -35.82261657714844,
      -35.34504699707031,
      -42.50629806518555
    ],
    [
      -52.30184555053711,
      -53.36275863647461,
      -55.173099517822266,
      -52.40769577026367,
      -53.80120086669922,
      -53.786720275878906,
      -49.56541442871094,
      -42.39295196533203,
      -37.720848083496094,
      -35.93122482299805,
      -37.894596099853516
    ],
    [
      -56.08060073852539,
      -57.03102493286133,
      -58.502723693847656,
      -59.95642852783203,
      -60.21526336669922,
      -59.03471755981445,
      -52.214996337890625,
      -45.78303527832031,
      -43.00570297241211,
      -42.725868225097656,
      -49.52216339111328
    ]
  ],
  "histogram": [
    {
      "db": -70,
      "frequency": 0
    },
    {
      "db": -69,
      "frequency": 0
    },
    {
      "db": -68,
      "frequency": 1
    },
    {
      "db": -67,
      "frequency": 0
    },
    {
      "db": -66,
      "frequency": 0
    },
    {
      "db": -65,
      "frequency": 0
    },
    {
      "db": -64,
      "frequency": 1
    },
    {
      "db": -63,
      "frequency": 0
    },
    {
      "db": -62,
      "frequency": 1
    },
    {
      "db": -61,
      "frequency": 0
    },
    {
      "db": -60,
      "frequency": 0
    },
    {
      "db": -59,
      "frequency": 1
    },
    {
      "db": -58,
      "frequency": 0
    },
    {
      "db": -57,
      "frequency": 0
    },
    {
      "db": -56,
      "frequency": 0
    },
    {
      "db": -55,
      "frequency": 1
    },
    {
      "db": -54,
      "frequency": 0
    },
    {
      "db": -53,
      "frequency": 1
    },
    {
      "db": -52,
      "frequency": 0
    },
    {
      "db": -51,
      "frequency": 1
    },
    {
      "db": -50,
      "frequency": 0
    },
    {
      "db": -49,
      "frequency": 1
    },
    {
      "db": -48,
      "frequency": 1
    },
    {
      "db": -47,
      "frequency": 0
    },
    {
      "db": -46,
      "frequency": 1
    },
    {
      "db": -45,
      "frequency": 1
    },
    {
      "db": -44,
      "frequency": 1
    },
    {
      "db": -43,
      "frequency": 1
    },
    {
      "db": -42,
      "frequency": 1
    },
    {
      "db": -41,
      "frequency": 1
    },
    {
      "db": -40,
      "frequency": 1
    },
    {
      "db": -39,
      "frequency": 1
    },
    {
      "db": -38,
      "frequency": 0
    },
    {
      "db": -37,
      "frequency": 1
    },
    {
      "db": -36,
      "frequency": 2
    },
    {
      "db": -35,
      "frequency": 1
    },
    {
      "db": -34,
      "frequency": 1
    },
    {
      "db": -33,
      "frequency": 2
    },
    {
      "db": -32,
      "frequency": 2
    },
    {
      "db": -31,
      "frequency": 1
    },
    {
      "db": -30,
      "frequency": 2
    },
    {
      "db": -29,
      "frequency": 14
    },
    {
      "db": -28,
      "frequency": 15
    },
    {
      "db": -27,
      "frequency": 24
    },
    {
      "db": -26,
      "frequency": 27
    },
    {
      "db": -25,
      "frequency": 31
    },
    {
      "db": -24,
      "frequency": 58
    },
    {
      "db": -23,
      "frequency": 43
    },
    {
      "db": -22,
      "frequency": 32
    },
    {
      "db": -21,
      "frequency": 43
    },
    {
      "db": -20,
      "frequency": 65
    },
    {
      "db": -19,
      "frequency": 71
    },
    {
      "db": -18,
      "frequency": 70
    },
    {
      "db": -17,
      "frequency": 121
    },
    {
      "db": -16,
      "frequency": 239
    },
    {
      "db": -15,
      "frequency": 316
    },
    {
      "db": -14,
      "frequency": 419
    },
    {
      "db": -13,
      "frequency": 385
    },
    {
      "db": -12,
      "frequency": 335
    },
    {
      "db": -11,
      "frequency": 254
    },
    {
      "db": -10,
      "frequency": 267
    },
    {
      "db": -9,
      "frequency": 309
    },
    {
      "db": -8,
      "frequency": 288
    },
    {
      "db": -7,
      "frequency": 165
    },
    {
      "db": -6,
      "frequency": 71
    },
    {
      "db": -5,
      "frequency": 30
    },
    {
      "db": -4,
      "frequency": 0
    },
    {
      "db": -3,
      "frequency": 0
    },
    {
      "db": -2,
      "frequency": 0
    },
    {
      "db": -1,
      "frequency": 0
    },
    {
      "db": 0,
      "frequency": 0
    },
    {
      "db": 1,
      "frequency": 0
    },
    {
      "db": 2,
      "frequency": 0
    },
    {
      "db": 3,
      "frequency": 0
