{
  "acoustic_entropy": 208.40170288085938,
  "bands": [
    {
      "high_freq": 148.1999969482422,
      "loudness": -22.09528160095215,
      "loudness_range": 14.516761779785156,
      "mid_mean": -18.4431209564209,
      "mid_to_side_loudness": -31.988039016723633,
      "mid_to_side_loudness_range": 25.9323787689209,
      "side_mean": -52.06538772583008
    },
    {
      "high_freq": 392.3793640136719,
      "loudness": -20.472261428833008,
      "loudness_range": 11.902509689331055,
      "low_freq": 148.1999969482422,
      "mid_mean": -17.137134552001953,
      "mid_to_side_loudness": -12.807036399841309,
      "mid_to_side_loudness_range": 14.170877456665039,
      "side_mean": -29.93671226501465
    },
    {
      "high_freq": 794.6976318359375,
      "loudness": -21.9747257232666,
      "loudness_range": 15.86408519744873,
      "low_freq": 392.3793640136719,
      "mid_mean": -19.12982940673828,
      "mid_to_side_loudness": -8.43838119506836,
      "mid_to_side_loudness_range": 13.858696937561035,
      "side_mean": -27.46422004699707
    },
    {
      "high_freq": 1457.5709228515625,
      "loudness": -23.858470916748047,
      "loudness_range": 21.5028018951416,
      "low_freq": 794.6976318359375,
      "mid_mean": -21.624055862426758,
      "mid_to_side_loudness": -6.082430839538574,
      "mid_to_side_loudness_range": 15.203872680664062,
      "side_mean": -27.18958854675293
    },
    {
      "high_freq": 2549.74365234375,
      "loudness": -27.65696144104004,
      "loudness_range": 19.74045753479004,
      "low_freq": 1457.5709228515625,
      "mid_mean": -25.115938186645508,
      "mid_to_side_loudness": -6.7549238204956055,
      "mid_to_side_loudness_range": 11.497132301330566,
      "side_mean": -31.10373878479004
    },
    {
      "high_freq": 4349.24462890625,
      "loudness": -29.425521850585938,
      "loudness_range": 19.698171615600586,
      "low_freq": 2549.74365234375,
      "mid_mean": -26.873714447021484,
      "mid_to_side_loudness": -6.465228080749512,
      "mid_to_side_loudness_range": 10.28385066986084,
      "side_mean": -32.94171142578125
    },
    {
      "high_freq": 7314.1640625,
      "loudness": -31.122020721435547,
      "loudness_range": 19.995437622070312,
      "low_freq": 4349.24462890625,
      "mid_mean": -28.78466796875,
      "mid_to_side_loudness": -5.704396724700928,
      "mid_to_side_loudness_range": 10.539015769958496,
      "side_mean": -34.0585823059082
    },
    {
      "high_freq": 12199.2666015625,
      "loudness": -32.89952850341797,
      "loudness_range": 16.619104385375977,
      "low_freq": 7314.1640625,
      "mid_mean": -30.6547794342041,
      "mid_to_side_loudness": -5.041221618652344,
      "mid_to_side_loudness_range": 7.005590438842773,
      "side_mean": -35.934993743896484
    },
    {
      "loudness": -39.85174560546875,
      "loudness_range": 16.37433624267578,
      "low_freq": 12199.2666015625,
      "mid_mean": -37.91210174560547,
      "mid_to_side_loudness": -4.0431342124938965,
      "mid_to_side_loudness_range": 4.550887107849121,
      "side_mean": -42.047950744628906
    }
  ],
  "bands_short": [
    {
      "high_freq": 148.1999969482422,
      "loudness": -24.22378921508789,
      "loudness_range": 19.868724822998047,
      "mid_mean": -20.721874237060547,
      "mid_to_side_loudness": -33.28363800048828,
      "mid_to_side_loudness_range": 31.846996307373047,
      "side_mean": -56.70650863647461
    },
    {
      "high_freq": 392.3793640136719,
      "loudness": -20.698265075683594,
      "loudness_range": 14.289716720581055,
      "low_freq": 148.1999969482422,
      "mid_mean": -17.35747528076172,
      "mid_to_side_loudness": -13.836861610412598,
      "mid_to_side_loudness_range": 16.78691291809082,
      "side_mean": -31.20293617248535
    },
    {
      "high_freq": 794.6976318359375,
      "loudness": -22.380123138427734,
      "loudness_range": 17.809471130371094,
      "low_freq": 392.3793640136719,
      "mid_mean": -19.64659881591797,
      "mid_to_side_loudness": -8.322455406188965,
      "mid_to_side_loudness_range": 15.218714714050293,
      "side_mean": -27.942583084106445
    },
    {
      "high_freq": 1457.5709228515625,
      "loudness": -24.362634658813477,
      "loudness_range": 23.066587448120117,
      "low_freq": 794.6976318359375,
      "mid_mean": -22.3689022064209,
      "mid_to_side_loudness": -5.714919567108154,
      "mid_to_side_loudness_range": 16.649675369262695,
      "side_mean": -27.586322784423828
    },
    {
      "high_freq": 2549.74365234375,
      "loudness": -28.789560317993164,
      "loudness_range": 22.873376846313477,
      "low_freq": 1457.5709228515625,
      "mid_mean": -26.305532455444336,
      "mid_to_side_loudness": -6.837322235107422,
      "mid_to_side_loudness_range": 13.207538604736328,
      "side_mean": -32.5737190246582
    },
    {
      "high_freq": 4349.24462890625,
      "loudness": -30.552738189697266,
      "loudness_range": 23.18169593811035,
      "low_freq": 2549.74365234375,
      "mid_mean": -28.0752010345459,
      "mid_to_side_loudness": -6.583506107330322,
      "mid_to_side_loudness_range": 11.620807647705078,
      "side_mean": -34.36841583251953
    },
    {
      "high_freq": 7314.1640625,
      "loudness": -32.997920989990234,
      "loudness_range": 25.75421905517578,
      "low_freq": 4349.24462890625,
      "mid_mean": -30.6922607421875,
      "mid_to_side_loudness": -5.917994022369385,
      "mid_to_side_loudness_range": 12.59706974029541,
      "side_mean": -36.47191619873047
    },
    {
      "high_freq": 12199.2666015625,
      "loudness": -35.754493713378906,
      "loudness_range": 25.33651351928711,
      "low_freq": 7314.1640625,
      "mid_mean": -33.748836517333984,
      "mid_to_side_loudness": -5.4224114418029785,
      "mid_to_side_loudness_range": 9.348946571350098,
      "side_mean": -39.90008544921875
    },
    {
      "loudness": -44.384456634521484,
      "loudness_range": 28.525531768798828,
      "low_freq": 12199.2666015625,
      "mid_mean": -42.94095993041992,
      "mid_to_side_loudness": -4.820135116577148,
      "mid_to_side_loudness_range": 8.558751106262207,
      "side_mean": -50.11395263671875
    }
  ],
  "bandwidth": 617.3486328125,
  "channels": 2,
  "covariance": [
    [
      34.64438247680664,
      17.52097511291504,
      11.696390151977539,
      11.272066116333008,
      8.128978729248047,
      17.086278915405273,
      15.043977737426758,
      22.40162467956543,
      11.293009757995605,
      12.077024459838867,
      15.754220962524414,
      17.188657760620117,
      15.253042221069336,
      18.63563346862793,
      8.216697692871094,
      12.06242561340332,
      6.315429210662842,
      7.595658779144287
    ],
    [
      17.52097511291504,
      64.49554443359375,
      15.290972709655762,
      28.645593643188477,
      22.31251335144043,
      32.29219055175781,
      32.5885009765625,
      38.29506301879883,
      30.9598331451416,
      26.589536666870117,
      29.195749282836914,
      29.229921340942383,
      20.108530044555664,
      17.60657501220703,
      3.621936559677124,
      8.199201583862305,
      -0.5611529350280762,
      2.1111557483673096
    ],
    [
      11.696390151977539,
      15.290972709655762,
      21.212568283081055,
      17.54831314086914,
      12.180492401123047,
      17.07720947265625,
      13.632950782775879,
      15.78348445892334,
      15.128190040588379,
      12.05892276763916,
      16.212932586669922,
      16.745344161987305,
      12.02253246307373,
      10.73299789428711,
      5.72034215927124,
      6.58704948425293,
      3.869326114654541,
      5.021332740783691
    ],
    [
      11.272066116333008,
      28.645593643188477,
      17.54831314086914,
      37.08195877075195,
      19.939268112182617,
      31.861194610595703,
      23.384286880493164,
      31.45062255859375,
      24.83879852294922,
      22.763916015625,
      22.66503143310547,
      26.242015838623047,
      12.693339347839355,
      12.875044822692871,
      1.6171404123306274,
      6.416045188903809,
      -0.8473494052886963,
      2.0310699939727783
    ],
    [
      8.128978729248047,
      22.31251335144043,
      12.180492401123047,
      19.939268112182617,
      35.142452239990234,
      29.848360061645508,
      31.648296356201172,
      27.755088806152344,
      31.6136474609375,
      22.33179473876953,
      29.488279342651367,
      24.002887725830078,
      20.32025146484375,
      14.729496002197266,
      7.8602752685546875,
      8.631434440612793,
      3.949131965637207,
      4.718209266662598
    ],
    [
      17.086278915405273,
      32.29219055175781,
      17.07720947265625,
      31.861194610595703,
      29.848360061645508,
      50.0472412109375,
      36.792537689208984,
      48.74372100830078,
      33.13420867919922,
      31.445781707763672,
      31.279489517211914,
      35.26873779296875,
      21.389963150024414,
      23.14522361755371,
      6.143415927886963,
      13.203873634338379,
      3.8997132778167725,
      7.14902925491333
    ],
    [
      15.043977737426758,
      32.5885009765625,
      13.632950782775879,
      23.384286880493164,
      31.648296356201172,
      36.792537689208984,
      58.88555145263672,
      53.344627380371094,
      41.987892150878906,
      33.37279510498047,
      40.449466705322266,
      35.77244186401367,
      27.51420021057129,
      24.596975326538086,
      7.243403434753418,
      11.779117584228516,
      2.8237178325653076,
      4.902073860168457
    ],
    [
      22.40162467956543,
      38.29506301879883,
      15.78348445892334,
      31.45062255859375,
      27.755088806152344,
      48.74372100830078,
      53.344627380371094,
      80.57600402832031,
      39.3237190246582,
      43.64867401123047,
      37.74822235107422,
      43.7322883605957,
      24.260107040405273,
      31.422290802001953,
      4.805978775024414,
      15.595114707946777,
      0.8959721326828003,
      6.268586158752441
    ],
    [
      11.293009757995605,
      30.9598331451416,
      15.128190040588379,
      24.83879852294922,
      31.6136474609375,
      33.13420867919922,
      41.987892150878906,
      39.3237190246582,
      52.06696319580078,
      36.428958892822266,
      44.6540412902832,
      36.69757080078125,
      32.509925842285156,
      24.936307907104492,
      12.506651878356934,
      13.243239402770996,
      5.934886932373047,
      6.627047061920166
    ],
    [
      12.077024459838867,
      26.589536666870117,
      12.05892276763916,
      22.763916015625,
      22.33179473876953,
      31.445781707763672,
      33.37279510498047,
      43.64867401123047,
      36.428958892822266,
      44.3215446472168,
      32.97022247314453,
      37.88762664794922,
      23.69996452331543,
      28.95039176940918,
      10.548330307006836,
      17.12740135192871,
      6.670076847076416,
      10.120960235595703
    ],
    [
      15.754220962524414,
      29.195749282836914,
      16.212932586669922,
      22.66503143310547,
      29.488279342651367,
      31.279489517211914,
      40.449466705322266,
      37.74822235107422,
      44.6540412902832,
      32.97022247314453,
      52.16468811035156,
      43.06953048706055,
      39.90788269042969,
      33.485782623291016,
      18.761648178100586,
      19.818960189819336,
      10.369950294494629,
      11.213842391967773
    ],
    [
      17.188657760620117,
      29.229921340942383,
      16.745344161987305,
      26.242015838623047,
      24.002887725830078,
      35.26873779296875,
      35.77244186401367,
      43.7322883605957,
      36.69757080078125,
      37.88762664794922,
      43.06953048706055,
      53.24909591674805,
      36.43058395385742,
      40.67523193359375,
      17.830759048461914,
      26.134742736816406,
      12.007049560546875,
      15.963231086730957
    ],
    [
      15.253042221069336,
      20.108530044555664,
      12.02253246307373,
      12.693339347839355,
      20.32025146484375,
      21.389963150024414,
      27.51420021057129,
      24.260107040405273,
      32.509925842285156,
      23.69996452331543,
      39.90788269042969,
      36.43058395385742,
      53.91291809082031,
      40.97772216796875,
      34.10580062866211,
      31.497230529785156,
      25.698915481567383,
      23.463254928588867
    ],
    [
      18.63563346862793,
      17.60657501220703,
      10.73299789428711,
      12.875044822692871,
      14.729496002197266,
      23.14522361755371,
      24.596975326538086,
      31.422290802001953,
      24.936307907104492,
      28.95039176940918,
      33.485782623291016,
      40.67523193359375,
      40.97772216796875,
      51.63889694213867,
      29.049701690673828,
      38.09013366699219,
      25.386943817138672,
      28.923324584960938
    ],
    [
      8.216697692871094,
      3.621936559677124,
      5.72034215927124,
      1.6171404123306274,
      7.8602752685546875,
      6.143415927886963,
      7.243403434753418,
      4.805978775024414,
      12.506651878356934,
      10.548330307006836,
      18.761648178100586,
      17.830759048461914,
      34.10580062866211,
      29.049701690673828,
      43.13456726074219,
      35.1828727722168,
      37.23759078979492,
      33.121768951416016
    ],
    [
      12.06242561340332,
      8.199201583862305,
      6.58704948425293,
      6.416045188903809,
      8.631434440612793,
      13.203873634338379,
      11.779117584228516,
      15.595114707946777,
      13.243239402770996,
      17.12740135192871,
      19.818960189819336,
      26.134742736816406,
      31.497230529785156,
      38.09013366699219,
      35.1828727722168,
      44.06944274902344,
      35.10329818725586,
      38.2100830078125
    ],
    [
      6.315429210662842,
      -0.5611529350280762,
      3.869326114654541,
      -0.8473494052886963,
      3.949131965637207,
      3.8997132778167725,
      2.8237178325653076,
      0.8959721326828003,
      5.934886932373047,
      6.670076847076416,
      10.369950294494629,
      12.007049560546875,
      25.698915481567383,
      25.386943817138672,
      37.23759078979492,
      35.10329818725586,
      44.38209915161133,
      41.0272216796875
    ],
    [
      7.595658779144287,
      2.1111557483673096,
      5.021332740783691,
      2.0310699939727783,
      4.718209266662598,
      7.14902925491333,
      4.902073860168457,
      6.268586158752441,
      6.627047061920166,
      10.120960235595703,
      11.213842391967773,
      15.963231086730957,
      23.463254928588867,
      28.923324584960938,
      33.121768951416016,
      38.2100830078125,
      41.0272216796875,
      45.052703857421875
    ]
  ],
  "covariance_short": [
    [
      62.53839111328125,
      18.350252151489258,
      16.6773681640625,
      13.582367897033691,
      10.29782485961914,
      18.29032325744629,
      16.710481643676758,
      23.64922332763672,
      13.846796989440918,
      14.924792289733887,
      20.037172317504883,
      23.346691131591797,
      20.29884910583496,
      25.491872787475586,
      13.430660247802734,
      19.362098693847656,
      14.311051368713379,
      29.728103637695312
    ],
    [
      18.350252151489258,
      67.49059295654297,
      18.10053253173828,
      32.17705535888672,
      24.71613311767578,
      32.212947845458984,
      34.28034591674805,
      36.92277526855469,
      34.5602912902832,
      33.221435546875,
      32.80145263671875,
      34.7818717956543,
      24.948997497558594,
      28.048770904541016,
      14.384208679199219,
      23.130830764770508,
      14.041149139404297,
      29.400876998901367
    ],
    [
      16.6773681640625,
      18.10053253173828,
      28.519378662109375,
      19.690250396728516,
      15.653510093688965,
      19.787242889404297,
      16.35655403137207,
      17.871517181396484,
      17.75381851196289,
      15.944990158081055,
      19.191516876220703,
      20.501110076904297,
      15.59221076965332,
      16.580581665039062,
      10.67247486114502,
      13.67324447631836,
      11.418752670288086,
      23.267194747924805
    ],
    [
      13.582367897033691,
      32.17705535888672,
      19.690250396728516,
      45.468780517578125,
      23.807035446166992,
      34.931392669677734,
      26.132604598999023,
      31.91204071044922,
      28.428518295288086,
      28.628860473632812,
      26.91948890686035,
      32.84621047973633,
      18.188249588012695,
      22.68438148498535,
      9.575928688049316,
      18.101512908935547,
      7.741388320922852,
      19.63326072692871
    ],
    [
      10.29782485961914,
      24.71613311767578,
      15.653510093688965,
      23.807035446166992,
      44.21829605102539,
      33.42717742919922,
      36.508644104003906,
      30.190568923950195,
      38.680572509765625,
      29.748878479003906,
      36.79336166381836,
      31.472881317138672,
      29.26515007019043,
      25.228368759155273,
      18.258453369140625,
      20.42863655090332,
      16.060476303100586,
      24.993335723876953
    ],
    [
      18.29032325744629,
      32.212947845458984,
      19.787242889404297,
      34.931392669677734,
      33.42717742919922,
      55.12672805786133,
      39.857078552246094,
      49.48284149169922,
      38.08728790283203,
      38.29624938964844,
      36.487056732177734,
      42.297733306884766,
      28.498910903930664,
      33.77363204956055,
      15.504158020019531,
      25.68195343017578,
      14.920561790466309,
      34.011905670166016
    ],
    [
      16.710481643676758,
      34.28034591674805,
      16.35655403137207,
      26.132604598999023,
      36.508644104003906,
      39.857078552246094,
      68.78699493408203,
      55.78803634643555,
      49.30047607421875,
      41.33473205566406,
      48.35584259033203,
      44.30027389526367,
      38.18441390991211,
      37.817604064941406,
      21.005022048950195,
      27.808979034423828,
      18.930788040161133,
      32.981021881103516
    ],
    [
      23.64922332763672,
      36.92277526855469,
      17.871517181396484,
      31.91204071044922,
      30.190568923950195,
      49.48284149169922,
      55.78803634643555,
      85.64588165283203,
      44.00320816040039,
      49.55196762084961,
      42.07743453979492,
      50.68128204345703,
      31.890045166015625,
      44.28685760498047,
      17.33939552307129,
      32.122684478759766,
      15.078268051147461,
      33.70568084716797
    ],
    [
      13.846796989440918,
      34.5602912902832,
      17.75381851196289,
      28.428518295288086,
      38.680572509765625,
      38.08728790283203,
      49.30047607421875,
      44.00320816040039,
      65.84466552734375,
      48.218135833740234,
      55.36799621582031,
      47.878265380859375,
      45.840274810791016,
      42.02827835083008,
      29.12582015991211,
      33.61006546020508,
      24.88487434387207,
      38.0278205871582
    ],
    [
      14.924792289733887,
      33.221435546875,
      15.944990158081055,
      28.628860473632812,
      29.748878479003906,
      38.29624938964844,
      41.33473205566406,
      49.55196762084961,
      48.218135833740234,
      61.53455352783203,
      43.13665771484375,
      50.94050598144531,
      37.32538604736328,
      47.91990661621094,
      27.60188865661621,
      39.90944290161133,
      26.521093368530273,
      37.82524871826172
    ],
    [
      20.037172317504883,
      32.80145263671875,
      19.191516876220703,
      26.91948890686035,
      36.79336166381836,
      36.487056732177734,
      48.35584259033203,
      42.07743453979492,
      55.36799621582031,
      43.13665771484375,
      70.09326934814453,
      57.336158752441406,
      59.645023345947266,
      54.864139556884766,
      42.115196228027344,
      46.26435852050781,
      36.9066047668457,
      51.510250091552734
    ],
    [
      23.346691131591797,
      34.7818717956543,
      20.501110076904297,
      32.84621047973633,
      31.472881317138672,
      42.297733306884766,
      44.30027389526367,
      50.68128204345703,
      47.878265380859375,
      50.94050598144531,
      57.336158752441406,
      71.59527587890625,
      53.426979064941406,
      64.75665283203125,
      39.26256561279297,
      55.16082000732422,
      36.538055419921875,
      57.74667739868164
    ],
    [
      20.29884910583496,
      24.948997497558594,
      15.59221076965332,
      18.188249588012695,
      29.26515007019043,
      28.498910903930664,
      38.18441390991211,
      31.890045166015625,
      45.840274810791016,
      37.32538604736328,
      59.645023345947266,
      53.426979064941406,
      83.15910339355469,
      68.59382629394531,
      67.11260986328125,
      65.54490661621094,
      63.030399322509766,
      71.84778594970703
    ],
    [
      25.491872787475586,
      28.048770904541016,
      16.580581665039062,
      22.68438148498535,
      25.228368759155273,
      33.77363204956055,
      37.817604064941406,
      44.28685760498047,
      42.02827835083008,
      47.91990661621094,
      54.864139556884766,
      64.75665283203125,
      68.59382629394531,
      89.0059814453125,
      61.55938720703125,
      80.99736785888672,
      62.7319450378418,
      81.89124298095703
    ],
    [
      13.430660247802734,
      14.384208679199219,
      10.67247486114502,
      9.575928688049316,
      18.258453369140625,
      15.504158020019531,
      21.005022048950195,
      17.33939552307129,
      29.12582015991211,
      27.60188865661621,
      42.115196228027344,
      39.26256561279297,
      67.11260986328125,
      61.55938720703125,
      86.51847076416016,
      76.14262390136719,
      81.27407836914062,
      76.78813171386719
    ],
    [
      19.362098693847656,
      23.130830764770508,
      13.67324447631836,
      18.101512908935547,
      20.42863655090332,
      25.68195343017578,
      27.808979034423828,
      32.122684478759766,
      33.61006546020508,
      39.90944290161133,
      46.26435852050781,
      55.16082000732422,
      65.54490661621094,
      80.99736785888672,
      76.14262390136719,
      99.38186645507812,
      82.58153533935547,
      95.87979125976562
    ],
    [
      14.311051368713379,
      14.041149139404297,
      11.418752670288086,
      7.741388320922852,
      16.060476303100586,
      14.920561790466309,
      18.930788040161133,
      15.078268051147461,
      24.88487434387207,
      26.521093368530273,
      36.9066047668457,
      36.538055419921875,
      63.030399322509766,
      62.7319450378418,
      81.27407836914062,
      82.58153533935547,
      104.26997375488281,
      97.862548828125
    ],
    [
      29.728103637695312,
      29.400876998901367,
      23.267194747924805,
      19.63326072692871,
      24.993335723876953,
      34.011905670166016,
      32.981021881103516,
      33.70568084716797,
      38.0278205871582,
      37.82524871826172,
      51.510250091552734,
      57.74667739868164,
      71.84778594970703,
      81.89124298095703,
      76.78813171386719,
      95.87979125976562,
      97.862548828125,
      138.30113220214844
    ]
  ],
  "damage": -5.12736701965332,
  "diff_bandwidth": 647.5026245117188,
  "dissonance": 7.784651854580753,
  "drr": 14.248824119567871,
  "dynamics": 3.925734519958496,
  "format": 65538,
  "frames": 16633344,
  "freq_pan_to_db": [
    [
      -29.51152992248535,
      -27.629751205444336,
      -27.403596878051758,
      -21.92831039428711,
      -14.308667182922363,
      -10.763429641723633,
      -15.20910930633545,
      -21.620891571044922,
      -21.961313247680664,
      -27.843103408813477,
      -32.8939208984375
    ],
    [
      -26.962181091308594,
      -27.24832534790039,
      -21.872589111328125,
      -18.73184585571289,
      -13.085201263427734,
      -10.549707412719727,
      -13.134007453918457,
      -16.993547439575195,
      -21.25076675415039,
      -24.462677001953125,
      -31.959388732910156
    ],
    [
      -27.90065574645996,
      -25.414878845214844,
      -23.416250228881836,
      -21.054771423339844,
      -14.502870559692383,
      -11.456174850463867,
      -14.075200080871582,
      -18.033546447753906,
      -21.543302536010742,
      -24.219039916992188,
      -28.37786293029785
    ],
    [
      -29.11918067932129,
      -26.336727142333984,
      -23.285654067993164,
      -18.85686683654785,
      -15.332844734191895,
      -13.743061065673828,
      -16.28096580505371,
      -19.336862564086914,
      -22.388090133666992,
      -24.234670639038086,
      -25.294090270996094
    ],
    [
      -23.478185653686523,
      -20.7222843170166,
      -18.926265716552734,
      -16.642560958862305,
      -14.428388595581055,
      -13.199490547180176,
      -13.758705139160156,
      -15.985808372497559,
      -17.823030471801758,
      -19.89316749572754,
      -21.398611068725586
    ],
    [
      -19.48253631591797,
      -18.27641487121582,
      -16.842636108398438,
      -15.751630783081055,
      -14.13476276397705,
      -12.564674377441406,
      -13.320178985595703,
      -15.247654914855957,
      -16.58540916442871,
      -18.338163375854492,
      -18.7534122467041
    ],
    [
      -18.670114517211914,
      -17.887304306030273,
      -16.29572296142578,
      -15.264363288879395,
      -13.730067253112793,
      -11.431923866271973,
      -12.944183349609375,
      -15.221348762512207,
      -17.148855209350586,
      -18.35902214050293,
      -17.729228973388672
    ],
    [
      -17.9088077545166,
      -17.583982467651367,
      -16.488304138183594,
      -15.005965232849121,
      -12.142576217651367,
      -11.369575500488281,
      -13.336989402770996,
      -15.391337394714355,
      -16.027509689331055,
      -16.75991439819336,
      -17.387229919433594
    ],
    [
      -19.093347549438477,
      -18.308399200439453,
      -17.1326847076416,
      -15.160989761352539,
      -14.114473342895508,
      -14.397115707397461,
      -16.415761947631836,
      -18.261262893676758,
      -19.238893508911133,
      -19.74448585510254,
      -20.6180419921875
    ],
    [
      -16.795421600341797,
      -17.004308700561523,
      -16.039527893066406,
      -14.366938591003418,
      -11.986308097839355,
      -12.230796813964844,
      -14.863429069519043,
      -16.556354522705078,
      -16.079898834228516,
      -16.15235710144043,
      -17.03131866455078
    ],
    [
      -15.075775146484375,
      -16.120471954345703,
      -15.811964988708496,
      -14.658358573913574,
      -13.126825332641602,
      -12.038308143615723,
      -12.768336296081543,
      -14.812662124633789,
      -16.177753448486328,
      -16.39603614807129,
      -16.2578182220459
    ],
    [
      -15.493706703186035,
      -16.151994705200195,
      -15.582099914550781,
      -15.955952644348145,
      -15.727656364440918,
      -14.374053955078125,
      -15.357664108276367,
      -16.2932186126709,
      -16.94413948059082,
      -18.62374496459961,
      -18.77898406982422
    ],
    [
      -17.158803939819336,
      -17.540136337280273,
      -18.010604858398438,
      -16.984041213989258,
      -17.143274307250977,
      -16.451547622680664,
      -17.055837631225586,
      -17.308448791503906,
      -17.705686569213867,
      -18.131908416748047,
      -19.405080795288086
    ],
    [
      -17.26754379272461,
      -18.097261428833008,
      -17.479454040527344,
      -17.538667678833008,
      -16.85468864440918,
      -14.330559730529785,
      -14.716760635375977,
      -15.716023445129395,
      -16.24654769897461,
      -17.44141387939453,
      -17.5853328704834
    ],
    [
      -18.578481674194336,
      -17.27429962158203,
      -16.914520263671875,
      -15.677634239196777,
      -15.403785705566406,
      -13.743739128112793,
      -14.778854370117188,
      -14.503046989440918,
      -14.469365119934082,
      -15.117775917053223,
      -13.475674629211426
    ],
    [
      -20.05397605895996,
      -18.086109161376953,
      -17.04071617126465,
      -16.602081298828125,
      -18.12122344970703,
      -15.800077438354492,
      -16.001657485961914,
      -15.997578620910645,
      -15.524038314819336,
      -15.889309883117676,
      -13.905937194824219
    ],
    [
      -24.088010787963867,
      -19.43285369873047,
      -18.265199661254883,
      -17.835681915283203,
      -21.316709518432617,
      -18.602005004882812,
      -17.87921142578125,
      -17.961849212646484,
      -19.092702865600586,
      -17.785118103027344,
      -16.403223037719727
    ],
    [
      -19.58236312866211,
      -17.11252784729004,
      -15.244292259216309,
      -14.420811653137207,
      -18.072107315063477,
      -17.685087203979492,
      -15.151626586914062,
      -14.842171669006348,
      -17.53965950012207,
      -15.047188758850098,
      -12.891521453857422
    ],
    [
      -26.049304962158203,
      -22.868576049804688,
      -20.753461837768555,
      -21.28156852722168,
      -22.09588050842285,
      -18.83783531188965,
      -20.98884391784668,
      -21.33965492248535,
      -19.856922149658203,
      -19.70297622680664,
      -16.648757934570312
    ],
    [
      -22.524927139282227,
      -25.49492835998535,
      -24.404245376586914,
      -24.76787567138672,
      -24.880292892456055,
      -22.723365783691406,
      -24.060955047607422,
      -24.718645095825195,
      -24.039743423461914,
      -20.98407745361328,
      -18.803661346435547
    ],
    [
      -26.99440574645996,
      -27.329030990600586,
      -25.944425582885742,
      -25.472293853759766,
      -24.10025405883789,
      -22.65424919128418,
      -26.990571975708008,
      -24.680910110473633,
      -25.788429260253906,
      -23.048484802246094,
      -19.000410079956055
    ],
    [
      -26.55681800842285,
      -27.603240966796875,
      -26.63689422607422,
      -26.323274612426758,
      -26.76090431213379,
      -25.28957748413086,
      -28.036298751831055,
      -27.31064796447754,
      -27.509218215942383,
      -27.371183395385742,
      -25.224197387695312
    ],
    [
      -27.596256256103516,
      -27.918487548828125,
      -28.013444900512695,
      -27.742530822753906,
      -27.576250076293945,
      -26.22932243347168,
      -28.953062057495117,
      -29.16278648376465,
      -28.81612205505371,
      -28.045307159423828,
      -29.847116470336914
    ],
    [
      -27.01732063293457,
      -28.21001434326172,
      -27.93746566772461,
      -27.827587127685547,
      -27.485469818115234,
      -25.793582916259766,
      -28.365524291992188,
      -28.99236488342285,
      -28.5759220123291,
      -28.14743423461914,
      -32.11685562133789
    ],
    [
      -28.019582748413086,
      -29.45197296142578,
      -29.06715202331543,
      -28.91432762145996,
      -28.340784072875977,
      -28.093353271484375,
      -29.128314971923828,
      -29.09629249572754,
      -29.708824157714844,
      -31.187332153320312,
      -35.08738327026367
    ],
    [
      -33.760101318359375,
      -31.029756546020508,
      -29.403480529785156,
      -28.729047775268555,
      -27.90461540222168,
      -26.36246681213379,
      -28.417598724365234,
      -29.260725021362305,
      -30.143129348754883,
      -31.031604766845703,
      -34.75121307373047
    ],
    [
      -33.592716217041016,
      -29.72051239013672,
      -28.85519790649414,
      -28.75004005432129,
      -28.253055572509766,
      -25.835895538330078,
      -29.463674545288086,
      -29.584442138671875,
      -28.971574783325195,
      -28.89711570739746,
      -28.102724075317383
    ],
    [
      -36.15911865234375,
      -32.51779556274414,
      -30.575708389282227,
      -30.35026741027832,
      -30.516294479370117,
      -28.583499908447266,
      -31.840330123901367,
      -29.946229934692383,
      -29.733325958251953,
      -30.263574600219727,
      -31.644811630249023
    ],
    [
      -35.63552474975586,
      -32.22416305541992,
      -30.78571128845215,
      -30.680770874023438,
      -30.469404220581055,
      -29.47591209411621,
      -31.878910064697266,
      -30.4283390045166,
      -30.65361976623535,
      -32.89834976196289,
      -36.664485931396484
    ],
    [
      -29.136016845703125,
      -31.066404342651367,
      -30.90416145324707,
      -30.90101432800293,
      -30.162878036499023,
      -29.207977294921875,
      -31.212949752807617,
      -30.799800872802734,
      -30.708450317382812,
      -31.62704849243164,
      -34.78076934814453
    ],
    [
      -39.977046966552734,
      -33.36050033569336,
      -32.46318817138672,
      -31.877328872680664,
      -30.951557159423828,
      -28.61092758178711,
      -32.108055114746094,
      -31.937971115112305,
      -30.87953758239746,
      -32.469722747802734,
      -38.867069244384766
    ],
    [
      -42.47561264038086,
      -32.92697525024414,
      -32.50719451904297,
      -31.66343879699707,
      -31.665756225585938,
      -30.340316772460938,
      -32.778961181640625,
      -32.814266204833984,
      -33.0659294128418,
      -30.60490608215332,
      -38.532615661621094
    ],
    [
      -34.103248596191406,
      -35.08981704711914,
      -34.70763397216797,
      -32.65260314941406,
      -33.17055130004883,
      -32.08277893066406,
      -33.50886917114258,
      -33.418643951416016,
      -32.693363189697266,
      -34.46529006958008,
      -38.45914077758789
    ],
    [
      -37.21273422241211,
      -33.513423919677734,
      -19.95671844482422,
      -27.871322631835938,
      -34.88443374633789,
      -33.20961380004883,
      -33.359004974365234,
      -31.957935333251953,
      -31.099651336669922,
      -32.60422134399414,
      -50.11984634399414
    ],
    [
      -55.95163345336914,
      -39.26984786987305,
      -25.376060485839844,
      -29.70899200439453,
      -34.55290603637695,
      -32.61545944213867,
      -32.66901779174805,
      -30.876619338989258,
      -29.352815628051758,
      -27.947616577148438,
      -26.523366928100586
    ],
    [
      -43.691898345947266,
      -38.801055908203125,
      -33.99479293823242,
      -33.453704833984375,
      -37.89716339111328,
      -35.41822052001953,
      -34.418548583984375,
      -31.52252197265625,
      -30.826528549194336,
      -33.102725982666016,
      -370
    ],
    [
      -42.71369171142578,
      -35.978271484375,
      -36.140296936035156,
      -35.42215347290039,
      -39.27781295776367,
      -37.50764465332031,
      -35.17399215698242,
      -33.682708740234375,
      -32.579410552978516,
      -31.528043746948242,
      -56.30883026123047
    ],
    [
      -36.62456512451172,
      -34.58274459838867,
      -36.220211029052734,
      -36.5723991394043,
      -40.169410705566406,
      -38.45907974243164,
      -36.773895263671875,
      -35.69003677368164,
      -34.57646942138672,
      -33.4985466003418,
      -40.27820587158203
    ],
    [
      -35.05551528930664,
      -34.73902130126953,
      -38.04879379272461,
      -39.0448112487793,
      -41.126346588134766,
      -39.7858772277832,
      -36.87096405029297,
      -35.2564811706543,
      -34.46736145019531,
      -35.43631362915039,
      -48.98554611206055
    ],
    [
      -40.04220962524414,
      -39.820316314697266,
      -41.120704650878906,
      -41.96534729003906,
      -44.30033493041992,
      -44.43047332763672,
      -39.40534973144531,
      -35.561370849609375,
      -33.85102844238281,
      -33.93239212036133,
      -40.811649322509766
    ],
    [
      -52.06318283081055,
      -51.481876373291016,
      -53.105812072753906,
      -50.736122131347656,
      -51.7371711730957,
      -51.823341369628906,
      -47.606109619140625,
      -40.41644287109375,
      -35.73250198364258,
      -34.170467376708984,
      -36.6684684753418
    ],
    [
      -55.85006332397461,
      -54.89662170410156,
      -56.27790832519531,
      -57.93839645385742,
      -58.23394775390625,
      -57.11140823364258,
      -50.16963195800781,
      -43.829368591308594,
      -41.025657653808594,
      -40.68208312988281,
      -49.2427978515625
    ]
  ],
  "histogram": [
    {
      "db": -70,
      "frequency": 1
    },
    {
      "db": -69,
      "frequency": 0
    },
    {
      "db": -68,
      "frequency": 0
    },
    {
      "db": -67,
      "frequency": 0
    },
    {
      "db": -66,
      "frequency": 1
    },
    {
      "db": -65,
      "frequency": 0
    },
    {
      "db": -64,
      "frequency": 0
    },
    {
      "db": -63,
      "frequency": 0
    },
    {
      "db": -62,
      "frequency": 1
    },
    {
      "db": -61,
      "frequency": 0
    },
    {
      "db": -60,
      "frequency": 1
    },
    {
      "db": -59,
      "frequency": 0
    },
    {
      "db": -58,
      "frequency": 0
    },
    {
      "db": -57,
      "frequency": 1
    },
    {
      "db": -56,
      "frequency": 0
    },
    {
      "db": -55,
      "frequency": 0
    },
    {
      "db": -54,
      "frequency": 0
    },
    {
      "db": -53,
      "frequency": 1
    },
    {
      "db": -52,
      "frequency": 0
    },
    {
      "db": -51,
      "frequency": 1
    },
    {
      "db": -50,
      "frequency": 0
    },
    {
      "db": -49,
      "frequency": 1
    },
    {
      "db": -48,
      "frequency": 0
    },
    {
      "db": -47,
      "frequency": 1
    },
    {
      "db": -46,
      "frequency": 1
    },
    {
      "db": -45,
      "frequency": 0
    },
    {
      "db": -44,
      "frequency": 1
    },
    {
      "db": -43,
      "frequency": 1
    },
    {
      "db": -42,
      "frequency": 1
    },
    {
      "db": -41,
      "frequency": 1
    },
    {
      "db": -40,
      "frequency": 1
    },
    {
      "db": -39,
      "frequency": 1
    },
    {
      "db": -38,
      "frequency": 1
    },
    {
      "db": -37,
      "frequency": 1
    },
    {
      "db": -36,
      "frequency": 0
    },
    {
      "db": -35,
      "frequency": 1
    },
    {
      "db": -34,
      "frequency": 2
    },
    {
      "db": -33,
      "frequency": 1
    },
    {
      "db": -32,
      "frequency": 1
    },
    {
      "db": -31,
      "frequency": 2
    },
    {
      "db": -30,
      "frequency": 2
    },
    {
      "db": -29,
      "frequency": 1
    },
    {
      "db": -28,
      "frequency": 2
    },
    {
      "db": -27,
      "frequency": 14
    },
    {
      "db": -26,
      "frequency": 15
    },
    {
      "db": -25,
      "frequency": 24
    },
    {
      "db": -24,
      "frequency": 27
    },
    {
      "db": -23,
      "frequency": 31
    },
    {
      "db": -22,
      "frequency": 58
    },
    {
      "db": -21,
      "frequency": 43
    },
    {
      "db": -20,
      "frequency": 32
    },
    {
      "db": -19,
      "frequency": 43
    },
    {
      "db": -18,
      "frequency": 66
    },
    {
      "db": -17,
      "frequency": 70
    },
    {
      "db": -16,
      "frequency": 71
    },
    {
      "db": -15,
      "frequency": 122
    },
    {
      "db": -14,
      "frequency": 241
    },
    {
      "db": -13,
      "frequency": 327
    },
    {
      "db": -12,
      "frequency": 418
    },
    {
      "db": -11,
      "frequency": 392
    },
    {
      "db": -10,
      "frequency": 337
    },
    {
      "db": -9,
      "frequency": 265
    },
    {
      "db": -8,
      "frequency": 290
    },
    {
      "db": -7,
      "frequency": 346
    },
    {
      "db": -6,
      "frequency": 286
    },
    {
      "db": -5,
      "frequency": 123
    },
    {
      "db": -4,
      "frequency": 50
    },
    {
      "db": -3,
      "frequency": 1
    },
    {
      "db": -2,
      "frequency": 0
    },
    {
      "db": -1,
      "frequency": 0
    },
    {
      "db": 0,
      "frequency": 0
    },
    {
      "db": 1,
      "frequency": 0
    },
    {
      "db": 2,
      "frequency": 0
    },
    {
