{
  "acoustic_entropy": 198.63796997070312,
  "bands": [
    {
      "high_freq": 148.1999969482422,
      "loudness": -28.64287567138672,
      "loudness_range": 9.576160430908203,
      "mid_mean": -25.189966201782227,
      "mid_to_side_loudness": -16.694368362426758,
      "mid_to_side_loudness_range": 24.4542236328125,
      "side_mean": -42.88154602050781
    },
    {
      "high_freq": 392.3793640136719,
      "loudness": -28.928678512573242,
      "loudness_range": 11.097427368164062,
      "low_freq": 148.1999969482422,
      "mid_mean": -27.22951316833496,
      "mid_to_side_loudness": -3.6972196102142334,
      "mid_to_side_loudness_range": 13.896976470947266,
      "side_mean": -31.071908950805664
    },
    {
      "high_freq": 794.6976318359375,
      "loudness": -31.949819564819336,
      "loudness_range": 16.293842315673828,
      "low_freq": 392.3793640136719,
      "mid_mean": -29.84682846069336,
      "mid_to_side_loudness": -4.767604351043701,
      "mid_to_side_loudness_range": 10.5245361328125,
      "side_mean": -34.61985397338867
    },
    {
      "high_freq": 1457.5709228515625,
      "loudness": -37.596519470214844,
      "loudness_range": 21.702266693115234,
      "low_freq": 794.6976318359375,
      "mid_mean": -35.569053649902344,
      "mid_to_side_loudness": -4.409658432006836,
      "mid_to_side_loudness_range": 11.204843521118164,
      "side_mean": -40.02725601196289
    },
    {
      "high_freq": 2549.74365234375,
      "loudness": -37.04650115966797,
      "loudness_range": 26.447126388549805,
      "low_freq": 1457.5709228515625,
      "mid_mean": -34.57967758178711,
      "mid_to_side_loudness": -5.769567012786865,
      "mid_to_side_loudness_range": 11.144732475280762,
      "side_mean": -40.56560134887695
    },
    {
      "high_freq": 4349.24462890625,
      "loudness": -37.619163513183594,
      "loudness_range": 23.597766876220703,
      "low_freq": 2549.74365234375,
      "mid_mean": -34.90475082397461,
      "mid_to_side_loudness": -6.953089714050293,
      "mid_to_side_loudness_range": 10.943076133728027,
      "side_mean": -42.0217170715332
    },
    {
      "high_freq": 7314.1640625,
      "loudness": -44.43549346923828,
      "loudness_range": 18.66181182861328,
      "low_freq": 4349.24462890625,
      "mid_mean": -42.31868362426758,
      "mid_to_side_loudness": -5.126110553741455,
      "mid_to_side_loudness_range": 12.091898918151855,
      "side_mean": -47.680023193359375
    },
    {
      "high_freq": 12199.2666015625,
      "loudness": -47.1697998046875,
      "loudness_range": 17.557727813720703,
      "low_freq": 7314.1640625,
      "mid_mean": -45.070274353027344,
      "mid_to_side_loudness": -5.782410621643066,
      "mid_to_side_loudness_range": 15.469565391540527,
      "side_mean": -51.95940399169922
    },
    {
      "loudness": -54.806907653808594,
      "loudness_range": 17.463523864746094,
      "low_freq": 12199.2666015625,
      "mid_mean": -53.723876953125,
      "mid_to_side_loudness": -3.2683916091918945,
      "mid_to_side_loudness_range": 8.409878730773926,
      "side_mean": -56.666500091552734
    }
  ],
  "bands_short": [
    {
      "high_freq": 148.1999969482422,
      "loudness": -30.943387985229492,
      "loudness_range": 15.992120742797852,
      "mid_mean": -27.451526641845703,
      "mid_to_side_loudness": -21.506513595581055,
      "mid_to_side_loudness_range": 34.55167770385742,
      "side_mean": -52.622615814208984
    },
    {
      "high_freq": 392.3793640136719,
      "loudness": -28.876100540161133,
      "loudness_range": 13.373138427734375,
      "low_freq": 148.1999969482422,
      "mid_mean": -27.225217819213867,
      "mid_to_side_loudness": -4.687683582305908,
      "mid_to_side_loudness_range": 19.365982055664062,
      "side_mean": -32.13483428955078
    },
    {
      "high_freq": 794.6976318359375,
      "loudness": -32.833740234375,
      "loudness_range": 19.329044342041016,
      "low_freq": 392.3793640136719,
      "mid_mean": -31.11985969543457,
      "mid_to_side_loudness": -4.188205242156982,
      "mid_to_side_loudness_range": 14.202067375183105,
      "side_mean": -35.32535171508789
    },
    {
      "high_freq": 1457.5709228515625,
      "loudness": -37.611907958984375,
      "loudness_range": 23.647022247314453,
      "low_freq": 794.6976318359375,
      "mid_mean": -35.61853790283203,
      "mid_to_side_loudness": -4.690456390380859,
      "mid_to_side_loudness_range": 13.07188606262207,
      "side_mean": -40.42535400390625
    },
    {
      "high_freq": 2549.74365234375,
      "loudness": -37.95738983154297,
      "loudness_range": 28.52203369140625,
      "low_freq": 1457.5709228515625,
      "mid_mean": -35.81034851074219,
      "mid_to_side_loudness": -5.255835056304932,
      "mid_to_side_loudness_range": 14.843600273132324,
      "side_mean": -41.406272888183594
    },
    {
      "high_freq": 4349.24462890625,
      "loudness": -38.5298957824707,
      "loudness_range": 26.366455078125,
      "low_freq": 2549.74365234375,
      "mid_mean": -36.04541015625,
      "mid_to_side_loudness": -6.455506324768066,
      "mid_to_side_loudness_range": 14.408092498779297,
      "side_mean": -42.865413665771484
    },
    {
      "high_freq": 7314.1640625,
      "loudness": -46.369197845458984,
      "loudness_range": 21.999664306640625,
      "low_freq": 4349.24462890625,
      "mid_mean": -44.35844039916992,
      "mid_to_side_loudness": -4.7897114753723145,
      "mid_to_side_loudness_range": 12.586443901062012,
      "side_mean": -50.262813568115234
    },
    {
      "high_freq": 12199.2666015625,
      "loudness": -49.922237396240234,
      "loudness_range": 23.220619201660156,
      "low_freq": 7314.1640625,
      "mid_mean": -48.37473678588867,
      "mid_to_side_loudness": -6.23142147064209,
      "mid_to_side_loudness_range": 18.588298797607422,
      "side_mean": -55.41438293457031
    },
    {
      "loudness": -59.645179748535156,
      "loudness_range": 27.69194793701172,
      "low_freq": 12199.2666015625,
      "mid_mean": -57.54099655151367,
      "mid_to_side_loudness": -5.5071210861206055,
      "mid_to_side_loudness_range": 16.43968963623047,
      "side_mean": -61.390525817871094
    }
  ],
  "bandwidth": 557.1915283203125,
  "channels": 2,
  "covariance": [
    [
      18.717355728149414,
      15.679265975952148,
      9.103238105773926,
      8.004375457763672,
      9.573549270629883,
      9.266361236572266,
      10.567418098449707,
      9.621378898620605,
      7.259703636169434,
      5.886684417724609,
      6.753790855407715,
      6.174090385437012,
      8.029748916625977,
      7.440317153930664,
      7.132833480834961,
      7.257112979888916,
      7.673815727233887,
      6.126707553863525
    ],
    [
      15.679265975952148,
      81.18324279785156,
      12.286314010620117,
      26.40508460998535,
      18.176156997680664,
      27.135753631591797,
      31.56540870666504,
      29.935041427612305,
      30.791263580322266,
      34.73712921142578,
      28.377145767211914,
      34.38780975341797,
      16.445695877075195,
      25.89262580871582,
      7.611393928527832,
      21.322967529296875,
      12.544164657592773,
      14.309523582458496
    ],
    [
      9.103238105773926,
      12.286314010620117,
      21.34111976623535,
      15.39694881439209,
      16.852331161499023,
      13.840782165527344,
      17.058595657348633,
      12.817943572998047,
      14.819807052612305,
      10.967375755310059,
      14.215967178344727,
      12.25834846496582,
      10.359488487243652,
      10.36142349243164,
      10.906128883361816,
      10.25393295288086,
      9.51761245727539,
      7.331446647644043
    ],
    [
      8.004375457763672,
      26.40508460998535,
      15.39694881439209,
      33.31346893310547,
      17.164276123046875,
      21.96731948852539,
      22.09385871887207,
      23.5587215423584,
      20.331090927124023,
      22.322519302368164,
      18.74314308166504,
      20.97173500061035,
      10.810530662536621,
      16.631742477416992,
      8.59391975402832,
      16.358448028564453,
      11.817967414855957,
      13.785324096679688
    ],
    [
      9.573549270629883,
      18.176156997680664,
      16.852331161499023,
      17.164276123046875,
      35.81841278076172,
      28.70636558532715,
      35.454017639160156,
      27.088054656982422,
      31.858213424682617,
      23.63214683532715,
      27.497325897216797,
      22.29094123840332,
      14.85474967956543,
      15.693822860717773,
      14.788883209228516,
      14.068010330200195,
      12.548111915588379,
      10.138382911682129
    ],
    [
      9.266361236572266,
      27.135753631591797,
      13.840782165527344,
      21.96731948852539,
      28.70636558532715,
      37.21942138671875,
      34.43663787841797,
      32.624534606933594,
      30.63567543029785,
      31.972368240356445,
      28.827280044555664,
      31.09257698059082,
      15.535772323608398,
      21.508808135986328,
      11.967949867248535,
      17.70723533630371,
      11.519696235656738,
      11.580699920654297
    ],
    [
      10.567418098449707,
      31.56540870666504,
      17.058595657348633,
      22.09385871887207,
      35.454017639160156,
      34.43663787841797,
      62.047760009765625,
      45.020198822021484,
      53.023658752441406,
      47.11030578613281,
      44.56520080566406,
      40.153587341308594,
      16.932512283325195,
      24.09820556640625,
      12.209485054016113,
      20.673215866088867,
      14.002015113830566,
      14.113534927368164
    ],
    [
      9.621378898620605,
      29.935041427612305,
      12.817943572998047,
      23.5587215423584,
      27.088054656982422,
      32.624534606933594,
      45.020198822021484,
      44.714351654052734,
      40.47573471069336,
      43.20808029174805,
      36.35367965698242,
      38.56511688232422,
      15.809115409851074,
      25.134157180786133,
      9.209781646728516,
      20.911897659301758,
      12.71867561340332,
      14.810820579528809
    ],
    [
      7.259703636169434,
      30.791263580322266,
      14.819807052612305,
      20.331090927124023,
      31.858213424682617,
      30.63567543029785,
      53.023658752441406,
      40.47573471069336,
      88.64625549316406,
      79.83396911621094,
      72.1086196899414,
      62.98533630371094,
      19.57256507873535,
      28.522747039794922,
      7.700229644775391,
      24.443607330322266,
      12.414258003234863,
      14.50216007232666
    ],
    [
      5.886684417724609,
      34.73712921142578,
      10.967375755310059,
      22.322519302368164,
      23.63214683532715,
      31.972368240356445,
      47.11030578613281,
      43.20808029174805,
      79.83396911621094,
      88.64920806884766,
      67.79688262939453,
      70.24937438964844,
      17.91840171813965,
      32.813541412353516,
      1.8971412181854248,
      28.192840576171875,
      11.384937286376953,
      16.619415283203125
    ],
    [
      6.753790855407715,
      28.377145767211914,
      14.215967178344727,
      18.74314308166504,
      27.497325897216797,
      28.827280044555664,
      44.56520080566406,
      36.35367965698242,
      72.1086196899414,
      67.79688262939453,
      70.49706268310547,
      60.338172912597656,
      23.648448944091797,
      29.189903259277344,
      11.7511568069458,
      23.665485382080078,
      13.614026069641113,
      13.355965614318848
    ],
    [
      6.174090385437012,
      34.38780975341797,
      12.25834846496582,
      20.97173500061035,
      22.29094123840332,
      31.09257698059082,
      40.153587341308594,
      38.56511688232422,
      62.98533630371094,
      70.24937438964844,
      60.338172912597656,
      66.5946044921875,
      21.13723373413086,
      35.773765563964844,
      6.169641971588135,
      28.912086486816406,
      13.385354995727539,
      16.64530372619629
    ],
    [
      8.029748916625977,
      16.445695877075195,
      10.359488487243652,
      10.810530662536621,
      14.85474967956543,
      15.535772323608398,
      16.932512283325195,
      15.809115409851074,
      19.57256507873535,
      17.91840171813965,
      23.648448944091797,
      21.13723373413086,
      46.039039611816406,
      28.874755859375,
      36.09299850463867,
      25.16206932067871,
      28.63471794128418,
      18.430946350097656
    ],
    [
      7.440317153930664,
      25.89262580871582,
      10.36142349243164,
      16.631742477416992,
      15.693822860717773,
      21.508808135986328,
      24.09820556640625,
      25.134157180786133,
      28.522747039794922,
      32.813541412353516,
      29.189903259277344,
      35.773765563964844,
      28.874755859375,
      39.015586853027344,
      19.067773818969727,
      35.416473388671875,
      26.33974838256836,
      28.42035675048828
    ],
    [
      7.132833480834961,
      7.611393928527832,
      10.906128883361816,
      8.59391975402832,
      14.788883209228516,
      11.967949867248535,
      12.209485054016113,
      9.209781646728516,
      7.700229644775391,
      1.8971412181854248,
      11.7511568069458,
      6.169641971588135,
      36.09299850463867,
      19.067773818969727,
      43.393829345703125,
      19.741220474243164,
      29.307283401489258,
      17.378156661987305
    ],
    [
      7.257112979888916,
      21.322967529296875,
      10.25393295288086,
      16.358448028564453,
      14.068010330200195,
      17.70723533630371,
      20.673215866088867,
      20.911897659301758,
      24.443607330322266,
      28.192840576171875,
      23.665485382080078,
      28.912086486816406,
      25.16206932067871,
      35.416473388671875,
      19.741220474243164,
      49.26346206665039,
      40.6059684753418,
      45.17782974243164
    ],
    [
      7.673815727233887,
      12.544164657592773,
      9.51761245727539,
      11.817967414855957,
      12.548111915588379,
      11.519696235656738,
      14.002015113830566,
      12.71867561340332,
      12.414258003234863,
      11.384937286376953,
      13.614026069641113,
      13.385354995727539,
      28.63471794128418,
      26.33974838256836,
      29.307283401489258,
      40.6059684753418,
      46.17683029174805,
      41.706947326660156
    ],
    [
      6.126707553863525,
      14.309523582458496,
      7.331446647644043,
      13.785324096679688,
      10.138382911682129,
      11.580699920654297,
      14.113534927368164,
      14.810820579528809,
      14.50216007232666,
      16.619415283203125,
      13.355965614318848,
      16.64530372619629,
      18.430946350097656,
      28.42035675048828,
      17.378156661987305,
      45.17782974243164,
      41.706947326660156,
      51.8486213684082
    ]
  ],
  "covariance_short": [
    [
      45.121917724609375,
      10.883768081665039,
      13.291120529174805,
      7.245519161224365,
      7.581153392791748,
      6.58437967300415,
      7.34811544418335,
      7.579318046569824,
      2.426077127456665,
      1.8498873710632324,
      2.1986382007598877,
      2.953638792037964,
      6.510016441345215,
      6.0330891609191895,
      6.514072418212891,
      5.7287468910217285,
      6.219449996948242,
      3.6211647987365723
    ],
    [
      10.883768081665039,
      96.90106201171875,
      18.079790115356445,
      39.913970947265625,
      24.532262802124023,
      36.615501403808594,
      37.45833969116211,
      38.45147705078125,
      34.62805938720703,
      41.80682373046875,
      34.57347869873047,
      46.15931701660156,
      23.836963653564453,
      46.43513488769531,
      17.033899307250977,
      35.84230422973633,
      21.684606552124023,
      23.29756736755371
    ],
    [
      13.291120529174805,
      18.079790115356445,
      31.865816116333008,
      18.36589241027832,
      20.709365844726562,
      16.029521942138672,
      18.97559928894043,
      14.44314193725586,
      16.8562068939209,
      13.199586868286133,
      15.81727409362793,
      15.111658096313477,
      11.032435417175293,
      13.094104766845703,
      15.533841133117676,
      13.742196083068848,
      11.66334056854248,
      10.536603927612305
    ],
    [
      7.245519161224365,
      39.913970947265625,
      18.36589241027832,
      53.56131362915039,
      24.96002769470215,
      34.88677978515625,
      29.9984130859375,
      32.513824462890625,
      24.105852127075195,
      28.514875411987305,
      23.291221618652344,
      29.020286560058594,
      16.152801513671875,
      24.81161880493164,
      15.537532806396484,
      21.353496551513672,
      14.052000045776367,
      16.1744441986084
    ],
    [
      7.581153392791748,
      24.532262802124023,
      20.709365844726562,
      24.96002769470215,
      49.259830474853516,
      36.270851135253906,
      43.16476058959961,
      33.72079086303711,
      38.5725212097168,
      29.522489547729492,
      34.817291259765625,
      30.00554084777832,
      20.571779251098633,
      22.98228645324707,
      24.727815628051758,
      19.97844886779785,
      18.346038818359375,
      14.245430946350098
    ],
    [
      6.58437967300415,
      36.615501403808594,
      16.029521942138672,
      34.88677978515625,
      36.270851135253906,
      53.286598205566406,
      39.30503463745117,
      41.11906051635742,
      32.70976257324219,
      37.571632385253906,
      32.22395706176758,
      38.18083953857422,
      21.65093231201172,
      30.594226837158203,
      19.738210678100586,
      25.465984344482422,
      17.104267120361328,
      17.43853187561035
    ],
    [
      7.34811544418335,
      37.45833969116211,
      18.97559928894043,
      29.9984130859375,
      43.16476058959961,
      39.30503463745117,
      70.54058837890625,
      50.224388122558594,
      58.15571594238281,
      50.26555252075195,
      51.124107360839844,
      45.05942153930664,
      26.749191284179688,
      31.781185150146484,
      25.99481201171875,
      26.14864158630371,
      19.39937973022461,
      17.303659439086914
    ],
    [
      7.579318046569824,
      38.45147705078125,
      14.44314193725586,
      32.513824462890625,
      33.72079086303711,
      41.11906051635742,
      50.224388122558594,
      55.44933319091797,
      43.03294372558594,
      48.48194885253906,
      40.19865036010742,
      44.86503982543945,
      22.913257598876953,
      33.70224380493164,
      18.903913497924805,
      27.27082061767578,
      17.08839225769043,
      19.02584457397461
    ],
    [
      2.426077127456665,
      34.62805938720703,
      16.8562068939209,
      24.105852127075195,
      38.5725212097168,
      32.70976257324219,
      58.15571594238281,
      43.03294372558594,
      101.84078216552734,
      82.89398193359375,
      83.03157806396484,
      68.82882690429688,
      33.75423812866211,
      39.37393569946289,
      23.330718994140625,
      31.646570205688477,
      17.064342498779297,
      19.78932762145996
    ],
    [
      1.8498873710632324,
      41.80682373046875,
      13.199586868286133,
      28.514875411987305,
      29.522489547729492,
      37.571632385253906,
      50.26555252075195,
      48.48194885253906,
      82.89398193359375,
      97.22684478759766,
      72.91590881347656,
      78.2809066772461,
      30.609983444213867,
      46.816017150878906,
      13.538163185119629,
      37.22090148925781,
      14.734245300292969,
      24.19330596923828
    ],
    [
      2.1986382007598877,
      34.57347869873047,
      15.81727409362793,
      23.291221618652344,
      34.817291259765625,
      32.22395706176758,
      51.124107360839844,
      40.19865036010742,
      83.03157806396484,
      72.91590881347656,
      87.475830078125,
      68.21794891357422,
      40.44637680053711,
      42.31947326660156,
      29.889827728271484,
      33.7911376953125,
      21.856149673461914,
      21.128747940063477
    ],
    [
      2.953638792037964,
      46.15931701660156,
      15.111658096313477,
      29.020286560058594,
      30.00554084777832,
      38.18083953857422,
      45.05942153930664,
      44.86503982543945,
      68.82882690429688,
      78.2809066772461,
      68.21794891357422,
      80.98694610595703,
      34.97310256958008,
      53.54657745361328,
      20.528263092041016,
      43.492488861083984,
      21.062889099121094,
      29.380504608154297
    ],
    [
      6.510016441345215,
      23.836963653564453,
      11.032435417175293,
      16.152801513671875,
      20.571779251098633,
      21.65093231201172,
      26.749191284179688,
      22.913257598876953,
      33.75423812866211,
      30.609983444213867,
      40.44637680053711,
      34.97310256958008,
      62.16471862792969,
      45.718414306640625,
      56.862003326416016,
      43.61790466308594,
      45.924617767333984,
      32.921630859375
    ],
    [
      6.0330891609191895,
      46.43513488769531,
      13.094104766845703,
      24.81161880493164,
      22.98228645324707,
      30.594226837158203,
      31.781185150146484,
      33.70224380493164,
      39.37393569946289,
      46.816017150878906,
      42.31947326660156,
      53.54657745361328,
      45.718414306640625,
      75.1131820678711,
      39.75796127319336,
      68.03411865234375,
      47.38469696044922,
      52.93971633911133
    ],
    [
      6.514072418212891,
      17.033899307250977,
      15.533841133117676,
      15.537532806396484,
      24.727815628051758,
      19.738210678100586,
      25.99481201171875,
      18.903913497924805,
      23.330718994140625,
      13.538163185119629,
      29.889827728271484,
      20.528263092041016,
      56.862003326416016,
      39.75796127319336,
      78.41332244873047,
      46.652503967285156,
      60.0289306640625,
      39.308353424072266
    ],
    [
      5.7287468910217285,
      35.84230422973633,
      13.742196083068848,
      21.353496551513672,
      19.97844886779785,
      25.465984344482422,
      26.14864158630371,
      27.27082061767578,
      31.646570205688477,
      37.22090148925781,
      33.7911376953125,
      43.492488861083984,
      43.61790466308594,
      68.03411865234375,
      46.652503967285156,
      76.6393814086914,
      57.766414642333984,
      66.96372985839844
    ],
    [
      6.219449996948242,
      21.684606552124023,
      11.66334056854248,
      14.052000045776367,
      18.346038818359375,
      17.104267120361328,
      19.39937973022461,
      17.08839225769043,
      17.064342498779297,
      14.734245300292969,
      21.856149673461914,
      21.062889099121094,
      45.924617767333984,
      47.38469696044922,
      60.0289306640625,
      57.766414642333984,
      68.95072174072266,
      57.96320343017578
    ],
    [
      3.6211647987365723,
      23.29756736755371,
      10.536603927612305,
      16.1744441986084,
      14.245430946350098,
      17.43853187561035,
      17.303659439086914,
      19.02584457397461,
      19.78932762145996,
      24.19330596923828,
      21.128747940063477,
      29.380504608154297,
      32.921630859375,
      52.93971633911133,
      39.308353424072266,
      66.96372985839844,
      57.96320343017578,
      72.51229858398438
    ]
  ],
  "damage": -13.979848861694336,
  "diff_bandwidth": 648.4362182617188,
  "dissonance": 7.390415330561658,
  "drr": 14.462685585021973,
  "dynamics": 3.4617321491241455,
  "format": 1245187,
  "frames": 8723196,
  "freq_pan_to_db": [
    [
      -42.28256607055664,
      -36.07368087768555,
      -30.185260772705078,
      -24.81545066833496,
      -22.35974884033203,
      -22.319965362548828,
      -24.802976608276367,
      -28.056468963623047,
      -31.950477600097656,
      -37.58720016479492,
      -42.803550720214844
    ],
    [
      -24.668489456176758,
      -24.413354873657227,
      -22.511943817138672,
      -20.902080535888672,
      -17.816795349121094,
      -16.136028289794922,
      -18.37965965270996,
      -21.461883544921875,
      -24.33746337890625,
      -25.297874450683594,
      -27.025182723999023
    ],
    [
      -20.2287540435791,
      -20.046222686767578,
      -19.694082260131836,
      -19.439760208129883,
      -19.38187599182129,
      -18.56496238708496,
      -18.975278854370117,
      -19.556865692138672,
      -20.162580490112305,
      -20.90766143798828,
      -20.33013343811035
    ],
    [
      -22.942293167114258,
      -21.22530746459961,
      -21.71174430847168,
      -21.593198776245117,
      -22.12360954284668,
      -21.660982131958008,
      -22.490386962890625,
      -22.91924476623535,
      -23.08955192565918,
      -22.764875411987305,
      -22.520599365234375
    ],
    [
      -22.926794052124023,
      -22.598283767700195,
      -22.7589054107666,
      -23.00000762939453,
      -23.439041137695312,
      -23.635021209716797,
      -23.536745071411133,
      -22.892988204956055,
      -22.887989044189453,
      -22.93239974975586,
      -23.009201049804688
    ],
    [
      -22.557825088500977,
      -22.278152465820312,
      -21.754186630249023,
      -21.54562759399414,
      -21.33661651611328,
      -21.226226806640625,
      -21.546993255615234,
      -21.7003116607666,
      -22.602746963500977,
      -23.031856536865234,
      -23.581186294555664
    ],
    [
      -23.4450626373291,
      -23.023284912109375,
      -22.035310745239258,
      -21.197961807250977,
      -21.34628677368164,
      -21.402286529541016,
      -21.714094161987305,
      -22.018524169921875,
      -22.32160758972168,
      -23.41210174560547,
      -24.294363021850586
    ],
    [
      -24.145471572875977,
      -24.362632751464844,
      -23.830846786499023,
      -23.338634490966797,
      -21.78335952758789,
      -20.788129806518555,
      -21.73959732055664,
      -23.19468879699707,
      -24.209562301635742,
      -23.82006072998047,
      -22.58768653869629
    ],
    [
      -26.039342880249023,
      -25.039119720458984,
      -24.719438552856445,
      -23.612550735473633,
      -22.18911361694336,
      -21.9931697845459,
      -22.80128288269043,
      -24.421133041381836,
      -25.412174224853516,
      -25.39960289001465,
      -24.111618041992188
    ],
    [
      -23.825904846191406,
      -23.294008255004883,
      -24.85773277282715,
      -23.6164608001709,
      -23.188753128051758,
      -22.505332946777344,
      -22.872926712036133,
      -23.482013702392578,
      -23.863502502441406,
      -24.198362350463867,
      -23.167102813720703
    ],
    [
      -23.987430572509766,
      -24.193653106689453,
      -25.718687057495117,
      -25.781465530395508,
      -25.11914825439453,
      -23.39348030090332,
      -23.911222457885742,
      -24.975605010986328,
      -24.93644142150879,
      -25.08504295349121,
      -24.554807662963867
    ],
    [
      -25.60000228881836,
      -28.25129508972168,
      -28.55191993713379,
      -27.0267391204834,
      -26.150941848754883,
      -24.459590911865234,
      -26.883943557739258,
      -28.49235725402832,
      -27.929065704345703,
      -27.743471145629883,
      -27.355854034423828
    ],
    [
      -29.14474105834961,
      -30.54621124267578,
      -30.909910202026367,
      -28.420948028564453,
      -26.801376342773438,
      -24.785634994506836,
      -27.670391082763672,
      -28.89525032043457,
      -29.684829711914062,
      -30.892383575439453,
      -30.74944496154785
    ],
    [
      -27.240100860595703,
      -30.07068634033203,
      -30.13060760498047,
      -27.40397834777832,
      -25.228721618652344,
      -24.37820816040039,
      -27.953548431396484,
      -30.110382080078125,
      -31.28519058227539,
      -28.869792938232422,
      -28.89351463317871
    ],
    [
      -26.595083236694336,
      -29.018455505371094,
      -30.491191864013672,
      -30.322919845581055,
      -29.157833099365234,
      -25.138811111450195,
      -27.77043342590332,
      -31.979339599609375,
      -32.20139694213867,
      -31.89805030822754,
      -29.716171264648438
    ],
    [
      -28.990087509155273,
      -31.246932983398438,
      -32.64945602416992,
      -32.965694427490234,
      -29.732070922851562,
      -26.256080627441406,
      -28.8143367767334,
      -31.72791290283203,
      -32.427146911621094,
      -32.23267364501953,
      -31.645933151245117
    ],
    [
      -29.9060001373291,
      -31.830684661865234,
      -34.82960891723633,
      -33.58794021606445,
      -30.801599502563477,
      -29.347536087036133,
      -32.86534881591797,
      -34.2089729309082,
      -32.258731842041016,
      -30.979480743408203,
      -29.838441848754883
    ],
    [
      -30.281749725341797,
      -30.513309478759766,
      -33.1124267578125,
      -34.61990737915039,
      -33.18049240112305,
      -29.5935115814209,
      -33.4818000793457,
      -34.47590637207031,
      -32.7752685546875,
      -31.151756286621094,
      -29.930185317993164
    ],
    [
      -32.058589935302734,
      -31.991621017456055,
      -33.813480377197266,
      -36.112640380859375,
      -32.57364273071289,
      -30.148178100585938,
      -33.68921661376953,
      -34.30719757080078,
      -31.30350685119629,
      -32.90639114379883,
      -33.29946517944336
    ],
    [
      -28.211694717407227,
      -29.381813049316406,
      -30.1605167388916,
      -30.71097755432129,
      -29.664531707763672,
      -29.37639808654785,
      -30.592382431030273,
      -29.94586753845215,
      -30.590595245361328,
      -30.983022689819336,
      -33.74561309814453
    ],
    [
      -27.413738250732422,
      -29.274320602416992,
      -27.927425384521484,
      -29.34162139892578,
      -29.694978713989258,
      -30.289337158203125,
      -28.6766300201416,
      -29.647579193115234,
      -30.042163848876953,
      -29.322715759277344,
      -27.51018714904785
    ],
    [
      -26.2617130279541,
      -29.643356323242188,
      -30.483190536499023,
      -29.856304168701172,
      -30.19844627380371,
      -31.557292938232422,
      -29.860876083374023,
      -29.987586975097656,
      -30.69070816040039,
      -29.356794357299805,
      -24.628751754760742
    ],
    [
      -26.21245765686035,
      -29.51187515258789,
      -30.651662826538086,
      -31.65280532836914,
      -29.732837677001953,
      -30.562503814697266,
      -30.267030715942383,
      -31.66017723083496,
      -30.15251350402832,
      -30.183574676513672,
      -24.098634719848633
    ],
    [
      -27.580720901489258,
      -31.1198787689209,
      -32.22379684448242,
      -32.004451751708984,
      -31.753494262695312,
      -31.13500213623047,
      -31.190229415893555,
      -32.87114715576172,
      -32.9736328125,
      -32.21983337402344,
      -31.544416427612305
    ],
    [
      -37.96103286743164,
      -36.45036315917969,
      -35.53351974487305,
      -34.142662048339844,
      -32.143280029296875,
      -30.99850845336914,
      -31.418622970581055,
      -33.44428253173828,
      -35.59935760498047,
      -38.043487548828125,
      -37.064727783203125
    ],
    [
      -29.2545223236084,
      -38.218894958496094,
      -38.32257080078125,
      -37.52555465698242,
      -35.9522705078125,
      -35.03722381591797,
      -35.349185943603516,
      -36.46335220336914,
      -38.050411224365234,
      -39.19589614868164,
      -37.06670379638672
    ],
    [
      -33.80660629272461,
      -36.64562225341797,
      -36.49972915649414,
      -37.43994140625,
      -36.351627349853516,
      -35.48878479003906,
      -35.32759094238281,
      -36.92767333984375,
      -36.607208251953125,
      -35.63301467895508,
      -32.47676467895508
    ],
    [
      -40.89655303955078,
      -41.13231658935547,
      -41.22499465942383,
      -40.3397331237793,
      -39.56355285644531,
      -38.26914596557617,
      -39.58103942871094,
      -40.404266357421875,
      -41.10532760620117,
      -40.17781066894531,
      -45.30795669555664
    ],
    [
      -42.274478912353516,
      -43.18218231201172,
      -44.30842971801758,
      -44.670841217041016,
      -44.2888069152832,
      -41.68817138671875,
      -44.31932830810547,
      -44.371131896972656,
      -44.24738311767578,
      -44.69762420654297,
      -39.4141960144043
    ],
    [
      -51.06005859375,
      -45.86869812011719,
      -45.7914924621582,
      -45.749176025390625,
      -45.71649932861328,
      -39.68191909790039,
      -45.56520462036133,
      -45.819637298583984,
      -45.917518615722656,
      -45.76133346557617,
      -49.320796966552734
    ],
    [
      -46.610233306884766,
      -43.821685791015625,
      -45.76479721069336,
      -46.92239761352539,
      -46.66523361206055,
      -39.14297866821289,
      -47.01004409790039,
      -46.803585052490234,
      -46.591400146484375,
      -45.76023864746094,
      -43.26332473754883
    ],
    [
      -52.87031173706055,
      -45.91304397583008,
      -46.49281311035156,
      -47.75672149658203,
      -48.148128509521484,
      -41.694175720214844,
      -48.17475128173828,
      -48.391822814941406,
      -48.20769500732422,
      -45.02967834472656,
      -59.75301742553711
    ],
    [
      -54.833961486816406,
      -49.458030700683594,
      -46.90669631958008,
      -48.249366760253906,
      -48.99566650390625,
      -43.580406188964844,
      -49.15202713012695,
      -49.039039611816406,
      -49.84605026245117,
      -48.62089157104492,
      -63.14266586303711
    ],
    [
      -61.03862380981445,
      -48.27997970581055,
      -46.822723388671875,
      -47.967594146728516,
      -48.34416580200195,
      -43.79281997680664,
      -49.27375411987305,
      -49.882720947265625,
      -48.77162551879883,
      -59.50550842285156,
      -370
    ],
    [
      -370,
      -44.0018310546875,
      -46.38337326049805,
      -48.931739807128906,
      -48.9543571472168,
      -42.480350494384766,
      -48.332191467285156,
      -48.39995193481445,
      -49.95475769042969,
      -47.0667610168457,
      -45.70066833496094
    ],
    [
      -370,
      -41.38236999511719,
      -45.95210266113281,
      -50.77534103393555,
      -52.23774337768555,
      -45.06817626953125,
      -48.847232818603516,
      -47.640621185302734,
      -47.100215911865234,
      -44.9953498840332,
      -370
    ],
    [
      -42.961551666259766,
      -44.49203872680664,
      -48.15800476074219,
      -50.94767761230469,
      -52.43743896484375,
      -49.01390838623047,
      -50.98293685913086,
      -49.97756576538086,
      -50.29973602294922,
      -50.00834655761719,
      -370
    ],
    [
      -40.054344177246094,
      -42.78066635131836,
      -48.33119201660156,
      -51.949546813964844,
      -53.963233947753906,
      -52.05289840698242,
      -52.03667068481445,
      -52.132198333740234,
      -52.41168975830078,
      -53.626976013183594,
      -370
    ],
    [
      -43.42832565307617,
      -44.51671600341797,
      -49.52398681640625,
      -54.26055908203125,
      -54.30670928955078,
      -53.85169219970703,
      -52.0848388671875,
      -51.23176956176758,
      -52.752079010009766,
      -53.15312576293945,
      -370
    ],
    [
      -45.08170700073242,
      -47.350608825683594,
      -50.2348747253418,
      -55.144996643066406,
      -56.578433990478516,
      -56.591129302978516,
      -52.348453521728516,
      -50.53301239013672,
      -50.225276947021484,
      -50.73111343383789,
      -152.72238159179688
    ],
    [
      -151.46104431152344,
      -46.21422576904297,
      -51.63251495361328,
      -55.067691802978516,
      -58.76482009887695,
      -59.97011184692383,
      -54.38967514038086,
      -52.86808395385742,
      -52.42639923095703,
      -54.794429779052734,
      -53.0467414855957
    ],
    [
      -79.28699493408203,
      -51.707950592041016,
      -51.648216247558594,
      -56.144859313964844,
      -61.38199996948242,
      -63.2024040222168,
      -56.985748291015625,
      -52.57652282714844,
      -50.833065032958984,
      -53.651947021484375,
      -57.460025787353516
    ]
  ],
  "histogram": [
    {
      "db": -70,
      "frequency": 0
    },
    {
      "db": -69,
      "frequency": 1
    },
    {
      "db": -68,
      "frequency": 0
    },
    {
      "db": -67,
      "frequency": 1
    },
    {
      "db": -66,
      "frequency": 1
    },
    {
      "db": -65,
      "frequency": 1
    },
    {
      "db": -64,
      "frequency": 1
    },
    {
      "db": -63,
      "frequency": 2
    },
    {
      "db": -62,
      "frequency": 1
    },
    {
      "db": -61,
      "frequency": 1
    },
    {
      "db": -60,
      "frequency": 0
    },
    {
      "db": -59,
      "frequency": 1
    },
    {
      "db": -58,
      "frequency": 2
    },
    {
      "db": -57,
      "frequency": 1
    },
    {
      "db": -56,
      "frequency": 2
    },
    {
      "db": -55,
      "frequency": 1
    },
    {
      "db": -54,
      "frequency": 0
    },
    {
      "db": -53,
      "frequency": 1
    },
    {
      "db": -52,
      "frequency": 3
    },
    {
      "db": -51,
      "frequency": 3
    },
    {
      "db": -50,
      "frequency": 2
    },
    {
      "db": -49,
      "frequency": 2
    },
    {
      "db": -48,
      "frequency": 1
    },
    {
      "db": -47,
      "frequency": 3
    },
    {
      "db": -46,
      "frequency": 2
    },
    {
      "db": -45,
      "frequency": 1
    },
    {
      "db": -44,
      "frequency": 6
    },
    {
      "db": -43,
      "frequency": 3
    },
    {
      "db": -42,
      "frequency": 1
    },
    {
      "db": -41,
      "frequency": 2
    },
    {
      "db": -40,
      "frequency": 6
    },
    {
      "db": -39,
      "frequency": 4
    },
    {
      "db": -38,
      "frequency": 5
    },
    {
      "db": -37,
      "frequency": 7
    },
    {
      "db": -36,
      "frequency": 9
    },
    {
      "db": -35,
      "frequency": 6
    },
    {
      "db": -34,
      "frequency": 4
    },
    {
      "db": -33,
      "frequency": 6
    },
    {
      "db": -32,
      "frequency": 4
    },
    {
      "db": -31,
      "frequency": 5
    },
    {
      "db": -30,
      "frequency": 4
    },
    {
      "db": -29,
      "frequency": 12
    },
    {
      "db": -28,
      "frequency": 4
    },
    {
      "db": -27,
      "frequency": 20
    },
    {
      "db": -26,
      "frequency": 29
    },
    {
      "db": -25,
      "frequency": 39
    },
    {
      "db": -24,
      "frequency": 66
    },
    {
      "db": -23,
      "frequency": 130
    },
    {
      "db": -22,
      "frequency": 199
    },
    {
      "db": -21,
      "frequency": 233
    },
    {
      "db": -20,
      "frequency": 235
    },
    {
      "db": -19,
      "frequency": 169
    },
    {
      "db": -18,
      "frequency": 134
    },
    {
      "db": -17,
      "frequency": 198
    },
    {
      "db": -16,
      "frequency": 210
    },
    {
      "db": -15,
      "frequency": 102
    },
    {
      "db": -14,
      "frequency": 60
    },
    {
      "db": -13,
      "frequency": 14
    },
    {
      "db": -12,
      "frequency": 0
    },
    {
      "db": -11,
      "frequency": 0
    },
    {
      "db": -10,
      "frequency": 0
    },
    {
      "db": -9,
      "frequency": 0
    },
    {
      "db": -8,
      "frequency": 0
    },
    {
      "db": -7,
      "frequency": 0
    },
    {
      "db": -6,
      "frequency": 0
    },
    {
      "db": -5,
      "frequency": 0
    },
    {
      "db": -4,
      "frequency": 0
    },
    {
      "db": -3,
      "frequency": 0
    },
    {
      "db": -2,
      "frequency": 0
    },
    {
      "db": -1,
      "frequency": 0
    },
    {
      "db": 0,
      "frequency": 0
    },
    {
      "db": 1,
      "frequency": 0
    },
    {
      "db": 2,
      "frequency": 0
    },
    {
      "db": 3,
      "frequency": 0
    },
    {
      "db": 4,
      "frequency": 0
    },
    {
      "db": 5,
      "frequency": 0
    },
    {
