{
  "acoustic_entropy": 180.44349670410156,
  "bands": [
    {
      "high_freq": 148.1999969482422,
      "loudness": -20.465410232543945,
      "loudness_range": 17.361663818359375,
      "mid_mean": -17.310468673706055,
      "mid_to_side_loudness": -15.53602123260498,
      "mid_to_side_loudness_range": 12.037040710449219,
      "side_mean": -33.9794807434082
    },
    {
      "high_freq": 392.3793640136719,
      "loudness": -20.070270538330078,
      "loudness_range": 10.157554626464844,
      "low_freq": 148.1999969482422,
      "mid_mean": -16.577178955078125,
      "mid_to_side_loudness": -14.3727388381958,
      "mid_to_side_loudness_range": 8.406237602233887,
      "side_mean": -31.333730697631836
    },
    {
      "high_freq": 794.6976318359375,
      "loudness": -25.052570343017578,
      "loudness_range": 12.318628311157227,
      "low_freq": 392.3793640136719,
      "mid_mean": -22.644960403442383,
      "mid_to_side_loudness": -6.391149997711182,
      "mid_to_side_loudness_range": 11.589703559875488,
      "side_mean": -29.067325592041016
    },
    {
      "high_freq": 1457.5709228515625,
      "loudness": -25.29116439819336,
      "loudness_range": 19.31976318359375,
      "low_freq": 794.6976318359375,
      "mid_mean": -23.4003963470459,
      "mid_to_side_loudness": -5.683434963226318,
      "mid_to_side_loudness_range": 11.585451126098633,
      "side_mean": -28.857196807861328
    },
    {
      "high_freq": 2549.74365234375,
      "loudness": -27.04093360900879,
      "loudness_range": 17.95268440246582,
      "low_freq": 1457.5709228515625,
      "mid_mean": -24.478315353393555,
      "mid_to_side_loudness": -6.758474826812744,
      "mid_to_side_loudness_range": 9.30058765411377,
      "side_mean": -31.230594635009766
    },
    {
      "high_freq": 4349.24462890625,
      "loudness": -29.33639907836914,
      "loudness_range": 15.859132766723633,
      "low_freq": 2549.74365234375,
      "mid_mean": -26.727008819580078,
      "mid_to_side_loudness": -6.573246955871582,
      "mid_to_side_loudness_range": 8.66845703125,
      "side_mean": -33.29227066040039
    },
    {
      "high_freq": 7314.1640625,
      "loudness": -31.007339477539062,
      "loudness_range": 13.424190521240234,
      "low_freq": 4349.24462890625,
      "mid_mean": -28.538057327270508,
      "mid_to_side_loudness": -5.673730850219727,
      "mid_to_side_loudness_range": 8.285171508789062,
      "side_mean": -34.177894592285156
    },
    {
      "high_freq": 12199.2666015625,
      "loudness": -32.22269058227539,
      "loudness_range": 12.988977432250977,
      "low_freq": 7314.1640625,
      "mid_mean": -29.609312057495117,
      "mid_to_side_loudness": -6.111055374145508,
      "mid_to_side_loudness_range": 6.140376091003418,
      "side_mean": -35.743160247802734
    },
    {
      "loudness": -40.17074966430664,
      "loudness_range": 14.539936065673828,
      "low_freq": 12199.2666015625,
      "mid_mean": -37.72881317138672,
      "mid_to_side_loudness": -5.014368057250977,
      "mid_to_side_loudness_range": 3.873262643814087,
      "side_mean": -42.74081039428711
    }
  ],
  "bands_short": [
    {
      "high_freq": 148.1999969482422,
      "loudness": -26.26136589050293,
      "loudness_range": 29.251514434814453,
      "mid_mean": -23.720638275146484,
      "mid_to_side_loudness": -12.378358840942383,
      "mid_to_side_loudness_range": 21.510438919067383,
      "side_mean": -37.18726348876953
    },
    {
      "high_freq": 392.3793640136719,
      "loudness": -21.22751235961914,
      "loudness_range": 20.426677703857422,
      "low_freq": 148.1999969482422,
      "mid_mean": -18.35474967956543,
      "mid_to_side_loudness": -13.486804008483887,
      "mid_to_side_loudness_range": 15.620383262634277,
      "side_mean": -32.70735549926758
    },
    {
      "high_freq": 794.6976318359375,
      "loudness": -26.64409637451172,
      "loudness_range": 17.946712493896484,
      "low_freq": 392.3793640136719,
      "mid_mean": -24.78557777404785,
      "mid_to_side_loudness": -6.2052001953125,
      "mid_to_side_loudness_range": 14.724198341369629,
      "side_mean": -31.075977325439453
    },
    {
      "high_freq": 1457.5709228515625,
      "loudness": -26.07593536376953,
      "loudness_range": 23.02039337158203,
      "low_freq": 794.6976318359375,
      "mid_mean": -24.725683212280273,
      "mid_to_side_loudness": -5.016533851623535,
      "mid_to_side_loudness_range": 14.939172744750977,
      "side_mean": -29.42583656311035
    },
    {
      "high_freq": 2549.74365234375,
      "loudness": -28.861337661743164,
      "loudness_range": 22.57756233215332,
      "low_freq": 1457.5709228515625,
      "mid_mean": -26.828462600708008,
      "mid_to_side_loudness": -6.683730125427246,
      "mid_to_side_loudness_range": 12.657614707946777,
      "side_mean": -33.63602828979492
    },
    {
      "high_freq": 4349.24462890625,
      "loudness": -31.85643768310547,
      "loudness_range": 24.06392478942871,
      "low_freq": 2549.74365234375,
      "mid_mean": -29.651533126831055,
      "mid_to_side_loudness": -6.553589820861816,
      "mid_to_side_loudness_range": 11.899759292602539,
      "side_mean": -36.35376739501953
    },
    {
      "high_freq": 7314.1640625,
      "loudness": -33.38484191894531,
      "loudness_range": 23.25979232788086,
      "low_freq": 4349.24462890625,
      "mid_mean": -31.62560272216797,
      "mid_to_side_loudness": -5.723221302032471,
      "mid_to_side_loudness_range": 12.36395263671875,
      "side_mean": -37.27915954589844
    },
    {
      "high_freq": 12199.2666015625,
      "loudness": -35.79233169555664,
      "loudness_range": 26.13533592224121,
      "low_freq": 7314.1640625,
      "mid_mean": -33.968772888183594,
      "mid_to_side_loudness": -6.224639892578125,
      "mid_to_side_loudness_range": 9.878841400146484,
      "side_mean": -40.21061706542969
    },
    {
      "loudness": -45.03624725341797,
      "loudness_range": 29.98065185546875,
      "low_freq": 12199.2666015625,
      "mid_mean": -44.30073165893555,
      "mid_to_side_loudness": -5.309564113616943,
      "mid_to_side_loudness_range": 8.745052337646484,
      "side_mean": -51.7276725769043
    }
  ],
  "bandwidth": 447.9312438964844,
  "channels": 2,
  "covariance": [
    [
      51.922821044921875,
      34.08639907836914,
      16.36966896057129,
      12.456338882446289,
      10.724528312683105,
      15.662036895751953,
      14.959617614746094,
      17.42690086364746,
      10.204357147216797,
      8.864099502563477,
      8.769475936889648,
      7.216693878173828,
      8.480873107910156,
      7.602413177490234,
      4.6866135597229,
      4.8516645431518555,
      -0.35346147418022156,
      1.6010088920593262
    ],
    [
      34.08639907836914,
      40.72844314575195,
      12.925912857055664,
      10.326478004455566,
      10.46597671508789,
      16.229169845581055,
      17.62163543701172,
      19.306629180908203,
      14.164305686950684,
      10.845147132873535,
      9.542003631591797,
      7.979949951171875,
      9.255672454833984,
      8.420581817626953,
      5.700537204742432,
      5.22057580947876,
      0.5504262447357178,
      2.2282540798187256
    ],
    [
      16.36966896057129,
      12.925912857055664,
      18.36918067932129,
      13.378461837768555,
      13.594253540039062,
      16.630983352661133,
      15.564455032348633,
      16.375709533691406,
      14.726778984069824,
      14.558696746826172,
      13.085604667663574,
      13.100000381469727,
      10.801438331604004,
      11.11733627319336,
      7.851235866546631,
      8.91898250579834,
      5.629104137420654,
      7.057123184204102
    ],
    [
      12.456338882446289,
      10.326478004455566,
      13.378461837768555,
      16.56037139892578,
      11.998193740844727,
      16.210275650024414,
      14.221502304077148,
      14.929821968078613,
      13.410686492919922,
      13.29849624633789,
      12.478825569152832,
      12.552159309387207,
      9.933527946472168,
      10.415889739990234,
      6.335360527038574,
      7.686029434204102,
      4.208792209625244,
      5.540079593658447
    ],
    [
      10.724528312683105,
      10.46597671508789,
      13.594253540039062,
      11.998193740844727,
      23.36910629272461,
      25.257301330566406,
      25.018754959106445,
      22.887073516845703,
      23.148487091064453,
      19.974077224731445,
      19.97198486328125,
      17.565420150756836,
      15.644244194030762,
      14.044105529785156,
      10.159197807312012,
      10.5449800491333,
      6.868917465209961,
      7.7051215171813965
    ],
    [
      15.662036895751953,
      16.229169845581055,
      16.630983352661133,
      16.210275650024414,
      25.257301330566406,
      44.235382080078125,
      39.854103088378906,
      48.51752471923828,
      30.64447593688965,
      32.355316162109375,
      22.34624671936035,
      22.91170310974121,
      17.91529655456543,
      19.340091705322266,
      12.360779762268066,
      14.199005126953125,
      9.003978729248047,
      10.648860931396484
    ],
    [
      14.959617614746094,
      17.62163543701172,
      15.564455032348633,
      14.221502304077148,
      25.018754959106445,
      39.854103088378906,
      52.8886833190918,
      53.57868576049805,
      38.123687744140625,
      36.34035873413086,
      28.210494995117188,
      26.36868667602539,
      22.008079528808594,
      22.216205596923828,
      14.717902183532715,
      16.38813591003418,
      10.760987281799316,
      12.17077922821045
    ],
    [
      17.42690086364746,
      19.306629180908203,
      16.375709533691406,
      14.929821968078613,
      22.887073516845703,
      48.51752471923828,
      53.57868576049805,
      74.90119934082031,
      36.373695373535156,
      41.902587890625,
      22.549962997436523,
      25.846038818359375,
      18.840524673461914,
      22.629308700561523,
      14.41734504699707,
      17.066089630126953,
      11.246542930603027,
      13.127384185791016
    ],
    [
      10.204357147216797,
      14.164305686950684,
      14.726778984069824,
      13.410686492919922,
      23.148487091064453,
      30.64447593688965,
      38.123687744140625,
      36.373695373535156,
      44.611419677734375,
      36.391536712646484,
      32.73636245727539,
      29.026899337768555,
      26.57468605041504,
      25.545011520385742,
      17.74869155883789,
      19.31429672241211,
      13.698515892028809,
      15.093817710876465
    ],
    [
      8.864099502563477,
      10.845147132873535,
      14.558696746826172,
      13.29849624633789,
      19.974077224731445,
      32.355316162109375,
      36.34035873413086,
      41.902587890625,
      36.391536712646484,
      40.42441940307617,
      27.0771427154541,
      30.89994239807129,
      22.20961570739746,
      26.597496032714844,
      17.02399444580078,
      20.45581817626953,
      14.285334587097168,
      16.392351150512695
    ],
    [
      8.769475936889648,
      9.542003631591797,
      13.085604667663574,
      12.478825569152832,
      19.97198486328125,
      22.34624671936035,
      28.210494995117188,
      22.549962997436523,
      32.73636245727539,
      27.0771427154541,
      34.904563903808594,
      30.631690979003906,
      26.87377166748047,
      25.500699996948242,
      17.21807098388672,
      19.421934127807617,
      12.452548027038574,
      14.219062805175781
    ],
    [
      7.216693878173828,
      7.979949951171875,
      13.100000381469727,
      12.552159309387207,
      17.565420150756836,
      22.91170310974121,
      26.36868667602539,
      25.846038818359375,
      29.026899337768555,
      30.89994239807129,
      30.631690979003906,
      36.26802444458008,
      24.13850975036621,
      30.306007385253906,
      18.477201461791992,
      23.82837677001953,
      14.768166542053223,
      18.045185089111328
    ],
    [
      8.480873107910156,
      9.255672454833984,
      10.801438331604004,
      9.933527946472168,
      15.644244194030762,
      17.91529655456543,
      22.008079528808594,
      18.840524673461914,
      26.57468605041504,
      22.20961570739746,
      26.87377166748047,
      24.13850975036621,
      26.522544860839844,
      24.6286678314209,
      19.804018020629883,
      20.793405532836914,
      16.067941665649414,
      16.818126678466797
    ],
    [
      7.602413177490234,
      8.420581817626953,
      11.11733627319336,
      10.415889739990234,
      14.044105529785156,
      19.340091705322266,
      22.216205596923828,
      22.629308700561523,
      25.545011520385742,
      26.597496032714844,
      25.500699996948242,
      30.306007385253906,
      24.6286678314209,
      32.48749542236328,
      22.82749366760254,
      27.942129135131836,
      21.275371551513672,
      23.84257698059082
    ],
    [
      4.6866135597229,
      5.700537204742432,
      7.851235866546631,
      6.335360527038574,
      10.159197807312012,
      12.360779762268066,
      14.717902183532715,
      14.41734504699707,
      17.74869155883789,
      17.02399444580078,
      17.21807098388672,
      18.477201461791992,
      19.804018020629883,
      22.82749366760254,
      25.090532302856445,
      25.211137771606445,
      24.348342895507812,
      23.514341354370117
    ],
    [
      4.8516645431518555,
      5.22057580947876,
      8.91898250579834,
      7.686029434204102,
      10.5449800491333,
      14.199005126953125,
      16.38813591003418,
      17.066089630126953,
      19.31429672241211,
      20.45581817626953,
      19.421934127807617,
      23.82837677001953,
      20.793405532836914,
      27.942129135131836,
      25.211137771606445,
      30.351276397705078,
      27.315963745117188,
      28.332963943481445
    ],
    [
      -0.35346147418022156,
      0.5504262447357178,
      5.629104137420654,
      4.208792209625244,
      6.868917465209961,
      9.003978729248047,
      10.760987281799316,
      11.246542930603027,
      13.698515892028809,
      14.285334587097168,
      12.452548027038574,
      14.768166542053223,
      16.067941665649414,
      21.275371551513672,
      24.348342895507812,
      27.315963745117188,
      32.60454177856445,
      30.53321075439453
    ],
    [
      1.6010088920593262,
      2.2282540798187256,
      7.057123184204102,
      5.540079593658447,
      7.7051215171813965,
      10.648860931396484,
      12.17077922821045,
      13.127384185791016,
      15.093817710876465,
      16.392351150512695,
      14.219062805175781,
      18.045185089111328,
      16.818126678466797,
      23.84257698059082,
      23.514341354370117,
      28.332963943481445,
      30.53321075439453,
      30.946170806884766
    ]
  ],
  "covariance_short": [
    [
      112.36246490478516,
      55.859375,
      60.01451110839844,
      38.73136520385742,
      32.91817092895508,
      27.47088623046875,
      27.155994415283203,
      25.945171356201172,
      30.025943756103516,
      28.751543045043945,
      29.971803665161133,
      31.254310607910156,
      27.31940460205078,
      29.456806182861328,
      26.68697738647461,
      29.11977767944336,
      33.159542083740234,
      40.39476776123047
    ],
    [
      55.859375,
      61.48780822753906,
      31.97222137451172,
      25.64499282836914,
      18.21630096435547,
      18.428869247436523,
      18.732072830200195,
      20.030269622802734,
      19.07707977294922,
      18.169939041137695,
      16.88984489440918,
      17.721031188964844,
      16.291030883789062,
      17.269420623779297,
      14.309015274047852,
      15.320286750793457,
      16.91118621826172,
      24.39748764038086
    ],
    [
      60.01451110839844,
      31.97222137451172,
      70.23784637451172,
      41.69783020019531,
      40.97523880004883,
      34.1239013671875,
      28.300979614257812,
      24.967615127563477,
      34.95555877685547,
      32.803009033203125,
      36.78410339355469,
      35.4469108581543,
      30.983423233032227,
      32.76926803588867,
      27.495820999145508,
      31.18883514404297,
      32.27101135253906,
      38.93073272705078
    ],
    [
      38.73136520385742,
      25.64499282836914,
      41.69783020019531,
      42.38513946533203,
      28.547840118408203,
      26.283090591430664,
      20.979524612426758,
      18.751819610595703,
      25.751638412475586,
      24.38096809387207,
      27.86570930480957,
      27.012847900390625,
      23.11069107055664,
      23.961673736572266,
      20.35260009765625,
      22.15265464782715,
      23.125843048095703,
      30.3922119140625
    ],
    [
      32.91817092895508,
      18.21630096435547,
      40.97523880004883,
      28.547840118408203,
      55.411312103271484,
      42.06460952758789,
      40.3204460144043,
      32.88182067871094,
      42.40085220336914,
      35.83013916015625,
      40.83530807495117,
      35.28659439086914,
      32.648414611816406,
      30.567182540893555,
      25.247346878051758,
      27.134368896484375,
      26.528230667114258,
      30.87366485595703
    ],
    [
      27.47088623046875,
      18.428869247436523,
      34.1239013671875,
      26.283090591430664,
      42.06460952758789,
      58.885841369628906,
      48.013526916503906,
      55.492427825927734,
      41.924739837646484,
      45.30595779418945,
      34.44832992553711,
      36.7833251953125,
      29.1003360748291,
      31.9271183013916,
      23.968374252319336,
      27.331539154052734,
      27.030498504638672,
      31.854257583618164
    ],
    [
      27.155994415283203,
      18.732072830200195,
      28.300979614257812,
      20.979524612426758,
      40.3204460144043,
      48.013526916503906,
      73.6519546508789,
      66.68379974365234,
      50.603904724121094,
      47.64202880859375,
      41.74439239501953,
      39.73490524291992,
      35.39138412475586,
      34.77316665649414,
      27.035757064819336,
      28.844884872436523,
      28.54275894165039,
      31.991985321044922
    ],
    [
      25.945171356201172,
      20.030269622802734,
      24.967615127563477,
      18.751819610595703,
      32.88182067871094,
      55.492427825927734,
      66.68379974365234,
      93.95211791992188,
      44.755271911621094,
      51.97193908691406,
      31.146194458007812,
      36.595558166503906,
      27.86481475830078,
      30.649906158447266,
      22.811635971069336,
      25.778785705566406,
      25.9195499420166,
      29.251432418823242
    ],
    [
      30.025943756103516,
      19.07707977294922,
      34.95555877685547,
      25.751638412475586,
      42.40085220336914,
      41.924739837646484,
      50.603904724121094,
      44.755271911621094,
      75.19573974609375,
      60.51146697998047,
      60.31753921508789,
      52.03746032714844,
      52.08394241333008,
      48.29051208496094,
      42.207191467285156,
      42.821781158447266,
      41.13010025024414,
      44.85801696777344
    ],
    [
      28.751543045043945,
      18.169939041137695,
      32.803009033203125,
      24.38096809387207,
      35.83013916015625,
      45.30595779418945,
      47.64202880859375,
      51.97193908691406,
      60.51146697998047,
      72.28804016113281,
      51.84373474121094,
      56.6046257019043,
      46.84593200683594,
      52.00328063964844,
      42.872528076171875,
      48.16373825073242,
      46.944007873535156,
      52.12444305419922
    ],
    [
      29.971803665161133,
      16.88984489440918,
      36.78410339355469,
      27.86570930480957,
      40.83530807495117,
      34.44832992553711,
      41.74439239501953,
      31.146194458007812,
      60.31753921508789,
      51.84373474121094,
      78.24378204345703,
      65.04058074951172,
      66.50289154052734,
      60.58576583862305,
      53.7027473449707,
      53.99753952026367,
      52.91046905517578,
      56.979888916015625
    ],
    [
      31.254310607910156,
      17.721031188964844,
      35.4469108581543,
      27.012847900390625,
      35.28659439086914,
      36.7833251953125,
      39.73490524291992,
      36.595558166503906,
      52.03746032714844,
      56.6046257019043,
      65.04058074951172,
      75.06889343261719,
      59.98482131958008,
      68.48397064208984,
      55.56012725830078,
      64.24952697753906,
      61.361854553222656,
      70.093994140625
    ],
    [
      27.31940460205078,
      16.291030883789062,
      30.983423233032227,
      23.11069107055664,
      32.648414611816406,
      29.1003360748291,
      35.39138412475586,
      27.86481475830078,
      52.08394241333008,
      46.84593200683594,
      66.50289154052734,
      59.98482131958008,
      81.88660430908203,
      68.87149047851562,
      70.22212982177734,
      66.55488586425781,
      68.58113861083984,
      68.72766876220703
    ],
    [
      29.456806182861328,
      17.269420623779297,
      32.76926803588867,
      23.961673736572266,
      30.567182540893555,
      31.9271183013916,
      34.77316665649414,
      30.649906158447266,
      48.29051208496094,
      52.00328063964844,
      60.58576583862305,
      68.48397064208984,
      68.87149047851562,
      85.16614532470703,
      72.68680572509766,
      81.92838287353516,
      79.07462310791016,
      85.19270324707031
    ],
    [
      26.68697738647461,
      14.309015274047852,
      27.495820999145508,
      20.35260009765625,
      25.247346878051758,
      23.968374252319336,
      27.035757064819336,
      22.811635971069336,
      42.207191467285156,
      42.872528076171875,
      53.7027473449707,
      55.56012725830078,
      70.22212982177734,
      72.68680572509766,
      96.22077178955078,
      87.47435760498047,
      96.83610534667969,
      90.34358978271484
    ],
    [
      29.11977767944336,
      15.320286750793457,
      31.18883514404297,
      22.15265464782715,
      27.134368896484375,
      27.331539154052734,
      28.844884872436523,
      25.778785705566406,
      42.821781158447266,
      48.16373825073242,
      53.99753952026367,
      64.24952697753906,
      66.55488586425781,
      81.92838287353516,
      87.47435760498047,
      102.20696258544922,
      100.76629638671875,
      102.98986053466797
    ],
    [
      33.159542083740234,
      16.91118621826172,
      32.27101135253906,
      23.125843048095703,
      26.528230667114258,
      27.030498504638672,
      28.54275894165039,
      25.9195499420166,
      41.13010025024414,
      46.944007873535156,
      52.91046905517578,
      61.361854553222656,
      68.58113861083984,
      79.07462310791016,
      96.83610534667969,
      100.76629638671875,
      128.49179077148438,
      121.67162322998047
    ],
    [
      40.39476776123047,
      24.39748764038086,
      38.93073272705078,
      30.3922119140625,
      30.87366485595703,
      31.854257583618164,
      31.991985321044922,
      29.251432418823242,
      44.85801696777344,
      52.12444305419922,
      56.979888916015625,
      70.093994140625,
      68.72766876220703,
      85.19270324707031,
      90.34358978271484,
      102.98986053466797,
      121.67162322998047,
      156.01864624023438
    ]
  ],
  "damage": -5.631673812866211,
  "diff_bandwidth": 431.5755920410156,
  "dissonance": 8.713857680600697,
  "drr": 12.673380851745605,
  "dynamics": 3.645456075668335,
  "format": 65538,
  "frames": 11485287,
  "freq_pan_to_db": [
    [
      -14.594366073608398,
      -15.269017219543457,
      -13.74232006072998,
      -11.562541961669922,
      -8.954254150390625,
      -6.9813079833984375,
      -4.512964725494385,
      -8.54462718963623,
      -11.803828239440918,
      -13.653297424316406,
      -14.100713729858398
    ],
    [
      -14.317161560058594,
      -15.16606616973877,
      -12.867107391357422,
      -9.522284507751465,
      -6.14613676071167,
      -7.32179594039917,
      -8.965288162231445,
      -11.766104698181152,
      -13.200804710388184,
      -14.79117202758789,
      -16.484376907348633
    ],
    [
      -20.106399536132812,
      -17.951217651367188,
      -13.156522750854492,
      -8.990227699279785,
      -8.194427490234375,
      -10.095071792602539,
      -9.683504104614258,
      -11.962512016296387,
      -15.287188529968262,
      -18.774032592773438,
      -22.16205596923828
    ],
    [
      -26.839876174926758,
      -23.078861236572266,
      -18.27274513244629,
      -13.31833553314209,
      -10.907196998596191,
      -11.711628913879395,
      -11.707316398620605,
      -16.31001091003418,
      -22.7799129486084,
      -27.760086059570312,
      -29.139204025268555
    ],
    [
      -30.46388816833496,
      -28.692462921142578,
      -21.615142822265625,
      -15.89976978302002,
      -9.611342430114746,
      -11.503870010375977,
      -12.415118217468262,
      -17.267818450927734,
      -22.89609146118164,
      -25.565507888793945,
      -28.363140106201172
    ],
    [
      -31.427865982055664,
      -26.0983829498291,
      -21.370033264160156,
      -16.57418441772461,
      -12.072982788085938,
      -12.555360794067383,
      -14.214987754821777,
      -18.63422203063965,
      -23.516902923583984,
      -26.122543334960938,
      -30.052337646484375
    ],
    [
      -24.109127044677734,
      -24.308364868164062,
      -19.414140701293945,
      -15.671435356140137,
      -13.69715690612793,
      -14.548781394958496,
      -15.10901927947998,
      -18.38701820373535,
      -20.451967239379883,
      -23.37204933166504,
      -23.254871368408203
    ],
    [
      -21.89143180847168,
      -22.724590301513672,
      -20.115251541137695,
      -17.549884796142578,
      -15.862753868103027,
      -17.604509353637695,
      -18.38249969482422,
      -20.034027099609375,
      -20.73198699951172,
      -22.266420364379883,
      -21.729450225830078
    ],
    [
      -20.70849609375,
      -21.24069595336914,
      -21.420942306518555,
      -20.645503997802734,
      -19.54127311706543,
      -19.319318771362305,
      -17.812559127807617,
      -19.817731857299805,
      -20.83420181274414,
      -22.347896575927734,
      -22.066043853759766
    ],
    [
      -20.148107528686523,
      -20.766448974609375,
      -21.467144012451172,
      -21.21440315246582,
      -20.604433059692383,
      -19.012248992919922,
      -15.61002254486084,
      -18.671253204345703,
      -19.438920974731445,
      -19.937999725341797,
      -19.265823364257812
    ],
    [
      -21.068756103515625,
      -21.50556755065918,
      -20.79619598388672,
      -20.531282424926758,
      -19.9508113861084,
      -18.302846908569336,
      -18.1137638092041,
      -20.526348114013672,
      -21.427095413208008,
      -20.930665969848633,
      -24.267175674438477
    ],
    [
      -17.76835060119629,
      -18.64908218383789,
      -18.62580680847168,
      -19.197677612304688,
      -19.207857131958008,
      -18.87470245361328,
      -17.491849899291992,
      -18.325685501098633,
      -18.781343460083008,
      -19.4427547454834,
      -18.861581802368164
    ],
    [
      -19.55735969543457,
      -19.497196197509766,
      -20.841541290283203,
      -21.014875411987305,
      -20.802215576171875,
      -20.47496223449707,
      -19.76914405822754,
      -20.28215217590332,
      -19.773548126220703,
      -20.548809051513672,
      -20.221752166748047
    ],
    [
      -17.473363876342773,
      -18.388153076171875,
      -19.491535186767578,
      -19.851423263549805,
      -21.55819320678711,
      -21.161235809326172,
      -20.138835906982422,
      -19.644758224487305,
      -19.326169967651367,
      -19.225473403930664,
      -19.246437072753906
    ],
    [
      -18.63511848449707,
      -19.291261672973633,
      -17.32648277282715,
      -18.445661544799805,
      -20.418853759765625,
      -18.964975357055664,
      -19.095491409301758,
      -17.681127548217773,
      -18.35337257385254,
      -18.820722579956055,
      -17.560821533203125
    ],
    [
      -20.209306716918945,
      -19.197235107421875,
      -13.332290649414062,
      -17.676034927368164,
      -20.184600830078125,
      -18.992586135864258,
      -18.869205474853516,
      -15.204458236694336,
      -14.587454795837402,
      -17.853443145751953,
      -19.93829345703125
    ],
    [
      -18.307382583618164,
      -17.37362289428711,
      -17.419099807739258,
      -16.953018188476562,
      -19.222787857055664,
      -20.01418685913086,
      -18.16644287109375,
      -17.73251724243164,
      -17.867128372192383,
      -18.003725051879883,
      -19.843019485473633
    ],
    [
      -18.799938201904297,
      -20.486948013305664,
      -21.516809463500977,
      -22.79917335510254,
      -22.821941375732422,
      -21.429222106933594,
      -22.12343978881836,
      -21.297197341918945,
      -21.81038475036621,
      -21.240184783935547,
      -23.07704734802246
    ],
    [
      -21.816133499145508,
      -22.80756378173828,
      -21.555452346801758,
      -21.721004486083984,
      -22.03203773498535,
      -22.17760467529297,
      -22.350204467773438,
      -21.801084518432617,
      -21.574289321899414,
      -22.2936954498291,
      -22.309722900390625
    ],
    [
      -27.182233810424805,
      -25.296030044555664,
      -25.381540298461914,
      -25.099376678466797,
      -25.17568588256836,
      -23.717304229736328,
      -25.149431228637695,
      -25.431657791137695,
      -24.265356063842773,
      -25.247543334960938,
      -25.155237197875977
    ],
    [
      -24.37701988220215,
      -26.333723068237305,
      -25.951265335083008,
      -25.23583984375,
      -25.1023006439209,
      -24.700279235839844,
      -26.0626220703125,
      -24.843610763549805,
      -26.539419174194336,
      -26.509387969970703,
      -26.17376136779785
    ],
    [
      -26.230199813842773,
      -27.487789154052734,
      -26.67410659790039,
      -24.826948165893555,
      -26.27327537536621,
      -25.900218963623047,
      -26.880788803100586,
      -26.85256004333496,
      -27.876388549804688,
      -27.850284576416016,
      -30.006759643554688
    ],
    [
      -33.01679611206055,
      -29.69072914123535,
      -29.333133697509766,
      -29.56251335144043,
      -27.168149948120117,
      -27.120615005493164,
      -28.05939292907715,
      -29.47828483581543,
      -28.172880172729492,
      -29.018726348876953,
      -29.83238983154297
    ],
    [
      -26.70623207092285,
      -28.697256088256836,
      -29.12641716003418,
      -29.773656845092773,
      -29.278554916381836,
      -28.769245147705078,
      -29.789501190185547,
      -28.832468032836914,
      -28.994693756103516,
      -28.693944931030273,
      -31.726762771606445
    ],
    [
      -35.20054244995117,
      -33.25987243652344,
      -31.010997772216797,
      -30.304025650024414,
      -30.76894760131836,
      -31.534408569335938,
      -30.25627899169922,
      -30.47913360595703,
      -30.992399215698242,
      -29.329811096191406,
      -33.27908706665039
    ],
    [
      -38.103721618652344,
      -32.584815979003906,
      -30.45343589782715,
      -30.835678100585938,
      -29.73876190185547,
      -29.626113891601562,
      -30.251235961914062,
      -30.867067337036133,
      -30.580997467041016,
      -29.97538185119629,
      -29.48433494567871
    ],
    [
      -42.97657775878906,
      -30.259511947631836,
      -29.527545928955078,
      -30.21167755126953,
      -29.333984375,
      -27.052738189697266,
      -29.63813018798828,
      -29.925518035888672,
      -29.095928192138672,
      -30.05344581604004,
      -30.300804138183594
    ],
    [
      -41.26265335083008,
      -30.723966598510742,
      -30.642295837402344,
      -31.068422317504883,
      -30.677705764770508,
      -30.44249153137207,
      -30.24840545654297,
      -30.43040657043457,
      -30.75365447998047,
      -31.29194450378418,
      -37.18126678466797
    ],
    [
      -54.63279724121094,
      -33.569610595703125,
      -32.374549865722656,
      -32.06114959716797,
      -31.8768367767334,
      -31.09483528137207,
      -31.082183837890625,
      -31.953275680541992,
      -31.841949462890625,
      -32.103668212890625,
      -37.22825241088867
    ],
    [
      -41.510353088378906,
      -36.09956741333008,
      -32.89557647705078,
      -32.721221923828125,
      -31.956058502197266,
      -31.761014938354492,
      -31.331310272216797,
      -32.223304748535156,
      -31.950096130371094,
      -31.63898468017578,
      -29.347698211669922
    ],
    [
      -32.53386688232422,
      -34.43534469604492,
      -35.05418014526367,
      -34.50924301147461,
      -33.85959243774414,
      -33.13045883178711,
      -32.78865051269531,
      -33.56663131713867,
      -33.37211990356445,
      -32.84665298461914,
      -46.339988708496094
    ],
    [
      -27.278676986694336,
      -39.39024353027344,
      -38.36465072631836,
      -35.8995361328125,
      -34.96171188354492,
      -33.95541000366211,
      -32.84092712402344,
      -33.1920051574707,
      -33.0241584777832,
      -32.70325469970703,
      -38.596923828125
    ],
    [
      -370,
      -53.42136764526367,
      -39.80008316040039,
      -37.002174377441406,
      -35.54420852661133,
      -34.04136657714844,
      -33.058475494384766,
      -33.202674865722656,
      -33.25738525390625,
      -36.90373611450195,
      -35.271629333496094
    ],
    [
      -46.66548156738281,
      -39.89805221557617,
      -39.0047721862793,
      -36.12284469604492,
      -34.42650604248047,
      -33.77250289916992,
      -33.28643035888672,
      -33.163848876953125,
      -33.816837310791016,
      -42.343780517578125,
      -40.44321823120117
    ],
    [
      -49.97114181518555,
      -49.384765625,
      -33.671539306640625,
      -32.488590240478516,
      -32.43529510498047,
      -33.0005989074707,
      -32.91852951049805,
      -33.823795318603516,
      -33.72080993652344,
      -40.51881790161133,
      -41.9521369934082
    ],
    [
      -35.54236602783203,
      -45.948814392089844,
      -33.693939208984375,
      -34.29539108276367,
      -34.22184371948242,
      -34.3551139831543,
      -33.880489349365234,
      -35.12145233154297,
      -35.71554946899414,
      -40.410675048828125,
      -46.10685729980469
    ],
    [
      -53.59208679199219,
      -46.05140686035156,
      -33.46178436279297,
      -34.782405853271484,
      -35.0933723449707,
      -35.576622009277344,
      -33.926612854003906,
      -34.76762771606445,
      -36.73713684082031,
      -45.0894889831543,
      -34.41333770751953
    ],
    [
      -60.03313446044922,
      -51.6953125,
      -38.516597747802734,
      -36.48484802246094,
      -37.31593704223633,
      -37.721778869628906,
      -36.26831817626953,
      -36.90202331542969,
      -40.44825744628906,
      -43.01335525512695,
      -44.71025085449219
    ],
    [
      -60.9453125,
      -54.53675079345703,
      -47.36896514892578,
      -38.876773834228516,
      -38.851112365722656,
      -40.370033264160156,
      -39.48004150390625,
      -41.38243103027344,
      -44.090511322021484,
      -47.26179122924805,
      -50.14668273925781
    ],
    [
      -60.043521881103516,
      -66.86100769042969,
      -40.46088790893555,
      -38.77007293701172,
      -39.20761489868164,
      -41.50507736206055,
      -42.31871795654297,
      -45.84721755981445,
      -51.6894645690918,
      -55.83131408691406,
      -59.25735855102539
    ],
    [
      -370,
      -52.44581985473633,
      -44.49599075317383,
      -42.13500213623047,
      -40.5072021484375,
      -43.14055252075195,
      -46.930973052978516,
      -52.41582489013672,
      -58.300941467285156,
      -60.104820251464844,
      -370
    ],
    [
      -370,
      -77.00190734863281,
      -68.75102996826172,
      -66.07090759277344,
      -46.850894927978516,
      -43.943275451660156,
      -51.160926818847656,
      -61.7232666015625,
      -68.57311248779297,
      -65.57039642333984,
      -370
    ]
  ],
  "histogram": [
    {
      "db": -70,
      "frequency": 1
    },
    {
      "db": -69,
      "frequency": 0
    },
    {
      "db": -68,
      "frequency": 0
    },
    {
      "db": -67,
      "frequency": 0
    },
    {
      "db": -66,
      "frequency": 0
    },
    {
      "db": -65,
      "frequency": 0
    },
    {
      "db": -64,
      "frequency": 1
    },
    {
      "db": -63,
      "frequency": 0
    },
    {
      "db": -62,
      "frequency": 0
    },
    {
      "db": -61,
      "frequency": 0
    },
    {
      "db": -60,
      "frequency": 1
    },
    {
      "db": -59,
      "frequency": 0
    },
    {
      "db": -58,
      "frequency": 0
    },
    {
      "db": -57,
      "frequency": 0
    },
    {
      "db": -56,
      "frequency": 0
    },
    {
      "db": -55,
      "frequency": 1
    },
    {
      "db": -54,
      "frequency": 0
    },
    {
      "db": -53,
      "frequency": 0
    },
    {
      "db": -52,
      "frequency": 1
    },
    {
      "db": -51,
      "frequency": 0
    },
    {
      "db": -50,
      "frequency": 1
    },
    {
      "db": -49,
      "frequency": 1
    },
    {
      "db": -48,
      "frequency": 2
    },
    {
      "db": -47,
      "frequency": 1
    },
    {
      "db": -46,
      "frequency": 2
    },
    {
      "db": -45,
      "frequency": 1
    },
    {
      "db": -44,
      "frequency": 1
    },
    {
      "db": -43,
      "frequency": 1
    },
    {
      "db": -42,
      "frequency": 1
    },
    {
      "db": -41,
      "frequency": 0
    },
    {
      "db": -40,
      "frequency": 2
    },
    {
      "db": -39,
      "frequency": 0
    },
    {
      "db": -38,
      "frequency": 2
    },
    {
      "db": -37,
      "frequency": 0
    },
    {
      "db": -36,
      "frequency": 1
    },
    {
      "db": -35,
      "frequency": 0
    },
    {
      "db": -34,
      "frequency": 0
    },
    {
      "db": -33,
      "frequency": 0
    },
    {
      "db": -32,
      "frequency": 1
    },
    {
      "db": -31,
      "frequency": 0
    },
    {
      "db": -30,
      "frequency": 2
    },
    {
      "db": -29,
      "frequency": 1
    },
    {
      "db": -28,
      "frequency": 1
    },
    {
      "db": -27,
      "frequency": 2
    },
    {
      "db": -26,
      "frequency": 5
    },
    {
      "db": -25,
      "frequency": 7
    },
    {
      "db": -24,
      "frequency": 11
    },
    {
      "db": -23,
      "frequency": 9
    },
    {
      "db": -22,
      "frequency": 25
    },
    {
      "db": -21,
      "frequency": 19
    },
    {
      "db": -20,
      "frequency": 26
    },
    {
      "db": -19,
      "frequency": 26
    },
    {
      "db": -18,
      "frequency": 32
    },
    {
      "db": -17,
      "frequency": 39
    },
    {
      "db": -16,
      "frequency": 33
    },
    {
      "db": -15,
      "frequency": 96
    },
    {
      "db": -14,
      "frequency": 102
    },
    {
      "db": -13,
      "frequency": 204
    },
    {
      "db": -12,
      "frequency": 276
    },
    {
      "db": -11,
      "frequency": 336
    },
    {
      "db": -10,
      "frequency": 368
    },
    {
      "db": -9,
      "frequency": 371
    },
    {
      "db": -8,
      "frequency": 256
    },
    {
      "db": -7,
      "frequency": 80
    },
    {
      "db": -6,
      "frequency": 10
    },
    {
      "db": -5,
      "frequency": 7
    },
    {
      "db": -4,
      "frequency": 0
    },
    {
      "db": -3,
      "frequency": 0
    },
    {
      "db": -2,
      "frequency": 0
    },
    {
      "db": -1,
      "frequency": 0
    },
    {
      "db": 0,
      "frequency": 0
    },
    {
      "db": 1,
      "frequency": 0
    },
    {
      "db": 2,
      "frequency": 0
    },
    {
      "db": 3,
      "frequency": 0
    },
    {
      "db": 4,
      "frequency": 0
    },
    {
      "db": 5,
