{
  "acoustic_entropy": 171.066162109375,
  "bands": [
    {
      "high_freq": 148.1999969482422,
      "loudness": -18.23507308959961,
      "loudness_range": 17.039705276489258,
      "mid_mean": -15.092686653137207,
      "mid_to_side_loudness": -15.561548233032227,
      "mid_to_side_loudness_range": 12.810385704040527,
      "side_mean": -31.823144912719727
    },
    {
      "high_freq": 392.3793640136719,
      "loudness": -18.364137649536133,
      "loudness_range": 10.129734992980957,
      "low_freq": 148.1999969482422,
      "mid_mean": -14.901780128479004,
      "mid_to_side_loudness": -15.320048332214355,
      "mid_to_side_loudness_range": 8.549773216247559,
      "side_mean": -30.678102493286133
    },
    {
      "high_freq": 794.6976318359375,
      "loudness": -25.372692108154297,
      "loudness_range": 12.039100646972656,
      "low_freq": 392.3793640136719,
      "mid_mean": -22.700780868530273,
      "mid_to_side_loudness": -7.771670818328857,
      "mid_to_side_loudness_range": 11.634039878845215,
      "side_mean": -30.5046329498291
    },
    {
      "high_freq": 1457.5709228515625,
      "loudness": -26.128238677978516,
      "loudness_range": 19.623493194580078,
      "low_freq": 794.6976318359375,
      "mid_mean": -24.622962951660156,
      "mid_to_side_loudness": -4.297671318054199,
      "mid_to_side_loudness_range": 11.606019973754883,
      "side_mean": -28.70637321472168
    },
    {
      "high_freq": 2549.74365234375,
      "loudness": -29.31420135498047,
      "loudness_range": 18.622406005859375,
      "low_freq": 1457.5709228515625,
      "mid_mean": -27.344724655151367,
      "mid_to_side_loudness": -4.639686107635498,
      "mid_to_side_loudness_range": 9.423318862915039,
      "side_mean": -31.959171295166016
    },
    {
      "high_freq": 4349.24462890625,
      "loudness": -30.255430221557617,
      "loudness_range": 15.878814697265625,
      "low_freq": 2549.74365234375,
      "mid_mean": -27.558517456054688,
      "mid_to_side_loudness": -7.129236698150635,
      "mid_to_side_loudness_range": 9.105775833129883,
      "side_mean": -34.68126678466797
    },
    {
      "high_freq": 7314.1640625,
      "loudness": -28.335620880126953,
      "loudness_range": 13.49429702758789,
      "low_freq": 4349.24462890625,
      "mid_mean": -25.537317276000977,
      "mid_to_side_loudness": -7.325708866119385,
      "mid_to_side_loudness_range": 8.23851490020752,
      "side_mean": -32.808807373046875
    },
    {
      "high_freq": 12199.2666015625,
      "loudness": -29.996448516845703,
      "loudness_range": 12.940279006958008,
      "low_freq": 7314.1640625,
      "mid_mean": -27.08523941040039,
      "mid_to_side_loudness": -7.841370105743408,
      "mid_to_side_loudness_range": 6.036960124969482,
      "side_mean": -34.938716888427734
    },
    {
      "loudness": -34.54631423950195,
      "loudness_range": 15.181344985961914,
      "low_freq": 12199.2666015625,
      "mid_mean": -31.674386978149414,
      "mid_to_side_loudness": -7.457422733306885,
      "mid_to_side_loudness_range": 3.901050567626953,
      "side_mean": -39.11400604248047
    }
  ],
  "bands_short": [
    {
      "high_freq": 148.1999969482422,
      "loudness": -23.584957122802734,
      "loudness_range": 28.559040069580078,
      "mid_mean": -21.010608673095703,
      "mid_to_side_loudness": -12.558627128601074,
      "mid_to_side_loudness_range": 22.219053268432617,
      "side_mean": -34.68803024291992
    },
    {
      "high_freq": 392.3793640136719,
      "loudness": -19.260337829589844,
      "loudness_range": 20.0244140625,
      "low_freq": 148.1999969482422,
      "mid_mean": -16.30819320678711,
      "mid_to_side_loudness": -14.371929168701172,
      "mid_to_side_loudness_range": 16.919811248779297,
      "side_mean": -31.711688995361328
    },
    {
      "high_freq": 794.6976318359375,
      "loudness": -26.773357391357422,
      "loudness_range": 17.902442932128906,
      "low_freq": 392.3793640136719,
      "mid_mean": -24.59185028076172,
      "mid_to_side_loudness": -7.699487686157227,
      "mid_to_side_loudness_range": 14.553902626037598,
      "side_mean": -32.43716812133789
    },
    {
      "high_freq": 1457.5709228515625,
      "loudness": -26.88115119934082,
      "loudness_range": 23.11559295654297,
      "low_freq": 794.6976318359375,
      "mid_mean": -25.86811637878418,
      "mid_to_side_loudness": -3.9017112255096436,
      "mid_to_side_loudness_range": 14.724328994750977,
      "side_mean": -29.513412475585938
    },
    {
      "high_freq": 2549.74365234375,
      "loudness": -31.03087615966797,
      "loudness_range": 22.7149600982666,
      "low_freq": 1457.5709228515625,
      "mid_mean": -29.559555053710938,
      "mid_to_side_loudness": -4.552709579467773,
      "mid_to_side_loudness_range": 12.680426597595215,
      "side_mean": -34.2690544128418
    },
    {
      "high_freq": 4349.24462890625,
      "loudness": -32.82162094116211,
      "loudness_range": 24.095596313476562,
      "low_freq": 2549.74365234375,
      "mid_mean": -30.514535903930664,
      "mid_to_side_loudness": -7.10354471206665,
      "mid_to_side_loudness_range": 11.996834754943848,
      "side_mean": -37.756473541259766
    },
    {
      "high_freq": 7314.1640625,
      "loudness": -30.758960723876953,
      "loudness_range": 23.339412689208984,
      "low_freq": 4349.24462890625,
      "mid_mean": -28.63225746154785,
      "mid_to_side_loudness": -7.356198787689209,
      "mid_to_side_loudness_range": 12.166441917419434,
      "side_mean": -35.898738861083984
    },
    {
      "high_freq": 12199.2666015625,
      "loudness": -33.5867805480957,
      "loudness_range": 26.137006759643555,
      "low_freq": 7314.1640625,
      "mid_mean": -31.424089431762695,
      "mid_to_side_loudness": -7.931645393371582,
      "mid_to_side_loudness_range": 9.515735626220703,
      "side_mean": -39.31892013549805
    },
    {
      "loudness": -39.7017936706543,
      "loudness_range": 30.94016456604004,
      "low_freq": 12199.2666015625,
      "mid_mean": -38.22641372680664,
      "mid_to_side_loudness": -7.6850080490112305,
      "mid_to_side_loudness_range": 8.41217041015625,
      "side_mean": -45.7867431640625
    }
  ],
  "bandwidth": 371.0242919921875,
  "channels": 2,
  "covariance": [
    [
      51.472835540771484,
      33.723819732666016,
      17.383867263793945,
      13.24017333984375,
      11.303637504577637,
      15.72289752960205,
      15.24501895904541,
      17.57710838317871,
      11.336288452148438,
      9.788402557373047,
      8.99935245513916,
      7.8740620613098145,
      8.408954620361328,
      8.11556339263916,
      4.8122382164001465,
      5.48671293258667,
      -0.4921291470527649,
      2.136212110519409
    ],
    [
      33.723819732666016,
      40.845027923583984,
      13.464860916137695,
      11.350704193115234,
      11.037453651428223,
      16.667572021484375,
      17.792619705200195,
      19.76310157775879,
      15.185053825378418,
      11.828868865966797,
      9.298691749572754,
      8.151179313659668,
      8.858707427978516,
      8.372203826904297,
      5.365900993347168,
      5.37491512298584,
      0.3265608251094818,
      2.3409245014190674
    ],
    [
      17.383867263793945,
      13.464860916137695,
      19.60342025756836,
      14.15383529663086,
      14.303699493408203,
      16.70383644104004,
      15.475101470947266,
      16.7159366607666,
      15.658221244812012,
      15.40109920501709,
      13.413091659545898,
      13.6351900100708,
      10.92364501953125,
      11.26187801361084,
      7.860226154327393,
      9.073588371276855,
      5.661914348602295,
      7.433120250701904
    ],
    [
      13.24017333984375,
      11.350704193115234,
      14.15383529663086,
      16.573781967163086,
      12.377711296081543,
      16.459980010986328,
      14.044644355773926,
      15.58247184753418,
      13.704174995422363,
      13.703941345214844,
      12.232495307922363,
      12.449803352355957,
      9.731302261352539,
      10.11506175994873,
      6.174173831939697,
      7.473080635070801,
      4.078732013702393,
      5.579944610595703
    ],
    [
      11.303637504577637,
      11.037453651428223,
      14.303699493408203,
      12.377711296081543,
      23.7589111328125,
      25.207319259643555,
      25.109607696533203,
      23.025463104248047,
      24.579492568969727,
      21.26357078552246,
      19.89604377746582,
      17.62492561340332,
      15.561443328857422,
      13.866724014282227,
      10.124445915222168,
      10.532106399536133,
      6.9966654777526855,
      7.970644950866699
    ],
    [
      15.72289752960205,
      16.667572021484375,
      16.70383644104004,
      16.459980010986328,
      25.207319259643555,
      44.48618698120117,
      39.44602966308594,
      48.40605163574219,
      31.89893913269043,
      33.830894470214844,
      21.830413818359375,
      22.951152801513672,
      17.79067039489746,
      19.142202377319336,
      12.334409713745117,
      14.235150337219238,
      9.411362648010254,
      11.217418670654297
    ],
    [
      15.24501895904541,
      17.792619705200195,
      15.475101470947266,
      14.044644355773926,
      25.109607696533203,
      39.44602966308594,
      53.780662536621094,
      53.33121871948242,
      40.14542770385742,
      37.98373031616211,
      28.019317626953125,
      26.124229431152344,
      21.632705688476562,
      21.825525283813477,
      14.682228088378906,
      16.358997344970703,
      11.227103233337402,
      12.741250038146973
    ],
    [
      17.57710838317871,
      19.76310157775879,
      16.7159366607666,
      15.58247184753418,
      23.025463104248047,
      48.40605163574219,
      53.33121871948242,
      74.30989837646484,
      37.98981857299805,
      43.676292419433594,
      22.206727981567383,
      25.851253509521484,
      18.6862735748291,
      22.625951766967773,
      14.486228942871094,
      17.329439163208008,
      11.956185340881348,
      14.128297805786133
    ],
    [
      11.336288452148438,
      15.185053825378418,
      15.658221244812012,
      13.704174995422363,
      24.579492568969727,
      31.89893913269043,
      40.14542770385742,
      37.98981857299805,
      49.007850646972656,
      39.871212005615234,
      33.888641357421875,
      29.6578369140625,
      27.232423782348633,
      25.805248260498047,
      18.314340591430664,
      19.715436935424805,
      14.666569709777832,
      16.105510711669922
    ],
    [
      9.788402557373047,
      11.828868865966797,
      15.40109920501709,
      13.703941345214844,
      21.26357078552246,
      33.830894470214844,
      37.98373031616211,
      43.676292419433594,
      39.871212005615234,
      43.085811614990234,
      28.1179141998291,
      31.65694808959961,
      22.84339714050293,
      26.768335342407227,
      17.377132415771484,
      20.657211303710938,
      15.088225364685059,
      17.236713409423828
    ],
    [
      8.99935245513916,
      9.298691749572754,
      13.413091659545898,
      12.232495307922363,
      19.89604377746582,
      21.830413818359375,
      28.019317626953125,
      22.206727981567383,
      33.888641357421875,
      28.1179141998291,
      34.63275909423828,
      30.336328506469727,
      26.65773582458496,
      25.150163650512695,
      17.405698776245117,
      19.43895721435547,
      13.243786811828613,
      14.922331809997559
    ],
    [
      7.8740620613098145,
      8.151179313659668,
      13.6351900100708,
      12.449803352355957,
      17.62492561340332,
      22.951152801513672,
      26.124229431152344,
      25.851253509521484,
      29.6578369140625,
      31.65694808959961,
      30.336328506469727,
      36.829139709472656,
      24.096641540527344,
      30.456939697265625,
      18.89525604248047,
      24.228397369384766,
      16.020038604736328,
      19.16493034362793
    ],
    [
      8.408954620361328,
      8.858707427978516,
      10.92364501953125,
      9.731302261352539,
      15.561443328857422,
      17.79067039489746,
      21.632705688476562,
      18.6862735748291,
      27.232423782348633,
      22.84339714050293,
      26.65773582458496,
      24.096641540527344,
      26.150997161865234,
      24.48773765563965,
      20.10896110534668,
      20.95897102355957,
      17.30022621154785,
      17.948575973510742
    ],
    [
      8.11556339263916,
      8.372203826904297,
      11.26187801361084,
      10.11506175994873,
      13.866724014282227,
      19.142202377319336,
      21.825525283813477,
      22.625951766967773,
      25.805248260498047,
      26.768335342407227,
      25.150163650512695,
      30.456939697265625,
      24.48773765563965,
      32.358558654785156,
      22.82598304748535,
      28.018672943115234,
      22.61954116821289,
      24.896419525146484
    ],
    [
      4.8122382164001465,
      5.365900993347168,
      7.860226154327393,
      6.174173831939697,
      10.124445915222168,
      12.334409713745117,
      14.682228088378906,
      14.486228942871094,
      18.314340591430664,
      17.377132415771484,
      17.405698776245117,
      18.89525604248047,
      20.10896110534668,
      22.82598304748535,
      25.02391242980957,
      25.239198684692383,
      25.62540626525879,
      24.749969482421875
    ],
    [
      5.48671293258667,
      5.37491512298584,
      9.073588371276855,
      7.473080635070801,
      10.532106399536133,
      14.235150337219238,
      16.358997344970703,
      17.329439163208008,
      19.715436935424805,
      20.657211303710938,
      19.43895721435547,
      24.228397369384766,
      20.95897102355957,
      28.018672943115234,
      25.239198684692383,
      30.238140106201172,
      28.62021827697754,
      29.44683074951172
    ],
    [
      -0.4921291470527649,
      0.3265608251094818,
      5.661914348602295,
      4.078732013702393,
      6.9966654777526855,
      9.411362648010254,
      11.227103233337402,
      11.956185340881348,
      14.666569709777832,
      15.088225364685059,
      13.243786811828613,
      16.020038604736328,
      17.30022621154785,
      22.61954116821289,
      25.62540626525879,
      28.62021827697754,
      35.93781280517578,
      33.937625885009766
    ],
    [
      2.136212110519409,
      2.3409245014190674,
      7.433120250701904,
      5.579944610595703,
      7.970644950866699,
      11.217418670654297,
      12.741250038146973,
      14.128297805786133,
      16.105510711669922,
      17.236713409423828,
      14.922331809997559,
      19.16493034362793,
      17.948575973510742,
      24.896419525146484,
      24.749969482421875,
      29.44683074951172,
      33.937625885009766,
      34.130374908447266
    ]
  ],
  "covariance_short": [
    [
      110.75779724121094,
      54.24164581298828,
      59.795135498046875,
      38.75537109375,
      32.39344787597656,
      27.43584442138672,
      25.879697799682617,
      25.70210838317871,
      29.16801643371582,
      28.40714454650879,
      28.9649715423584,
      30.84926986694336,
      26.100250244140625,
      29.089208602905273,
      25.356109619140625,
      28.31122589111328,
      31.586076736450195,
      35.47258758544922
    ],
    [
      54.24164581298828,
      60.50163650512695,
      31.05210304260254,
      25.639827728271484,
      17.664899826049805,
      18.705310821533203,
      18.190420150756836,
      20.2266902923584,
      18.257387161254883,
      17.677473068237305,
      15.399999618530273,
      16.6806583404541,
      14.951178550720215,
      16.30272102355957,
      12.669478416442871,
      13.85336685180664,
      15.051589012145996,
      17.17308807373047
    ],
    [
      59.795135498046875,
      31.05210304260254,
      69.21893310546875,
      40.45438766479492,
      40.19813919067383,
      33.88762664794922,
      27.212936401367188,
      24.703367233276367,
      33.60976791381836,
      32.32501220703125,
      35.33361053466797,
      34.81184005737305,
      29.695146560668945,
      32.01062774658203,
      26.282995223999023,
      30.0645694732666,
      30.82503318786621,
      35.24787139892578
    ],
    [
      38.75537109375,
      25.639827728271484,
      40.45438766479492,
      41.57779312133789,
      27.83029556274414,
      26.284473419189453,
      20.232866287231445,
      19.11284828186035,
      24.95988655090332,
      24.294588088989258,
      27.0899600982666,
      26.653169631958008,
      22.345449447631836,
      23.28733253479004,
      19.63182830810547,
      21.305835723876953,
      21.864356994628906,
      25.154722213745117
    ],
    [
      32.39344787597656,
      17.664899826049805,
      40.19813919067383,
      27.83029556274414,
      54.400367736816406,
      41.77239227294922,
      39.52970886230469,
      32.829715728759766,
      41.394344329833984,
      35.92878341674805,
      39.67266845703125,
      34.79296112060547,
      31.95153045654297,
      29.81640625,
      24.646942138671875,
      26.21381187438965,
      25.323406219482422,
      28.634925842285156
    ],
    [
      27.43584442138672,
      18.705310821533203,
      33.88762664794922,
      26.284473419189453,
      41.77239227294922,
      58.98060989379883,
      47.36488342285156,
      55.441993713378906,
      41.538455963134766,
      45.99636459350586,
      34.01556396484375,
      36.74542999267578,
      28.982669830322266,
      31.645872116088867,
      23.54770851135254,
      26.657556533813477,
      26.14630699157715,
      29.81498146057129
    ],
    [
      25.879697799682617,
      18.190420150756836,
      27.212936401367188,
      20.232866287231445,
      39.52970886230469,
      47.36488342285156,
      73.60073852539062,
      66.36399841308594,
      50.866371154785156,
      48.317928314208984,
      40.878421783447266,
      39.09779357910156,
      34.95298385620117,
      34.030242919921875,
      26.29616355895996,
      27.625307083129883,
      27.315576553344727,
      29.920581817626953
    ],
    [
      25.70210838317871,
      20.2266902923584,
      24.703367233276367,
      19.11284828186035,
      32.829715728759766,
      55.441993713378906,
      66.36399841308594,
      93.29536437988281,
      45.41667556762695,
      53.562965393066406,
      31.192380905151367,
      37.13905334472656,
      28.30946922302246,
      31.14495277404785,
      22.89380645751953,
      25.75436782836914,
      26.158714294433594,
      28.92784881591797
    ],
    [
      29.16801643371582,
      18.257387161254883,
      33.60976791381836,
      24.95988655090332,
      41.394344329833984,
      41.538455963134766,
      50.866371154785156,
      45.41667556762695,
      76.73783111572266,
      61.54432678222656,
      59.47943115234375,
      51.20519256591797,
      51.67367172241211,
      47.50175094604492,
      41.85838317871094,
      41.69091796875,
      40.27176284790039,
      43.14188003540039
    ],
    [
      28.40714454650879,
      17.677473068237305,
      32.32501220703125,
      24.294588088989258,
      35.92878341674805,
      45.99636459350586,
      48.317928314208984,
      53.562965393066406,
      61.54432678222656,
      73.89844512939453,
      52.17207336425781,
      56.39352798461914,
      47.36174011230469,
      51.81013870239258,
      42.54927444458008,
      47.284202575683594,
      46.2957878112793,
      50.84969711303711
    ],
    [
      28.9649715423584,
      15.399999618530273,
      35.33361053466797,
      27.0899600982666,
      39.67266845703125,
      34.01556396484375,
      40.878421783447266,
      31.192380905151367,
      59.47943115234375,
      52.17207336425781,
      77.92606353759766,
      65.08692169189453,
      66.70478057861328,
      60.48784637451172,
      54.43657684326172,
      54.16741180419922,
      53.24176788330078,
      56.10090637207031
    ],
    [
      30.84926986694336,
      16.6806583404541,
      34.81184005737305,
      26.653169631958008,
      34.79296112060547,
      36.74542999267578,
      39.09779357910156,
      37.13905334472656,
      51.20519256591797,
      56.39352798461914,
      65.08692169189453,
      75.51773834228516,
      60.2833251953125,
      68.48551940917969,
      56.07725143432617,
      64.28539276123047,
      61.72566223144531,
      69.54051971435547
    ],
    [
      26.100250244140625,
      14.951178550720215,
      29.695146560668945,
      22.345449447631836,
      31.95153045654297,
      28.982669830322266,
      34.95298385620117,
      28.30946922302246,
      51.67367172241211,
      47.36174011230469,
      66.70478057861328,
      60.2833251953125,
      81.91870880126953,
      69.25358581542969,
      70.81226348876953,
      66.96477508544922,
      69.71074676513672,
      69.23302459716797
    ],
    [
      29.089208602905273,
      16.30272102355957,
      32.01062774658203,
      23.28733253479004,
      29.81640625,
      31.645872116088867,
      34.030242919921875,
      31.14495277404785,
      47.50175094604492,
      51.81013870239258,
      60.48784637451172,
      68.48551940917969,
      69.25358581542969,
      84.89492797851562,
      73.0058364868164,
      81.5312728881836,
      79.48693084716797,
      85.98101043701172
    ],
    [
      25.356109619140625,
      12.669478416442871,
      26.282995223999023,
      19.63182830810547,
      24.646942138671875,
      23.54770851135254,
      26.29616355895996,
      22.89380645751953,
      41.85838317871094,
      42.54927444458008,
      54.43657684326172,
      56.07725143432617,
      70.81226348876953,
      73.0058364868164,
      96.4141845703125,
      87.7605972290039,
      98.51117706298828,
      93.9435043334961
    ],
    [
      28.31122589111328,
      13.85336685180664,
      30.0645694732666,
      21.305835723876953,
      26.21381187438965,
      26.657556533813477,
      27.625307083129883,
      25.75436782836914,
      41.69091796875,
      47.284202575683594,
      54.16741180419922,
      64.28539276123047,
      66.96477508544922,
      81.5312728881836,
      87.7605972290039,
      100.94660949707031,
      101.00635528564453,
      105.8747329711914
    ],
    [
      31.586076736450195,
      15.051589012145996,
      30.82503318786621,
      21.864356994628906,
      25.323406219482422,
      26.14630699157715,
      27.315576553344727,
      26.158714294433594,
      40.27176284790039,
      46.2957878112793,
      53.24176788330078,
      61.72566223144531,
      69.71074676513672,
      79.48693084716797,
      98.51117706298828,
      101.00635528564453,
      133.3895263671875,
      127.29662322998047
    ],
    [
      35.47258758544922,
      17.17308807373047,
      35.24787139892578,
      25.154722213745117,
      28.634925842285156,
      29.81498146057129,
      29.920581817626953,
      28.92784881591797,
      43.14188003540039,
      50.84969711303711,
      56.10090637207031,
      69.54051971435547,
      69.23302459716797,
      85.98101043701172,
      93.9435043334961,
      105.8747329711914,
      127.29662322998047,
      136.58811950683594
    ]
  ],
  "damage": -3.5306317806243896,
  "diff_bandwidth": 363.74981689453125,
  "dissonance": 8.470357206475953,
  "drr": 13.122754096984863,
  "dynamics": 3.6195709705352783,
  "format": 65538,
  "frames": 11485287,
  "freq_pan_to_db": [
    [
      -11.640292167663574,
      -12.600683212280273,
      -10.550765037536621,
      -9.66412353515625,
      -7.101058006286621,
      -5.990791320800781,
      -2.411996841430664,
      -6.024740219116211,
      -9.17790412902832,
      -10.558069229125977,
      -11.418370246887207
    ],
    [
      -11.54245662689209,
      -12.095678329467773,
      -9.719672203063965,
      -7.087963581085205,
      -4.307048797607422,
      -5.906321048736572,
      -7.012585639953613,
      -9.262495040893555,
      -10.222813606262207,
      -11.859701156616211,
      -13.939435005187988
    ],
    [
      -18.085311889648438,
      -15.535884857177734,
      -10.802327156066895,
      -7.49358606338501,
      -6.187005519866943,
      -7.796069622039795,
      -7.4227495193481445,
      -9.536346435546875,
      -13.938821792602539,
      -16.40328025817871,
      -20.533504486083984
    ],
    [
      -25.32813835144043,
      -22.344165802001953,
      -17.0068302154541,
      -11.776972770690918,
      -9.050870895385742,
      -9.456870079040527,
      -9.14151382446289,
      -14.1975679397583,
      -20.297954559326172,
      -25.77943229675293,
      -28.565099716186523
    ],
    [
      -31.176244735717773,
      -25.41400718688965,
      -21.036771774291992,
      -15.010766983032227,
      -7.790585041046143,
      -9.559916496276855,
      -10.318680763244629,
      -16.253921508789062,
      -21.57387351989746,
      -25.660573959350586,
      -27.919614791870117
    ],
    [
      -31.83071517944336,
      -24.636186599731445,
      -21.05276107788086,
      -15.66392707824707,
      -10.650640487670898,
      -10.887467384338379,
      -12.680527687072754,
      -17.869243621826172,
      -21.531713485717773,
      -25.253358840942383,
      -29.646427154541016
    ],
    [
      -25.83278465270996,
      -23.206310272216797,
      -18.75914192199707,
      -15.197819709777832,
      -12.468291282653809,
      -13.00844669342041,
      -14.08128833770752,
      -17.22869110107422,
      -19.517732620239258,
      -22.113161087036133,
      -24.379146575927734
    ],
    [
      -21.56314468383789,
      -21.8330078125,
      -19.768491744995117,
      -17.085859298706055,
      -14.797337532043457,
      -16.29015350341797,
      -17.535484313964844,
      -19.211437225341797,
      -19.786823272705078,
      -21.428125381469727,
      -23.25721549987793
    ],
    [
      -19.24944496154785,
      -20.706748962402344,
      -21.38554573059082,
      -20.249805450439453,
      -18.956151962280273,
      -18.555177688598633,
      -17.663240432739258,
      -20.254737854003906,
      -20.52069664001465,
      -22.390274047851562,
      -21.195322036743164
    ],
    [
      -20.856489181518555,
      -20.5272159576416,
      -21.885953903198242,
      -21.037023544311523,
      -20.725818634033203,
      -18.61225128173828,
      -16.279109954833984,
      -18.950578689575195,
      -19.953155517578125,
      -20.2971248626709,
      -19.2840576171875
    ],
    [
      -21.049936294555664,
      -22.761791229248047,
      -21.72530174255371,
      -20.9232120513916,
      -20.47689437866211,
      -18.5092830657959,
      -19.04621124267578,
      -21.292089462280273,
      -22.493268966674805,
      -21.441293716430664,
      -25.736881256103516
    ],
    [
      -18.44645118713379,
      -19.48879623413086,
      -19.963603973388672,
      -19.91547966003418,
      -19.89579200744629,
      -19.25264549255371,
      -18.08677864074707,
      -19.681594848632812,
      -20.22279930114746,
      -20.58842658996582,
      -21.26799774169922
    ],
    [
      -20.456600189208984,
      -20.654651641845703,
      -21.890668869018555,
      -22.342538833618164,
      -21.43475914001465,
      -21.217327117919922,
      -20.597421646118164,
      -21.31954002380371,
      -21.05169677734375,
      -21.440277099609375,
      -21.455928802490234
    ],
    [
      -18.182937622070312,
      -19.45509910583496,
      -20.61839485168457,
      -20.765838623046875,
      -22.256427764892578,
      -21.965328216552734,
      -20.757198333740234,
      -20.65839385986328,
      -20.464298248291016,
      -20.10688018798828,
      -19.91291046142578
    ],
    [
      -19.17526626586914,
      -19.891357421875,
      -18.021238327026367,
      -19.12018585205078,
      -21.22829246520996,
      -19.53205108642578,
      -19.945703506469727,
      -18.538700103759766,
      -18.78419303894043,
      -19.31045150756836,
      -18.201583862304688
    ],
    [
      -20.552104949951172,
      -19.498998641967773,
      -13.89869499206543,
      -18.6699275970459,
      -20.98172378540039,
      -19.57200050354004,
      -19.860395431518555,
      -16.44280242919922,
      -16.101917266845703,
      -18.560035705566406,
      -16.595195770263672
    ],
    [
      -19.709394454956055,
      -18.179771423339844,
      -17.39882469177246,
      -17.905517578125,
      -20.071531295776367,
      -20.874645233154297,
      -19.252540588378906,
      -17.923267364501953,
      -19.473094940185547,
      -18.649803161621094,
      -20.458473205566406
    ],
    [
      -21.08942985534668,
      -21.485631942749023,
      -22.293447494506836,
      -23.557218551635742,
      -24.025171279907227,
      -22.594362258911133,
      -22.61008644104004,
      -22.627504348754883,
      -22.903553009033203,
      -22.229089736938477,
      -23.056800842285156
    ],
    [
      -23.215389251708984,
      -23.780803680419922,
      -23.076265335083008,
      -23.58188819885254,
      -23.906253814697266,
      -24.132705688476562,
      -23.507671356201172,
      -23.83089828491211,
      -23.18990707397461,
      -23.572538375854492,
      -23.543869018554688
    ],
    [
      -28.50686264038086,
      -27.170726776123047,
      -27.082181930541992,
      -27.096574783325195,
      -26.596471786499023,
      -25.963167190551758,
      -26.492677688598633,
      -26.883481979370117,
      -26.06258773803711,
      -27.36745834350586,
      -25.370241165161133
    ],
    [
      -26.663543701171875,
      -27.74555206298828,
      -28.494375228881836,
      -28.326818466186523,
      -27.44780158996582,
      -27.098487854003906,
      -27.806493759155273,
      -27.061614990234375,
      -28.340606689453125,
      -29.194067001342773,
      -25.93319320678711
    ],
    [
      -29.339475631713867,
      -29.99537467956543,
      -28.712139129638672,
      -27.50033187866211,
      -28.511919021606445,
      -28.523855209350586,
      -29.19853401184082,
      -29.221635818481445,
      -29.68941879272461,
      -29.45645523071289,
      -31.915071487426758
    ],
    [
      -32.52863311767578,
      -31.79471778869629,
      -31.335508346557617,
      -31.844303131103516,
      -29.519580841064453,
      -29.16063690185547,
      -30.028583526611328,
      -30.903703689575195,
      -30.34024429321289,
      -30.798845291137695,
      -29.239397048950195
    ],
    [
      -30.232038497924805,
      -30.160884857177734,
      -31.110191345214844,
      -31.486011505126953,
      -30.913084030151367,
      -30.215904235839844,
      -31.053972244262695,
      -30.599960327148438,
      -30.681997299194336,
      -30.20807647705078,
      -31.457386016845703
    ],
    [
      -36.238643646240234,
      -34.18601608276367,
      -31.5399169921875,
      -31.998254776000977,
      -32.080055236816406,
      -32.478553771972656,
      -31.706212997436523,
      -31.502429962158203,
      -31.844331741333008,
      -30.405330657958984,
      -30.529550552368164
    ],
    [
      -33.86347579956055,
      -33.1558952331543,
      -32.04500198364258,
      -31.67653465270996,
      -31.15928077697754,
      -30.478839874267578,
      -31.237531661987305,
      -31.55951690673828,
      -31.75979232788086,
      -31.053543090820312,
      -28.120025634765625
    ],
    [
      -39.69551086425781,
      -31.529590606689453,
      -30.66261100769043,
      -30.872106552124023,
      -30.48065948486328,
      -28.048110961914062,
      -30.32379913330078,
      -30.775850296020508,
      -30.177724838256836,
      -30.58095932006836,
      -30.10017967224121
    ],
    [
      -33.80823516845703,
      -31.116771697998047,
      -30.86237144470215,
      -31.097396850585938,
      -30.936670303344727,
      -30.33584976196289,
      -30.36988067626953,
      -30.388978958129883,
      -31.056045532226562,
      -31.873010635375977,
      -34.627193450927734
    ],
    [
      -54.172882080078125,
      -32.41780090332031,
      -30.72869300842285,
      -30.421810150146484,
      -30.204421997070312,
      -28.9320125579834,
      -28.890756607055664,
      -30.281352996826172,
      -30.10263442993164,
      -30.37611961364746,
      -31.38861846923828
    ],
    [
      -31.632892608642578,
      -34.061607360839844,
      -30.623952865600586,
      -30.089078903198242,
      -29.51365852355957,
      -28.913387298583984,
      -28.390926361083984,
      -29.61448860168457,
      -29.27511215209961,
      -29.56808090209961,
      -26.737016677856445
    ],
    [
      -31.42758560180664,
      -33.99361038208008,
      -31.78278160095215,
      -31.996591567993164,
      -31.106359481811523,
      -30.20526885986328,
      -30.191585540771484,
      -30.399276733398438,
      -30.7514705657959,
      -31.007978439331055,
      -40.692691802978516
    ],
    [
      -370,
      -42.238365173339844,
      -33.89982604980469,
      -33.33687973022461,
      -32.47203063964844,
      -31.013397216796875,
      -29.925642013549805,
      -30.085289001464844,
      -30.36803436279297,
      -30.167587280273438,
      -38.141231536865234
    ],
    [
      -370,
      -43.46772003173828,
      -40.159786224365234,
      -34.91148376464844,
      -33.13046646118164,
      -31.330089569091797,
      -30.2520809173584,
      -31.21152114868164,
      -30.975908279418945,
      -36.531898498535156,
      -36.18510055541992
    ],
    [
      -44.14146423339844,
      -48.10051727294922,
      -37.642337799072266,
      -34.199974060058594,
      -32.490760803222656,
      -31.480121612548828,
      -31.009300231933594,
      -31.44106101989746,
      -32.71422576904297,
      -40.67997360229492,
      -38.94663619995117
    ],
    [
      -51.05100631713867,
      -48.16462326049805,
      -34.0330696105957,
      -30.763599395751953,
      -30.310733795166016,
      -30.760831832885742,
      -30.695247650146484,
      -31.861928939819336,
      -35.287925720214844,
      -38.00313949584961,
      -41.639259338378906
    ],
    [
      -44.44643783569336,
      -43.948368072509766,
      -29.900056838989258,
      -33.294857025146484,
      -32.42229461669922,
      -32.047584533691406,
      -31.801593780517578,
      -34.81727981567383,
      -31.888303756713867,
      -38.91923904418945,
      -43.795528411865234
    ],
    [
      -49.56572341918945,
      -49.43622589111328,
      -30.15993309020996,
      -33.012149810791016,
      -33.2747917175293,
      -33.23768615722656,
      -31.76261329650879,
      -33.37386703491211,
      -36.25020217895508,
      -44.77066421508789,
      -36.068790435791016
    ],
    [
      -54.98589324951172,
      -50.251983642578125,
      -35.27632522583008,
      -34.38492202758789,
      -34.06049346923828,
      -34.23258590698242,
      -33.07124710083008,
      -35.90003967285156,
      -39.71465301513672,
      -40.57258605957031,
      -42.23942565917969
    ],
    [
      -55.77363204956055,
      -51.8328742980957,
      -42.36432647705078,
      -35.46546936035156,
      -33.20646286010742,
      -34.54283142089844,
      -34.12635040283203,
      -37.56980514526367,
      -39.929725646972656,
      -40.47068786621094,
      -46.1297607421875
    ],
    [
      -370,
      -59.852699279785156,
      -41.10196304321289,
      -34.12522506713867,
      -33.320674896240234,
      -35.3981819152832,
      -37.38055419921875,
      -40.87535858154297,
      -47.656158447265625,
      -51.830135345458984,
      -53.94100570678711
    ],
    [
      -370,
      -48.942840576171875,
      -49.831600189208984,
      -37.321556091308594,
      -34.46752166748047,
      -36.767127990722656,
      -42.928714752197266,
      -45.275474548339844,
      -53.31489944458008,
      -55.16062545776367,
      -370
    ],
    [
      -370,
      -370,
      -54.717411041259766,
      -61.39170455932617,
      -42.508155822753906,
      -37.856781005859375,
      -45.532222747802734,
      -61.33605194091797,
      -62.55006790161133,
      -56.73809814453125,
      -59.78318786621094
    ]
  ],
  "histogram": [
    {
      "db": -70,
      "frequency": 0
    },
    {
      "db": -69,
      "frequency": 0
    },
    {
      "db": -68,
      "frequency": 1
    },
    {
      "db": -67,
      "frequency": 0
    },
    {
      "db": -66,
      "frequency": 0
    },
    {
      "db": -65,
      "frequency": 0
    },
    {
      "db": -64,
      "frequency": 0
    },
    {
      "db": -63,
      "frequency": 0
    },
    {
      "db": -62,
      "frequency": 0
    },
    {
      "db": -61,
      "frequency": 0
    },
    {
      "db": -60,
      "frequency": 1
    },
    {
      "db": -59,
      "frequency": 0
    },
    {
      "db": -58,
      "frequency": 1
    },
    {
      "db": -57,
      "frequency": 0
    },
    {
      "db": -56,
      "frequency": 1
    },
    {
      "db": -55,
      "frequency": 0
    },
    {
      "db": -54,
      "frequency": 1
    },
    {
      "db": -53,
      "frequency": 1
    },
    {
      "db": -52,
      "frequency": 1
    },
    {
      "db": -51,
      "frequency": 2
    },
    {
      "db": -50,
      "frequency": 1
    },
    {
      "db": -49,
      "frequency": 1
    },
    {
      "db": -48,
      "frequency": 1
    },
    {
      "db": -47,
      "frequency": 0
    },
    {
      "db": -46,
      "frequency": 1
    },
    {
      "db": -45,
      "frequency": 1
    },
    {
      "db": -44,
      "frequency": 1
    },
    {
      "db": -43,
      "frequency": 0
    },
    {
      "db": -42,
      "frequency": 1
    },
    {
      "db": -41,
      "frequency": 1
    },
    {
      "db": -40,
      "frequency": 0
    },
    {
      "db": -39,
      "frequency": 2
    },
    {
      "db": -38,
      "frequency": 0
    },
    {
      "db": -37,
      "frequency": 0
    },
    {
      "db": -36,
      "frequency": 1
    },
    {
      "db": -35,
      "frequency": 0
    },
    {
      "db": -34,
      "frequency": 0
    },
    {
      "db": -33,
      "frequency": 0
    },
    {
      "db": -32,
      "frequency": 0
    },
    {
      "db": -31,
      "frequency": 1
    },
    {
      "db": -30,
      "frequency": 1
    },
    {
      "db": -29,
      "frequency": 2
    },
    {
      "db": -28,
      "frequency": 0
    },
    {
      "db": -27,
      "frequency": 0
    },
    {
      "db": -26,
      "frequency": 2
    },
    {
      "db": -25,
      "frequency": 3
    },
    {
      "db": -24,
      "frequency": 5
    },
    {
      "db": -23,
      "frequency": 10
    },
    {
      "db": -22,
      "frequency": 17
    },
    {
      "db": -21,
      "frequency": 20
    },
    {
      "db": -20,
      "frequency": 17
    },
    {
      "db": -19,
      "frequency": 24
    },
    {
      "db": -18,
      "frequency": 34
    },
    {
      "db": -17,
      "frequency": 22
    },
    {
      "db": -16,
      "frequency": 37
    },
    {
      "db": -15,
      "frequency": 52
    },
    {
      "db": -14,
      "frequency": 70
    },
    {
      "db": -13,
      "frequency": 95
    },
    {
      "db": -12,
      "frequency": 163
    },
    {
      "db": -11,
      "frequency": 303
    },
    {
      "db": -10,
      "frequency": 332
    },
    {
      "db": -9,
      "frequency": 372
    },
    {
      "db": -8,
      "frequency": 358
    },
    {
      "db": -7,
      "frequency": 285
    },
    {
      "db": -6,
      "frequency": 95
    },
    {
      "db": -5,
      "frequency": 25
    },
    {
      "db": -4,
      "frequency": 0
    },
    {
      "db": -3,
      "frequency": 0
    },
    {
      "db": -2,
      "frequency": 0
    },
    {
      "db": -1,
      "frequency": 0
    },
    {
      "db": 0,
      "frequency": 0
    },
    {
      "db": 1,
      "frequency": 0
    },
    {
      "db": 2,
      "frequency": 0
    },
    {
      "db": 3,
      "frequency": 0
    },
    {
      "db": 4,
      "frequency": 0
    },
    {
      "db": 5,
      "frequency": 0
    },
    {
