{
  "acoustic_entropy": 183.1396484375,
  "bands": [
    {
      "high_freq": 148.1999969482422,
      "loudness": -19.072242736816406,
      "loudness_range": 16.581581115722656,
      "mid_mean": -16.022960662841797,
      "mid_to_side_loudness": -15.328275680541992,
      "mid_to_side_loudness_range": 11.876666069030762,
      "side_mean": -32.37705612182617
    },
    {
      "high_freq": 392.3793640136719,
      "loudness": -18.49335289001465,
      "loudness_range": 9.596580505371094,
      "low_freq": 148.1999969482422,
      "mid_mean": -15.011364936828613,
      "mid_to_side_loudness": -14.155726432800293,
      "mid_to_side_loudness_range": 8.247384071350098,
      "side_mean": -29.523359298706055
    },
    {
      "high_freq": 794.6976318359375,
      "loudness": -23.319120407104492,
      "loudness_range": 12.028079986572266,
      "low_freq": 392.3793640136719,
      "mid_mean": -20.94507598876953,
      "mid_to_side_loudness": -6.2914347648620605,
      "mid_to_side_loudness_range": 11.542694091796875,
      "side_mean": -27.25459098815918
    },
    {
      "high_freq": 1457.5709228515625,
      "loudness": -23.515134811401367,
      "loudness_range": 19.078044891357422,
      "low_freq": 794.6976318359375,
      "mid_mean": -21.634540557861328,
      "mid_to_side_loudness": -5.623642921447754,
      "mid_to_side_loudness_range": 11.609972953796387,
      "side_mean": -27.04238510131836
    },
    {
      "high_freq": 2549.74365234375,
      "loudness": -25.27074432373047,
      "loudness_range": 17.81684112548828,
      "low_freq": 1457.5709228515625,
      "mid_mean": -22.713970184326172,
      "mid_to_side_loudness": -6.6846394538879395,
      "mid_to_side_loudness_range": 9.342211723327637,
      "side_mean": -29.38895034790039
    },
    {
      "high_freq": 4349.24462890625,
      "loudness": -27.517301559448242,
      "loudness_range": 15.615108489990234,
      "low_freq": 2549.74365234375,
      "mid_mean": -24.923540115356445,
      "mid_to_side_loudness": -6.491302490234375,
      "mid_to_side_loudness_range": 8.628021240234375,
      "side_mean": -31.403718948364258
    },
    {
      "high_freq": 7314.1640625,
      "loudness": -29.143016815185547,
      "loudness_range": 13.26407241821289,
      "low_freq": 4349.24462890625,
      "mid_mean": -26.685773849487305,
      "mid_to_side_loudness": -5.619941234588623,
      "mid_to_side_loudness_range": 8.263178825378418,
      "side_mean": -32.27002716064453
    },
    {
      "high_freq": 12199.2666015625,
      "loudness": -30.353303909301758,
      "loudness_range": 12.928474426269531,
      "low_freq": 7314.1640625,
      "mid_mean": -27.75967025756836,
      "mid_to_side_loudness": -6.0672197341918945,
      "mid_to_side_loudness_range": 6.023046016693115,
      "side_mean": -33.83885955810547
    },
    {
      "loudness": -38.27987289428711,
      "loudness_range": 14.462564468383789,
      "low_freq": 12199.2666015625,
      "mid_mean": -35.85096740722656,
      "mid_to_side_loudness": -4.9414381980896,
      "mid_to_side_loudness_range": 3.8382205963134766,
      "side_mean": -40.78266906738281
    }
  ],
  "bands_short": [
    {
      "high_freq": 148.1999969482422,
      "loudness": -24.565000534057617,
      "loudness_range": 28.385055541992188,
      "mid_mean": -22.009883880615234,
      "mid_to_side_loudness": -12.325702667236328,
      "mid_to_side_loudness_range": 21.343061447143555,
      "side_mean": -35.407752990722656
    },
    {
      "high_freq": 392.3793640136719,
      "loudness": -19.51248550415039,
      "loudness_range": 19.665239334106445,
      "low_freq": 148.1999969482422,
      "mid_mean": -16.659883499145508,
      "mid_to_side_loudness": -13.391697883605957,
      "mid_to_side_loudness_range": 15.386287689208984,
      "side_mean": -30.864391326904297
    },
    {
      "high_freq": 794.6976318359375,
      "loudness": -24.831008911132812,
      "loudness_range": 17.53693389892578,
      "low_freq": 392.3793640136719,
      "mid_mean": -22.987653732299805,
      "mid_to_side_loudness": -6.168936729431152,
      "mid_to_side_loudness_range": 14.643000602722168,
      "side_mean": -29.236989974975586
    },
    {
      "high_freq": 1457.5709228515625,
      "loudness": -24.269542694091797,
      "loudness_range": 22.808025360107422,
      "low_freq": 794.6976318359375,
      "mid_mean": -22.933164596557617,
      "mid_to_side_loudness": -4.979400634765625,
      "mid_to_side_loudness_range": 14.850998878479004,
      "side_mean": -27.607202529907227
    },
    {
      "high_freq": 2549.74365234375,
      "loudness": -27.01296043395996,
      "loudness_range": 22.326618194580078,
      "low_freq": 1457.5709228515625,
      "mid_mean": -25.00860023498535,
      "mid_to_side_loudness": -6.621131896972656,
      "mid_to_side_loudness_range": 12.566861152648926,
      "side_mean": -31.7349910736084
    },
    {
      "high_freq": 4349.24462890625,
      "loudness": -29.99156379699707,
      "loudness_range": 23.8505916595459,
      "low_freq": 2549.74365234375,
      "mid_mean": -27.794160842895508,
      "mid_to_side_loudness": -6.471916675567627,
      "mid_to_side_loudness_range": 11.724621772766113,
      "side_mean": -34.40167236328125
    },
    {
      "high_freq": 7314.1640625,
      "loudness": -31.515575408935547,
      "loudness_range": 23.18905258178711,
      "low_freq": 4349.24462890625,
      "mid_mean": -29.76022720336914,
      "mid_to_side_loudness": -5.649178504943848,
      "mid_to_side_loudness_range": 12.244380950927734,
      "side_mean": -35.32747268676758
    },
    {
      "high_freq": 12199.2666015625,
      "loudness": -33.92326736450195,
      "loudness_range": 26.032550811767578,
      "low_freq": 7314.1640625,
      "mid_mean": -32.085914611816406,
      "mid_to_side_loudness": -6.153105735778809,
      "mid_to_side_loudness_range": 9.693804740905762,
      "side_mean": -38.225162506103516
    },
    {
      "loudness": -43.23894119262695,
      "loudness_range": 30.17033576965332,
      "low_freq": 12199.2666015625,
      "mid_mean": -42.33087158203125,
      "mid_to_side_loudness": -5.2236833572387695,
      "mid_to_side_loudness_range": 8.599074363708496,
      "side_mean": -50.12465286254883
    }
  ],
  "bandwidth": 469.85089111328125,
  "channels": 2,
  "covariance": [
    [
      51.74347686767578,
      34.39961242675781,
      15.85242748260498,
      12.800385475158691,
      11.042546272277832,
      16.07105255126953,
      15.408172607421875,
      18.0858154296875,
      11.128902435302734,
      9.740642547607422,
      9.199525833129883,
      7.877636432647705,
      8.916878700256348,
      8.240239143371582,
      5.0312371253967285,
      5.046370506286621,
      -0.42465919256210327,
      1.4586119651794434
    ],
    [
      34.39961242675781,
      40.40645217895508,
      12.133273124694824,
      10.042156219482422,
      10.598217010498047,
      16.349267959594727,
      17.875226974487305,
      19.84511375427246,
      14.670010566711426,
      11.474835395812988,
      9.678166389465332,
      8.253226280212402,
      9.333700180053711,
      8.582298278808594,
      5.784482479095459,
      5.2736005783081055,
      0.5070213079452515,
      2.1379685401916504
    ],
    [
      15.85242748260498,
      12.133273124694824,
      17.63534164428711,
      13.025474548339844,
      13.004469871520996,
      15.683710098266602,
      14.510675430297852,
      15.475512504577637,
      13.747389793395996,
      13.609946250915527,
      12.210320472717285,
      12.229866981506348,
      10.05752182006836,
      10.365703582763672,
      7.2861714363098145,
      8.29665470123291,
      5.090709686279297,
      6.529414176940918
    ],
    [
      12.800385475158691,
      10.042156219482422,
      13.025474548339844,
      16.080951690673828,
      11.754829406738281,
      15.74077033996582,
      13.702543258666992,
      14.670644760131836,
      12.876026153564453,
      12.822300910949707,
      11.867192268371582,
      11.939230918884277,
      9.479233741760254,
      9.97817325592041,
      6.045184135437012,
      7.32901668548584,
      3.944888114929199,
      5.288135051727295
    ],
    [
      11.042546272277832,
      10.598217010498047,
      13.004469871520996,
      11.754829406738281,
      23.014928817749023,
      25.017948150634766,
      24.753952026367188,
      22.7977237701416,
      22.598955154418945,
      19.367115020751953,
      19.27803611755371,
      16.81758689880371,
      15.04356575012207,
      13.43210220336914,
      9.731826782226562,
      9.975980758666992,
      6.345042705535889,
      7.169619083404541
    ],
    [
      16.07105255126953,
      16.349267959594727,
      15.683710098266602,
      15.74077033996582,
      25.017948150634766,
      43.588382720947266,
      39.17860794067383,
      47.72815704345703,
      29.854124069213867,
      31.696802139282227,
      21.67954444885254,
      22.417722702026367,
      17.46367645263672,
      18.938505172729492,
      12.189010620117188,
      13.897600173950195,
      8.731771469116211,
      10.357102394104004
    ],
    [
      15.408172607421875,
      17.875226974487305,
      14.510675430297852,
      13.702543258666992,
      24.753952026367188,
      39.17860794067383,
      52.04962158203125,
      52.820552825927734,
      37.38633728027344,
      35.626487731933594,
      27.51138687133789,
      25.854658126831055,
      21.539812088012695,
      21.835922241210938,
      14.56574535369873,
      16.091127395629883,
      10.532652854919434,
      11.892102241516113
    ],
    [
      18.0858154296875,
      19.84511375427246,
      15.475512504577637,
      14.670644760131836,
      22.7977237701416,
      47.72815704345703,
      52.820552825927734,
      73.84939575195312,
      35.770328521728516,
      41.47669219970703,
      22.156940460205078,
      25.47785758972168,
      18.513959884643555,
      22.25892448425293,
      14.278949737548828,
      16.804298400878906,
      10.983409881591797,
      12.83362865447998
    ],
    [
      11.128902435302734,
      14.670010566711426,
      13.747389793395996,
      12.876026153564453,
      22.598955154418945,
      29.854124069213867,
      37.38633728027344,
      35.770328521728516,
      43.706016540527344,
      35.823917388916016,
      31.97970962524414,
      28.36170768737793,
      26.03260040283203,
      25.089374542236328,
      17.523792266845703,
      18.961139678955078,
      13.424633026123047,
      14.754672050476074
    ],
    [
      9.740642547607422,
      11.474835395812988,
      13.609946250915527,
      12.822300910949707,
      19.367115020751953,
      31.696802139282227,
      35.626487731933594,
      41.47669219970703,
      35.823917388916016,
      39.68745803833008,
      26.33507537841797,
      30.225582122802734,
      21.744544982910156,
      26.05301284790039,
      16.75893211364746,
      20.063875198364258,
      13.96719741821289,
      16.011920928955078
    ],
    [
      9.199525833129883,
      9.678166389465332,
      12.210320472717285,
      11.867192268371582,
      19.27803611755371,
      21.67954444885254,
      27.51138687133789,
      22.156940460205078,
      31.97970962524414,
      26.33507537841797,
      34.01787567138672,
      29.852664947509766,
      26.247314453125,
      24.993696212768555,
      16.95550537109375,
      19.0156192779541,
      12.181478500366211,
      13.893045425415039
    ],
    [
      7.877636432647705,
      8.253226280212402,
      12.229866981506348,
      11.939230918884277,
      16.81758689880371,
      22.417722702026367,
      25.854658126831055,
      25.47785758972168,
      28.36170768737793,
      30.225582122802734,
      29.852664947509766,
      35.492820739746094,
      23.582117080688477,
      29.801671981811523,
      18.286178588867188,
      23.465747833251953,
      14.5468168258667,
      17.73063850402832
    ],
    [
      8.916878700256348,
      9.333700180053711,
      10.05752182006836,
      9.479233741760254,
      15.04356575012207,
      17.46367645263672,
      21.539812088012695,
      18.513959884643555,
      26.03260040283203,
      21.744544982910156,
      26.247314453125,
      23.582117080688477,
      26.038114547729492,
      24.232166290283203,
      19.672847747802734,
      20.464441299438477,
      15.815935134887695,
      16.513608932495117
    ],
    [
      8.240239143371582,
      8.582298278808594,
      10.365703582763672,
      9.97817325592041,
      13.43210220336914,
      18.938505172729492,
      21.835922241210938,
      22.25892448425293,
      25.089374542236328,
      26.05301284790039,
      24.993696212768555,
      29.801671981811523,
      24.232166290283203,
      32.10045623779297,
      22.499719619750977,
      27.63218879699707,
      21.065465927124023,
      23.485435485839844
    ],
    [
      5.0312371253967285,
      5.784482479095459,
      7.2861714363098145,
      6.045184135437012,
      9.731826782226562,
      12.189010620117188,
      14.56574535369873,
      14.278949737548828,
      17.523792266845703,
      16.75893211364746,
      16.95550537109375,
      18.286178588867188,
      19.672847747802734,
      22.499719619750977,
      24.999277114868164,
      25.092443466186523,
      24.273494720458984,
      23.47245979309082
    ],
    [
      5.046370506286621,
      5.2736005783081055,
      8.29665470123291,
      7.32901668548584,
      9.975980758666992,
      13.897600173950195,
      16.091127395629883,
      16.804298400878906,
      18.961139678955078,
      20.063875198364258,
      19.0156192779541,
      23.465747833251953,
      20.464441299438477,
      27.63218879699707,
      25.092443466186523,
      30.032180786132812,
      27.047607421875,
      27.940988540649414
    ],
    [
      -0.42465919256210327,
      0.5070213079452515,
      5.090709686279297,
      3.944888114929199,
      6.345042705535889,
      8.731771469116211,
      10.532652854919434,
      10.983409881591797,
      13.424633026123047,
      13.96719741821289,
      12.181478500366211,
      14.5468168258667,
      15.815935134887695,
      21.065465927124023,
      24.273494720458984,
      27.047607421875,
      32.350486755371094,
      30.391162872314453
    ],
    [
      1.4586119651794434,
      2.1379685401916504,
      6.529414176940918,
      5.288135051727295,
      7.169619083404541,
      10.357102394104004,
      11.892102241516113,
      12.83362865447998,
      14.754672050476074,
      16.011920928955078,
      13.893045425415039,
      17.73063850402832,
      16.513608932495117,
      23.485435485839844,
      23.47245979309082,
      27.940988540649414,
      30.391162872314453,
      30.714384078979492
    ]
  ],
  "covariance_short": [
    [
      108.50420379638672,
      53.554054260253906,
      56.84709930419922,
      36.40750503540039,
      31.10855484008789,
      26.115896224975586,
      25.521408081054688,
      24.502613067626953,
      28.392887115478516,
      27.374502182006836,
      28.349401473999023,
      30.04644203186035,
      26.034313201904297,
      28.394229888916016,
      25.23224639892578,
      27.895904541015625,
      31.517066955566406,
      40.4240608215332
    ],
    [
      53.554054260253906,
      60.28765869140625,
      30.22223472595215,
      24.418649673461914,
      17.38463020324707,
      17.805740356445312,
      17.8707218170166,
      19.140365600585938,
      18.2293758392334,
      17.301244735717773,
      15.873489379882812,
      16.893192291259766,
      15.605774879455566,
      16.550064086914062,
      13.336394309997559,
      14.36455249786377,
      15.499465942382812,
      24.32233238220215
    ],
    [
      56.84709930419922,
      30.22223472595215,
      68.05858612060547,
      40.47865676879883,
      39.703914642333984,
      33.03306579589844,
      26.886137008666992,
      23.605754852294922,
      33.68401336669922,
      31.50894546508789,
      35.5486946105957,
      34.298946380615234,
      29.811569213867188,
      31.595067977905273,
      26.115108489990234,
      29.73340606689453,
      30.457181930541992,
      38.74668884277344
    ],
    [
      36.40750503540039,
      24.418649673461914,
      40.47865676879883,
      41.05031204223633,
      27.68651008605957,
      25.611797332763672,
      20.156394958496094,
      18.184343338012695,
      24.91364860534668,
      23.54766082763672,
      26.825319290161133,
      25.988529205322266,
      22.22426414489746,
      23.058345794677734,
      19.32880401611328,
      21.08115005493164,
      21.74810218811035,
      30.465106964111328
    ],
    [
      31.10855484008789,
      17.38463020324707,
      39.703914642333984,
      27.68651008605957,
      54.42385482788086,
      41.47266387939453,
      39.59086990356445,
      32.370670318603516,
      41.48931121826172,
      35.13313293457031,
      39.82535934448242,
      34.43873977661133,
      31.808483123779297,
      29.76835060119629,
      24.499332427978516,
      26.196996688842773,
      25.30172348022461,
      30.886751174926758
    ],
    [
      26.115896224975586,
      17.805740356445312,
      33.03306579589844,
      25.611797332763672,
      41.47266387939453,
      58.22324752807617,
      47.42578125,
      55.0262336730957,
      41.27054977416992,
      44.58626174926758,
      33.706573486328125,
      36.05021667480469,
      28.60133171081543,
      31.17205047607422,
      23.246618270874023,
      26.267988204956055,
      25.719223022460938,
      32.01039505004883
    ],
    [
      25.521408081054688,
      17.8707218170166,
      26.886137008666992,
      20.156394958496094,
      39.59086990356445,
      47.42578125,
      72.76875305175781,
      65.95429229736328,
      49.7105598449707,
      46.94629669189453,
      40.89895248413086,
      39.00425720214844,
      34.84054183959961,
      34.12263488769531,
      26.376365661621094,
      28.03110694885254,
      27.568090438842773,
      32.32753372192383
    ],
    [
      24.502613067626953,
      19.140365600585938,
      23.605754852294922,
      18.184343338012695,
      32.370670318603516,
      55.0262336730957,
      65.95429229736328,
      93.07384490966797,
      44.25408935546875,
      51.54306411743164,
      30.47678565979004,
      36.16619110107422,
      27.541654586791992,
      30.199281692504883,
      22.394407272338867,
      25.13419532775879,
      25.202634811401367,
      29.673362731933594
    ],
    [
      28.392887115478516,
      18.2293758392334,
      33.68401336669922,
      24.91364860534668,
      41.48931121826172,
      41.27054977416992,
      49.7105598449707,
      44.25408935546875,
      74.24114227294922,
      59.82744598388672,
      59.40323257446289,
      51.477291107177734,
      51.45365524291992,
      47.80074691772461,
      41.62921905517578,
      42.14044189453125,
      40.274620056152344,
      45.636165618896484
    ],
    [
      27.374502182006836,
      17.301244735717773,
      31.50894546508789,
      23.54766082763672,
      35.13313293457031,
      44.58626174926758,
      46.94629669189453,
      51.54306411743164,
      59.82744598388672,
      71.31047058105469,
      51.0381965637207,
      55.92694854736328,
      46.37925338745117,
      51.37826156616211,
      42.34464645385742,
      47.3814811706543,
      46.158775329589844,
      53.015010833740234
    ],
    [
      28.349401473999023,
      15.873489379882812,
      35.5486946105957,
      26.825319290161133,
      39.82535934448242,
      33.706573486328125,
      40.89895248413086,
      30.47678565979004,
      59.40323257446289,
      51.0381965637207,
      77.1929702758789,
      64.35237884521484,
      65.88304138183594,
      59.99750518798828,
      53.14144515991211,
      53.31873321533203,
      52.0743408203125,
      58.31156539916992
    ],
    [
      30.04644203186035,
      16.893192291259766,
      34.298946380615234,
      25.988529205322266,
      34.43873977661133,
      36.05021667480469,
      39.00425720214844,
      36.16619110107422,
      51.477291107177734,
      55.92694854736328,
      64.35237884521484,
      74.10765838623047,
      59.604068756103516,
      67.69196319580078,
      55.041358947753906,
      63.22364044189453,
      60.41637420654297,
      71.48161315917969
    ],
    [
      26.034313201904297,
      15.605774879455566,
      29.811569213867188,
      22.22426414489746,
      31.808483123779297,
      28.60133171081543,
      34.84054183959961,
      27.541654586791992,
      51.45365524291992,
      46.37925338745117,
      65.88304138183594,
      59.604068756103516,
      81.61703491210938,
      68.73340606689453,
      69.96592712402344,
      66.25636291503906,
      68.13321685791016,
      70.57156372070312
    ],
    [
      28.394229888916016,
      16.550064086914062,
      31.595067977905273,
      23.058345794677734,
      29.76835060119629,
      31.17205047607422,
      34.12263488769531,
      30.199281692504883,
      47.80074691772461,
      51.37826156616211,
      59.99750518798828,
      67.69196319580078,
      68.73340606689453,
      84.42461395263672,
      72.20061492919922,
      80.91508483886719,
      78.08930206298828,
      86.5781478881836
    ],
    [
      25.23224639892578,
      13.336394309997559,
      26.115108489990234,
      19.32880401611328,
      24.499332427978516,
      23.246618270874023,
      26.376365661621094,
      22.394407272338867,
      41.62921905517578,
      42.34464645385742,
      53.14144515991211,
      55.041358947753906,
      69.96592712402344,
      72.20061492919922,
      95.89740753173828,
      87.12068939208984,
      96.45671081542969,
      91.95794677734375
    ],
    [
      27.895904541015625,
      14.36455249786377,
      29.73340606689453,
      21.08115005493164,
      26.196996688842773,
      26.267988204956055,
      28.03110694885254,
      25.13419532775879,
      42.14044189453125,
      47.3814811706543,
      53.31873321533203,
      63.22364044189453,
      66.25636291503906,
      80.91508483886719,
      87.12068939208984,
      101.02874755859375,
      99.6202392578125,
      103.94046020507812
    ],
    [
      31.517066955566406,
      15.499465942382812,
      30.457181930541992,
      21.74810218811035,
      25.30172348022461,
      25.719223022460938,
      27.568090438842773,
      25.202634811401367,
      40.274620056152344,
      46.158775329589844,
      52.0743408203125,
      60.41637420654297,
      68.13321685791016,
      78.08930206298828,
      96.45671081542969,
      99.6202392578125,
      128.1092987060547,
      123.39576721191406
    ],
    [
      40.4240608215332,
      24.32233238220215,
      38.74668884277344,
      30.465106964111328,
      30.886751174926758,
      32.01039505004883,
      32.32753372192383,
      29.673362731933594,
      45.636165618896484,
      53.015010833740234,
      58.31156539916992,
      71.48161315917969,
      70.57156372070312,
      86.5781478881836,
      91.95794677734375,
      103.94046020507812,
      123.39576721191406,
      169.0644073486328
    ]
  ],
  "damage": -4.398515701293945,
  "diff_bandwidth": 454.8854675292969,
  "dissonance": 8.799322705393317,
  "drr": 13.883350372314453,
  "dynamics": 3.516741991043091,
  "format": 65538,
  "frames": 11485287,
  "freq_pan_to_db": [
    [
      -12.90023422241211,
      -13.69641399383545,
      -11.929001808166504,
      -10.424822807312012,
      -8.130455017089844,
      -6.743651866912842,
      -3.161991596221924,
      -6.719388961791992,
      -9.954207420349121,
      -11.828056335449219,
      -12.336714744567871
    ],
    [
      -12.47203254699707,
      -13.549131393432617,
      -11.159412384033203,
      -8.021445274353027,
      -5.039989471435547,
      -6.607537746429443,
      -7.840599060058594,
      -10.240498542785645,
      -11.378290176391602,
      -13.143485069274902,
      -14.741063117980957
    ],
    [
      -18.105085372924805,
      -16.44618034362793,
      -11.240541458129883,
      -7.826688289642334,
      -7.099390506744385,
      -8.825913429260254,
      -8.273432731628418,
      -10.374338150024414,
      -13.750446319580078,
      -17.52301597595215,
      -20.87413787841797
    ],
    [
      -24.61598014831543,
      -22.57233428955078,
      -16.483423233032227,
      -11.590598106384277,
      -9.791863441467285,
      -10.286130905151367,
      -10.127847671508789,
      -14.479263305664062,
      -20.755659103393555,
      -26.686277389526367,
      -27.852733612060547
    ],
    [
      -28.373291015625,
      -26.553884506225586,
      -19.670429229736328,
      -14.175946235656738,
      -8.230323791503906,
      -10.149470329284668,
      -10.734889030456543,
      -15.956317901611328,
      -21.557464599609375,
      -25.2360897064209,
      -26.33759117126465
    ],
    [
      -28.971864700317383,
      -25.44786834716797,
      -19.204120635986328,
      -14.859517097473145,
      -10.610418319702148,
      -11.099783897399902,
      -12.681723594665527,
      -16.87079620361328,
      -21.4188232421875,
      -24.482715606689453,
      -27.763460159301758
    ],
    [
      -22.865903854370117,
      -22.592998504638672,
      -17.20243263244629,
      -13.952667236328125,
      -12.1206636428833,
      -12.97343635559082,
      -13.563165664672852,
      -16.447139739990234,
      -18.94200897216797,
      -20.744888305664062,
      -21.55077362060547
    ],
    [
      -20.088359832763672,
      -21.049842834472656,
      -18.178985595703125,
      -15.782038688659668,
      -14.187315940856934,
      -16.047367095947266,
      -16.755069732666016,
      -18.273902893066406,
      -18.920896530151367,
      -20.240814208984375,
      -19.847637176513672
    ],
    [
      -18.48440933227539,
      -19.740598678588867,
      -19.542186737060547,
      -18.802982330322266,
      -17.858444213867188,
      -17.695493698120117,
      -16.42352867126465,
      -18.027450561523438,
      -19.566173553466797,
      -20.473655700683594,
      -20.047489166259766
    ],
    [
      -18.479753494262695,
      -19.139951705932617,
      -19.525312423706055,
      -19.400142669677734,
      -18.779499053955078,
      -17.37837791442871,
      -14.470541954040527,
      -16.812946319580078,
      -17.65569305419922,
      -18.70506477355957,
      -17.4261474609375
    ],
    [
      -19.362707138061523,
      -19.881065368652344,
      -19.0449275970459,
      -18.693239212036133,
      -18.05814552307129,
      -16.611597061157227,
      -16.667434692382812,
      -18.84769058227539,
      -19.634061813354492,
      -19.074621200561523,
      -22.229446411132812
    ],
    [
      -15.688410758972168,
      -16.936283111572266,
      -16.909452438354492,
      -17.61139678955078,
      -17.478464126586914,
      -17.090490341186523,
      -15.725672721862793,
      -16.705062866210938,
      -16.969989776611328,
      -17.797922134399414,
      -17.610816955566406
    ],
    [
      -17.84986686706543,
      -17.682945251464844,
      -19.042171478271484,
      -19.506629943847656,
      -18.891685485839844,
      -18.83335304260254,
      -18.035757064819336,
      -18.602319717407227,
      -17.980684280395508,
      -18.703968048095703,
      -18.227718353271484
    ],
    [
      -15.647024154663086,
      -16.59213638305664,
      -17.64034080505371,
      -18.089298248291016,
      -19.810239791870117,
      -19.4793643951416,
      -18.439542770385742,
      -17.94473648071289,
      -17.49712562561035,
      -17.437253952026367,
      -17.552928924560547
    ],
    [
      -16.983179092407227,
      -17.60335350036621,
      -15.690125465393066,
      -16.70816421508789,
      -18.624422073364258,
      -17.22598648071289,
      -17.523483276367188,
      -15.915106773376465,
      -16.563444137573242,
      -17.264179229736328,
      -15.745016098022461
    ],
    [
      -18.646150588989258,
      -17.636207580566406,
      -11.712095260620117,
      -15.931214332580566,
      -18.39930534362793,
      -17.230995178222656,
      -17.139667510986328,
      -13.426872253417969,
      -12.91633415222168,
      -16.416963577270508,
      -17.261390686035156
    ],
    [
      -16.552759170532227,
      -15.916449546813965,
      -15.712806701660156,
      -15.241250991821289,
      -17.422510147094727,
      -18.252843856811523,
      -16.572025299072266,
      -16.16925621032715,
      -16.2962703704834,
      -16.17919158935547,
      -18.196067810058594
    ],
    [
      -17.504594802856445,
      -18.897302627563477,
      -19.88208770751953,
      -21.165157318115234,
      -21.034595489501953,
      -19.724002838134766,
      -20.40577507019043,
      -19.584260940551758,
      -20.126890182495117,
      -19.393718719482422,
      -21.233068466186523
    ],
    [
      -19.925626754760742,
      -20.937210083007812,
      -19.782649993896484,
      -20.367950439453125,
      -20.29352378845215,
      -20.4495849609375,
      -20.651309967041016,
      -20.272750854492188,
      -19.74732208251953,
      -20.607666015625,
      -21.06987762451172
    ],
    [
      -25.487947463989258,
      -23.41680908203125,
      -23.657466888427734,
      -23.53877830505371,
      -23.37081527709961,
      -21.986652374267578,
      -23.406522750854492,
      -23.626501083374023,
      -22.821823120117188,
      -23.685623168945312,
      -24.07147789001465
    ],
    [
      -23.78853416442871,
      -24.423484802246094,
      -24.272939682006836,
      -23.596229553222656,
      -23.507652282714844,
      -22.965511322021484,
      -24.336645126342773,
      -23.27912712097168,
      -24.849992752075195,
      -25.385147094726562,
      -24.872146606445312
    ],
    [
      -25.05712890625,
      -25.65186882019043,
      -24.86118507385254,
      -23.434667587280273,
      -24.2348690032959,
      -24.235700607299805,
      -25.628265380859375,
      -25.250022888183594,
      -25.975149154663086,
      -25.883132934570312,
      -28.290437698364258
    ],
    [
      -31.094343185424805,
      -27.896224975585938,
      -27.542648315429688,
      -27.713329315185547,
      -25.462411880493164,
      -25.433021545410156,
      -26.403810501098633,
      -27.339401245117188,
      -26.535499572753906,
      -26.81636619567871,
      -29.247238159179688
    ],
    [
      -26.768348693847656,
      -26.74858856201172,
      -27.585590362548828,
      -28.150848388671875,
      -27.482006072998047,
      -27.09256362915039,
      -27.87029266357422,
      -27.31471824645996,
      -27.325475692749023,
      -27.096485137939453,
      -26.872394561767578
    ],
    [
      -33.123409271240234,
      -31.423664093017578,
      -29.228593826293945,
      -28.627769470214844,
      -29.124874114990234,
      -29.865646362304688,
      -28.34565544128418,
      -28.478904724121094,
      -29.06130027770996,
      -27.740375518798828,
      -30.073945999145508
    ],
    [
      -34.668575286865234,
      -29.860260009765625,
      -29.04907989501953,
      -29.14466667175293,
      -27.999103546142578,
      -27.871973037719727,
      -28.452497482299805,
      -28.84391212463379,
      -28.995079040527344,
      -27.939353942871094,
      -27.671316146850586
    ],
    [
      -41.34931182861328,
      -28.07781982421875,
      -27.662097930908203,
      -28.637462615966797,
      -27.63959312438965,
      -25.35318946838379,
      -27.822834014892578,
      -27.74764060974121,
      -27.2098445892334,
      -27.87167739868164,
      -27.04505729675293
    ],
    [
      -46.64640808105469,
      -29.088682174682617,
      -28.805099487304688,
      -29.279401779174805,
      -28.839635848999023,
      -28.743125915527344,
      -28.345598220825195,
      -28.63512420654297,
      -29.049543380737305,
      -29.315887451171875,
      -33.97902297973633
    ],
    [
      -48.30084228515625,
      -32.4135856628418,
      -30.386526107788086,
      -30.27097511291504,
      -30.044971466064453,
      -29.36003875732422,
      -29.297048568725586,
      -29.981487274169922,
      -29.89531135559082,
      -30.290313720703125,
      -33.684425354003906
    ],
    [
      -29.857364654541016,
      -34.062347412109375,
      -31.2072811126709,
      -30.705055236816406,
      -30.106830596923828,
      -29.977598190307617,
      -29.483177185058594,
      -30.346036911010742,
      -30.235239028930664,
      -29.78217887878418,
      -30.587474822998047
    ],
    [
      -46.769798278808594,
      -31.655906677246094,
      -33.19131088256836,
      -32.87138366699219,
      -31.912132263183594,
      -31.34177017211914,
      -30.892257690429688,
      -31.591835021972656,
      -31.587942123413086,
      -31.117807388305664,
      -31.83435821533203
    ],
    [
      -26.326583862304688,
      -35.408416748046875,
      -37.200435638427734,
      -33.94198226928711,
      -32.9698600769043,
      -32.10539245605469,
      -31.018049240112305,
      -31.35637092590332,
      -31.159406661987305,
      -30.81558609008789,
      -35.64921188354492
    ],
    [
      -24.994794845581055,
      -51.46562957763672,
      -38.61284637451172,
      -35.10779571533203,
      -33.57564163208008,
      -32.20249938964844,
      -31.18290138244629,
      -31.431018829345703,
      -31.39723777770996,
      -33.72920227050781,
      -30.797868728637695
    ],
    [
      -44.647125244140625,
      -53.23344039916992,
      -37.78806686401367,
      -34.42964553833008,
      -32.62890625,
      -31.907299041748047,
      -31.345346450805664,
      -31.505470275878906,
      -31.815553665161133,
      -40.129302978515625,
      -39.60367202758789
    ],
    [
      -47.96692657470703,
      -46.733070373535156,
      -32.02345275878906,
      -30.733835220336914,
      -30.59613609313965,
      -31.20079803466797,
      -30.851160049438477,
      -32.16020965576172,
      -31.9648380279541,
      -38.525455474853516,
      -39.95523452758789
    ],
    [
      -42.24969482421875,
      -44.120826721191406,
      -32.01095962524414,
      -32.38844299316406,
      -32.4671630859375,
      -32.5032958984375,
      -31.950801849365234,
      -33.63511657714844,
      -34.06123733520508,
      -38.87344741821289,
      -44.11845016479492
    ],
    [
      -51.61279296875,
      -47.4776496887207,
      -31.778491973876953,
      -32.91305923461914,
      -33.341617584228516,
      -33.73354721069336,
      -32.07053756713867,
      -32.90764236450195,
      -35.20687484741211,
      -43.00733947753906,
      -34.313716888427734
    ],
    [
      -58.04471969604492,
      -50.971435546875,
      -34.08662033081055,
      -34.998661041259766,
      -35.401084899902344,
      -35.898799896240234,
      -34.45048141479492,
      -34.90306091308594,
      -37.69831848144531,
      -41.44770050048828,
      -42.70954132080078
    ],
    [
      -58.940895080566406,
      -52.596336364746094,
      -40.991668701171875,
      -37.401336669921875,
      -36.88613510131836,
      -38.492828369140625,
      -37.59773254394531,
      -39.71173858642578,
      -42.309783935546875,
      -44.18157958984375,
      -48.27542495727539
    ],
    [
      -47.966983795166016,
      -64.89916229248047,
      -37.90291213989258,
      -37.174373626708984,
      -37.34465026855469,
      -39.613155364990234,
      -40.40169906616211,
      -43.481143951416016,
      -48.850128173828125,
      -54.360267639160156,
      -57.28821563720703
    ],
    [
      -370,
      -51.720359802246094,
      -41.015743255615234,
      -40.145328521728516,
      -38.71446990966797,
      -41.186649322509766,
      -44.86074447631836,
      -49.19563293457031,
      -55.59992218017578,
      -57.3556022644043,
      -370
    ],
    [
      -370,
      -74.99864959716797,
      -67.2869644165039,
      -65.40355682373047,
      -44.556427001953125,
      -42.100311279296875,
      -48.887611389160156,
      -59.177406311035156,
      -62.344505310058594,
      -63.645973205566406,
      -370
    ]
  ],
  "histogram": [
    {
      "db": -70,
      "frequency": 1
    },
    {
      "db": -69,
      "frequency": 0
    },
    {
      "db": -68,
      "frequency": 1
    },
    {
      "db": -67,
      "frequency": 0
    },
    {
      "db": -66,
      "frequency": 0
    },
    {
      "db": -65,
      "frequency": 0
    },
    {
      "db": -64,
      "frequency": 0
    },
    {
      "db": -63,
      "frequency": 0
    },
    {
      "db": -62,
      "frequency": 1
    },
    {
      "db": -61,
      "frequency": 0
    },
    {
      "db": -60,
      "frequency": 0
    },
    {
      "db": -59,
      "frequency": 0
    },
    {
      "db": -58,
      "frequency": 1
    },
    {
      "db": -57,
      "frequency": 0
    },
    {
      "db": -56,
      "frequency": 0
    },
    {
      "db": -55,
      "frequency": 0
    },
    {
      "db": -54,
      "frequency": 0
    },
    {
      "db": -53,
      "frequency": 1
    },
    {
      "db": -52,
      "frequency": 0
    },
    {
      "db": -51,
      "frequency": 0
    },
    {
      "db": -50,
      "frequency": 1
    },
    {
      "db": -49,
      "frequency": 0
    },
    {
      "db": -48,
      "frequency": 1
    },
    {
      "db": -47,
      "frequency": 1
    },
    {
      "db": -46,
      "frequency": 2
    },
    {
      "db": -45,
      "frequency": 1
    },
    {
      "db": -44,
      "frequency": 2
    },
    {
      "db": -43,
      "frequency": 1
    },
    {
      "db": -42,
      "frequency": 1
    },
    {
      "db": -41,
      "frequency": 1
    },
    {
      "db": -40,
      "frequency": 1
    },
    {
      "db": -39,
      "frequency": 0
    },
    {
      "db": -38,
      "frequency": 2
    },
    {
      "db": -37,
      "frequency": 0
    },
    {
      "db": -36,
      "frequency": 2
    },
    {
      "db": -35,
      "frequency": 0
    },
    {
      "db": -34,
      "frequency": 1
    },
    {
      "db": -33,
      "frequency": 0
    },
    {
      "db": -32,
      "frequency": 0
    },
    {
      "db": -31,
      "frequency": 0
    },
    {
      "db": -30,
      "frequency": 1
    },
    {
      "db": -29,
      "frequency": 0
    },
    {
      "db": -28,
      "frequency": 2
    },
    {
      "db": -27,
      "frequency": 1
    },
    {
      "db": -26,
      "frequency": 1
    },
    {
      "db": -25,
      "frequency": 2
    },
    {
      "db": -24,
      "frequency": 5
    },
    {
      "db": -23,
      "frequency": 7
    },
    {
      "db": -22,
      "frequency": 11
    },
    {
      "db": -21,
      "frequency": 9
    },
    {
      "db": -20,
      "frequency": 26
    },
    {
      "db": -19,
      "frequency": 18
    },
    {
      "db": -18,
      "frequency": 27
    },
    {
      "db": -17,
      "frequency": 27
    },
    {
      "db": -16,
      "frequency": 32
    },
    {
      "db": -15,
      "frequency": 41
    },
    {
      "db": -14,
      "frequency": 59
    },
    {
      "db": -13,
      "frequency": 98
    },
    {
      "db": -12,
      "frequency": 135
    },
    {
      "db": -11,
      "frequency": 247
    },
    {
      "db": -10,
      "frequency": 306
    },
    {
      "db": -9,
      "frequency": 368
    },
    {
      "db": -8,
      "frequency": 397
    },
    {
      "db": -7,
      "frequency": 355
    },
    {
      "db": -6,
      "frequency": 142
    },
    {
      "db": -5,
      "frequency": 20
    },
    {
      "db": -4,
      "frequency": 8
    },
    {
      "db": -3,
      "frequency": 0
    },
    {
      "db": -2,
      "frequency": 0
    },
    {
      "db": -1,
      "frequency": 0
    },
    {
      "db": 0,
      "frequency": 0
    },
    {
      "db": 1,
      "frequency": 0
    },
    {
      "db": 2,
      "frequency": 0
    },
    {
      "db": 3,
      "frequency": 0
    },
    {
