{
  "acoustic_entropy": 171.71133422851562,
  "bands": [
    {
      "high_freq": 148.1999969482422,
      "loudness": -21.497570037841797,
      "loudness_range": 18.247798919677734,
      "mid_mean": -18.268478393554688,
      "mid_to_side_loudness": -16.151981353759766,
      "mid_to_side_loudness_range": 12.802021026611328,
      "side_mean": -35.65742492675781
    },
    {
      "high_freq": 392.3793640136719,
      "loudness": -21.67748260498047,
      "loudness_range": 10.755229949951172,
      "low_freq": 148.1999969482422,
      "mid_mean": -18.186138153076172,
      "mid_to_side_loudness": -15.434907913208008,
      "mid_to_side_loudness_range": 8.7384672164917,
      "side_mean": -34.060401916503906
    },
    {
      "high_freq": 794.6976318359375,
      "loudness": -27.856918334960938,
      "loudness_range": 12.576385498046875,
      "low_freq": 392.3793640136719,
      "mid_mean": -25.266231536865234,
      "mid_to_side_loudness": -7.344470024108887,
      "mid_to_side_loudness_range": 11.768274307250977,
      "side_mean": -32.6315803527832
    },
    {
      "high_freq": 1457.5709228515625,
      "loudness": -28.32006072998047,
      "loudness_range": 19.525075912475586,
      "low_freq": 794.6976318359375,
      "mid_mean": -26.549488067626953,
      "mid_to_side_loudness": -5.137129306793213,
      "mid_to_side_loudness_range": 11.685766220092773,
      "side_mean": -31.44862174987793
    },
    {
      "high_freq": 2549.74365234375,
      "loudness": -30.800973892211914,
      "loudness_range": 18.361881256103516,
      "low_freq": 1457.5709228515625,
      "mid_mean": -28.517580032348633,
      "mid_to_side_loudness": -5.772799015045166,
      "mid_to_side_loudness_range": 9.347575187683105,
      "side_mean": -34.277957916259766
    },
    {
      "high_freq": 4349.24462890625,
      "loudness": -32.464393615722656,
      "loudness_range": 16.013099670410156,
      "low_freq": 2549.74365234375,
      "mid_mean": -29.77725601196289,
      "mid_to_side_loudness": -6.945234298706055,
      "mid_to_side_loudness_range": 9.05296516418457,
      "side_mean": -36.72992706298828
    },
    {
      "high_freq": 7314.1640625,
      "loudness": -32.36824035644531,
      "loudness_range": 13.518016815185547,
      "low_freq": 4349.24462890625,
      "mid_mean": -29.70143699645996,
      "mid_to_side_loudness": -6.58034610748291,
      "mid_to_side_loudness_range": 8.291664123535156,
      "side_mean": -36.24093246459961
    },
    {
      "high_freq": 12199.2666015625,
      "loudness": -33.78981399536133,
      "loudness_range": 13.00836181640625,
      "low_freq": 7314.1640625,
      "mid_mean": -31.005151748657227,
      "mid_to_side_loudness": -7.051050186157227,
      "mid_to_side_loudness_range": 6.127891540527344,
      "side_mean": -38.08047866821289
    },
    {
      "loudness": -40.06406021118164,
      "loudness_range": 14.954490661621094,
      "low_freq": 12199.2666015625,
      "mid_mean": -37.355098724365234,
      "mid_to_side_loudness": -6.362835884094238,
      "mid_to_side_loudness_range": 3.884500026702881,
      "side_mean": -43.714439392089844
    }
  ],
  "bands_short": [
    {
      "high_freq": 148.1999969482422,
      "loudness": -27.492290496826172,
      "loudness_range": 30.138370513916016,
      "mid_mean": -24.942354202270508,
      "mid_to_side_loudness": -12.87397289276123,
      "mid_to_side_loudness_range": 22.125225067138672,
      "side_mean": -38.97457504272461
    },
    {
      "high_freq": 392.3793640136719,
      "loudness": -22.853572845458984,
      "loudness_range": 21.273983001708984,
      "low_freq": 148.1999969482422,
      "mid_mean": -19.89426040649414,
      "mid_to_side_loudness": -14.36539077758789,
      "mid_to_side_loudness_range": 16.824119567871094,
      "side_mean": -35.31742477416992
    },
    {
      "high_freq": 794.6976318359375,
      "loudness": -29.453895568847656,
      "loudness_range": 18.324420928955078,
      "low_freq": 392.3793640136719,
      "mid_mean": -27.38241195678711,
      "mid_to_side_loudness": -7.161128997802734,
      "mid_to_side_loudness_range": 14.794488906860352,
      "side_mean": -34.6834602355957
    },
    {
      "high_freq": 1457.5709228515625,
      "loudness": -29.123878479003906,
      "loudness_range": 23.283016204833984,
      "low_freq": 794.6976318359375,
      "mid_mean": -27.88203239440918,
      "mid_to_side_loudness": -4.59341287612915,
      "mid_to_side_loudness_range": 14.930511474609375,
      "side_mean": -32.208248138427734
    },
    {
      "high_freq": 2549.74365234375,
      "loudness": -32.62672805786133,
      "loudness_range": 22.822858810424805,
      "low_freq": 1457.5709228515625,
      "mid_mean": -30.844358444213867,
      "mid_to_side_loudness": -5.67238187789917,
      "mid_to_side_loudness_range": 12.798553466796875,
      "side_mean": -36.68444061279297
    },
    {
      "high_freq": 4349.24462890625,
      "loudness": -35.065608978271484,
      "loudness_range": 24.302656173706055,
      "low_freq": 2549.74365234375,
      "mid_mean": -32.77599334716797,
      "mid_to_side_loudness": -6.904256820678711,
      "mid_to_side_loudness_range": 12.140206336975098,
      "side_mean": -39.864131927490234
    },
    {
      "high_freq": 7314.1640625,
      "loudness": -34.77197265625,
      "loudness_range": 23.368181228637695,
      "low_freq": 4349.24462890625,
      "mid_mean": -32.8171272277832,
      "mid_to_side_loudness": -6.633927822113037,
      "mid_to_side_loudness_range": 12.46202278137207,
      "side_mean": -39.397945404052734
    },
    {
      "high_freq": 12199.2666015625,
      "loudness": -37.36898422241211,
      "loudness_range": 26.171571731567383,
      "low_freq": 7314.1640625,
      "mid_mean": -35.37488555908203,
      "mid_to_side_loudness": -7.192163467407227,
      "mid_to_side_loudness_range": 9.96487808227539,
      "side_mean": -42.673160552978516
    },
    {
      "loudness": -45.016414642333984,
      "loudness_range": 30.458459854125977,
      "low_freq": 12199.2666015625,
      "mid_mean": -44.000709533691406,
      "mid_to_side_loudness": -6.638535022735596,
      "mid_to_side_loudness_range": 8.813655853271484,
      "side_mean": -52.54579162597656
    }
  ],
  "bandwidth": 376.84564208984375,
  "channels": 2,
  "covariance": [
    [
      54.374080657958984,
      35.12232971191406,
      18.279579162597656,
      12.541179656982422,
      11.014497756958008,
      15.432310104370117,
      14.618508338928223,
      16.957080841064453,
      10.15867805480957,
      8.953495025634766,
      8.489327430725098,
      6.985281467437744,
      8.301487922668457,
      7.545062065124512,
      4.886785984039307,
      4.806392192840576,
      -0.37788715958595276,
      1.7034350633621216
    ],
    [
      35.12232971191406,
      41.286476135253906,
      14.133414268493652,
      10.68873119354248,
      10.719828605651855,
      15.875580787658691,
      17.00091552734375,
      18.699853897094727,
      14.012619018554688,
      10.743189811706543,
      9.041461944580078,
      7.54396915435791,
      8.905186653137207,
      7.8629255294799805,
      5.447432994842529,
      4.967498302459717,
      0.41982507705688477,
      2.1295323371887207
    ],
    [
      18.279579162597656,
      14.133414268493652,
      20.550870895385742,
      14.407008171081543,
      15.140511512756348,
      17.791440963745117,
      16.437585830688477,
      17.56449317932129,
      16.210765838623047,
      16.003522872924805,
      13.96651554107666,
      14.035887718200684,
      11.59433650970459,
      11.852232933044434,
      8.504213333129883,
      9.531421661376953,
      6.212074279785156,
      7.7072930335998535
    ],
    [
      12.541179656982422,
      10.68873119354248,
      14.407008171081543,
      16.89508628845215,
      12.731526374816895,
      16.570730209350586,
      14.152129173278809,
      15.18570613861084,
      13.949536323547363,
      13.922944068908691,
      12.724625587463379,
      12.88300895690918,
      10.180377960205078,
      10.608189582824707,
      6.585732460021973,
      7.870344638824463,
      4.474184513092041,
      5.8117804527282715
    ],
    [
      11.014497756958008,
      10.719828605651855,
      15.140511512756348,
      12.731526374816895,
      24.581995010375977,
      25.938892364501953,
      25.314517974853516,
      22.94220733642578,
      24.79474449157715,
      21.49729347229004,
      20.445955276489258,
      18.194726943969727,
      16.19801902770996,
      14.509445190429688,
      10.639233589172363,
      11.045084953308105,
      7.446030139923096,
      8.321858406066895
    ],
    [
      15.432310104370117,
      15.875580787658691,
      17.791440963745117,
      16.570730209350586,
      25.938892364501953,
      45.15419387817383,
      39.72671127319336,
      48.52309799194336,
      31.988101959228516,
      33.87723159790039,
      22.418977737426758,
      23.25467300415039,
      18.320173263549805,
      19.705419540405273,
      12.754083633422852,
      14.601166725158691,
      9.6758451461792,
      11.312444686889648
    ],
    [
      14.618508338928223,
      17.00091552734375,
      16.437585830688477,
      14.152129173278809,
      25.314517974853516,
      39.72671127319336,
      53.343509674072266,
      53.155426025390625,
      39.506996154785156,
      37.612945556640625,
      27.892248153686523,
      26.1102294921875,
      21.97150230407715,
      22.092405319213867,
      14.782809257507324,
      16.28373908996582,
      11.172842025756836,
      12.570117950439453
    ],
    [
      16.957080841064453,
      18.699853897094727,
      17.56449317932129,
      15.18570613861084,
      22.94220733642578,
      48.52309799194336,
      53.155426025390625,
      74.90399932861328,
      36.92558670043945,
      42.902400970458984,
      21.98253059387207,
      25.51738739013672,
      18.607126235961914,
      22.569515228271484,
      14.433456420898438,
      17.208126068115234,
      11.83263874053955,
      13.740345001220703
    ],
    [
      10.15867805480957,
      14.012619018554688,
      16.210765838623047,
      13.949536323547363,
      24.79474449157715,
      31.988101959228516,
      39.506996154785156,
      36.92558670043945,
      47.65237045288086,
      38.96738815307617,
      34.09160614013672,
      29.875486373901367,
      27.42278289794922,
      25.987239837646484,
      18.287368774414062,
      19.8151798248291,
      14.435080528259277,
      15.867918014526367
    ],
    [
      8.953495025634766,
      10.743189811706543,
      16.003522872924805,
      13.922944068908691,
      21.49729347229004,
      33.87723159790039,
      37.612945556640625,
      42.902400970458984,
      38.96738815307617,
      42.489009857177734,
      28.156038284301758,
      31.765552520751953,
      22.95246124267578,
      27.025163650512695,
      17.41619873046875,
      20.825557708740234,
      14.910202026367188,
      17.054922103881836
    ],
    [
      8.489327430725098,
      9.041461944580078,
      13.96651554107666,
      12.724625587463379,
      20.445955276489258,
      22.418977737426758,
      27.892248153686523,
      21.98253059387207,
      34.09160614013672,
      28.156038284301758,
      35.22136688232422,
      30.93105697631836,
      27.25042152404785,
      25.56348419189453,
      17.409940719604492,
      19.63994789123535,
      12.888423919677734,
      14.687250137329102
    ],
    [
      6.985281467437744,
      7.54396915435791,
      14.035887718200684,
      12.88300895690918,
      18.194726943969727,
      23.25467300415039,
      26.1102294921875,
      25.51738739013672,
      29.875486373901367,
      31.765552520751953,
      30.93105697631836,
      36.93040084838867,
      24.460514068603516,
      30.58741569519043,
      18.690610885620117,
      24.166250228881836,
      15.367074966430664,
      18.702714920043945
    ],
    [
      8.301487922668457,
      8.905186653137207,
      11.59433650970459,
      10.180377960205078,
      16.19801902770996,
      18.320173263549805,
      21.97150230407715,
      18.607126235961914,
      27.42278289794922,
      22.95246124267578,
      27.25042152404785,
      24.460514068603516,
      26.67803382873535,
      24.78806495666504,
      20.09333038330078,
      21.149272918701172,
      16.86203384399414,
      17.619009017944336
    ],
    [
      7.545062065124512,
      7.8629255294799805,
      11.852232933044434,
      10.608189582824707,
      14.509445190429688,
      19.705419540405273,
      22.092405319213867,
      22.569515228271484,
      25.987239837646484,
      27.025163650512695,
      25.56348419189453,
      30.58741569519043,
      24.78806495666504,
      32.77214050292969,
      23.160661697387695,
      28.348051071166992,
      22.229591369628906,
      24.802764892578125
    ],
    [
      4.886785984039307,
      5.447432994842529,
      8.504213333129883,
      6.585732460021973,
      10.639233589172363,
      12.754083633422852,
      14.782809257507324,
      14.433456420898438,
      18.287368774414062,
      17.41619873046875,
      17.409940719604492,
      18.690610885620117,
      20.09333038330078,
      23.160661697387695,
      25.259540557861328,
      25.46774673461914,
      25.19171714782715,
      24.364757537841797
    ],
    [
      4.806392192840576,
      4.967498302459717,
      9.531421661376953,
      7.870344638824463,
      11.045084953308105,
      14.601166725158691,
      16.28373908996582,
      17.208126068115234,
      19.8151798248291,
      20.825557708740234,
      19.63994789123535,
      24.166250228881836,
      21.149272918701172,
      28.348051071166992,
      25.46774673461914,
      30.677242279052734,
      28.326398849487305,
      29.323219299316406
    ],
    [
      -0.37788715958595276,
      0.41982507705688477,
      6.212074279785156,
      4.474184513092041,
      7.446030139923096,
      9.6758451461792,
      11.172842025756836,
      11.83263874053955,
      14.435080528259277,
      14.910202026367188,
      12.888423919677734,
      15.367074966430664,
      16.86203384399414,
      22.229591369628906,
      25.19171714782715,
      28.326398849487305,
      34.565486907958984,
      32.39659118652344
    ],
    [
      1.7034350633621216,
      2.1295323371887207,
      7.7072930335998535,
      5.8117804527282715,
      8.321858406066895,
      11.312444686889648,
      12.570117950439453,
      13.740345001220703,
      15.867918014526367,
      17.054922103881836,
      14.687250137329102,
      18.702714920043945,
      17.619009017944336,
      24.802764892578125,
      24.364757537841797,
      29.323219299316406,
      32.39659118652344,
      32.746063232421875
    ]
  ],
  "covariance_short": [
    [
      116.63359069824219,
      58.104305267333984,
      63.94525146484375,
      41.74018859863281,
      34.928104400634766,
      29.140092849731445,
      28.334474563598633,
      27.56774139404297,
      31.400522232055664,
      30.186243057250977,
      31.222103118896484,
      32.49936294555664,
      28.37436294555664,
      30.60805320739746,
      27.923328399658203,
      30.665172576904297,
      34.4702033996582,
      40.50069046020508
    ],
    [
      58.104305267333984,
      62.72170639038086,
      33.40336990356445,
      27.341293334960938,
      19.204605102539062,
      19.4244327545166,
      19.442995071411133,
      20.998764038085938,
      19.770666122436523,
      19.05316734313965,
      17.30392074584961,
      18.448486328125,
      16.73338508605957,
      17.907690048217773,
      14.894392967224121,
      16.212255477905273,
      17.72732925415039,
      24.562440872192383
    ],
    [
      63.94525146484375,
      33.40336990356445,
      72.13451385498047,
      42.486915588378906,
      42.02470779418945,
      35.3076057434082,
      29.1962890625,
      26.31561279296875,
      35.501094818115234,
      33.9129753112793,
      37.29033279418945,
      36.30889892578125,
      31.67151641845703,
      33.7212028503418,
      28.471710205078125,
      32.586151123046875,
      33.565887451171875,
      39.02570343017578
    ],
    [
      41.74018859863281,
      27.341293334960938,
      42.486915588378906,
      43.97650146484375,
      29.360124588012695,
      27.248981475830078,
      21.398649215698242,
      19.62811279296875,
      26.407222747802734,
      25.4354305267334,
      28.598175048828125,
      28.15113067626953,
      23.954797744750977,
      24.810707092285156,
      21.355262756347656,
      23.406429290771484,
      24.137109756469727,
      30.88852310180664
    ],
    [
      34.928104400634766,
      19.204605102539062,
      42.02470779418945,
      29.360124588012695,
      56.0695915222168,
      42.79021072387695,
      40.44480895996094,
      33.43291473388672,
      42.85751724243164,
      36.654808044433594,
      41.22164535522461,
      35.91246795654297,
      33.09215545654297,
      31.04340934753418,
      25.852876663208008,
      28.097597122192383,
      27.138507843017578,
      31.05916976928711
    ],
    [
      29.140092849731445,
      19.4244327545166,
      35.3076057434082,
      27.248981475830078,
      42.79021072387695,
      60.155452728271484,
      48.256141662597656,
      56.30904769897461,
      42.4301643371582,
      46.5689811706543,
      34.84429168701172,
      37.666404724121094,
      29.649930953979492,
      32.750003814697266,
      24.506450653076172,
      28.377756118774414,
      27.739667892456055,
      32.129356384277344
    ],
    [
      28.334474563598633,
      19.442995071411133,
      29.1962890625,
      21.398649215698242,
      40.44480895996094,
      48.256141662597656,
      74.13506317138672,
      67.1256332397461,
      51.149539947509766,
      48.51445388793945,
      41.80772018432617,
      39.798553466796875,
      35.600006103515625,
      34.994483947753906,
      27.199356079101562,
      29.52914047241211,
      28.92170524597168,
      31.755781173706055
    ],
    [
      27.56774139404297,
      20.998764038085938,
      26.31561279296875,
      19.62811279296875,
      33.43291473388672,
      56.30904769897461,
      67.1256332397461,
      94.8703384399414,
      45.47639846801758,
      53.538516998291016,
      31.553577423095703,
      37.317195892333984,
      28.416593551635742,
      31.564905166625977,
      23.565885543823242,
      27.156085968017578,
      27.122949600219727,
      29.782011032104492
    ],
    [
      31.400522232055664,
      19.770666122436523,
      35.501094818115234,
      26.407222747802734,
      42.85751724243164,
      42.4301643371582,
      51.149539947509766,
      45.47639846801758,
      76.64363861083984,
      61.51192855834961,
      60.50957107543945,
      51.863677978515625,
      52.364810943603516,
      48.329471588134766,
      42.44370651245117,
      43.114532470703125,
      41.51271438598633,
      44.32047653198242
    ],
    [
      30.186243057250977,
      19.05316734313965,
      33.9129753112793,
      25.4354305267334,
      36.654808044433594,
      46.5689811706543,
      48.51445388793945,
      53.538516998291016,
      61.51192855834961,
      73.9281005859375,
      52.49391174316406,
      57.082820892333984,
      47.53889846801758,
      52.55833435058594,
      43.15446472167969,
      48.85676193237305,
      47.41389465332031,
      51.54857635498047
    ],
    [
      31.222103118896484,
      17.30392074584961,
      37.29033279418945,
      28.598175048828125,
      41.22164535522461,
      34.84429168701172,
      41.80772018432617,
      31.553577423095703,
      60.50957107543945,
      52.49391174316406,
      78.69126892089844,
      65.23905181884766,
      66.94507598876953,
      60.83203887939453,
      54.27774429321289,
      55.15414047241211,
      53.586429595947266,
      56.60226821899414
    ],
    [
      32.49936294555664,
      18.448486328125,
      36.30889892578125,
      28.15113067626953,
      35.91246795654297,
      37.666404724121094,
      39.798553466796875,
      37.317195892333984,
      51.863677978515625,
      57.082820892333984,
      65.23905181884766,
      76.00285339355469,
      60.378196716308594,
      69.2772445678711,
      56.166412353515625,
      65.97595977783203,
      62.365386962890625,
      70.04927062988281
    ],
    [
      28.37436294555664,
      16.73338508605957,
      31.67151641845703,
      23.954797744750977,
      33.09215545654297,
      29.649930953979492,
      35.600006103515625,
      28.416593551635742,
      52.364810943603516,
      47.53889846801758,
      66.94507598876953,
      60.378196716308594,
      82.17752838134766,
      69.27521514892578,
      70.72804260253906,
      67.82658386230469,
      69.64260864257812,
      68.60094451904297
    ],
    [
      30.60805320739746,
      17.907690048217773,
      33.7212028503418,
      24.810707092285156,
      31.04340934753418,
      32.750003814697266,
      34.994483947753906,
      31.564905166625977,
      48.329471588134766,
      52.55833435058594,
      60.83203887939453,
      69.2772445678711,
      69.27521514892578,
      85.84455871582031,
      73.06806945800781,
      83.45238494873047,
      80.33689880371094,
      85.25070190429688
    ],
    [
      27.923328399658203,
      14.894392967224121,
      28.471710205078125,
      21.355262756347656,
      25.852876663208008,
      24.506450653076172,
      27.199356079101562,
      23.565885543823242,
      42.44370651245117,
      43.15446472167969,
      54.27774429321289,
      56.166412353515625,
      70.72804260253906,
      73.06806945800781,
      96.32736206054688,
      87.94877624511719,
      97.91866302490234,
      90.17200469970703
    ],
    [
      30.665172576904297,
      16.212255477905273,
      32.586151123046875,
      23.406429290771484,
      28.097597122192383,
      28.377756118774414,
      29.52914047241211,
      27.156085968017578,
      43.114532470703125,
      48.85676193237305,
      55.15414047241211,
      65.97595977783203,
      67.82658386230469,
      83.45238494873047,
      87.94877624511719,
      103.9894027709961,
      103.11561584472656,
      104.22343444824219
    ],
    [
      34.4702033996582,
      17.72732925415039,
      33.565887451171875,
      24.137109756469727,
      27.138507843017578,
      27.739667892456055,
      28.92170524597168,
      27.122949600219727,
      41.51271438598633,
      47.41389465332031,
      53.586429595947266,
      62.365386962890625,
      69.64260864257812,
      80.33689880371094,
      97.91866302490234,
      103.11561584472656,
      131.1256866455078,
      122.04273986816406
    ],
    [
      40.50069046020508,
      24.562440872192383,
      39.02570343017578,
      30.88852310180664,
      31.05916976928711,
      32.129356384277344,
      31.755781173706055,
      29.782011032104492,
      44.32047653198242,
      51.54857635498047,
      56.60226821899414,
      70.04927062988281,
      68.60094451904297,
      85.25070190429688,
      90.17200469970703,
      104.22343444824219,
      122.04273986816406,
      150.7468719482422
    ]
  ],
  "damage": -6.465681552886963,
  "diff_bandwidth": 363.08392333984375,
  "dissonance": 8.470625213806848,
  "drr": 13.402244567871094,
  "dynamics": 3.8268487453460693,
  "format": 65538,
  "frames": 11485287,
  "freq_pan_to_db": [
    [
      -15.885204315185547,
      -16.2883243560791,
      -14.629616737365723,
      -12.963543891906738,
      -9.486679077148438,
      -7.061911582946777,
      -5.7180352210998535,
      -10.362548828125,
      -13.243398666381836,
      -15.004152297973633,
      -15.56332778930664
    ],
    [
      -15.806770324707031,
      -16.236543655395508,
      -14.143067359924316,
      -11.388854026794434,
      -6.800259590148926,
      -7.813751220703125,
      -9.692920684814453,
      -13.0462646484375,
      -14.33324146270752,
      -16.297168731689453,
      -17.964786529541016
    ],
    [
      -22.05776023864746,
      -20.098054885864258,
      -15.312545776367188,
      -10.771330833435059,
      -8.716517448425293,
      -10.913481712341309,
      -10.750762939453125,
      -13.313589096069336,
      -16.795331954956055,
      -20.429311752319336,
      -23.685020446777344
    ],
    [
      -29.257312774658203,
      -26.013038635253906,
      -19.969146728515625,
      -15.387410163879395,
      -11.803986549377441,
      -12.717353820800781,
      -13.13864803314209,
      -18.679441452026367,
      -25.110246658325195,
      -30.469409942626953,
      -30.78374481201172
    ],
    [
      -34.05085372924805,
      -31.526826858520508,
      -24.07330894470215,
      -18.54486846923828,
      -10.929408073425293,
      -12.685714721679688,
      -14.084784507751465,
      -19.82494354248047,
      -24.97995948791504,
      -28.040639877319336,
      -30.44586944580078
    ],
    [
      -35.54456329345703,
      -30.129472732543945,
      -24.27766990661621,
      -19.02078628540039,
      -13.746150016784668,
      -13.970955848693848,
      -16.008586883544922,
      -21.021770477294922,
      -25.689790725708008,
      -29.657989501953125,
      -33.24385452270508
    ],
    [
      -29.3270320892334,
      -26.804786682128906,
      -23.128557205200195,
      -18.28787612915039,
      -15.598869323730469,
      -16.14299964904785,
      -17.17241859436035,
      -20.915557861328125,
      -23.02455711364746,
      -25.410282135009766,
      -27.483135223388672
    ],
    [
      -24.757837295532227,
      -25.219314575195312,
      -23.31296157836914,
      -20.282512664794922,
      -17.946069717407227,
      -19.34505271911621,
      -20.592727661132812,
      -22.146390914916992,
      -23.55572509765625,
      -25.114736557006836,
      -24.46068572998047
    ],
    [
      -22.825923919677734,
      -23.799625396728516,
      -24.621591567993164,
      -23.186784744262695,
      -21.951141357421875,
      -21.438169479370117,
      -19.98642921447754,
      -22.855287551879883,
      -23.979455947875977,
      -24.724159240722656,
      -24.282270431518555
    ],
    [
      -23.162235260009766,
      -23.385770797729492,
      -24.40860939025879,
      -23.822587966918945,
      -23.3177490234375,
      -21.32634925842285,
      -18.013778686523438,
      -21.29264259338379,
      -22.852901458740234,
      -22.548139572143555,
      -22.055343627929688
    ],
    [
      -24.009735107421875,
      -24.893909454345703,
      -23.904834747314453,
      -23.429672241210938,
      -23.036590576171875,
      -20.95336151123047,
      -20.95090103149414,
      -23.733505249023438,
      -24.58312225341797,
      -24.136266708374023,
      -27.88224983215332
    ],
    [
      -20.903669357299805,
      -21.890628814697266,
      -21.7874755859375,
      -22.346139907836914,
      -22.21074104309082,
      -21.617523193359375,
      -20.548643112182617,
      -21.81342315673828,
      -22.077301025390625,
      -22.631053924560547,
      -22.09981346130371
    ],
    [
      -22.014907836914062,
      -22.895517349243164,
      -24.138715744018555,
      -24.342500686645508,
      -23.754558563232422,
      -23.373722076416016,
      -22.878442764282227,
      -23.47686767578125,
      -22.972007751464844,
      -23.78965950012207,
      -23.250587463378906
    ],
    [
      -20.51845932006836,
      -21.526321411132812,
      -22.706357955932617,
      -22.96711540222168,
      -24.658689498901367,
      -23.966283798217773,
      -23.11591339111328,
      -22.77900505065918,
      -22.644672393798828,
      -22.447126388549805,
      -22.209671020507812
    ],
    [
      -21.564685821533203,
      -22.330570220947266,
      -20.24065589904785,
      -21.389921188354492,
      -23.392234802246094,
      -21.77752113342285,
      -22.05979347229004,
      -20.706737518310547,
      -21.18726921081543,
      -21.763233184814453,
      -20.38166618347168
    ],
    [
      -22.9149227142334,
      -21.80787467956543,
      -16.0817813873291,
      -20.599992752075195,
      -23.2163143157959,
      -21.879140853881836,
      -21.79846954345703,
      -18.40130043029785,
      -17.942529678344727,
      -20.597633361816406,
      -20.214235305786133
    ],
    [
      -21.455785751342773,
      -20.049381256103516,
      -19.91862678527832,
      -19.61705207824707,
      -22.284616470336914,
      -23.029558181762695,
      -21.4414005279541,
      -20.311344146728516,
      -21.11626625061035,
      -20.90338134765625,
      -22.294403076171875
    ],
    [
      -21.87071418762207,
      -23.257043838500977,
      -24.298940658569336,
      -25.690465927124023,
      -26.06870460510254,
      -24.64143943786621,
      -25.134510040283203,
      -24.309484481811523,
      -24.94700050354004,
      -24.199115753173828,
      -25.985841751098633
    ],
    [
      -25.154321670532227,
      -26.08355712890625,
      -24.974227905273438,
      -25.072973251342773,
      -25.420286178588867,
      -25.68848419189453,
      -25.420578002929688,
      -25.727127075195312,
      -24.92302894592285,
      -25.449527740478516,
      -27.29323959350586
    ],
    [
      -30.61558723449707,
      -29.179960250854492,
      -28.766639709472656,
      -28.427978515625,
      -28.354398727416992,
      -27.44691276550293,
      -28.475360870361328,
      -28.38295555114746,
      -27.742431640625,
      -28.74575424194336,
      -29.30216407775879
    ],
    [
      -27.417680740356445,
      -29.142114639282227,
      -29.721237182617188,
      -29.255651473999023,
      -28.76228141784668,
      -28.490097045898438,
      -29.564769744873047,
      -28.14356803894043,
      -30.402875900268555,
      -29.675247192382812,
      -28.07383918762207
    ],
    [
      -29.07884979248047,
      -31.259288787841797,
      -30.33905601501465,
      -28.464725494384766,
      -30.122941970825195,
      -29.644763946533203,
      -30.112489700317383,
      -30.555824279785156,
      -31.688180923461914,
      -31.349082946777344,
      -32.352455139160156
    ],
    [
      -35.861690521240234,
      -32.96904373168945,
      -33.0694580078125,
      -33.46632385253906,
      -30.9268798828125,
      -30.69228744506836,
      -31.707977294921875,
      -33.19123840332031,
      -31.607044219970703,
      -32.72010040283203,
      -32.210472106933594
    ],
    [
      -30.755756378173828,
      -32.15790939331055,
      -32.918460845947266,
      -33.159420013427734,
      -32.79468536376953,
      -31.947587966918945,
      -33.18544006347656,
      -32.180599212646484,
      -32.410396575927734,
      -31.994077682495117,
      -38.948116302490234
    ],
    [
      -38.32062911987305,
      -35.84525680541992,
      -33.889408111572266,
      -33.82923126220703,
      -34.05792999267578,
      -34.557857513427734,
      -33.34695816040039,
      -33.76182556152344,
      -34.27293395996094,
      -32.446102142333984,
      -38.26469039916992
    ],
    [
      -41.23310852050781,
      -35.86713790893555,
      -33.9715576171875,
      -34.012332916259766,
      -32.98589324951172,
      -32.57008743286133,
      -33.44052505493164,
      -33.76069259643555,
      -33.968013763427734,
      -33.451847076416016,
      -31.735694885253906
    ],
    [
      -42.888545989990234,
      -33.28138732910156,
      -32.63195037841797,
      -33.6201286315918,
      -32.70002746582031,
      -30.04941749572754,
      -32.7502326965332,
      -33.067352294921875,
      -32.30544662475586,
      -33.107704162597656,
      -32.44169235229492
    ],
    [
      -42.38227081298828,
      -33.43776321411133,
      -33.635955810546875,
      -33.5129508972168,
      -33.60424041748047,
      -33.08292007446289,
      -32.578426361083984,
      -33.0849494934082,
      -33.918495178222656,
      -34.420230865478516,
      -40.78545379638672
    ],
    [
      -36.25091552734375,
      -35.25975036621094,
      -34.18223190307617,
      -34.02739334106445,
      -33.5816535949707,
      -32.69479751586914,
      -32.73843002319336,
      -33.44255065917969,
      -33.72477722167969,
      -33.858985900878906,
      -34.87413024902344
    ],
    [
      -34.4803352355957,
      -36.93531036376953,
      -34.5201530456543,
      -33.97844314575195,
      -33.41752624511719,
      -32.95283126831055,
      -32.49201583862305,
      -33.53310012817383,
      -33.426231384277344,
      -32.930206298828125,
      -38.40621566772461
    ],
    [
      -49.18510818481445,
      -35.58770751953125,
      -36.467044830322266,
      -35.93730545043945,
      -35.30960464477539,
      -34.32536697387695,
      -34.06755447387695,
      -34.60773849487305,
      -34.64634323120117,
      -34.33577346801758,
      -40.72952651977539
    ],
    [
      -370,
      -40.5297966003418,
      -39.5492057800293,
      -37.802555084228516,
      -36.384765625,
      -35.155242919921875,
      -33.98874282836914,
      -34.48235321044922,
      -34.30794143676758,
      -33.76922607421875,
      -49.49456024169922
    ],
    [
      -370,
      -53.561397552490234,
      -42.905426025390625,
      -38.690589904785156,
      -37.25001907348633,
      -35.39590072631836,
      -34.18235397338867,
      -34.841556549072266,
      -35.005340576171875,
      -37.11024475097656,
      -38.90962219238281
    ],
    [
      -45.82428741455078,
      -51.57716369628906,
      -38.68047332763672,
      -38.644962310791016,
      -36.193389892578125,
      -35.283790588378906,
      -34.820465087890625,
      -34.980289459228516,
      -37.073753356933594,
      -44.46995162963867,
      -43.468475341796875
    ],
    [
      -52.051578521728516,
      -51.603477478027344,
      -37.26955795288086,
      -34.12664794921875,
      -33.95347595214844,
      -34.55062484741211,
      -34.57769775390625,
      -35.428768157958984,
      -37.524723052978516,
      -42.3984489440918,
      -44.022064208984375
    ],
    [
      -47.37165069580078,
      -47.67505645751953,
      -34.33906936645508,
      -36.3173942565918,
      -35.95235061645508,
      -35.87387466430664,
      -35.43705749511719,
      -37.667972564697266,
      -36.40864562988281,
      -39.81118392944336,
      -49.20932388305664
    ],
    [
      -55.627830505371094,
      -49.77234649658203,
      -36.199371337890625,
      -35.781124114990234,
      -36.779930114746094,
      -37.129940032958984,
      -35.43207931518555,
      -36.7495231628418,
      -40.096092224121094,
      -47.14287185668945,
      -37.68682861328125
    ],
    [
      -61.63959884643555,
      -55.16536331176758,
      -38.75947189331055,
      -37.64585876464844,
      -38.40815353393555,
      -38.72673416137695,
      -37.39567184448242,
      -38.6768684387207,
      -43.473045349121094,
      -44.195552825927734,
      -46.259925842285156
    ],
    [
      -63.567169189453125,
      -55.91435623168945,
      -48.579559326171875,
      -39.43806838989258,
      -38.63709259033203,
      -40.155059814453125,
      -39.4969482421875,
      -42.21078109741211,
      -45.427818298339844,
      -44.7750244140625,
      -51.119041442871094
    ],
    [
      -60.60248565673828,
      -66.88988494873047,
      -44.194923400878906,
      -38.55470657348633,
      -38.829898834228516,
      -41.138526916503906,
      -42.749847412109375,
      -45.446170806884766,
      -52.489749908447266,
      -56.63324737548828,
      -59.46395492553711
    ],
    [
      -370,
      -52.35996627807617,
      -50.49965286254883,
      -42.29247283935547,
      -40.05236053466797,
      -42.69379806518555,
      -48.020565032958984,
      -56.0864372253418,
      -58.299137115478516,
      -60.23079299926758,
      -370
    ],
    [
      -370,
      -370,
      -68.40231323242188,
      -66.38359832763672,
      -47.98707580566406,
      -43.527435302734375,
      -52.6632194519043,
      -67.3889389038086,
      -68.7737045288086,
      -63.68052673339844,
      -370
    ]
  ],
  "histogram": [
    {
      "db": -70,
      "frequency": 1
    },
    {
      "db": -69,
      "frequency": 0
    },
    {
      "db": -68,
      "frequency": 0
    },
    {
      "db": -67,
      "frequency": 0
    },
    {
      "db": -66,
      "frequency": 0
    },
    {
      "db": -65,
      "frequency": 0
    },
    {
      "db": -64,
      "frequency": 0
    },
    {
      "db": -63,
      "frequency": 0
    },
    {
      "db": -62,
      "frequency": 1
    },
    {
      "db": -61,
      "frequency": 1
    },
    {
      "db": -60,
      "frequency": 0
    },
    {
      "db": -59,
      "frequency": 0
    },
    {
      "db": -58,
      "frequency": 1
    },
    {
      "db": -57,
      "frequency": 0
    },
    {
      "db": -56,
      "frequency": 0
    },
    {
      "db": -55,
      "frequency": 1
    },
    {
      "db": -54,
      "frequency": 1
    },
    {
      "db": -53,
      "frequency": 2
    },
    {
      "db": -52,
      "frequency": 1
    },
    {
      "db": -51,
      "frequency": 2
    },
    {
      "db": -50,
      "frequency": 1
    },
    {
      "db": -49,
      "frequency": 0
    },
    {
      "db": -48,
      "frequency": 1
    },
    {
      "db": -47,
      "frequency": 1
    },
    {
      "db": -46,
      "frequency": 1
    },
    {
      "db": -45,
      "frequency": 0
    },
    {
      "db": -44,
      "frequency": 2
    },
    {
      "db": -43,
      "frequency": 0
    },
    {
      "db": -42,
      "frequency": 2
    },
    {
      "db": -41,
      "frequency": 0
    },
    {
      "db": -40,
      "frequency": 0
    },
    {
      "db": -39,
      "frequency": 1
    },
    {
      "db": -38,
      "frequency": 0
    },
    {
      "db": -37,
      "frequency": 0
    },
    {
      "db": -36,
      "frequency": 0
    },
    {
      "db": -35,
      "frequency": 0
    },
    {
      "db": -34,
      "frequency": 1
    },
    {
      "db": -33,
      "frequency": 1
    },
    {
      "db": -32,
      "frequency": 2
    },
    {
      "db": -31,
      "frequency": 0
    },
    {
      "db": -30,
      "frequency": 1
    },
    {
      "db": -29,
      "frequency": 3
    },
    {
      "db": -28,
      "frequency": 6
    },
    {
      "db": -27,
      "frequency": 6
    },
    {
      "db": -26,
      "frequency": 15
    },
    {
      "db": -25,
      "frequency": 18
    },
    {
      "db": -24,
      "frequency": 15
    },
    {
      "db": -23,
      "frequency": 23
    },
    {
      "db": -22,
      "frequency": 28
    },
    {
      "db": -21,
      "frequency": 25
    },
    {
      "db": -20,
      "frequency": 33
    },
    {
      "db": -19,
      "frequency": 33
    },
    {
      "db": -18,
      "frequency": 49
    },
    {
      "db": -17,
      "frequency": 75
    },
    {
      "db": -16,
      "frequency": 86
    },
    {
      "db": -15,
      "frequency": 170
    },
    {
      "db": -14,
      "frequency": 281
    },
    {
      "db": -13,
      "frequency": 299
    },
    {
      "db": -12,
      "frequency": 337
    },
    {
      "db": -11,
      "frequency": 372
    },
    {
      "db": -10,
      "frequency": 294
    },
    {
      "db": -9,
      "frequency": 125
    },
    {
      "db": -8,
      "frequency": 38
    },
    {
      "db": -7,
      "frequency": 9
    },
    {
      "db": -6,
      "frequency": 0
    },
    {
      "db": -5,
      "frequency": 0
    },
    {
      "db": -4,
      "frequency": 0
    },
    {
      "db": -3,
      "frequency": 0
    },
    {
      "db": -2,
      "frequency": 0
    },
    {
      "db": -1,
      "frequency": 0
    },
    {
      "db": 0,
      "frequency": 0
    },
    {
      "db": 1,
      "frequency": 0
    },
    {
      "db": 2,
      "frequency": 0
    },
    {
      "db": 3,
      "frequency": 0
    },
    {
      "db": 4,
      "frequency": 0
    },
    {
      "db": 5,
