{
  "acoustic_entropy": 174.7448272705078,
  "bands": [
    {
      "high_freq": 148.1999969482422,
      "loudness": -19.984628677368164,
      "loudness_range": 17.611000061035156,
      "mid_mean": -16.80146598815918,
      "mid_to_side_loudness": -16.037851333618164,
      "mid_to_side_loudness_range": 12.632205963134766,
      "side_mean": -34.064884185791016
    },
    {
      "high_freq": 392.3793640136719,
      "loudness": -19.96040916442871,
      "loudness_range": 10.464485168457031,
      "low_freq": 148.1999969482422,
      "mid_mean": -16.4634952545166,
      "mid_to_side_loudness": -15.27902603149414,
      "mid_to_side_loudness_range": 8.645353317260742,
      "side_mean": -32.17744445800781
    },
    {
      "high_freq": 794.6976318359375,
      "loudness": -26.01991844177246,
      "loudness_range": 12.31635856628418,
      "low_freq": 392.3793640136719,
      "mid_mean": -23.44245147705078,
      "mid_to_side_loudness": -7.2702789306640625,
      "mid_to_side_loudness_range": 11.720746994018555,
      "side_mean": -30.752216339111328
    },
    {
      "high_freq": 1457.5709228515625,
      "loudness": -26.457712173461914,
      "loudness_range": 19.46055793762207,
      "low_freq": 794.6976318359375,
      "mid_mean": -24.71578598022461,
      "mid_to_side_loudness": -5.102140426635742,
      "mid_to_side_loudness_range": 11.646998405456543,
      "side_mean": -29.60010528564453
    },
    {
      "high_freq": 2549.74365234375,
      "loudness": -28.93604850769043,
      "loudness_range": 18.27408790588379,
      "low_freq": 1457.5709228515625,
      "mid_mean": -26.645503997802734,
      "mid_to_side_loudness": -5.724386215209961,
      "mid_to_side_loudness_range": 9.324962615966797,
      "side_mean": -32.356224060058594
    },
    {
      "high_freq": 4349.24462890625,
      "loudness": -30.577198028564453,
      "loudness_range": 15.91311264038086,
      "low_freq": 2549.74365234375,
      "mid_mean": -27.913700103759766,
      "mid_to_side_loudness": -6.881141185760498,
      "mid_to_side_loudness_range": 8.99671459197998,
      "side_mean": -34.79103088378906
    },
    {
      "high_freq": 7314.1640625,
      "loudness": -30.4533748626709,
      "loudness_range": 13.476856231689453,
      "low_freq": 4349.24462890625,
      "mid_mean": -27.795473098754883,
      "mid_to_side_loudness": -6.5349531173706055,
      "mid_to_side_loudness_range": 8.308876037597656,
      "side_mean": -34.29834747314453
    },
    {
      "high_freq": 12199.2666015625,
      "loudness": -31.87200164794922,
      "loudness_range": 12.957735061645508,
      "low_freq": 7314.1640625,
      "mid_mean": -29.104862213134766,
      "mid_to_side_loudness": -7.012997150421143,
      "mid_to_side_loudness_range": 6.122857093811035,
      "side_mean": -36.13048553466797
    },
    {
      "loudness": -38.139068603515625,
      "loudness_range": 14.940191268920898,
      "low_freq": 12199.2666015625,
      "mid_mean": -35.448665618896484,
      "mid_to_side_loudness": -6.288381576538086,
      "mid_to_side_loudness_range": 3.8797450065612793,
      "side_mean": -41.71774673461914
    }
  ],
  "bands_short": [
    {
      "high_freq": 148.1999969482422,
      "loudness": -25.703767776489258,
      "loudness_range": 29.40235137939453,
      "mid_mean": -23.137187957763672,
      "mid_to_side_loudness": -12.846735954284668,
      "mid_to_side_loudness_range": 22.017671585083008,
      "side_mean": -37.137264251708984
    },
    {
      "high_freq": 392.3793640136719,
      "loudness": -21.044618606567383,
      "loudness_range": 20.638965606689453,
      "low_freq": 148.1999969482422,
      "mid_mean": -18.109416961669922,
      "mid_to_side_loudness": -14.306661605834961,
      "mid_to_side_loudness_range": 16.64850616455078,
      "side_mean": -33.42466354370117
    },
    {
      "high_freq": 794.6976318359375,
      "loudness": -27.56752586364746,
      "loudness_range": 18.120229721069336,
      "low_freq": 392.3793640136719,
      "mid_mean": -25.504398345947266,
      "mid_to_side_loudness": -7.1325812339782715,
      "mid_to_side_loudness_range": 14.726921081542969,
      "side_mean": -32.76871871948242
    },
    {
      "high_freq": 1457.5709228515625,
      "loudness": -27.248144149780273,
      "loudness_range": 23.149744033813477,
      "low_freq": 794.6976318359375,
      "mid_mean": -26.013734817504883,
      "mid_to_side_loudness": -4.572926998138428,
      "mid_to_side_loudness_range": 14.89538288116455,
      "side_mean": -30.31935691833496
    },
    {
      "high_freq": 2549.74365234375,
      "loudness": -30.723922729492188,
      "loudness_range": 22.718915939331055,
      "low_freq": 1457.5709228515625,
      "mid_mean": -28.95216178894043,
      "mid_to_side_loudness": -5.6384453773498535,
      "mid_to_side_loudness_range": 12.734930038452148,
      "side_mean": -34.74169158935547
    },
    {
      "high_freq": 4349.24462890625,
      "loudness": -33.138771057128906,
      "loudness_range": 24.166015625,
      "low_freq": 2549.74365234375,
      "mid_mean": -30.862682342529297,
      "mid_to_side_loudness": -6.851667404174805,
      "mid_to_side_loudness_range": 12.03355598449707,
      "side_mean": -37.87446212768555
    },
    {
      "high_freq": 7314.1640625,
      "loudness": -32.86025619506836,
      "loudness_range": 23.33705711364746,
      "low_freq": 4349.24462890625,
      "mid_mean": -30.89765167236328,
      "mid_to_side_loudness": -6.5828471183776855,
      "mid_to_side_loudness_range": 12.336204528808594,
      "side_mean": -37.40566635131836
    },
    {
      "high_freq": 12199.2666015625,
      "loudness": -35.46589660644531,
      "loudness_range": 26.170595169067383,
      "low_freq": 7314.1640625,
      "mid_mean": -33.451026916503906,
      "mid_to_side_loudness": -7.132972240447998,
      "mid_to_side_loudness_range": 9.830726623535156,
      "side_mean": -40.60285949707031
    },
    {
      "loudness": -43.192955017089844,
      "loudness_range": 30.589706420898438,
      "low_freq": 12199.2666015625,
      "mid_mean": -42.023765563964844,
      "mid_to_side_loudness": -6.558871269226074,
      "mid_to_side_loudness_range": 8.72115707397461,
      "side_mean": -50.95675277709961
    }
  ],
  "bandwidth": 395.7955627441406,
  "channels": 2,
  "covariance": [
    [
      52.5366325378418,
      34.07602310180664,
      17.464468002319336,
      12.449531555175781,
      11.10934066772461,
      15.841757774353027,
      15.1129789352417,
      17.4962215423584,
      10.705351829528809,
      9.390080451965332,
      9.000059127807617,
      7.532532691955566,
      8.584845542907715,
      7.889924049377441,
      5.07853889465332,
      5.2054595947265625,
      -0.23680639266967773,
      1.7964469194412231
    ],
    [
      34.07602310180664,
      41.2789306640625,
      13.630735397338867,
      10.724903106689453,
      10.757889747619629,
      16.35666275024414,
      17.710445404052734,
      19.62068748474121,
      14.871513366699219,
      11.522127151489258,
      9.684789657592773,
      8.220842361450195,
      9.344522476196289,
      8.690149307250977,
      5.967979907989502,
      5.483625411987305,
      0.6934835910797119,
      2.2277729511260986
    ],
    [
      17.464468002319336,
      13.630735397338867,
      19.57098388671875,
      13.948850631713867,
      14.383124351501465,
      17.237638473510742,
      15.909109115600586,
      17.02623176574707,
      15.549554824829102,
      15.347505569458008,
      13.648423194885254,
      13.724626541137695,
      11.143634796142578,
      11.538887023925781,
      8.247394561767578,
      9.259222984313965,
      5.9362006187438965,
      7.4306206703186035
    ],
    [
      12.449531555175781,
      10.724903106689453,
      13.948850631713867,
      16.60512351989746,
      12.359453201293945,
      16.504688262939453,
      14.108925819396973,
      15.258687973022461,
      13.59688663482666,
      13.575969696044922,
      12.5491304397583,
      12.697964668273926,
      9.912994384765625,
      10.42917251586914,
      6.458023548126221,
      7.703096866607666,
      4.299412727355957,
      5.6411662101745605
    ],
    [
      11.10934066772461,
      10.757889747619629,
      14.383124351501465,
      12.359453201293945,
      23.9372615814209,
      25.76053810119629,
      25.228836059570312,
      23.083181381225586,
      24.223684310913086,
      20.951231002807617,
      20.300403594970703,
      17.927236557006836,
      15.79321002960205,
      14.270927429199219,
      10.46821403503418,
      10.758299827575684,
      7.17763090133667,
      7.9520463943481445
    ],
    [
      15.841757774353027,
      16.35666275024414,
      17.237638473510742,
      16.504688262939453,
      25.76053810119629,
      45.061607360839844,
      40.177978515625,
      48.93104934692383,
      31.635662078857422,
      33.48994064331055,
      22.53595542907715,
      23.232406616210938,
      18.02608871459961,
      19.570880889892578,
      12.689105987548828,
      14.40491771697998,
      9.426651954650879,
      11.004335403442383
    ],
    [
      15.1129789352417,
      17.710445404052734,
      15.909109115600586,
      14.108925819396973,
      25.228836059570312,
      40.177978515625,
      53.47364807128906,
      53.578025817871094,
      39.16231918334961,
      37.235843658447266,
      28.142147064208984,
      26.30266571044922,
      21.88071632385254,
      22.190319061279297,
      14.909899711608887,
      16.448091506958008,
      11.105367660522461,
      12.430553436279297
    ],
    [
      17.4962215423584,
      19.62068748474121,
      17.02623176574707,
      15.258687973022461,
      23.083181381225586,
      48.93104934692383,
      53.578025817871094,
      75.13663482666016,
      37.121822357177734,
      42.978240966796875,
      22.33634376525879,
      25.93429946899414,
      18.6721134185791,
      22.726377487182617,
      14.568689346313477,
      17.16213035583496,
      11.673636436462402,
      13.589790344238281
    ],
    [
      10.705351829528809,
      14.871513366699219,
      15.549554824829102,
      13.59688663482666,
      24.223684310913086,
      31.635662078857422,
      39.16231918334961,
      37.121822357177734,
      47.038211822509766,
      38.42359924316406,
      33.56096649169922,
      29.526885986328125,
      27.052452087402344,
      25.93849754333496,
      18.231971740722656,
      19.610397338867188,
      14.29145336151123,
      15.548660278320312
    ],
    [
      9.390080451965332,
      11.522127151489258,
      15.347505569458008,
      13.575969696044922,
      20.951231002807617,
      33.48994064331055,
      37.235843658447266,
      42.978240966796875,
      38.42359924316406,
      41.945037841796875,
      27.704797744750977,
      31.440523147583008,
      22.629091262817383,
      26.974271774291992,
      17.404918670654297,
      20.663015365600586,
      14.798698425292969,
      16.817609786987305
    ],
    [
      9.000059127807617,
      9.684789657592773,
      13.648423194885254,
      12.5491304397583,
      20.300403594970703,
      22.53595542907715,
      28.142147064208984,
      22.33634376525879,
      33.56096649169922,
      27.704797744750977,
      35.18003845214844,
      30.801748275756836,
      26.916372299194336,
      25.590526580810547,
      17.590190887451172,
      19.614639282226562,
      12.993462562561035,
      14.591974258422852
    ],
    [
      7.532532691955566,
      8.220842361450195,
      13.724626541137695,
      12.697964668273926,
      17.927236557006836,
      23.232406616210938,
      26.30266571044922,
      25.93429946899414,
      29.526885986328125,
      31.440523147583008,
      30.801748275756836,
      36.8577766418457,
      24.226318359375,
      30.67994499206543,
      18.960664749145508,
      24.2032413482666,
      15.533151626586914,
      18.594938278198242
    ],
    [
      8.584845542907715,
      9.344522476196289,
      11.143634796142578,
      9.912994384765625,
      15.79321002960205,
      18.02608871459961,
      21.88071632385254,
      18.6721134185791,
      27.052452087402344,
      22.629091262817383,
      26.916372299194336,
      24.226318359375,
      26.423236846923828,
      24.73721694946289,
      20.13765525817871,
      20.97597312927246,
      16.737751007080078,
      17.322458267211914
    ],
    [
      7.889924049377441,
      8.690149307250977,
      11.538887023925781,
      10.42917251586914,
      14.270927429199219,
      19.570880889892578,
      22.190319061279297,
      22.726377487182617,
      25.93849754333496,
      26.974271774291992,
      25.590526580810547,
      30.67994499206543,
      24.73721694946289,
      32.803138732910156,
      23.01426124572754,
      28.18796157836914,
      22.136823654174805,
      24.347261428833008
    ],
    [
      5.07853889465332,
      5.967979907989502,
      8.247394561767578,
      6.458023548126221,
      10.46821403503418,
      12.689105987548828,
      14.909899711608887,
      14.568689346313477,
      18.231971740722656,
      17.404918670654297,
      17.590190887451172,
      18.960664749145508,
      20.13765525817871,
      23.01426124572754,
      25.33476448059082,
      25.505252838134766,
      25.27576446533203,
      24.263408660888672
    ],
    [
      5.2054595947265625,
      5.483625411987305,
      9.259222984313965,
      7.703096866607666,
      10.758299827575684,
      14.40491771697998,
      16.448091506958008,
      17.16213035583496,
      19.610397338867188,
      20.663015365600586,
      19.614639282226562,
      24.2032413482666,
      20.97597312927246,
      28.18796157836914,
      25.505252838134766,
      30.487478256225586,
      28.171098709106445,
      28.855026245117188
    ],
    [
      -0.23680639266967773,
      0.6934835910797119,
      5.9362006187438965,
      4.299412727355957,
      7.17763090133667,
      9.426651954650879,
      11.105367660522461,
      11.673636436462402,
      14.29145336151123,
      14.798698425292969,
      12.993462562561035,
      15.533151626586914,
      16.737751007080078,
      22.136823654174805,
      25.27576446533203,
      28.171098709106445,
      34.461490631103516,
      32.37328338623047
    ],
    [
      1.7964469194412231,
      2.2277729511260986,
      7.4306206703186035,
      5.6411662101745605,
      7.9520463943481445,
      11.004335403442383,
      12.430553436279297,
      13.589790344238281,
      15.548660278320312,
      16.817609786987305,
      14.591974258422852,
      18.594938278198242,
      17.322458267211914,
      24.347261428833008,
      24.263408660888672,
      28.855026245117188,
      32.37328338623047,
      32.40703201293945
    ]
  ],
  "covariance_short": [
    [
      113.50621795654297,
      55.8631477355957,
      61.44407272338867,
      39.6085205078125,
      33.48481750488281,
      28.049264907836914,
      27.166501998901367,
      26.590465545654297,
      30.221521377563477,
      29.22698402404785,
      30.104106903076172,
      31.602914810180664,
      27.308656692504883,
      29.833303451538086,
      26.761878967285156,
      29.516071319580078,
      33.182743072509766,
      41.051605224609375
    ],
    [
      55.8631477355957,
      61.58551788330078,
      32.01570510864258,
      26.133317947387695,
      18.441936492919922,
      18.832544326782227,
      18.802579879760742,
      20.459009170532227,
      19.03049659729004,
      18.3873291015625,
      16.557939529418945,
      17.685840606689453,
      15.982131958007812,
      17.258018493652344,
      14.0592622756958,
      15.339814186096191,
      16.51154899597168,
      24.81458282470703
    ],
    [
      61.44407272338867,
      32.01570510864258,
      70.74382019042969,
      41.45726013183594,
      41.240943908691406,
      34.534793853759766,
      28.390880584716797,
      25.57843780517578,
      34.75918197631836,
      33.17795944213867,
      36.52629852294922,
      35.5919189453125,
      30.857988357543945,
      32.87485122680664,
      27.447277069091797,
      31.345849990844727,
      32.23929214477539,
      39.3929328918457
    ],
    [
      39.6085205078125,
      26.133317947387695,
      41.45726013183594,
      42.65938949584961,
      28.571531295776367,
      26.703371047973633,
      20.835113525390625,
      19.227628707885742,
      25.632354736328125,
      24.73043441772461,
      27.77060890197754,
      27.24051284790039,
      23.106861114501953,
      24.01282501220703,
      20.40617561340332,
      22.35048484802246,
      23.079736709594727,
      31.306142807006836
    ],
    [
      33.48481750488281,
      18.441936492919922,
      41.240943908691406,
      28.571531295776367,
      55.410396575927734,
      42.25517654418945,
      40.085025787353516,
      33.0782356262207,
      42.38935852050781,
      36.234161376953125,
      40.66461944580078,
      35.352962493896484,
      32.576026916503906,
      30.52250862121582,
      25.30925178527832,
      27.24058723449707,
      26.373165130615234,
      31.562841415405273
    ],
    [
      28.049264907836914,
      18.832544326782227,
      34.534793853759766,
      26.703371047973633,
      42.25517654418945,
      59.66938018798828,
      47.97513961791992,
      56.09108352661133,
      42.21366882324219,
      46.10411834716797,
      34.46150588989258,
      37.090797424316406,
      29.291492462158203,
      32.13002014160156,
      24.071908950805664,
      27.521278381347656,
      26.951805114746094,
      32.805362701416016
    ],
    [
      27.166501998901367,
      18.802579879760742,
      28.390880584716797,
      20.835113525390625,
      40.085025787353516,
      47.97513961791992,
      73.8453598022461,
      66.85051727294922,
      50.87415313720703,
      48.18662643432617,
      41.528968811035156,
      39.500038146972656,
      35.33979034423828,
      34.6251106262207,
      26.94281768798828,
      28.722187042236328,
      28.326566696166992,
      32.54561233520508
    ],
    [
      26.590465545654297,
      20.459009170532227,
      25.57843780517578,
      19.227628707885742,
      33.0782356262207,
      56.09108352661133,
      66.85051727294922,
      94.36697387695312,
      45.31279373168945,
      53.25197982788086,
      31.33102035522461,
      37.11247634887695,
      28.215660095214844,
      31.25138282775879,
      23.288637161254883,
      26.440608978271484,
      26.517791748046875,
      30.548219680786133
    ],
    [
      30.221521377563477,
      19.03049659729004,
      34.75918197631836,
      25.632354736328125,
      42.38935852050781,
      42.21366882324219,
      50.87415313720703,
      45.31279373168945,
      76.32044219970703,
      61.38151931762695,
      60.22134017944336,
      51.68364715576172,
      52.128719329833984,
      48.09455108642578,
      42.235008239746094,
      42.55624771118164,
      40.99897384643555,
      45.49262619018555
    ],
    [
      29.22698402404785,
      18.3873291015625,
      33.17795944213867,
      24.73043441772461,
      36.234161376953125,
      46.10411834716797,
      48.18662643432617,
      53.25197982788086,
      61.38151931762695,
      73.48553466796875,
      52.31673049926758,
      56.789939880371094,
      47.28952407836914,
      52.21686553955078,
      42.929481506347656,
      48.18571853637695,
      46.95274353027344,
      52.844730377197266
    ],
    [
      30.104106903076172,
      16.557939529418945,
      36.52629852294922,
      27.77060890197754,
      40.66461944580078,
      34.46150588989258,
      41.528968811035156,
      31.33102035522461,
      60.22134017944336,
      52.31673049926758,
      78.30437469482422,
      65.0704574584961,
      66.63568878173828,
      60.579776763916016,
      54.007286071777344,
      54.294349670410156,
      53.1282844543457,
      58.37115478515625
    ],
    [
      31.602914810180664,
      17.685840606689453,
      35.5919189453125,
      27.24051284790039,
      35.352962493896484,
      37.090797424316406,
      39.500038146972656,
      37.11247634887695,
      51.68364715576172,
      56.789939880371094,
      65.0704574584961,
      75.51911926269531,
      60.11774444580078,
      68.78524017333984,
      55.89863967895508,
      64.7691421508789,
      61.752010345458984,
      71.88086700439453
    ],
    [
      27.308656692504883,
      15.982131958007812,
      30.857988357543945,
      23.106861114501953,
      32.576026916503906,
      29.291492462158203,
      35.33979034423828,
      28.215660095214844,
      52.128719329833984,
      47.28952407836914,
      66.63568878173828,
      60.11774444580078,
      82.03446960449219,
      69.1308822631836,
      70.61228942871094,
      67.11067199707031,
      69.3148422241211,
      70.60717010498047
    ],
    [
      29.833303451538086,
      17.258018493652344,
      32.87485122680664,
      24.01282501220703,
      30.52250862121582,
      32.13002014160156,
      34.6251106262207,
      31.25138282775879,
      48.09455108642578,
      52.21686553955078,
      60.579776763916016,
      68.78524017333984,
      69.1308822631836,
      85.35631561279297,
      72.88727569580078,
      82.31074523925781,
      79.54380798339844,
      87.01457214355469
    ],
    [
      26.761878967285156,
      14.0592622756958,
      27.447277069091797,
      20.40617561340332,
      25.30925178527832,
      24.071908950805664,
      26.94281768798828,
      23.288637161254883,
      42.235008239746094,
      42.929481506347656,
      54.007286071777344,
      55.89863967895508,
      70.61228942871094,
      72.88727569580078,
      96.33384704589844,
      87.69534301757812,
      97.87422943115234,
      92.2825698852539
    ],
    [
      29.516071319580078,
      15.339814186096191,
      31.345849990844727,
      22.35048484802246,
      27.24058723449707,
      27.521278381347656,
      28.722187042236328,
      26.440608978271484,
      42.55624771118164,
      48.18571853637695,
      54.294349670410156,
      64.7691421508789,
      67.11067199707031,
      82.31074523925781,
      87.69534301757812,
      102.3528823852539,
      101.3358154296875,
      105.07170867919922
    ],
    [
      33.182743072509766,
      16.51154899597168,
      32.23929214477539,
      23.079736709594727,
      26.373165130615234,
      26.951805114746094,
      28.326566696166992,
      26.517791748046875,
      40.99897384643555,
      46.95274353027344,
      53.1282844543457,
      61.752010345458984,
      69.3148422241211,
      79.54380798339844,
      97.87422943115234,
      101.3358154296875,
      131.19866943359375,
      124.64514923095703
    ],
    [
      41.051605224609375,
      24.81458282470703,
      39.3929328918457,
      31.306142807006836,
      31.562841415405273,
      32.805362701416016,
      32.54561233520508,
      30.548219680786133,
      45.49262619018555,
      52.844730377197266,
      58.37115478515625,
      71.88086700439453,
      70.60717010498047,
      87.01457214355469,
      92.2825698852539,
      105.07170867919922,
      124.64514923095703,
      164.39669799804688
    ]
  ],
  "damage": -5.140034198760986,
  "diff_bandwidth": 383.0601806640625,
  "dissonance": 8.528701949819858,
  "drr": 14.53370189666748,
  "dynamics": 3.703859567642212,
  "format": 65538,
  "frames": 11485287,
  "freq_pan_to_db": [
    [
      -14.032207489013672,
      -14.686691284179688,
      -12.849954605102539,
      -11.244361877441406,
      -8.608705520629883,
      -6.567325592041016,
      -3.9385454654693604,
      -8.448832511901855,
      -11.14148998260498,
      -13.28979206085205,
      -13.685638427734375
    ],
    [
      -13.916227340698242,
      -14.378549575805664,
      -12.495193481445312,
      -9.475436210632324,
      -5.736249923706055,
      -6.798922538757324,
      -8.741924285888672,
      -11.163304328918457,
      -12.471150398254395,
      -14.554557800292969,
      -16.15009307861328
    ],
    [
      -20.48817253112793,
      -18.435529708862305,
      -13.253576278686523,
      -9.334460258483887,
      -7.620667457580566,
      -9.483811378479004,
      -9.205543518066406,
      -11.725672721862793,
      -15.761346817016602,
      -19.602815628051758,
      -22.344499588012695
    ],
    [
      -27.02825164794922,
      -23.914390563964844,
      -19.055133819580078,
      -13.77443790435791,
      -10.613687515258789,
      -11.16429615020752,
      -11.240201950073242,
      -16.64730453491211,
      -22.999120712280273,
      -27.43130111694336,
      -30.495853424072266
    ],
    [
      -33.010498046875,
      -28.303020477294922,
      -22.0714054107666,
      -16.743309020996094,
      -9.34768295288086,
      -11.106648445129395,
      -12.34034538269043,
      -17.671581268310547,
      -23.572416305541992,
      -27.271503448486328,
      -28.465145111083984
    ],
    [
      -32.533206939697266,
      -29.165302276611328,
      -22.437515258789062,
      -17.255409240722656,
      -12.047540664672852,
      -12.374408721923828,
      -14.351638793945312,
      -19.330224990844727,
      -23.80268669128418,
      -27.59981346130371,
      -30.22654914855957
    ],
    [
      -27.166378021240234,
      -25.407878875732422,
      -20.89765739440918,
      -16.297945022583008,
      -13.881064414978027,
      -14.47097110748291,
      -15.419142723083496,
      -19.083118438720703,
      -21.179058074951172,
      -23.24281883239746,
      -25.629425048828125
    ],
    [
      -22.90132713317871,
      -23.365604400634766,
      -21.006805419921875,
      -18.39255714416504,
      -16.183242797851562,
      -17.64625358581543,
      -18.81667709350586,
      -20.408672332763672,
      -21.313732147216797,
      -22.95947265625,
      -23.50821876525879
    ],
    [
      -20.84649658203125,
      -21.867708206176758,
      -22.672008514404297,
      -21.30488395690918,
      -20.109281539916992,
      -19.72267723083496,
      -18.425697326660156,
      -20.847341537475586,
      -22.16718101501465,
      -22.888235092163086,
      -22.380451202392578
    ],
    [
      -21.08843231201172,
      -21.692914962768555,
      -22.569944381713867,
      -21.900434494018555,
      -21.459339141845703,
      -19.566457748413086,
      -16.617177963256836,
      -19.463428497314453,
      -20.667011260986328,
      -20.97457504272461,
      -20.27364730834961
    ],
    [
      -22.033397674560547,
      -23.264711380004883,
      -21.867633819580078,
      -21.590036392211914,
      -21.095775604248047,
      -19.19932746887207,
      -19.20261573791504,
      -21.82050895690918,
      -22.83975601196289,
      -22.162845611572266,
      -25.80825424194336
    ],
    [
      -19.019187927246094,
      -19.987810134887695,
      -20.137100219726562,
      -20.39248275756836,
      -20.433242797851562,
      -19.750898361206055,
      -18.62209701538086,
      -19.911476135253906,
      -20.255290985107422,
      -20.93663787841797,
      -20.759098052978516
    ],
    [
      -20.587478637695312,
      -20.8780574798584,
      -22.281341552734375,
      -22.56202507019043,
      -21.898910522460938,
      -21.53963279724121,
      -21.107887268066406,
      -21.60468864440918,
      -21.100177764892578,
      -21.917827606201172,
      -21.32550811767578
    ],
    [
      -18.700145721435547,
      -19.67501449584961,
      -20.736949920654297,
      -21.134830474853516,
      -22.685461044311523,
      -22.23685646057129,
      -21.217126846313477,
      -20.978971481323242,
      -20.702491760253906,
      -20.578269958496094,
      -20.38650894165039
    ],
    [
      -19.694580078125,
      -20.489028930664062,
      -18.413339614868164,
      -19.549192428588867,
      -21.522615432739258,
      -19.99112892150879,
      -20.187469482421875,
      -18.800199508666992,
      -19.34886932373047,
      -19.665237426757812,
      -18.477405548095703
    ],
    [
      -20.98818588256836,
      -20.180198669433594,
      -14.177973747253418,
      -18.835643768310547,
      -21.298603057861328,
      -20.007265090942383,
      -20.04543685913086,
      -16.672182083129883,
      -16.117109298706055,
      -18.784334182739258,
      -18.416603088378906
    ],
    [
      -19.510286331176758,
      -18.51167106628418,
      -17.996227264404297,
      -17.9521427154541,
      -20.514644622802734,
      -21.13178253173828,
      -19.55809211730957,
      -18.40250587463379,
      -19.258098602294922,
      -19.1311092376709,
      -20.737668991088867
    ],
    [
      -20.25676918029785,
      -21.567684173583984,
      -22.604291915893555,
      -23.639419555664062,
      -24.229604721069336,
      -22.781082153320312,
      -23.14919090270996,
      -22.70235824584961,
      -23.106374740600586,
      -22.40593910217285,
      -24.538776397705078
    ],
    [
      -23.32378578186035,
      -24.07989501953125,
      -23.14472007751465,
      -23.368257522583008,
      -23.539241790771484,
      -23.87569236755371,
      -23.59154510498047,
      -23.65154266357422,
      -23.0733642578125,
      -23.738115310668945,
      -25.036388397216797
    ],
    [
      -28.71112060546875,
      -27.090110778808594,
      -27.028377532958984,
      -26.552248001098633,
      -26.650896072387695,
      -25.592025756835938,
      -26.582204818725586,
      -26.46225929260254,
      -25.867616653442383,
      -27.114938735961914,
      -25.949678421020508
    ],
    [
      -26.46831703186035,
      -27.33830451965332,
      -28.010623931884766,
      -27.523136138916016,
      -27.119293212890625,
      -26.615535736083984,
      -27.61027717590332,
      -26.384538650512695,
      -28.406349182128906,
      -28.40631866455078,
      -26.367950439453125
    ],
    [
      -28.31460189819336,
      -29.39031219482422,
      -28.467327117919922,
      -26.788833618164062,
      -28.138505935668945,
      -27.91817283630371,
      -28.68581771850586,
      -28.69322395324707,
      -29.296825408935547,
      -29.812498092651367,
      -30.912324905395508
    ],
    [
      -33.250118255615234,
      -31.37856674194336,
      -31.280437469482422,
      -31.373958587646484,
      -29.069154739379883,
      -28.868297576904297,
      -29.750652313232422,
      -31.24361801147461,
      -29.907312393188477,
      -30.556198120117188,
      -30.250850677490234
    ],
    [
      -30.330087661743164,
      -30.338550567626953,
      -30.750797271728516,
      -31.202072143554688,
      -30.87969207763672,
      -30.206523895263672,
      -31.1109676361084,
      -30.39266014099121,
      -30.728105545043945,
      -30.251163482666016,
      -30.939308166503906
    ],
    [
      -36.628196716308594,
      -34.53559875488281,
      -32.330299377441406,
      -31.85930824279785,
      -32.19399642944336,
      -32.700809478759766,
      -31.556734085083008,
      -31.804147720336914,
      -32.324058532714844,
      -30.527162551879883,
      -31.757705688476562
    ],
    [
      -39.09928512573242,
      -33.65451431274414,
      -31.752704620361328,
      -32.17413330078125,
      -31.13909912109375,
      -30.759925842285156,
      -31.48569107055664,
      -32.05929946899414,
      -31.989246368408203,
      -31.458723068237305,
      -30.41996192932129
    ],
    [
      -44.0685920715332,
      -31.667903900146484,
      -30.642303466796875,
      -31.450986862182617,
      -30.779836654663086,
      -28.26272201538086,
      -30.7265682220459,
      -31.136247634887695,
      -30.398971557617188,
      -31.377044677734375,
      -30.46306610107422
    ],
    [
      -39.84511184692383,
      -31.605159759521484,
      -31.50943946838379,
      -31.834150314331055,
      -31.651643753051758,
      -31.197582244873047,
      -30.919940948486328,
      -31.163536071777344,
      -31.869077682495117,
      -32.2843132019043,
      -51.586761474609375
    ],
    [
      -44.70606231689453,
      -33.57904815673828,
      -32.16056823730469,
      -32.1360969543457,
      -31.613916397094727,
      -30.803192138671875,
      -30.890527725219727,
      -31.796903610229492,
      -31.72648811340332,
      -32.28490447998047,
      -36.1099853515625
    ],
    [
      -32.25251770019531,
      -35.47066879272461,
      -32.649620056152344,
      -32.018192291259766,
      -31.535842895507812,
      -31.0615291595459,
      -30.63519859313965,
      -31.54910659790039,
      -31.504682540893555,
      -31.125640869140625,
      -37.86079025268555
    ],
    [
      -56.80967330932617,
      -33.481224060058594,
      -34.2413215637207,
      -34.109745025634766,
      -33.22505187988281,
      -32.43309783935547,
      -32.22537612915039,
      -32.742637634277344,
      -32.64321517944336,
      -32.44574737548828,
      -43.19670486450195
    ],
    [
      -370,
      -36.0587272644043,
      -38.566402435302734,
      -35.76356506347656,
      -34.360137939453125,
      -33.250244140625,
      -32.1192741394043,
      -32.460105895996094,
      -32.48921203613281,
      -31.89337730407715,
      -42.952327728271484
    ],
    [
      -50.14701843261719,
      -32.10505676269531,
      -40.795902252197266,
      -36.839176177978516,
      -35.23675537109375,
      -33.46208572387695,
      -32.33991241455078,
      -32.976531982421875,
      -32.85445785522461,
      -37.66610336303711,
      -34.372337341308594
    ],
    [
      -46.73649978637695,
      -50.82334518432617,
      -39.483646392822266,
      -36.07836151123047,
      -34.285301208496094,
      -33.38653564453125,
      -32.85209655761719,
      -33.14069366455078,
      -34.19135665893555,
      -42.517738342285156,
      -41.32310104370117
    ],
    [
      -50.04759979248047,
      -49.040283203125,
      -33.81724166870117,
      -32.40153121948242,
      -32.055809020996094,
      -32.65401840209961,
      -32.611507415771484,
      -33.55704116821289,
      -35.11491394042969,
      -40.41474914550781,
      -42.02519989013672
    ],
    [
      -44.21038055419922,
      -47.3590087890625,
      -32.62287902832031,
      -34.47492218017578,
      -34.066776275634766,
      -33.96242141723633,
      -33.5350341796875,
      -35.726837158203125,
      -34.82357406616211,
      -40.41106414794922,
      -46.355865478515625
    ],
    [
      -53.64362716674805,
      -46.07768630981445,
      -33.5097770690918,
      -33.95701599121094,
      -34.84449768066406,
      -35.22414016723633,
      -33.53998947143555,
      -34.9991455078125,
      -36.5184440612793,
      -43.635772705078125,
      -35.717315673828125
    ],
    [
      -52.11221694946289,
      -51.431156158447266,
      -38.10197830200195,
      -35.755828857421875,
      -36.38980484008789,
      -36.82432174682617,
      -35.51165771484375,
      -36.77510070800781,
      -41.17332458496094,
      -42.201778411865234,
      -39.44144821166992
    ],
    [
      -59.13713455200195,
      -55.56805419921875,
      -52.6836051940918,
      -37.369598388671875,
      -36.75254821777344,
      -38.26093292236328,
      -37.54372024536133,
      -40.2546272277832,
      -42.431495666503906,
      -42.574974060058594,
      -49.11826705932617
    ],
    [
      -58.52693176269531,
      -64.88924407958984,
      -39.899169921875,
      -37.078460693359375,
      -36.994972229003906,
      -39.21450424194336,
      -40.71240234375,
      -42.90658187866211,
      -50.019954681396484,
      -54.121055603027344,
      -57.82914733886719
    ],
    [
      -370,
      -50.45870590209961,
      -47.16764450073242,
      -40.38699722290039,
      -38.217960357666016,
      -40.72599411010742,
      -45.89508056640625,
      -50.120384216308594,
      -59.369659423828125,
      -58.24635696411133,
      -370
    ],
    [
      -370,
      -370,
      -66.91897583007812,
      -63.56575393676758,
      -45.71417999267578,
      -41.638614654541016,
      -50.58964157104492,
      -61.144344329833984,
      -66.8401870727539,
      -61.829830169677734,
      -370
    ]
  ],
  "histogram": [
    {
      "db": -70,
      "frequency": 0
    },
    {
      "db": -69,
      "frequency": 0
    },
    {
      "db": -68,
      "frequency": 1
    },
    {
      "db": -67,
      "frequency": 0
    },
    {
      "db": -66,
      "frequency": 0
    },
    {
      "db": -65,
      "frequency": 0
    },
    {
      "db": -64,
      "frequency": 0
    },
    {
      "db": -63,
      "frequency": 0
    },
    {
      "db": -62,
      "frequency": 0
    },
    {
      "db": -61,
      "frequency": 0
    },
    {
      "db": -60,
      "frequency": 1
    },
    {
      "db": -59,
      "frequency": 1
    },
    {
      "db": -58,
      "frequency": 0
    },
    {
      "db": -57,
      "frequency": 0
    },
    {
      "db": -56,
      "frequency": 1
    },
    {
      "db": -55,
      "frequency": 0
    },
    {
      "db": -54,
      "frequency": 0
    },
    {
      "db": -53,
      "frequency": 1
    },
    {
      "db": -52,
      "frequency": 1
    },
    {
      "db": -51,
      "frequency": 2
    },
    {
      "db": -50,
      "frequency": 1
    },
    {
      "db": -49,
      "frequency": 2
    },
    {
      "db": -48,
      "frequency": 1
    },
    {
      "db": -47,
      "frequency": 0
    },
    {
      "db": -46,
      "frequency": 1
    },
    {
      "db": -45,
      "frequency": 1
    },
    {
      "db": -44,
      "frequency": 1
    },
    {
      "db": -43,
      "frequency": 0
    },
    {
      "db": -42,
      "frequency": 2
    },
    {
      "db": -41,
      "frequency": 0
    },
    {
      "db": -40,
      "frequency": 2
    },
    {
      "db": -39,
      "frequency": 0
    },
    {
      "db": -38,
      "frequency": 0
    },
    {
      "db": -37,
      "frequency": 1
    },
    {
      "db": -36,
      "frequency": 0
    },
    {
      "db": -35,
      "frequency": 0
    },
    {
      "db": -34,
      "frequency": 0
    },
    {
      "db": -33,
      "frequency": 0
    },
    {
      "db": -32,
      "frequency": 1
    },
    {
      "db": -31,
      "frequency": 1
    },
    {
      "db": -30,
      "frequency": 2
    },
    {
      "db": -29,
      "frequency": 0
    },
    {
      "db": -28,
      "frequency": 1
    },
    {
      "db": -27,
      "frequency": 3
    },
    {
      "db": -26,
      "frequency": 6
    },
    {
      "db": -25,
      "frequency": 6
    },
    {
      "db": -24,
      "frequency": 15
    },
    {
      "db": -23,
      "frequency": 18
    },
    {
      "db": -22,
      "frequency": 15
    },
    {
      "db": -21,
      "frequency": 23
    },
    {
      "db": -20,
      "frequency": 29
    },
    {
      "db": -19,
      "frequency": 24
    },
    {
      "db": -18,
      "frequency": 34
    },
    {
      "db": -17,
      "frequency": 35
    },
    {
      "db": -16,
      "frequency": 55
    },
    {
      "db": -15,
      "frequency": 82
    },
    {
      "db": -14,
      "frequency": 102
    },
    {
      "db": -13,
      "frequency": 217
    },
    {
      "db": -12,
      "frequency": 320
    },
    {
      "db": -11,
      "frequency": 322
    },
    {
      "db": -10,
      "frequency": 366
    },
    {
      "db": -9,
      "frequency": 360
    },
    {
      "db": -8,
      "frequency": 217
    },
    {
      "db": -7,
      "frequency": 76
    },
    {
      "db": -6,
      "frequency": 14
    },
    {
      "db": -5,
      "frequency": 1
    },
    {
      "db": -4,
      "frequency": 0
    },
    {
      "db": -3,
      "frequency": 0
    },
    {
      "db": -2,
      "frequency": 0
    },
    {
      "db": -1,
      "frequency": 0
    },
    {
      "db": 0,
      "frequency": 0
    },
    {
      "db": 1,
      "frequency": 0
    },
    {
      "db": 2,
      "frequency": 0
    },
    {
      "db": 3,
      "frequency": 0
    },
    {
      "db": 4,
      "frequency": 0
    },
    {
      "db": 5,
