{
  "acoustic_entropy": 167.2908477783203,
  "bands": [
    {
      "high_freq": 148.1999969482422,
      "loudness": -19.60938835144043,
      "loudness_range": 17.83687973022461,
      "mid_mean": -16.37364959716797,
      "mid_to_side_loudness": -15.834756851196289,
      "mid_to_side_loudness_range": 13.067103385925293,
      "side_mean": -33.446434020996094
    },
    {
      "high_freq": 392.3793640136719,
      "loudness": -19.92082977294922,
      "loudness_range": 10.80290412902832,
      "low_freq": 148.1999969482422,
      "mid_mean": -16.43242645263672,
      "mid_to_side_loudness": -15.57121753692627,
      "mid_to_side_loudness_range": 8.76191234588623,
      "side_mean": -32.48942184448242
    },
    {
      "high_freq": 794.6976318359375,
      "loudness": -27.12607765197754,
      "loudness_range": 12.399482727050781,
      "low_freq": 392.3793640136719,
      "mid_mean": -24.4272403717041,
      "mid_to_side_loudness": -7.8734235763549805,
      "mid_to_side_loudness_range": 11.68979263305664,
      "side_mean": -32.325645446777344
    },
    {
      "high_freq": 1457.5709228515625,
      "loudness": -27.91073226928711,
      "loudness_range": 19.745403289794922,
      "low_freq": 794.6976318359375,
      "mid_mean": -26.38341522216797,
      "mid_to_side_loudness": -4.345266819000244,
      "mid_to_side_loudness_range": 11.63379955291748,
      "side_mean": -30.47156524658203
    },
    {
      "high_freq": 2549.74365234375,
      "loudness": -31.121971130371094,
      "loudness_range": 18.666778564453125,
      "low_freq": 1457.5709228515625,
      "mid_mean": -29.167842864990234,
      "mid_to_side_loudness": -4.68707799911499,
      "mid_to_side_loudness_range": 9.446524620056152,
      "side_mean": -33.83208465576172
    },
    {
      "high_freq": 4349.24462890625,
      "loudness": -32.11383819580078,
      "loudness_range": 15.9656982421875,
      "low_freq": 2549.74365234375,
      "mid_mean": -29.40331268310547,
      "mid_to_side_loudness": -7.207576274871826,
      "mid_to_side_loudness_range": 9.189807891845703,
      "side_mean": -36.60696029663086
    },
    {
      "high_freq": 7314.1640625,
      "loudness": -30.20179557800293,
      "loudness_range": 13.594078063964844,
      "low_freq": 4349.24462890625,
      "mid_mean": -27.38207244873047,
      "mid_to_side_loudness": -7.391615867614746,
      "mid_to_side_loudness_range": 8.295628547668457,
      "side_mean": -34.7319450378418
    },
    {
      "high_freq": 12199.2666015625,
      "loudness": -31.871248245239258,
      "loudness_range": 12.978620529174805,
      "low_freq": 7314.1640625,
      "mid_mean": -28.950281143188477,
      "mid_to_side_loudness": -7.903642654418945,
      "mid_to_side_loudness_range": 6.115076065063477,
      "side_mean": -36.86674880981445
    },
    {
      "loudness": -36.42190933227539,
      "loudness_range": 15.300769805908203,
      "low_freq": 12199.2666015625,
      "mid_mean": -33.51089859008789,
      "mid_to_side_loudness": -7.563015460968018,
      "mid_to_side_loudness_range": 3.9421310424804688,
      "side_mean": -41.07699203491211
    }
  ],
  "bands_short": [
    {
      "high_freq": 148.1999969482422,
      "loudness": -25.237707138061523,
      "loudness_range": 29.580886840820312,
      "mid_mean": -22.690143585205078,
      "mid_to_side_loudness": -12.603775024414062,
      "mid_to_side_loudness_range": 22.35976791381836,
      "side_mean": -36.44076156616211
    },
    {
      "high_freq": 392.3793640136719,
      "loudness": -20.927684783935547,
      "loudness_range": 20.86490821838379,
      "low_freq": 148.1999969482422,
      "mid_mean": -17.977962493896484,
      "mid_to_side_loudness": -14.494012832641602,
      "mid_to_side_loudness_range": 17.221315383911133,
      "side_mean": -33.56184387207031
    },
    {
      "high_freq": 794.6976318359375,
      "loudness": -28.600006103515625,
      "loudness_range": 18.252450942993164,
      "low_freq": 392.3793640136719,
      "mid_mean": -26.401142120361328,
      "mid_to_side_loudness": -7.748579978942871,
      "mid_to_side_loudness_range": 14.632889747619629,
      "side_mean": -34.31424331665039
    },
    {
      "high_freq": 1457.5709228515625,
      "loudness": -28.686052322387695,
      "loudness_range": 23.28194236755371,
      "low_freq": 794.6976318359375,
      "mid_mean": -27.676063537597656,
      "mid_to_side_loudness": -3.9323575496673584,
      "mid_to_side_loudness_range": 14.793131828308105,
      "side_mean": -31.34110450744629
    },
    {
      "high_freq": 2549.74365234375,
      "loudness": -32.89234161376953,
      "loudness_range": 22.902786254882812,
      "low_freq": 1457.5709228515625,
      "mid_mean": -31.406951904296875,
      "mid_to_side_loudness": -4.5901689529418945,
      "mid_to_side_loudness_range": 12.780013084411621,
      "side_mean": -36.1693000793457
    },
    {
      "high_freq": 4349.24462890625,
      "loudness": -34.72403335571289,
      "loudness_range": 24.286848068237305,
      "low_freq": 2549.74365234375,
      "mid_mean": -32.40273666381836,
      "mid_to_side_loudness": -7.180353164672852,
      "mid_to_side_loudness_range": 12.14510440826416,
      "side_mean": -39.73101806640625
    },
    {
      "high_freq": 7314.1640625,
      "loudness": -32.6260871887207,
      "loudness_range": 23.411794662475586,
      "low_freq": 4349.24462890625,
      "mid_mean": -30.496496200561523,
      "mid_to_side_loudness": -7.444789886474609,
      "mid_to_side_loudness_range": 12.332993507385254,
      "side_mean": -37.850341796875
    },
    {
      "high_freq": 12199.2666015625,
      "loudness": -35.45079040527344,
      "loudness_range": 26.210386276245117,
      "low_freq": 7314.1640625,
      "mid_mean": -33.29987335205078,
      "mid_to_side_loudness": -8.031773567199707,
      "mid_to_side_loudness_range": 9.773920059204102,
      "side_mean": -41.36869430541992
    },
    {
      "loudness": -41.55519485473633,
      "loudness_range": 30.980417251586914,
      "low_freq": 12199.2666015625,
      "mid_mean": -40.134761810302734,
      "mid_to_side_loudness": -7.807615756988525,
      "mid_to_side_loudness_range": 8.650705337524414,
      "side_mean": -50.466556549072266
    }
  ],
  "bandwidth": 349.47314453125,
  "channels": 2,
  "covariance": [
    [
      52.92567443847656,
      34.065635681152344,
      18.680940628051758,
      13.06882095336914,
      11.352075576782227,
      15.427704811096191,
      14.997902870178223,
      17.36737060546875,
      10.861132621765137,
      9.54466438293457,
      8.804082870483398,
      7.422821521759033,
      8.207439422607422,
      7.909425258636475,
      4.6554951667785645,
      5.152865886688232,
      -0.7742242217063904,
      1.8482487201690674
    ],
    [
      34.065635681152344,
      41.0554084777832,
      14.391094207763672,
      11.401516914367676,
      10.835625648498535,
      16.557392120361328,
      17.824417114257812,
      19.79680633544922,
      14.908808708190918,
      11.650093078613281,
      9.148184776306152,
      7.831776142120361,
      9.049052238464355,
      8.436878204345703,
      5.721182823181152,
      5.51270055770874,
      0.33929896354675293,
      2.4241549968719482
    ],
    [
      18.680940628051758,
      14.391094207763672,
      20.673982620239258,
      14.49897289276123,
      15.208619117736816,
      17.649219512939453,
      16.55060577392578,
      17.491527557373047,
      16.818485260009766,
      16.339427947998047,
      13.830750465393066,
      14.078600883483887,
      11.228191375732422,
      11.731420516967773,
      8.307154655456543,
      9.450217247009277,
      5.8850226402282715,
      7.762047290802002
    ],
    [
      13.06882095336914,
      11.401516914367676,
      14.49897289276123,
      17.051082611083984,
      12.777626037597656,
      16.724464416503906,
      14.295159339904785,
      15.430028915405273,
      14.213701248168945,
      14.22095775604248,
      12.772381782531738,
      12.963987350463867,
      10.022958755493164,
      10.48360538482666,
      6.528202533721924,
      7.745627403259277,
      4.195963382720947,
      5.770247936248779
    ],
    [
      11.352075576782227,
      10.835625648498535,
      15.208619117736816,
      12.777626037597656,
      24.351238250732422,
      25.395050048828125,
      25.15058708190918,
      22.80146026611328,
      25.24146842956543,
      21.97831916809082,
      20.544633865356445,
      18.271114349365234,
      15.952189445495605,
      14.431069374084473,
      10.667617797851562,
      11.029069900512695,
      7.28173828125,
      8.423524856567383
    ],
    [
      15.427704811096191,
      16.557392120361328,
      17.649219512939453,
      16.724464416503906,
      25.395050048828125,
      44.89377212524414,
      39.531368255615234,
      48.39555358886719,
      32.2859001159668,
      34.25970458984375,
      22.122081756591797,
      23.202842712402344,
      17.897043228149414,
      19.430809020996094,
      12.643106460571289,
      14.442450523376465,
      9.3529634475708,
      11.369230270385742
    ],
    [
      14.997902870178223,
      17.824417114257812,
      16.55060577392578,
      14.295159339904785,
      25.15058708190918,
      39.531368255615234,
      54.11811447143555,
      53.091129302978516,
      40.82221603393555,
      38.73139190673828,
      28.219934463500977,
      26.202796936035156,
      21.980594635009766,
      22.159860610961914,
      15.014212608337402,
      16.3782901763916,
      11.131218910217285,
      12.926301956176758
    ],
    [
      17.36737060546875,
      19.79680633544922,
      17.491527557373047,
      15.430028915405273,
      22.80146026611328,
      48.39555358886719,
      53.091129302978516,
      74.2677230834961,
      37.574893951416016,
      43.435787200927734,
      21.78435516357422,
      25.576080322265625,
      18.456876754760742,
      22.56577491760254,
      14.498523712158203,
      17.249736785888672,
      11.705869674682617,
      14.100530624389648
    ],
    [
      10.861132621765137,
      14.908808708190918,
      16.818485260009766,
      14.213701248168945,
      25.24146842956543,
      32.2859001159668,
      40.82221603393555,
      37.574893951416016,
      49.953895568847656,
      40.71681213378906,
      34.663597106933594,
      30.251127243041992,
      27.838134765625,
      26.31024742126465,
      18.752328872680664,
      20.05670928955078,
      14.647507667541504,
      16.343339920043945
    ],
    [
      9.54466438293457,
      11.650093078613281,
      16.339427947998047,
      14.22095775604248,
      21.97831916809082,
      34.25970458984375,
      38.73139190673828,
      43.435787200927734,
      40.71681213378906,
      43.9482307434082,
      28.800701141357422,
      32.24506759643555,
      23.406789779663086,
      27.25979995727539,
      17.77478790283203,
      20.954587936401367,
      15.038494110107422,
      17.452856063842773
    ],
    [
      8.804082870483398,
      9.148184776306152,
      13.830750465393066,
      12.772381782531738,
      20.544633865356445,
      22.122081756591797,
      28.219934463500977,
      21.78435516357422,
      34.663597106933594,
      28.800701141357422,
      35.35826110839844,
      30.919191360473633,
      26.949432373046875,
      25.606264114379883,
      17.76401710510254,
      19.761934280395508,
      13.25472640991211,
      15.126317977905273
    ],
    [
      7.422821521759033,
      7.831776142120361,
      14.078600883483887,
      12.963987350463867,
      18.271114349365234,
      23.202842712402344,
      26.202796936035156,
      25.576080322265625,
      30.251127243041992,
      32.24506759643555,
      30.919191360473633,
      37.368553161621094,
      24.30658721923828,
      30.892290115356445,
      19.198244094848633,
      24.49817657470703,
      15.937366485595703,
      19.330123901367188
    ],
    [
      8.207439422607422,
      9.049052238464355,
      11.228191375732422,
      10.022958755493164,
      15.952189445495605,
      17.897043228149414,
      21.980594635009766,
      18.456876754760742,
      27.838134765625,
      23.406789779663086,
      26.949432373046875,
      24.30658721923828,
      26.3413143157959,
      24.683557510375977,
      20.228694915771484,
      21.100860595703125,
      17.079185485839844,
      17.99021339416504
    ],
    [
      7.909425258636475,
      8.436878204345703,
      11.731420516967773,
      10.48360538482666,
      14.431069374084473,
      19.430809020996094,
      22.159860610961914,
      22.56577491760254,
      26.31024742126465,
      27.25979995727539,
      25.606264114379883,
      30.892290115356445,
      24.683557510375977,
      32.81126403808594,
      23.152944564819336,
      28.33858871459961,
      22.76282501220703,
      25.14580726623535
    ],
    [
      4.6554951667785645,
      5.721182823181152,
      8.307154655456543,
      6.528202533721924,
      10.667617797851562,
      12.643106460571289,
      15.014212608337402,
      14.498523712158203,
      18.752328872680664,
      17.77478790283203,
      17.76401710510254,
      19.198244094848633,
      20.228694915771484,
      23.152944564819336,
      25.32750701904297,
      25.545129776000977,
      25.482446670532227,
      24.990354537963867
    ],
    [
      5.152865886688232,
      5.51270055770874,
      9.450217247009277,
      7.745627403259277,
      11.029069900512695,
      14.442450523376465,
      16.3782901763916,
      17.249736785888672,
      20.05670928955078,
      20.954587936401367,
      19.761934280395508,
      24.49817657470703,
      21.100860595703125,
      28.33858871459961,
      25.545129776000977,
      30.52446937561035,
      28.527517318725586,
      29.659570693969727
    ],
    [
      -0.7742242217063904,
      0.33929896354675293,
      5.8850226402282715,
      4.195963382720947,
      7.28173828125,
      9.3529634475708,
      11.131218910217285,
      11.705869674682617,
      14.647507667541504,
      15.038494110107422,
      13.25472640991211,
      15.937366485595703,
      17.079185485839844,
      22.76282501220703,
      25.482446670532227,
      28.527517318725586,
      35.81439208984375,
      33.77744674682617
    ],
    [
      1.8482487201690674,
      2.4241549968719482,
      7.762047290802002,
      5.770247936248779,
      8.423524856567383,
      11.369230270385742,
      12.926301956176758,
      14.100530624389648,
      16.343339920043945,
      17.452856063842773,
      15.126317977905273,
      19.330123901367188,
      17.99021339416504,
      25.14580726623535,
      24.990354537963867,
      29.659570693969727,
      33.77744674682617,
      34.211891174316406
    ]
  ],
  "covariance_short": [
    [
      115.34217071533203,
      56.85865020751953,
      63.534114837646484,
      41.19932174682617,
      34.27986526489258,
      28.95482063293457,
      27.584630966186523,
      27.256980895996094,
      30.670303344726562,
      29.805137634277344,
      30.558494567871094,
      32.08472442626953,
      27.544843673706055,
      30.149917602539062,
      26.97161293029785,
      30.012248992919922,
      33.50217819213867,
      41.55011749267578
    ],
    [
      56.85865020751953,
      61.758846282958984,
      33.189170837402344,
      26.836854934692383,
      18.51083755493164,
      19.40673065185547,
      19.06555938720703,
      20.909332275390625,
      18.92371940612793,
      18.439224243164062,
      16.29488754272461,
      17.488887786865234,
      15.732510566711426,
      17.010967254638672,
      13.694619178771973,
      15.075884819030762,
      16.40838623046875,
      24.569133758544922
    ],
    [
      63.534114837646484,
      33.189170837402344,
      71.9914321899414,
      41.98823928833008,
      41.71196746826172,
      35.36334228515625,
      28.929914474487305,
      26.28579330444336,
      34.89884948730469,
      33.7108039855957,
      36.65695571899414,
      35.92241668701172,
      30.927263259887695,
      33.09397888183594,
      27.622663497924805,
      31.68256378173828,
      32.425174713134766,
      39.86819076538086
    ],
    [
      41.19932174682617,
      26.836854934692383,
      41.98823928833008,
      43.05801773071289,
      28.856395721435547,
      27.190183639526367,
      21.096147537231445,
      19.75121307373047,
      25.83022117614746,
      25.1431884765625,
      28.13549041748047,
      27.682132720947266,
      23.295686721801758,
      24.10353660583496,
      20.692514419555664,
      22.55196762084961,
      23.122920989990234,
      31.619796752929688
    ],
    [
      34.27986526489258,
      18.51083755493164,
      41.71196746826172,
      28.856395721435547,
      55.38168716430664,
      42.56270980834961,
      40.30733108520508,
      33.283016204833984,
      42.181365966796875,
      36.56928634643555,
      40.5545768737793,
      35.53685760498047,
      32.66963195800781,
      30.485403060913086,
      25.495914459228516,
      27.42754364013672,
      26.405012130737305,
      32.036617279052734
    ],
    [
      28.95482063293457,
      19.40673065185547,
      35.36334228515625,
      27.190183639526367,
      42.56270980834961,
      60.001155853271484,
      48.18638229370117,
      56.0545768737793,
      42.13773727416992,
      46.71989440917969,
      34.83374786376953,
      37.641326904296875,
      29.63227653503418,
      32.445594787597656,
      24.392322540283203,
      27.901512145996094,
      27.19792938232422,
      33.599510192871094
    ],
    [
      27.584630966186523,
      19.06555938720703,
      28.929914474487305,
      21.096147537231445,
      40.30733108520508,
      48.18638229370117,
      74.5840072631836,
      67.1553955078125,
      51.4829216003418,
      48.8968391418457,
      41.7102165222168,
      39.75718307495117,
      35.58238220214844,
      34.59629440307617,
      26.896530151367188,
      28.76188087463379,
      28.15894889831543,
      32.9909553527832
    ],
    [
      27.256980895996094,
      20.909332275390625,
      26.28579330444336,
      19.75121307373047,
      33.283016204833984,
      56.0545768737793,
      67.1553955078125,
      94.38706970214844,
      45.8822135925293,
      54.08051300048828,
      31.647079467773438,
      37.5925407409668,
      28.608728408813477,
      31.505983352661133,
      23.49612808227539,
      26.664243698120117,
      26.793649673461914,
      31.338525772094727
    ],
    [
      30.670303344726562,
      18.92371940612793,
      34.89884948730469,
      25.83022117614746,
      42.181365966796875,
      42.13773727416992,
      51.4829216003418,
      45.8822135925293,
      77.3406982421875,
      61.9589958190918,
      60.1308479309082,
      51.50060272216797,
      52.17809295654297,
      47.79256820678711,
      42.26323318481445,
      42.367130279541016,
      40.841182708740234,
      45.84218978881836
    ],
    [
      29.805137634277344,
      18.439224243164062,
      33.7108039855957,
      25.1431884765625,
      36.56928634643555,
      46.71989440917969,
      48.8968391418457,
      54.08051300048828,
      61.9589958190918,
      74.56743621826172,
      52.759456634521484,
      56.878761291503906,
      47.759578704833984,
      52.20576477050781,
      42.93973159790039,
      47.95747756958008,
      46.7981071472168,
      53.04513931274414
    ],
    [
      30.558494567871094,
      16.29488754272461,
      36.65695571899414,
      28.13549041748047,
      40.5545768737793,
      34.83374786376953,
      41.7102165222168,
      31.647079467773438,
      60.1308479309082,
      52.759456634521484,
      78.79442596435547,
      65.6060562133789,
      67.1385498046875,
      60.87528610229492,
      54.7196159362793,
      55.11146545410156,
      53.859031677246094,
      59.8039436340332
    ],
    [
      32.08472442626953,
      17.488887786865234,
      35.92241668701172,
      27.682132720947266,
      35.53685760498047,
      37.641326904296875,
      39.75718307495117,
      37.5925407409668,
      51.50060272216797,
      56.878761291503906,
      65.6060562133789,
      76.20887756347656,
      60.66582489013672,
      69.07727813720703,
      56.455780029296875,
      65.54932403564453,
      62.462181091308594,
      73.37342834472656
    ],
    [
      27.544843673706055,
      15.732510566711426,
      30.927263259887695,
      23.295686721801758,
      32.66963195800781,
      29.63227653503418,
      35.58238220214844,
      28.608728408813477,
      52.17809295654297,
      47.759578704833984,
      67.1385498046875,
      60.66582489013672,
      82.16596984863281,
      69.34284973144531,
      70.98129272460938,
      67.6866683959961,
      70.02174377441406,
      72.08267211914062
    ],
    [
      30.149917602539062,
      17.010967254638672,
      33.09397888183594,
      24.10353660583496,
      30.485403060913086,
      32.445594787597656,
      34.59629440307617,
      31.505983352661133,
      47.79256820678711,
      52.20576477050781,
      60.87528610229492,
      69.07727813720703,
      69.34284973144531,
      85.4104232788086,
      73.20649719238281,
      82.76740264892578,
      80.0072250366211,
      88.22562408447266
    ],
    [
      26.97161293029785,
      13.694619178771973,
      27.622663497924805,
      20.692514419555664,
      25.495914459228516,
      24.392322540283203,
      26.896530151367188,
      23.49612808227539,
      42.26323318481445,
      42.93973159790039,
      54.7196159362793,
      56.455780029296875,
      70.98129272460938,
      73.20649719238281,
      96.53679656982422,
      88.14736938476562,
      98.97942352294922,
      93.85417175292969
    ],
    [
      30.012248992919922,
      15.075884819030762,
      31.68256378173828,
      22.55196762084961,
      27.42754364013672,
      27.901512145996094,
      28.76188087463379,
      26.664243698120117,
      42.367130279541016,
      47.95747756958008,
      55.11146545410156,
      65.54932403564453,
      67.6866683959961,
      82.76740264892578,
      88.14736938476562,
      102.78334045410156,
      102.25910949707031,
      106.94381713867188
    ],
    [
      33.50217819213867,
      16.40838623046875,
      32.425174713134766,
      23.122920989990234,
      26.405012130737305,
      27.19792938232422,
      28.15894889831543,
      26.793649673461914,
      40.841182708740234,
      46.7981071472168,
      53.859031677246094,
      62.462181091308594,
      70.02174377441406,
      80.0072250366211,
      98.97942352294922,
      102.25910949707031,
      133.83724975585938,
      127.2612533569336
    ],
    [
      41.55011749267578,
      24.569133758544922,
      39.86819076538086,
      31.619796752929688,
      32.036617279052734,
      33.599510192871094,
      32.9909553527832,
      31.338525772094727,
      45.84218978881836,
      53.04513931274414,
      59.8039436340332,
      73.37342834472656,
      72.08267211914062,
      88.22562408447266,
      93.85417175292969,
      106.94381713867188,
      127.2612533569336,
      170.16317749023438
    ]
  ],
  "damage": -4.714690208435059,
  "diff_bandwidth": 340.8431091308594,
  "dissonance": 8.352731662519826,
  "drr": 12.05506420135498,
  "dynamics": 3.7917070388793945,
  "format": 65538,
  "frames": 11485287,
  "freq_pan_to_db": [
    [
      -13.31496524810791,
      -14.078560829162598,
      -12.188648223876953,
      -11.03183650970459,
      -8.031909942626953,
      -6.331393241882324,
      -3.5509421825408936,
      -7.333288669586182,
      -10.700335502624512,
      -12.040297508239746,
      -13.19527530670166
    ],
    [
      -13.285529136657715,
      -13.74341869354248,
      -11.491373062133789,
      -8.518453598022461,
      -5.219799518585205,
      -6.655858039855957,
      -8.09678840637207,
      -10.439030647277832,
      -11.934449195861816,
      -13.555500030517578,
      -15.56864070892334
    ],
    [
      -20.098527908325195,
      -17.496456146240234,
      -12.84095287322998,
      -8.812793731689453,
      -7.236238956451416,
      -8.993823051452637,
      -8.710855484008789,
      -11.090274810791016,
      -15.289031982421875,
      -19.144012451171875,
      -21.55268096923828
    ],
    [
      -26.894989013671875,
      -23.68742561340332,
      -18.538938522338867,
      -13.610858917236328,
      -10.319080352783203,
      -10.736480712890625,
      -10.656959533691406,
      -16.083402633666992,
      -22.224498748779297,
      -27.206079483032227,
      -30.42458724975586
    ],
    [
      -34.508995056152344,
      -27.968564987182617,
      -22.608901977539062,
      -17.108821868896484,
      -9.125779151916504,
      -10.808879852294922,
      -12.024393081665039,
      -17.926469802856445,
      -22.35289192199707,
      -27.117721557617188,
      -28.746131896972656
    ],
    [
      -34.22551727294922,
      -27.645620346069336,
      -22.694719314575195,
      -17.23882484436035,
      -12.056512832641602,
      -12.253355979919434,
      -14.305679321289062,
      -19.276668548583984,
      -22.911094665527344,
      -28.138874053955078,
      -31.544485092163086
    ],
    [
      -27.449382781982422,
      -25.57966423034668,
      -20.882736206054688,
      -16.913131713867188,
      -14.049546241760254,
      -14.501954078674316,
      -15.664676666259766,
      -18.949462890625,
      -21.692108154296875,
      -24.495683670043945,
      -26.64174461364746
    ],
    [
      -23.273681640625,
      -23.708969116210938,
      -21.406789779663086,
      -18.882286071777344,
      -16.475793838500977,
      -17.848907470703125,
      -19.239696502685547,
      -21.126541137695312,
      -21.548189163208008,
      -23.689435958862305,
      -24.387788772583008
    ],
    [
      -21.202266693115234,
      -23.154300689697266,
      -22.8660945892334,
      -22.067092895507812,
      -20.697877883911133,
      -20.19725799560547,
      -19.054452896118164,
      -22.13477897644043,
      -22.718505859375,
      -23.34073257446289,
      -22.697973251342773
    ],
    [
      -22.418107986450195,
      -22.31773567199707,
      -23.57720947265625,
      -22.806394577026367,
      -22.467021942138672,
      -20.336408615112305,
      -17.382978439331055,
      -20.629520416259766,
      -21.82243537902832,
      -21.855213165283203,
      -21.064638137817383
    ],
    [
      -22.78504753112793,
      -24.56366539001465,
      -23.29600715637207,
      -22.86358070373535,
      -22.310497283935547,
      -20.26236343383789,
      -20.415742874145508,
      -22.969820022583008,
      -24.183374404907227,
      -23.406234741210938,
      -27.447677612304688
    ],
    [
      -20.242189407348633,
      -21.269811630249023,
      -21.637351989746094,
      -21.693063735961914,
      -21.632457733154297,
      -21.051063537597656,
      -19.83864974975586,
      -21.41219711303711,
      -21.821495056152344,
      -22.571365356445312,
      -22.587583541870117
    ],
    [
      -21.563304901123047,
      -22.5011043548584,
      -23.729719161987305,
      -24.10787010192871,
      -23.285480499267578,
      -22.941144943237305,
      -22.335439682006836,
      -23.15886878967285,
      -22.816469192504883,
      -23.315763473510742,
      -22.66199493408203
    ],
    [
      -20.066028594970703,
      -21.173778533935547,
      -22.354570388793945,
      -22.503368377685547,
      -24.090845108032227,
      -23.633792877197266,
      -22.537677764892578,
      -22.565515518188477,
      -22.386049270629883,
      -21.904449462890625,
      -21.78754234313965
    ],
    [
      -21.05219841003418,
      -21.610401153564453,
      -19.7293701171875,
      -20.832223892211914,
      -23.15486717224121,
      -21.23278045654297,
      -21.600061416625977,
      -20.394311904907227,
      -20.379247665405273,
      -21.012584686279297,
      -19.921749114990234
    ],
    [
      -22.420698165893555,
      -21.216825485229492,
      -15.484892845153809,
      -20.394691467285156,
      -22.845029830932617,
      -21.33854866027832,
      -21.54531478881836,
      -18.181230545043945,
      -17.803918838500977,
      -20.04160499572754,
      -18.114116668701172
    ],
    [
      -21.271350860595703,
      -19.721580505371094,
      -19.1142635345459,
      -19.370466232299805,
      -21.881107330322266,
      -22.670623779296875,
      -20.86397933959961,
      -19.72332191467285,
      -21.047800064086914,
      -20.576894760131836,
      -21.74418830871582
    ],
    [
      -22.367801666259766,
      -23.170513153076172,
      -23.844247817993164,
      -25.290943145751953,
      -25.68950653076172,
      -24.405378341674805,
      -24.360280990600586,
      -24.464529037475586,
      -24.536785125732422,
      -23.99976348876953,
      -24.50299835205078
    ],
    [
      -24.783370971679688,
      -25.841691970825195,
      -24.81916046142578,
      -25.12371253967285,
      -25.450559616088867,
      -25.953781127929688,
      -25.242069244384766,
      -25.695219039916992,
      -24.957050323486328,
      -25.242624282836914,
      -26.35951805114746
    ],
    [
      -29.711627960205078,
      -28.976835250854492,
      -28.822397232055664,
      -28.76011848449707,
      -28.579923629760742,
      -27.8201961517334,
      -28.203086853027344,
      -28.148685455322266,
      -27.720571517944336,
      -29.052127838134766,
      -27.65296745300293
    ],
    [
      -27.862781524658203,
      -29.594757080078125,
      -30.336233139038086,
      -29.982421875,
      -29.071619033813477,
      -28.848716735839844,
      -29.547527313232422,
      -28.81748390197754,
      -30.14378547668457,
      -31.064035415649414,
      -27.631668090820312
    ],
    [
      -31.454078674316406,
      -31.723072052001953,
      -30.49605941772461,
      -29.100645065307617,
      -30.265111923217773,
      -30.27092933654785,
      -30.853288650512695,
      -30.886280059814453,
      -31.709758758544922,
      -30.98219108581543,
      -32.15435791015625
    ],
    [
      -35.09586715698242,
      -33.51310348510742,
      -33.096004486083984,
      -33.77492904663086,
      -31.282506942749023,
      -30.94483184814453,
      -31.81032943725586,
      -33.02873992919922,
      -31.943187713623047,
      -32.5726432800293,
      -31.39029884338379
    ],
    [
      -32.524715423583984,
      -32.1298713684082,
      -32.614585876464844,
      -33.09700393676758,
      -32.680511474609375,
      -31.94796371459961,
      -32.770572662353516,
      -32.7668342590332,
      -32.63180160522461,
      -32.232452392578125,
      -33.86551284790039
    ],
    [
      -37.63444900512695,
      -35.63575744628906,
      -33.50568389892578,
      -33.655582427978516,
      -33.81737518310547,
      -34.318355560302734,
      -33.39059829711914,
      -33.372459411621094,
      -33.64961242675781,
      -32.32143783569336,
      -32.45752716064453
    ],
    [
      -35.8508186340332,
      -34.496543884277344,
      -34.14820098876953,
      -33.41302490234375,
      -32.88125991821289,
      -32.29262924194336,
      -32.92573928833008,
      -33.60573959350586,
      -33.64820098876953,
      -32.89917755126953,
      -31.118419647216797
    ],
    [
      -46.31632614135742,
      -33.188995361328125,
      -32.65103530883789,
      -32.772911071777344,
      -32.1124382019043,
      -29.840402603149414,
      -32.15360641479492,
      -32.62881088256836,
      -31.98527717590332,
      -32.706993103027344,
      -30.24324607849121
    ],
    [
      -35.8198356628418,
      -32.87969970703125,
      -32.70579147338867,
      -32.889739990234375,
      -32.74184799194336,
      -32.17204284667969,
      -31.946430206298828,
      -32.31087875366211,
      -33.066062927246094,
      -33.786041259765625,
      -39.94245910644531
    ],
    [
      -42.91275405883789,
      -34.901554107666016,
      -32.61723327636719,
      -32.32765197753906,
      -31.90582275390625,
      -30.75719451904297,
      -30.72064781188965,
      -32.1332893371582,
      -31.843345642089844,
      -32.603641510009766,
      -30.788375854492188
    ],
    [
      -31.5114688873291,
      -35.850730895996094,
      -32.174957275390625,
      -31.82300567626953,
      -31.36190414428711,
      -30.7305965423584,
      -30.258764266967773,
      -31.44127655029297,
      -31.167497634887695,
      -31.10079574584961,
      -27.946638107299805
    ],
    [
      -25.67072868347168,
      -36.37714767456055,
      -33.316741943359375,
      -33.84808349609375,
      -33.0597038269043,
      -32.046051025390625,
      -32.00010299682617,
      -32.257625579833984,
      -32.5670051574707,
      -32.18307876586914,
      -37.910926818847656
    ],
    [
      -37.078392028808594,
      -44.23186492919922,
      -37.302284240722656,
      -35.82282257080078,
      -34.172142028808594,
      -32.901973724365234,
      -31.71921730041504,
      -32.005123138427734,
      -32.22589111328125,
      -31.430513381958008,
      -34.43033981323242
    ],
    [
      -51.18452072143555,
      -44.137596130371094,
      -38.88947296142578,
      -36.84867858886719,
      -35.14150619506836,
      -33.206581115722656,
      -32.04459762573242,
      -32.98986053466797,
      -33.250099182128906,
      -39.45048141479492,
      -37.53145217895508
    ],
    [
      -47.69340515136719,
      -50.005496978759766,
      -39.9700813293457,
      -36.36944580078125,
      -34.34799575805664,
      -33.343624114990234,
      -32.90155792236328,
      -33.22747039794922,
      -34.69636535644531,
      -42.429378509521484,
      -40.89120864868164
    ],
    [
      -54.03478240966797,
      -49.71080017089844,
      -35.64936447143555,
      -32.41953659057617,
      -32.14567565917969,
      -32.61912155151367,
      -32.533573150634766,
      -34.06187057495117,
      -36.65127944946289,
      -39.5567512512207,
      -42.85675811767578
    ],
    [
      -46.418861389160156,
      -45.715293884277344,
      -32.202274322509766,
      -35.01169967651367,
      -34.12593460083008,
      -33.95955276489258,
      -33.55915069580078,
      -36.11642074584961,
      -34.801029205322266,
      -40.912193298339844,
      -45.79531478881836
    ],
    [
      -51.4825553894043,
      -51.4971923828125,
      -31.309974670410156,
      -34.594058990478516,
      -34.85453414916992,
      -35.18016052246094,
      -33.54165267944336,
      -35.26734924316406,
      -39.434261322021484,
      -46.77838134765625,
      -38.084774017333984
    ],
    [
      -56.94947052001953,
      -54.38490676879883,
      -38.71747589111328,
      -36.714691162109375,
      -35.791053771972656,
      -36.08554458618164,
      -34.98127746582031,
      -37.366607666015625,
      -41.654441833496094,
      -42.36698532104492,
      -44.23969268798828
    ],
    [
      -48.30010223388672,
      -53.679508209228516,
      -54.102516174316406,
      -36.906185150146484,
      -35.07809829711914,
      -36.377376556396484,
      -36.029579162597656,
      -39.22499084472656,
      -41.14012908935547,
      -42.7169189453125,
      -47.909053802490234
    ],
    [
      -59.50350570678711,
      -57.295684814453125,
      -41.92916488647461,
      -36.51551818847656,
      -35.034645080566406,
      -37.28977584838867,
      -39.293582916259766,
      -43.237754821777344,
      -50.761783599853516,
      -53.78709030151367,
      -55.94970703125
    ],
    [
      -370,
      -52.77863311767578,
      -52.02355194091797,
      -39.249908447265625,
      -36.32063293457031,
      -38.63077163696289,
      -45.102725982666016,
      -56.32887649536133,
      -55.299312591552734,
      -56.291709899902344,
      -370
    ],
    [
      -370,
      -370,
      -62.19026184082031,
      -62.95994186401367,
      -45.36528396606445,
      -39.675392150878906,
      -48.94084548950195,
      -67.38614654541016,
      -64.1884536743164,
      -58.33449172973633,
      -61.813865661621094
    ]
  ],
  "histogram": [
    {
      "db": -70,
      "frequency": 1
    },
    {
      "db": -69,
      "frequency": 0
    },
    {
      "db": -68,
      "frequency": 0
    },
    {
      "db": -67,
      "frequency": 0
    },
    {
      "db": -66,
      "frequency": 0
    },
    {
      "db": -65,
      "frequency": 0
    },
    {
      "db": -64,
      "frequency": 0
    },
    {
      "db": -63,
      "frequency": 0
    },
    {
      "db": -62,
      "frequency": 1
    },
    {
      "db": -61,
      "frequency": 0
    },
    {
      "db": -60,
      "frequency": 1
    },
    {
      "db": -59,
      "frequency": 0
    },
    {
      "db": -58,
      "frequency": 1
    },
    {
      "db": -57,
      "frequency": 0
    },
    {
      "db": -56,
      "frequency": 1
    },
    {
      "db": -55,
      "frequency": 1
    },
    {
      "db": -54,
      "frequency": 1
    },
    {
      "db": -53,
      "frequency": 2
    },
    {
      "db": -52,
      "frequency": 1
    },
    {
      "db": -51,
      "frequency": 1
    },
    {
      "db": -50,
      "frequency": 1
    },
    {
      "db": -49,
      "frequency": 0
    },
    {
      "db": -48,
      "frequency": 1
    },
    {
      "db": -47,
      "frequency": 1
    },
    {
      "db": -46,
      "frequency": 1
    },
    {
      "db": -45,
      "frequency": 0
    },
    {
      "db": -44,
      "frequency": 1
    },
    {
      "db": -43,
      "frequency": 1
    },
    {
      "db": -42,
      "frequency": 0
    },
    {
      "db": -41,
      "frequency": 2
    },
    {
      "db": -40,
      "frequency": 0
    },
    {
      "db": -39,
      "frequency": 0
    },
    {
      "db": -38,
      "frequency": 1
    },
    {
      "db": -37,
      "frequency": 0
    },
    {
      "db": -36,
      "frequency": 0
    },
    {
      "db": -35,
      "frequency": 0
    },
    {
      "db": -34,
      "frequency": 0
    },
    {
      "db": -33,
      "frequency": 1
    },
    {
      "db": -32,
      "frequency": 1
    },
    {
      "db": -31,
      "frequency": 2
    },
    {
      "db": -30,
      "frequency": 0
    },
    {
      "db": -29,
      "frequency": 0
    },
    {
      "db": -28,
      "frequency": 2
    },
    {
      "db": -27,
      "frequency": 3
    },
    {
      "db": -26,
      "frequency": 5
    },
    {
      "db": -25,
      "frequency": 10
    },
    {
      "db": -24,
      "frequency": 17
    },
    {
      "db": -23,
      "frequency": 20
    },
    {
      "db": -22,
      "frequency": 17
    },
    {
      "db": -21,
      "frequency": 24
    },
    {
      "db": -20,
      "frequency": 34
    },
    {
      "db": -19,
      "frequency": 21
    },
    {
      "db": -18,
      "frequency": 35
    },
    {
      "db": -17,
      "frequency": 33
    },
    {
      "db": -16,
      "frequency": 71
    },
    {
      "db": -15,
      "frequency": 78
    },
    {
      "db": -14,
      "frequency": 97
    },
    {
      "db": -13,
      "frequency": 259
    },
    {
      "db": -12,
      "frequency": 309
    },
    {
      "db": -11,
      "frequency": 320
    },
    {
      "db": -10,
      "frequency": 365
    },
    {
      "db": -9,
      "frequency": 333
    },
    {
      "db": -8,
      "frequency": 192
    },
    {
      "db": -7,
      "frequency": 80
    },
    {
      "db": -6,
      "frequency": 16
    },
    {
      "db": -5,
      "frequency": 0
    },
    {
      "db": -4,
      "frequency": 0
    },
    {
      "db": -3,
      "frequency": 0
    },
    {
      "db": -2,
      "frequency": 0
    },
    {
      "db": -1,
      "frequency": 0
    },
    {
      "db": 0,
      "frequency": 0
    },
    {
      "db": 1,
      "frequency": 0
    },
    {
      "db": 2,
      "frequency": 0
    },
    {
      "db": 3,
      "frequency": 0
    },
    {
      "db": 4,
      "frequency": 0
    },
    {
      "db": 5,
