{
  "acoustic_entropy": 177.9456024169922,
  "bands": [
    {
      "high_freq": 148.1999969482422,
      "loudness": -18.607053756713867,
      "loudness_range": 16.84518814086914,
      "mid_mean": -15.460653305053711,
      "mid_to_side_loudness": -15.7872896194458,
      "mid_to_side_loudness_range": 12.391809463500977,
      "side_mean": -32.41101837158203
    },
    {
      "high_freq": 392.3793640136719,
      "loudness": -18.403278350830078,
      "loudness_range": 9.86452865600586,
      "low_freq": 148.1999969482422,
      "mid_mean": -14.894286155700684,
      "mid_to_side_loudness": -15.04085636138916,
      "mid_to_side_loudness_range": 8.418825149536133,
      "side_mean": -30.363323211669922
    },
    {
      "high_freq": 794.6976318359375,
      "loudness": -24.28353500366211,
      "loudness_range": 12.045989990234375,
      "low_freq": 392.3793640136719,
      "mid_mean": -21.71556854248047,
      "mid_to_side_loudness": -7.167234420776367,
      "mid_to_side_loudness_range": 11.64434814453125,
      "side_mean": -28.929780960083008
    },
    {
      "high_freq": 1457.5709228515625,
      "loudness": -24.675079345703125,
      "loudness_range": 19.367740631103516,
      "low_freq": 794.6976318359375,
      "mid_mean": -22.965131759643555,
      "mid_to_side_loudness": -5.0452494621276855,
      "mid_to_side_loudness_range": 11.586579322814941,
      "side_mean": -27.81281280517578
    },
    {
      "high_freq": 2549.74365234375,
      "loudness": -27.153547286987305,
      "loudness_range": 18.13125228881836,
      "low_freq": 1457.5709228515625,
      "mid_mean": -24.848464965820312,
      "mid_to_side_loudness": -5.66448974609375,
      "mid_to_side_loudness_range": 9.348894119262695,
      "side_mean": -30.518213272094727
    },
    {
      "high_freq": 4349.24462890625,
      "loudness": -28.740009307861328,
      "loudness_range": 15.749977111816406,
      "low_freq": 2549.74365234375,
      "mid_mean": -26.090900421142578,
      "mid_to_side_loudness": -6.803709030151367,
      "mid_to_side_loudness_range": 8.87899112701416,
      "side_mean": -32.886810302734375
    },
    {
      "high_freq": 7314.1640625,
      "loudness": -28.58907699584961,
      "loudness_range": 13.280475616455078,
      "low_freq": 4349.24462890625,
      "mid_mean": -25.942638397216797,
      "mid_to_side_loudness": -6.478219985961914,
      "mid_to_side_loudness_range": 8.290838241577148,
      "side_mean": -32.38595962524414
    },
    {
      "high_freq": 12199.2666015625,
      "loudness": -30.01067543029785,
      "loudness_range": 12.857873916625977,
      "low_freq": 7314.1640625,
      "mid_mean": -27.244117736816406,
      "mid_to_side_loudness": -6.961365699768066,
      "mid_to_side_loudness_range": 6.04312801361084,
      "side_mean": -34.21796798706055
    },
    {
      "loudness": -36.25202941894531,
      "loudness_range": 14.909780502319336,
      "low_freq": 12199.2666015625,
      "mid_mean": -33.58073806762695,
      "mid_to_side_loudness": -6.203526020050049,
      "mid_to_side_loudness_range": 3.8536272048950195,
      "side_mean": -39.76613235473633
    }
  ],
  "bands_short": [
    {
      "high_freq": 148.1999969482422,
      "loudness": -24.032814025878906,
      "loudness_range": 28.499317169189453,
      "mid_mean": -21.45450782775879,
      "mid_to_side_loudness": -12.792545318603516,
      "mid_to_side_loudness_range": 21.8620548248291,
      "side_mean": -35.365745544433594
    },
    {
      "high_freq": 392.3793640136719,
      "loudness": -19.35334014892578,
      "loudness_range": 19.872066497802734,
      "low_freq": 148.1999969482422,
      "mid_mean": -16.431320190429688,
      "mid_to_side_loudness": -14.195012092590332,
      "mid_to_side_loudness_range": 16.429580688476562,
      "side_mean": -31.572927474975586
    },
    {
      "high_freq": 794.6976318359375,
      "loudness": -25.752077102661133,
      "loudness_range": 17.774734497070312,
      "low_freq": 392.3793640136719,
      "mid_mean": -23.701032638549805,
      "mid_to_side_loudness": -7.088071823120117,
      "mid_to_side_loudness_range": 14.672776222229004,
      "side_mean": -30.90376853942871
    },
    {
      "high_freq": 1457.5709228515625,
      "loudness": -25.4471492767334,
      "loudness_range": 23.00174331665039,
      "low_freq": 794.6976318359375,
      "mid_mean": -24.230224609375,
      "mid_to_side_loudness": -4.538155555725098,
      "mid_to_side_loudness_range": 14.771601676940918,
      "side_mean": -28.49454116821289
    },
    {
      "high_freq": 2549.74365234375,
      "loudness": -28.885786056518555,
      "loudness_range": 22.504215240478516,
      "low_freq": 1457.5709228515625,
      "mid_mean": -27.115903854370117,
      "mid_to_side_loudness": -5.585667133331299,
      "mid_to_side_loudness_range": 12.667290687561035,
      "side_mean": -32.838645935058594
    },
    {
      "high_freq": 4349.24462890625,
      "loudness": -31.252239227294922,
      "loudness_range": 23.943450927734375,
      "low_freq": 2549.74365234375,
      "mid_mean": -28.997451782226562,
      "mid_to_side_loudness": -6.775891304016113,
      "mid_to_side_loudness_range": 11.917658805847168,
      "side_mean": -35.91495895385742
    },
    {
      "high_freq": 7314.1640625,
      "loudness": -30.990249633789062,
      "loudness_range": 23.26592445373535,
      "low_freq": 4349.24462890625,
      "mid_mean": -29.03282928466797,
      "mid_to_side_loudness": -6.5056610107421875,
      "mid_to_side_loudness_range": 12.211040496826172,
      "side_mean": -35.45514678955078
    },
    {
      "high_freq": 12199.2666015625,
      "loudness": -33.59575271606445,
      "loudness_range": 26.080257415771484,
      "low_freq": 7314.1640625,
      "mid_mean": -31.57250213623047,
      "mid_to_side_loudness": -7.047797203063965,
      "mid_to_side_loudness_range": 9.658452987670898,
      "side_mean": -38.606143951416016
    },
    {
      "loudness": -41.32594299316406,
      "loudness_range": 30.56117057800293,
      "low_freq": 12199.2666015625,
      "mid_mean": -40.09214782714844,
      "mid_to_side_loudness": -6.458399772644043,
      "mid_to_side_loudness_range": 8.473701477050781,
      "side_mean": -46.54811096191406
    }
  ],
  "bandwidth": 418.010498046875,
  "channels": 2,
  "covariance": [
    [
      50.36098861694336,
      32.93373489379883,
      16.201841354370117,
      12.321138381958008,
      10.90876293182373,
      15.64820671081543,
      15.198526382446289,
      17.826313018798828,
      10.972139358520508,
      9.676722526550293,
      8.866180419921875,
      7.651369571685791,
      8.526773452758789,
      8.109895706176758,
      4.767991542816162,
      5.118856430053711,
      -0.4932405650615692,
      1.696510910987854
    ],
    [
      32.93373489379883,
      40.40955352783203,
      12.662206649780273,
      10.492758750915527,
      10.54895305633545,
      16.401460647583008,
      17.706741333007812,
      19.728530883789062,
      14.931963920593262,
      11.811944007873535,
      9.562519073486328,
      8.249835968017578,
      9.142046928405762,
      8.613551139831543,
      5.650783538818359,
      5.3683552742004395,
      0.5039390921592712,
      2.1636765003204346
    ],
    [
      16.201841354370117,
      12.662206649780273,
      18.155956268310547,
      13.2142915725708,
      13.295958518981934,
      16.12801742553711,
      14.856881141662598,
      16.1268253326416,
      14.402495384216309,
      14.55609130859375,
      12.751079559326172,
      12.870387077331543,
      10.3844633102417,
      10.805032730102539,
      7.56033992767334,
      8.657554626464844,
      5.388201713562012,
      6.937597274780273
    ],
    [
      12.321138381958008,
      10.492758750915527,
      13.2142915725708,
      16.12221336364746,
      11.776802062988281,
      16.123334884643555,
      13.814926147460938,
      15.212696075439453,
      13.034461975097656,
      13.302425384521484,
      11.968292236328125,
      12.108747482299805,
      9.463740348815918,
      10.005162239074707,
      6.0717926025390625,
      7.362483024597168,
      4.02700662612915,
      5.404883861541748
    ],
    [
      10.90876293182373,
      10.54895305633545,
      13.295958518981934,
      11.776802062988281,
      23.08882713317871,
      24.907838821411133,
      24.894268035888672,
      22.979042053222656,
      23.34204864501953,
      20.267059326171875,
      19.522106170654297,
      17.154544830322266,
      15.177070617675781,
      13.689008712768555,
      9.9321870803833,
      10.253636360168457,
      6.706409931182861,
      7.5568528175354
    ],
    [
      15.64820671081543,
      16.401460647583008,
      16.12801742553711,
      16.123334884643555,
      24.907838821411133,
      44.39714431762695,
      39.79092788696289,
      48.92841720581055,
      30.92888641357422,
      32.97694778442383,
      21.908803939819336,
      22.68190574645996,
      17.47785186767578,
      19.061155319213867,
      12.180590629577637,
      13.99194049835205,
      8.99698257446289,
      10.695847511291504
    ],
    [
      15.198526382446289,
      17.706741333007812,
      14.856881141662598,
      13.814926147460938,
      24.894268035888672,
      39.79092788696289,
      53.133663177490234,
      53.694095611572266,
      38.655643463134766,
      36.90427017211914,
      27.924945831298828,
      26.086776733398438,
      21.643606185913086,
      21.960346221923828,
      14.645928382873535,
      16.25775909423828,
      10.888866424560547,
      12.323978424072266
    ],
    [
      17.826313018798828,
      19.728530883789062,
      16.1268253326416,
      15.212696075439453,
      22.979042053222656,
      48.92841720581055,
      53.694095611572266,
      74.70223236083984,
      37.18647766113281,
      42.913917541503906,
      22.505828857421875,
      26.02058219909668,
      18.77750015258789,
      22.72220230102539,
      14.527470588684082,
      17.226524353027344,
      11.60178279876709,
      13.636380195617676
    ],
    [
      10.972139358520508,
      14.931963920593262,
      14.402495384216309,
      13.034461975097656,
      23.34204864501953,
      30.92888641357422,
      38.655643463134766,
      37.18647766113281,
      45.94873046875,
      37.474693298339844,
      32.671390533447266,
      28.766010284423828,
      26.37701988220215,
      25.37809944152832,
      17.729007720947266,
      19.163225173950195,
      13.902677536010742,
      15.266352653503418
    ],
    [
      9.676722526550293,
      11.811944007873535,
      14.55609130859375,
      13.302425384521484,
      20.267059326171875,
      32.97694778442383,
      36.90427017211914,
      42.913917541503906,
      37.474693298339844,
      41.47621154785156,
      27.377920150756836,
      31.095966339111328,
      22.38016128540039,
      26.725683212280273,
      17.231538772583008,
      20.525104522705078,
      14.6650390625,
      16.768991470336914
    ],
    [
      8.866180419921875,
      9.562519073486328,
      12.751079559326172,
      11.968292236328125,
      19.522106170654297,
      21.908803939819336,
      27.924945831298828,
      22.505828857421875,
      32.671390533447266,
      27.377920150756836,
      34.36775207519531,
      30.099626541137695,
      26.332674026489258,
      25.112918853759766,
      17.185531616210938,
      19.23126792907715,
      12.714859962463379,
      14.375472068786621
    ],
    [
      7.651369571685791,
      8.249835968017578,
      12.870387077331543,
      12.108747482299805,
      17.154544830322266,
      22.68190574645996,
      26.086776733398438,
      26.02058219909668,
      28.766010284423828,
      31.095966339111328,
      30.099626541137695,
      36.167564392089844,
      23.704835891723633,
      30.205055236816406,
      18.595966339111328,
      23.864639282226562,
      15.29642391204834,
      18.407726287841797
    ],
    [
      8.526773452758789,
      9.142046928405762,
      10.3844633102417,
      9.463740348815918,
      15.177070617675781,
      17.47785186767578,
      21.643606185913086,
      18.77750015258789,
      26.37701988220215,
      22.38016128540039,
      26.332674026489258,
      23.704835891723633,
      25.9582576751709,
      24.338586807250977,
      19.79354476928711,
      20.637203216552734,
      16.457746505737305,
      17.09931182861328
    ],
    [
      8.109895706176758,
      8.613551139831543,
      10.805032730102539,
      10.005162239074707,
      13.689008712768555,
      19.061155319213867,
      21.960346221923828,
      22.72220230102539,
      25.37809944152832,
      26.725683212280273,
      25.112918853759766,
      30.205055236816406,
      24.338586807250977,
      32.415096282958984,
      22.689788818359375,
      27.87285041809082,
      21.890769958496094,
      24.15184211730957
    ],
    [
      4.767991542816162,
      5.650783538818359,
      7.56033992767334,
      6.0717926025390625,
      9.9321870803833,
      12.180590629577637,
      14.645928382873535,
      14.527470588684082,
      17.729007720947266,
      17.231538772583008,
      17.185531616210938,
      18.595966339111328,
      19.79354476928711,
      22.689788818359375,
      25.00277328491211,
      25.17197608947754,
      24.947006225585938,
      24.01557159423828
    ],
    [
      5.118856430053711,
      5.3683552742004395,
      8.657554626464844,
      7.362483024597168,
      10.253636360168457,
      13.99194049835205,
      16.25775909423828,
      17.226524353027344,
      19.163225173950195,
      20.525104522705078,
      19.23126792907715,
      23.864639282226562,
      20.637203216552734,
      27.87285041809082,
      25.17197608947754,
      30.15603256225586,
      27.853586196899414,
      28.63224983215332
    ],
    [
      -0.4932405650615692,
      0.5039390921592712,
      5.388201713562012,
      4.02700662612915,
      6.706409931182861,
      8.99698257446289,
      10.888866424560547,
      11.60178279876709,
      13.902677536010742,
      14.6650390625,
      12.714859962463379,
      15.29642391204834,
      16.457746505737305,
      21.890769958496094,
      24.947006225585938,
      27.853586196899414,
      34.134849548339844,
      32.173072814941406
    ],
    [
      1.696510910987854,
      2.1636765003204346,
      6.937597274780273,
      5.404883861541748,
      7.5568528175354,
      10.695847511291504,
      12.323978424072266,
      13.636380195617676,
      15.266352653503418,
      16.768991470336914,
      14.375472068786621,
      18.407726287841797,
      17.09931182861328,
      24.15184211730957,
      24.01557159423828,
      28.63224983215332,
      32.173072814941406,
      32.33281707763672
    ]
  ],
  "covariance_short": [
    [
      109.57122039794922,
      53.6407585144043,
      57.957218170166016,
      37.268917083740234,
      31.631765365600586,
      26.646617889404297,
      25.684955596923828,
      25.099693298339844,
      28.75653076171875,
      27.949703216552734,
      28.641103744506836,
      30.487279891967773,
      26.173330307006836,
      28.77037239074707,
      25.26519203186035,
      28.234172821044922,
      31.674257278442383,
      36.31001281738281
    ],
    [
      53.6407585144043,
      60.423404693603516,
      30.40177345275879,
      25.033239364624023,
      17.54732322692871,
      18.162940979003906,
      18.067020416259766,
      19.785995483398438,
      18.215435028076172,
      17.600374221801758,
      15.750736236572266,
      16.873241424560547,
      15.308411598205566,
      16.464088439941406,
      13.07843017578125,
      14.284181594848633,
      15.30836296081543,
      18.004623413085938
    ],
    [
      57.957218170166016,
      30.40177345275879,
      68.40080261230469,
      40.170833587646484,
      39.950984954833984,
      33.34548568725586,
      26.945518493652344,
      24.13382339477539,
      33.60969161987305,
      31.94710350036621,
      35.52024841308594,
      34.550811767578125,
      29.839265823364258,
      31.72749900817871,
      26.22083854675293,
      30.032142639160156,
      30.72599983215332,
      35.7000732421875
    ],
    [
      37.268917083740234,
      25.033239364624023,
      40.170833587646484,
      41.24009323120117,
      27.633867263793945,
      25.79847526550293,
      20.12602424621582,
      18.677038192749023,
      24.81130599975586,
      23.890941619873047,
      26.85543441772461,
      26.209896087646484,
      22.224109649658203,
      23.113357543945312,
      19.4637451171875,
      21.250356674194336,
      21.881343841552734,
      25.366708755493164
    ],
    [
      31.631765365600586,
      17.54732322692871,
      39.950984954833984,
      27.633867263793945,
      54.41154098510742,
      41.56949996948242,
      39.53792953491211,
      32.68326950073242,
      41.552677154541016,
      35.50347137451172,
      39.731292724609375,
      34.58389663696289,
      31.84345054626465,
      29.757144927978516,
      24.5617618560791,
      26.201152801513672,
      25.264827728271484,
      29.064008712768555
    ],
    [
      26.646617889404297,
      18.162940979003906,
      33.34548568725586,
      25.79847526550293,
      41.56949996948242,
      58.65945816040039,
      47.44890594482422,
      55.49960708618164,
      41.3179931640625,
      45.26744842529297,
      33.723934173583984,
      36.288631439208984,
      28.677148818969727,
      31.368223190307617,
      23.36717987060547,
      26.457170486450195,
      25.933074951171875,
      30.046342849731445
    ],
    [
      25.684955596923828,
      18.067020416259766,
      26.945518493652344,
      20.12602424621582,
      39.53792953491211,
      47.44890594482422,
      73.22895812988281,
      66.2800521850586,
      50.275489807128906,
      47.60697555541992,
      40.88310241699219,
      39.018218994140625,
      34.805660247802734,
      34.0206184387207,
      26.316734313964844,
      27.80051040649414,
      27.4144229888916,
      30.33203887939453
    ],
    [
      25.099693298339844,
      19.785995483398438,
      24.13382339477539,
      18.677038192749023,
      32.68326950073242,
      55.49960708618164,
      66.2800521850586,
      93.33213806152344,
      44.88886642456055,
      52.680389404296875,
      30.79254722595215,
      36.672672271728516,
      27.79502296447754,
      30.72433090209961,
      22.765869140625,
      25.48027992248535,
      25.70503807067871,
      28.56598663330078
    ],
    [
      28.75653076171875,
      18.215435028076172,
      33.60969161987305,
      24.81130599975586,
      41.552677154541016,
      41.3179931640625,
      50.275489807128906,
      44.88886642456055,
      75.4078369140625,
      60.62346267700195,
      59.37885665893555,
      51.197513580322266,
      51.629146575927734,
      47.653194427490234,
      41.789371490478516,
      41.932498931884766,
      40.25934982299805,
      43.550758361816406
    ],
    [
      27.949703216552734,
      17.600374221801758,
      31.94710350036621,
      23.890941619873047,
      35.50347137451172,
      45.26744842529297,
      47.60697555541992,
      52.680389404296875,
      60.62346267700195,
      72.54069519042969,
      51.575443267822266,
      56.1660270690918,
      46.903560638427734,
      51.62261962890625,
      42.493778228759766,
      47.3044548034668,
      46.18780517578125,
      51.27114486694336
    ],
    [
      28.641103744506836,
      15.750736236572266,
      35.52024841308594,
      26.85543441772461,
      39.731292724609375,
      33.723934173583984,
      40.88310241699219,
      30.79254722595215,
      59.37885665893555,
      51.575443267822266,
      77.47575378417969,
      64.59864807128906,
      66.18961334228516,
      60.211578369140625,
      53.67185974121094,
      53.7098503112793,
      52.52146911621094,
      56.410091400146484
    ],
    [
      30.487279891967773,
      16.873241424560547,
      34.550811767578125,
      26.209896087646484,
      34.58389663696289,
      36.288631439208984,
      39.018218994140625,
      36.672672271728516,
      51.197513580322266,
      56.1660270690918,
      64.59864807128906,
      74.69535827636719,
      59.814571380615234,
      68.04093933105469,
      55.496280670166016,
      63.731082916259766,
      60.947540283203125,
      69.65653228759766
    ],
    [
      26.173330307006836,
      15.308411598205566,
      29.839265823364258,
      22.224109649658203,
      31.84345054626465,
      28.677148818969727,
      34.805660247802734,
      27.79502296447754,
      51.629146575927734,
      46.903560638427734,
      66.18961334228516,
      59.814571380615234,
      81.75167846679688,
      69.04236602783203,
      70.46990203857422,
      66.7348403930664,
      68.91435241699219,
      69.17023468017578
    ],
    [
      28.77037239074707,
      16.464088439941406,
      31.72749900817871,
      23.113357543945312,
      29.757144927978516,
      31.368223190307617,
      34.0206184387207,
      30.72433090209961,
      47.653194427490234,
      51.62261962890625,
      60.211578369140625,
      68.04093933105469,
      69.04236602783203,
      84.70913696289062,
      72.61422729492188,
      81.35508728027344,
      78.81269836425781,
      85.99899291992188
    ],
    [
      25.26519203186035,
      13.07843017578125,
      26.22083854675293,
      19.4637451171875,
      24.5617618560791,
      23.36717987060547,
      26.316734313964844,
      22.765869140625,
      41.789371490478516,
      42.493778228759766,
      53.67185974121094,
      55.496280670166016,
      70.46990203857422,
      72.61422729492188,
      96.08906555175781,
      87.3466567993164,
      97.43879699707031,
      92.93855285644531
    ],
    [
      28.234172821044922,
      14.284181594848633,
      30.032142639160156,
      21.250356674194336,
      26.201152801513672,
      26.457170486450195,
      27.80051040649414,
      25.48027992248535,
      41.932498931884766,
      47.3044548034668,
      53.7098503112793,
      63.731082916259766,
      66.7348403930664,
      81.35508728027344,
      87.3466567993164,
      101.15351867675781,
      100.32938385009766,
      105.18964385986328
    ],
    [
      31.674257278442383,
      15.30836296081543,
      30.72599983215332,
      21.881343841552734,
      25.264827728271484,
      25.933074951171875,
      27.4144229888916,
      25.70503807067871,
      40.25934982299805,
      46.18780517578125,
      52.52146911621094,
      60.947540283203125,
      68.91435241699219,
      78.81269836425781,
      97.43879699707031,
      100.32938385009766,
      130.83204650878906,
      125.91315460205078
    ],
    [
      36.31001281738281,
      18.004623413085938,
      35.7000732421875,
      25.366708755493164,
      29.064008712768555,
      30.046342849731445,
      30.33203887939453,
      28.56598663330078,
      43.550758361816406,
      51.27114486694336,
      56.410091400146484,
      69.65653228759766,
      69.17023468017578,
      85.99899291992188,
      92.93855285644531,
      105.18964385986328,
      125.91315460205078,
      136.3852081298828
    ]
  ],
  "damage": -3.9304325580596924,
  "diff_bandwidth": 406.61663818359375,
  "dissonance": 8.631589291627018,
  "drr": 14.459668159484863,
  "dynamics": 3.553496837615967,
  "format": 65538,
  "frames": 11485287,
  "freq_pan_to_db": [
    [
      -12.347175598144531,
      -12.985735893249512,
      -11.386966705322266,
      -10.088947296142578,
      -7.567652225494385,
      -6.323107719421387,
      -2.7335917949676514,
      -6.587743759155273,
      -9.56934928894043,
      -11.356727600097656,
      -11.931286811828613
    ],
    [
      -12.076448440551758,
      -12.866902351379395,
      -10.716796875,
      -7.785924911499023,
      -4.730380058288574,
      -6.121823310852051,
      -7.5752363204956055,
      -9.64564037322998,
      -10.741704940795898,
      -12.762511253356934,
      -14.480230331420898
    ],
    [
      -18.650312423706055,
      -16.03725814819336,
      -11.381020545959473,
      -7.953338146209717,
      -6.595084190368652,
      -8.23338508605957,
      -7.878025531768799,
      -10.074087142944336,
      -14.452746391296387,
      -17.462081909179688,
      -21.316991806030273
    ],
    [
      -25.060108184814453,
      -22.660911560058594,
      -17.456247329711914,
      -11.940620422363281,
      -9.429078102111816,
      -9.800469398498535,
      -9.703980445861816,
      -14.743622779846191,
      -20.520931243896484,
      -27.05890655517578,
      -28.64484405517578
    ],
    [
      -30.901752471923828,
      -26.623323440551758,
      -20.344268798828125,
      -15.104632377624512,
      -7.9633612632751465,
      -9.803787231445312,
      -10.694229125976562,
      -16.23878288269043,
      -21.876541137695312,
      -26.120073318481445,
      -26.6400203704834
    ],
    [
      -30.945741653442383,
      -26.201250076293945,
      -20.44045066833496,
      -15.479656219482422,
      -10.624961853027344,
      -10.958184242248535,
      -12.823003768920898,
      -17.767398834228516,
      -21.75471305847168,
      -25.741065979003906,
      -29.494293212890625
    ],
    [
      -25.479263305664062,
      -23.162363052368164,
      -18.665447235107422,
      -14.548407554626465,
      -12.318248748779297,
      -12.929229736328125,
      -13.82925796508789,
      -17.159568786621094,
      -19.468687057495117,
      -21.61583709716797,
      -22.98030662536621
    ],
    [
      -20.795429229736328,
      -22.35015296936035,
      -18.986316680908203,
      -16.589170455932617,
      -14.509750366210938,
      -16.073062896728516,
      -17.12649154663086,
      -18.848665237426758,
      -19.66024398803711,
      -20.628665924072266,
      -21.515806198120117
    ],
    [
      -18.84912109375,
      -20.259700775146484,
      -20.602603912353516,
      -19.534618377685547,
      -18.420530319213867,
      -18.07805633544922,
      -16.97509002685547,
      -19.347078323364258,
      -20.097341537475586,
      -21.67677116394043,
      -20.47871971130371
    ],
    [
      -19.149795532226562,
      -19.978288650512695,
      -20.691299438476562,
      -20.146055221557617,
      -19.683624267578125,
      -17.91619300842285,
      -15.415690422058105,
      -17.66640281677246,
      -18.989219665527344,
      -19.546653747558594,
      -18.51030921936035
    ],
    [
      -20.171037673950195,
      -21.361543655395508,
      -20.231502532958984,
      -19.69074058532715,
      -19.343273162841797,
      -17.447988510131836,
      -17.773544311523438,
      -20.141902923583984,
      -20.952062606811523,
      -20.490779876708984,
      -23.499248504638672
    ],
    [
      -16.984224319458008,
      -18.349544525146484,
      -18.328584671020508,
      -18.616680145263672,
      -18.709552764892578,
      -17.983312606811523,
      -16.889463424682617,
      -18.096656799316406,
      -18.5782527923584,
      -19.132173538208008,
      -19.15305519104004
    ],
    [
      -18.902231216430664,
      -19.093666076660156,
      -20.474884033203125,
      -20.788000106811523,
      -20.122318267822266,
      -19.857742309570312,
      -19.264780044555664,
      -19.896448135375977,
      -19.197484970092773,
      -20.06791114807129,
      -19.596757888793945
    ],
    [
      -16.7603816986084,
      -17.977277755737305,
      -18.974044799804688,
      -19.302745819091797,
      -20.948762893676758,
      -20.515682220458984,
      -19.566299438476562,
      -19.107248306274414,
      -18.953577041625977,
      -18.812824249267578,
      -18.59969711303711
    ],
    [
      -17.970125198364258,
      -18.755971908569336,
      -16.707611083984375,
      -17.80963897705078,
      -19.732934951782227,
      -18.21879005432129,
      -18.630672454833984,
      -17.14678955078125,
      -17.63810157775879,
      -18.174461364746094,
      -16.681779861450195
    ],
    [
      -19.35417938232422,
      -18.533655166625977,
      -12.571986198425293,
      -17.047361373901367,
      -19.589811325073242,
      -18.24910545349121,
      -18.250539779663086,
      -14.956321716308594,
      -14.211762428283691,
      -17.46071434020996,
      -16.565187454223633
    ],
    [
      -17.742244720458984,
      -16.87647247314453,
      -16.34441566467285,
      -16.29949951171875,
      -18.812744140625,
      -19.39849281311035,
      -17.76402473449707,
      -16.911434173583984,
      -17.614015579223633,
      -17.3525333404541,
      -18.987194061279297
    ],
    [
      -18.779218673706055,
      -20.164411544799805,
      -20.9180850982666,
      -22.02497673034668,
      -22.208736419677734,
      -21.04910659790039,
      -21.419950485229492,
      -21.0960636138916,
      -21.308574676513672,
      -20.561561584472656,
      -22.332735061645508
    ],
    [
      -21.492202758789062,
      -22.173227310180664,
      -21.517127990722656,
      -21.626996994018555,
      -21.893461227416992,
      -22.13888931274414,
      -21.775054931640625,
      -21.84589195251465,
      -21.24688720703125,
      -22.052757263183594,
      -23.734432220458984
    ],
    [
      -27.21619987487793,
      -25.028413772583008,
      -25.353670120239258,
      -24.983901977539062,
      -24.89596939086914,
      -23.773067474365234,
      -24.800737380981445,
      -25.117088317871094,
      -24.401809692382812,
      -25.338184356689453,
      -24.936220169067383
    ],
    [
      -24.212459564208984,
      -25.76724624633789,
      -26.22807502746582,
      -26.079879760742188,
      -25.422000885009766,
      -24.87779426574707,
      -25.856727600097656,
      -24.775676727294922,
      -26.58584976196289,
      -26.720462799072266,
      -24.977588653564453
    ],
    [
      -27.183900833129883,
      -27.544958114624023,
      -26.7503604888916,
      -25.501882553100586,
      -26.254209518432617,
      -26.165985107421875,
      -27.028213500976562,
      -27.1767578125,
      -27.539030075073242,
      -27.57015037536621,
      -30.128278732299805
    ],
    [
      -31.611848831176758,
      -29.343608856201172,
      -29.376005172729492,
      -29.500150680541992,
      -27.305742263793945,
      -27.166250228881836,
      -28.189992904663086,
      -29.189388275146484,
      -28.11065101623535,
      -28.438039779663086,
      -28.21940040588379
    ],
    [
      -26.632827758789062,
      -28.2615966796875,
      -29.243127822875977,
      -29.547714233398438,
      -28.99114990234375,
      -28.544050216674805,
      -29.217973709106445,
      -28.677356719970703,
      -28.940412521362305,
      -28.588790893554688,
      -30.75675392150879
    ],
    [
      -34.23517608642578,
      -32.35056686401367,
      -30.73168182373047,
      -29.993791580200195,
      -30.442806243896484,
      -30.93323516845703,
      -29.807479858398438,
      -30.151447296142578,
      -30.35174560546875,
      -28.933223724365234,
      -29.18703269958496
    ],
    [
      -37.48231506347656,
      -31.39818000793457,
      -30.10932731628418,
      -30.35039520263672,
      -29.331327438354492,
      -29.022563934326172,
      -29.664825439453125,
      -30.12470817565918,
      -30.204723358154297,
      -29.44896697998047,
      -28.34987449645996
    ],
    [
      -25.790145874023438,
      -29.589879989624023,
      -28.91774559020996,
      -29.747299194335938,
      -28.907026290893555,
      -26.540935516357422,
      -28.897747039794922,
      -28.92792510986328,
      -28.498905181884766,
      -29.367341995239258,
      -27.678699493408203
    ],
    [
      -34.1219482421875,
      -29.650747299194336,
      -29.783355712890625,
      -30.03525733947754,
      -29.593090057373047,
      -29.484403610229492,
      -29.120243072509766,
      -29.374244689941406,
      -29.925472259521484,
      -30.477277755737305,
      -40.617759704589844
    ],
    [
      -35.54047775268555,
      -32.26908493041992,
      -30.227916717529297,
      -30.19249153137207,
      -29.75189971923828,
      -29.059030532836914,
      -29.028127670288086,
      -29.914541244506836,
      -29.970840454101562,
      -30.115541458129883,
      -30.43342399597168
    ],
    [
      -47.07133102416992,
      -34.29209899902344,
      -30.919050216674805,
      -30.13397789001465,
      -29.63492774963379,
      -29.265926361083984,
      -28.7977237701416,
      -29.62276268005371,
      -29.8852481842041,
      -29.246707916259766,
      -30.899120330810547
    ],
    [
      -33.855342864990234,
      -32.41217041015625,
      -32.87980270385742,
      -32.256996154785156,
      -31.30096435546875,
      -30.630107879638672,
      -30.28768539428711,
      -31.037330627441406,
      -30.753746032714844,
      -30.807416915893555,
      -33.2914924621582
    ],
    [
      -54.591373443603516,
      -35.8508186340332,
      -37.25193786621094,
      -33.74844741821289,
      -32.43299102783203,
      -31.37230682373047,
      -30.320497512817383,
      -30.61548614501953,
      -30.663217544555664,
      -30.43699073791504,
      -42.1046257019043
    ],
    [
      -36.833885192871094,
      -49.5765495300293,
      -37.47276306152344,
      -34.62824630737305,
      -33.34162902832031,
      -31.585195541381836,
      -30.531139373779297,
      -31.101913452148438,
      -31.004253387451172,
      -33.128726959228516,
      -35.94968032836914
    ],
    [
      -44.72550582885742,
      -47.740562438964844,
      -38.18747329711914,
      -34.19792175292969,
      -32.40186309814453,
      -31.520998001098633,
      -31.004852294921875,
      -31.257978439331055,
      -32.49631881713867,
      -40.30523681640625,
      -38.73691940307617
    ],
    [
      -48.0434455871582,
      -47.592655181884766,
      -32.99491882324219,
      -30.595626831054688,
      -30.263399124145508,
      -30.812545776367188,
      -30.626449584960938,
      -31.926830291748047,
      -31.897809982299805,
      -38.40342712402344,
      -40.00071716308594
    ],
    [
      -42.20804977416992,
      -43.8944206237793,
      -33.08928680419922,
      -32.67245864868164,
      -32.24400329589844,
      -32.09730529785156,
      -31.722930908203125,
      -33.83162307739258,
      -33.46601867675781,
      -33.24716567993164,
      -44.24299240112305
    ],
    [
      -51.66160583496094,
      -47.00581359863281,
      -32.379600524902344,
      -32.68116760253906,
      -33.09391784667969,
      -33.35441207885742,
      -31.686067581176758,
      -33.159584045410156,
      -35.12257385253906,
      -42.75498580932617,
      -34.66876220703125
    ],
    [
      -57.649139404296875,
      -49.46450424194336,
      -34.305240631103516,
      -34.286659240722656,
      -34.66841506958008,
      -34.92294692993164,
      -33.717281341552734,
      -34.866912841796875,
      -38.83542251586914,
      -39.92409133911133,
      -42.256065368652344
    ],
    [
      -59.604515075683594,
      -40.349205017089844,
      -53.33390426635742,
      -35.592769622802734,
      -34.9222412109375,
      -36.37983322143555,
      -35.705440521240234,
      -38.309452056884766,
      -41.18589782714844,
      -40.60272216796875,
      -47.119686126708984
    ],
    [
      -56.64427947998047,
      -55.727779388427734,
      -37.59473419189453,
      -35.22746658325195,
      -35.14571762084961,
      -37.34798049926758,
      -38.737186431884766,
      -41.19026565551758,
      -47.72120666503906,
      -52.17176818847656,
      -55.84562301635742
    ],
    [
      -370,
      -48.706214904785156,
      -46.56859588623047,
      -38.54564666748047,
      -36.38387680053711,
      -38.801788330078125,
      -44.149757385253906,
      -45.44933319091797,
      -56.439205169677734,
      -56.29203796386719,
      -370
    ],
    [
      -370,
      -370,
      -64.98601531982422,
      -58.0151252746582,
      -42.96665954589844,
      -39.82729721069336,
      -47.32714080810547,
      -59.417545318603516,
      -65.01478576660156,
      -59.90396499633789,
      -370
    ]
  ],
  "histogram": [
    {
      "db": -70,
      "frequency": 1
    },
    {
      "db": -69,
      "frequency": 0
    },
    {
      "db": -68,
      "frequency": 0
    },
    {
      "db": -67,
      "frequency": 0
    },
    {
      "db": -66,
      "frequency": 1
    },
    {
      "db": -65,
      "frequency": 0
    },
    {
      "db": -64,
      "frequency": 0
    },
    {
      "db": -63,
      "frequency": 0
    },
    {
      "db": -62,
      "frequency": 0
    },
    {
      "db": -61,
      "frequency": 0
    },
    {
      "db": -60,
      "frequency": 0
    },
    {
      "db": -59,
      "frequency": 0
    },
    {
      "db": -58,
      "frequency": 1
    },
    {
      "db": -57,
      "frequency": 1
    },
    {
      "db": -56,
      "frequency": 0
    },
    {
      "db": -55,
      "frequency": 0
    },
    {
      "db": -54,
      "frequency": 1
    },
    {
      "db": -53,
      "frequency": 0
    },
    {
      "db": -52,
      "frequency": 0
    },
    {
      "db": -51,
      "frequency": 1
    },
    {
      "db": -50,
      "frequency": 1
    },
    {
      "db": -49,
      "frequency": 2
    },
    {
      "db": -48,
      "frequency": 1
    },
    {
      "db": -47,
      "frequency": 2
    },
    {
      "db": -46,
      "frequency": 1
    },
    {
      "db": -45,
      "frequency": 0
    },
    {
      "db": -44,
      "frequency": 1
    },
    {
      "db": -43,
      "frequency": 1
    },
    {
      "db": -42,
      "frequency": 1
    },
    {
      "db": -41,
      "frequency": 0
    },
    {
      "db": -40,
      "frequency": 2
    },
    {
      "db": -39,
      "frequency": 0
    },
    {
      "db": -38,
      "frequency": 2
    },
    {
      "db": -37,
      "frequency": 0
    },
    {
      "db": -36,
      "frequency": 0
    },
    {
      "db": -35,
      "frequency": 1
    },
    {
      "db": -34,
      "frequency": 0
    },
    {
      "db": -33,
      "frequency": 0
    },
    {
      "db": -32,
      "frequency": 0
    },
    {
      "db": -31,
      "frequency": 0
    },
    {
      "db": -30,
      "frequency": 1
    },
    {
      "db": -29,
      "frequency": 1
    },
    {
      "db": -28,
      "frequency": 2
    },
    {
      "db": -27,
      "frequency": 0
    },
    {
      "db": -26,
      "frequency": 1
    },
    {
      "db": -25,
      "frequency": 3
    },
    {
      "db": -24,
      "frequency": 6
    },
    {
      "db": -23,
      "frequency": 6
    },
    {
      "db": -22,
      "frequency": 15
    },
    {
      "db": -21,
      "frequency": 18
    },
    {
      "db": -20,
      "frequency": 16
    },
    {
      "db": -19,
      "frequency": 22
    },
    {
      "db": -18,
      "frequency": 29
    },
    {
      "db": -17,
      "frequency": 26
    },
    {
      "db": -16,
      "frequency": 37
    },
    {
      "db": -15,
      "frequency": 33
    },
    {
      "db": -14,
      "frequency": 78
    },
    {
      "db": -13,
      "frequency": 87
    },
    {
      "db": -12,
      "frequency": 148
    },
    {
      "db": -11,
      "frequency": 271
    },
    {
      "db": -10,
      "frequency": 331
    },
    {
      "db": -9,
      "frequency": 373
    },
    {
      "db": -8,
      "frequency": 377
    },
    {
      "db": -7,
      "frequency": 324
    },
    {
      "db": -6,
      "frequency": 114
    },
    {
      "db": -5,
      "frequency": 22
    },
    {
      "db": -4,
      "frequency": 4
    },
    {
      "db": -3,
      "frequency": 0
    },
    {
      "db": -2,
      "frequency": 0
    },
    {
      "db": -1,
      "frequency": 0
    },
    {
      "db": 0,
      "frequency": 0
    },
    {
      "db": 1,
      "frequency": 0
    },
    {
      "db": 2,
      "frequency": 0
    },
    {
      "db": 3,
      "frequency": 0
    },
    {
