{
  "acoustic_entropy": 202.1300506591797,
  "bands": [
    {
      "high_freq": 148.1999969482422,
      "loudness": -20.431901931762695,
      "loudness_range": 13.164702415466309,
      "mid_mean": -16.84005355834961,
      "mid_to_side_loudness": -22.097084045410156,
      "mid_to_side_loudness_range": 27.069562911987305,
      "side_mean": -35.82037353515625
    },
    {
      "high_freq": 392.3793640136719,
      "loudness": -20.058988571166992,
      "loudness_range": 11.338370323181152,
      "low_freq": 148.1999969482422,
      "mid_mean": -16.773191452026367,
      "mid_to_side_loudness": -10.85891342163086,
      "mid_to_side_loudness_range": 9.998619079589844,
      "side_mean": -27.993104934692383
    },
    {
      "high_freq": 794.6976318359375,
      "loudness": -22.568031311035156,
      "loudness_range": 13.568580627441406,
      "low_freq": 392.3793640136719,
      "mid_mean": -19.721052169799805,
      "mid_to_side_loudness": -7.957767963409424,
      "mid_to_side_loudness_range": 12.763998985290527,
      "side_mean": -27.903493881225586
    },
    {
      "high_freq": 1457.5709228515625,
      "loudness": -25.787221908569336,
      "loudness_range": 19.571792602539062,
      "low_freq": 794.6976318359375,
      "mid_mean": -22.823680877685547,
      "mid_to_side_loudness": -8.626814842224121,
      "mid_to_side_loudness_range": 12.370837211608887,
      "side_mean": -31.623384475708008
    },
    {
      "high_freq": 2549.74365234375,
      "loudness": -26.073440551757812,
      "loudness_range": 17.176464080810547,
      "low_freq": 1457.5709228515625,
      "mid_mean": -23.13290786743164,
      "mid_to_side_loudness": -8.491499900817871,
      "mid_to_side_loudness_range": 12.51340103149414,
      "side_mean": -31.798303604125977
    },
    {
      "high_freq": 4349.24462890625,
      "loudness": -25.729990005493164,
      "loudness_range": 14.870922088623047,
      "low_freq": 2549.74365234375,
      "mid_mean": -22.665945053100586,
      "mid_to_side_loudness": -9.555651664733887,
      "mid_to_side_loudness_range": 12.813606262207031,
      "side_mean": -32.35392761230469
    },
    {
      "high_freq": 7314.1640625,
      "loudness": -29.785324096679688,
      "loudness_range": 15.653953552246094,
      "low_freq": 4349.24462890625,
      "mid_mean": -26.841453552246094,
      "mid_to_side_loudness": -8.961553573608398,
      "mid_to_side_loudness_range": 13.189967155456543,
      "side_mean": -35.811038970947266
    },
    {
      "high_freq": 12199.2666015625,
      "loudness": -33.984764099121094,
      "loudness_range": 17.20492935180664,
      "low_freq": 7314.1640625,
      "mid_mean": -31.409896850585938,
      "mid_to_side_loudness": -8.094082832336426,
      "mid_to_side_loudness_range": 15.840526580810547,
      "side_mean": -39.143341064453125
    },
    {
      "loudness": -41.36737823486328,
      "loudness_range": 18.872669219970703,
      "low_freq": 12199.2666015625,
      "mid_mean": -39.06904983520508,
      "mid_to_side_loudness": -6.791848659515381,
      "mid_to_side_loudness_range": 16.44641876220703,
      "side_mean": -45.54435729980469
    }
  ],
  "bands_short": [
    {
      "high_freq": 148.1999969482422,
      "loudness": -22.648841857910156,
      "loudness_range": 15.287810325622559,
      "mid_mean": -19.075536727905273,
      "mid_to_side_loudness": -22.63492774963379,
      "mid_to_side_loudness_range": 29.97195053100586,
      "side_mean": -40.21179962158203
    },
    {
      "high_freq": 392.3793640136719,
      "loudness": -20.037353515625,
      "loudness_range": 14.046032905578613,
      "low_freq": 148.1999969482422,
      "mid_mean": -16.77340316772461,
      "mid_to_side_loudness": -11.434520721435547,
      "mid_to_side_loudness_range": 13.797684669494629,
      "side_mean": -28.55445671081543
    },
    {
      "high_freq": 794.6976318359375,
      "loudness": -23.623815536499023,
      "loudness_range": 16.523771286010742,
      "low_freq": 392.3793640136719,
      "mid_mean": -20.888059616088867,
      "mid_to_side_loudness": -7.858259677886963,
      "mid_to_side_loudness_range": 15.068553924560547,
      "side_mean": -28.979320526123047
    },
    {
      "high_freq": 1457.5709228515625,
      "loudness": -26.137001037597656,
      "loudness_range": 21.193622589111328,
      "low_freq": 794.6976318359375,
      "mid_mean": -23.319372177124023,
      "mid_to_side_loudness": -8.281007766723633,
      "mid_to_side_loudness_range": 14.569053649902344,
      "side_mean": -31.8375244140625
    },
    {
      "high_freq": 2549.74365234375,
      "loudness": -27.32587242126465,
      "loudness_range": 19.735490798950195,
      "low_freq": 1457.5709228515625,
      "mid_mean": -24.56981658935547,
      "mid_to_side_loudness": -7.94490385055542,
      "mid_to_side_loudness_range": 14.471510887145996,
      "side_mean": -32.69701385498047
    },
    {
      "high_freq": 4349.24462890625,
      "loudness": -26.596729278564453,
      "loudness_range": 17.798503875732422,
      "low_freq": 2549.74365234375,
      "mid_mean": -23.620498657226562,
      "mid_to_side_loudness": -9.40715503692627,
      "mid_to_side_loudness_range": 14.420697212219238,
      "side_mean": -33.17871856689453
    },
    {
      "high_freq": 7314.1640625,
      "loudness": -30.918724060058594,
      "loudness_range": 19.041290283203125,
      "low_freq": 4349.24462890625,
      "mid_mean": -28.025897979736328,
      "mid_to_side_loudness": -9.0460844039917,
      "mid_to_side_loudness_range": 15.452519416809082,
      "side_mean": -37.132999420166016
    },
    {
      "high_freq": 12199.2666015625,
      "loudness": -36.20365524291992,
      "loudness_range": 22.714818954467773,
      "low_freq": 7314.1640625,
      "mid_mean": -33.62736511230469,
      "mid_to_side_loudness": -8.549259185791016,
      "mid_to_side_loudness_range": 18.831729888916016,
      "side_mean": -42.06401062011719
    },
    {
      "loudness": -44.72079086303711,
      "loudness_range": 25.522541046142578,
      "low_freq": 12199.2666015625,
      "mid_mean": -42.57518005371094,
      "mid_to_side_loudness": -8.33649730682373,
      "mid_to_side_loudness_range": 20.63108253479004,
      "side_mean": -51.621742248535156
    }
  ],
  "bandwidth": 522.1653442382812,
  "channels": 2,
  "covariance": [
    [
      23.95138931274414,
      19.235076904296875,
      14.10434627532959,
      15.791991233825684,
      9.31761360168457,
      16.81671905517578,
      13.08545207977295,
      20.245458602905273,
      10.10041332244873,
      17.990829467773438,
      11.2792387008667,
      20.975736618041992,
      11.088170051574707,
      22.589269638061523,
      10.903950691223145,
      24.890731811523438,
      10.990819931030273,
      26.23663330078125
    ],
    [
      19.235076904296875,
      71.80850982666016,
      19.186317443847656,
      22.749435424804688,
      15.284008979797363,
      25.654556274414062,
      21.9622802734375,
      30.340600967407227,
      14.549625396728516,
      24.287036895751953,
      18.946697235107422,
      29.063880920410156,
      20.4014949798584,
      34.11750411987305,
      21.715585708618164,
      31.845335006713867,
      20.432147979736328,
      34.83354187011719
    ],
    [
      14.10434627532959,
      19.186317443847656,
      19.41152572631836,
      16.347000122070312,
      13.39516544342041,
      17.095861434936523,
      14.5614652633667,
      20.277549743652344,
      13.971712112426758,
      18.491865158081055,
      15.22504711151123,
      21.666231155395508,
      12.947380065917969,
      22.410261154174805,
      13.420780181884766,
      22.55563735961914,
      12.423101425170898,
      23.75246810913086
    ],
    [
      15.791991233825684,
      22.749435424804688,
      16.347000122070312,
      26.22040557861328,
      11.677410125732422,
      21.34368324279785,
      13.820591926574707,
      22.029102325439453,
      12.22537612915039,
      19.59039306640625,
      13.824926376342773,
      23.621387481689453,
      12.016674995422363,
      24.13313865661621,
      13.236067771911621,
      24.94855308532715,
      13.623420715332031,
      26.444271087646484
    ],
    [
      9.31761360168457,
      15.284008979797363,
      13.39516544342041,
      11.677410125732422,
      27.548152923583984,
      22.41265869140625,
      25.50858497619629,
      21.97028923034668,
      18.324922561645508,
      16.85860824584961,
      17.53585433959961,
      16.669340133666992,
      12.87753677368164,
      15.577454566955566,
      11.13841724395752,
      14.764432907104492,
      10.76818561553955,
      16.531627655029297
    ],
    [
      16.81671905517578,
      25.654556274414062,
      17.095861434936523,
      21.34368324279785,
      22.41265869140625,
      34.81626510620117,
      22.118377685546875,
      30.133657455444336,
      16.920686721801758,
      25.484228134155273,
      18.301115036010742,
      29.541013717651367,
      16.269765853881836,
      30.29583740234375,
      14.44611644744873,
      29.581214904785156,
      14.955238342285156,
      31.751052856445312
    ],
    [
      13.08545207977295,
      21.9622802734375,
      14.5614652633667,
      13.820591926574707,
      25.50858497619629,
      22.118377685546875,
      43.53081130981445,
      33.69057083129883,
      19.261768341064453,
      20.607133865356445,
      19.435449600219727,
      20.392364501953125,
      14.979286193847656,
      19.71359634399414,
      12.56132698059082,
      18.97714614868164,
      13.846451759338379,
      22.221445083618164
    ],
    [
      20.245458602905273,
      30.340600967407227,
      20.277549743652344,
      22.029102325439453,
      21.97028923034668,
      30.133657455444336,
      33.69057083129883,
      41.61182403564453,
      20.157310485839844,
      30.104631423950195,
      21.972883224487305,
      34.0971794128418,
      19.562997817993164,
      34.772212982177734,
      18.856117248535156,
      34.67930221557617,
      20.14107894897461,
      37.53461456298828
    ],
    [
      10.10041332244873,
      14.549625396728516,
      13.971712112426758,
      12.22537612915039,
      18.324922561645508,
      16.920686721801758,
      19.261768341064453,
      20.157310485839844,
      34.82102966308594,
      24.173812866210938,
      25.32914161682129,
      21.530298233032227,
      18.772937774658203,
      20.48520278930664,
      19.311187744140625,
      20.90946388244629,
      17.201099395751953,
      23.714458465576172
    ],
    [
      17.990829467773438,
      24.287036895751953,
      18.491865158081055,
      19.59039306640625,
      16.85860824584961,
      25.484228134155273,
      20.607133865356445,
      30.104631423950195,
      24.173812866210938,
      32.54205322265625,
      22.11806869506836,
      34.46432113647461,
      20.55680274963379,
      35.880367279052734,
      20.984167098999023,
      36.26335525512695,
      21.053665161132812,
      38.82086944580078
    ],
    [
      11.2792387008667,
      18.946697235107422,
      15.22504711151123,
      13.824926376342773,
      17.53585433959961,
      18.301115036010742,
      19.435449600219727,
      21.972883224487305,
      25.32914161682129,
      22.11806869506836,
      27.212705612182617,
      25.538368225097656,
      20.22051429748535,
      24.770702362060547,
      20.065433502197266,
      22.99836540222168,
      16.685871124267578,
      23.467546463012695
    ],
    [
      20.975736618041992,
      29.063880920410156,
      21.666231155395508,
      23.621387481689453,
      16.669340133666992,
      29.541013717651367,
      20.392364501953125,
      34.0971794128418,
      21.530298233032227,
      34.46432113647461,
      25.538368225097656,
      43.56476593017578,
      23.50417709350586,
      44.79629135131836,
      23.693458557128906,
      44.12001419067383,
      23.018314361572266,
      45.41444396972656
    ],
    [
      11.088170051574707,
      20.4014949798584,
      12.947380065917969,
      12.016674995422363,
      12.87753677368164,
      16.269765853881836,
      14.979286193847656,
      19.562997817993164,
      18.772937774658203,
      20.55680274963379,
      20.22051429748535,
      23.50417709350586,
      28.787973403930664,
      30.879985809326172,
      27.902725219726562,
      27.91548728942871,
      25.416913986206055,
      26.997377395629883
    ],
    [
      22.589269638061523,
      34.11750411987305,
      22.410261154174805,
      24.13313865661621,
      15.577454566955566,
      30.29583740234375,
      19.71359634399414,
      34.772212982177734,
      20.48520278930664,
      35.880367279052734,
      24.770702362060547,
      44.79629135131836,
      30.879985809326172,
      56.93321990966797,
      30.220233917236328,
      54.8944206237793,
      29.79621124267578,
      55.884620666503906
    ],
    [
      10.903950691223145,
      21.715585708618164,
      13.420780181884766,
      13.236067771911621,
      11.13841724395752,
      14.44611644744873,
      12.56132698059082,
      18.856117248535156,
      19.311187744140625,
      20.984167098999023,
      20.065433502197266,
      23.693458557128906,
      27.902725219726562,
      30.220233917236328,
      39.84699630737305,
      34.2461051940918,
      37.031349182128906,
      34.96186828613281
    ],
    [
      24.890731811523438,
      31.845335006713867,
      22.55563735961914,
      24.94855308532715,
      14.764432907104492,
      29.581214904785156,
      18.97714614868164,
      34.67930221557617,
      20.90946388244629,
      36.26335525512695,
      22.99836540222168,
      44.12001419067383,
      27.91548728942871,
      54.8944206237793,
      34.2461051940918,
      68.92107391357422,
      37.15837478637695,
      70.86762237548828
    ],
    [
      10.990819931030273,
      20.432147979736328,
      12.423101425170898,
      13.623420715332031,
      10.76818561553955,
      14.955238342285156,
      13.846451759338379,
      20.14107894897461,
      17.201099395751953,
      21.053665161132812,
      16.685871124267578,
      23.018314361572266,
      25.416913986206055,
      29.79621124267578,
      37.031349182128906,
      37.15837478637695,
      43.77302932739258,
      41.435054779052734
    ],
    [
      26.23663330078125,
      34.83354187011719,
      23.75246810913086,
      26.444271087646484,
      16.531627655029297,
      31.751052856445312,
      22.221445083618164,
      37.53461456298828,
      23.714458465576172,
      38.82086944580078,
      23.467546463012695,
      45.41444396972656,
      26.997377395629883,
      55.884620666503906,
      34.96186828613281,
      70.86762237548828,
      41.435054779052734,
      87.42144012451172
    ]
  ],
  "covariance_short": [
    [
      27.533056259155273,
      20.034238815307617,
      14.505640983581543,
      12.030874252319336,
      7.021053791046143,
      11.595144271850586,
      9.747064590454102,
      15.342144966125488,
      8.816225051879883,
      14.187592506408691,
      9.100813865661621,
      16.213476181030273,
      9.454086303710938,
      17.680561065673828,
      9.171844482421875,
      19.70301628112793,
      9.227387428283691,
      25.975788116455078
    ],
    [
      20.034238815307617,
      93.00645446777344,
      25.06827163696289,
      28.38780975341797,
      18.946840286254883,
      31.257122039794922,
      24.730792999267578,
      36.593223571777344,
      18.01299285888672,
      29.786930084228516,
      23.24005699157715,
      36.824378967285156,
      26.14158821105957,
      43.335044860839844,
      28.353425979614258,
      47.39519119262695,
      28.621112823486328,
      52.5780143737793
    ],
    [
      14.505640983581543,
      25.06827163696289,
      26.83316993713379,
      19.37148094177246,
      16.479583740234375,
      19.540576934814453,
      17.30851936340332,
      23.38899040222168,
      16.847009658813477,
      21.006528854370117,
      17.996047973632812,
      24.299835205078125,
      15.571250915527344,
      25.412355422973633,
      17.18987274169922,
      27.120500564575195,
      18.759193420410156,
      36.223854064941406
    ],
    [
      12.030874252319336,
      28.38780975341797,
      19.37148094177246,
      36.876800537109375,
      14.92258358001709,
      25.204627990722656,
      17.00388526916504,
      25.776641845703125,
      14.349350929260254,
      21.427902221679688,
      16.1264705657959,
      25.656808853149414,
      14.881498336791992,
      26.942543029785156,
      17.293392181396484,
      28.54597282409668,
      19.237180709838867,
      37.80740737915039
    ],
    [
      7.021053791046143,
      18.946840286254883,
      16.479583740234375,
      14.92258358001709,
      39.22380065917969,
      27.941974639892578,
      32.01494598388672,
      26.207889556884766,
      25.01622200012207,
      19.834566116333008,
      23.853092193603516,
      20.090307235717773,
      18.635530471801758,
      19.082544326782227,
      17.777751922607422,
      19.03131866455078,
      20.888092041015625,
      29.122604370117188
    ],
    [
      11.595144271850586,
      31.257122039794922,
      19.540576934814453,
      25.204627990722656,
      27.941974639892578,
      43.8475227355957,
      26.232288360595703,
      34.11715316772461,
      20.924020767211914,
      27.913105010986328,
      21.782297134399414,
      32.10536193847656,
      21.31245994567871,
      34.51470184326172,
      20.17901611328125,
      34.23645782470703,
      22.369876861572266,
      43.48329162597656
    ],
    [
      9.747064590454102,
      24.730792999267578,
      17.30851936340332,
      17.00388526916504,
      32.01494598388672,
      26.232288360595703,
      54.07136917114258,
      38.375980377197266,
      25.59125518798828,
      23.16559600830078,
      25.571537017822266,
      23.055255889892578,
      20.530536651611328,
      22.862560272216797,
      17.435062408447266,
      22.673484802246094,
      24.04308319091797,
      33.494625091552734
    ],
    [
      15.342144966125488,
      36.593223571777344,
      23.38899040222168,
      25.776641845703125,
      26.207889556884766,
      34.11715316772461,
      38.375980377197266,
      49.62128829956055,
      23.621658325195312,
      33.044891357421875,
      25.13230323791504,
      36.669532775878906,
      24.245616912841797,
      38.424888610839844,
      23.19562530517578,
      38.46538162231445,
      27.854089736938477,
      49.37918472290039
    ],
    [
      8.816225051879883,
      18.01299285888672,
      16.847009658813477,
      14.349350929260254,
      25.01622200012207,
      20.924020767211914,
      25.59125518798828,
      23.621658325195312,
      48.642677307128906,
      29.696128845214844,
      34.9908447265625,
      27.04242706298828,
      26.5760555267334,
      25.384981155395508,
      28.480609893798828,
      27.410926818847656,
      28.612972259521484,
      35.73801803588867
    ],
    [
      14.187592506408691,
      29.786930084228516,
      21.006528854370117,
      21.427902221679688,
      19.834566116333008,
      27.913105010986328,
      23.16559600830078,
      33.044891357421875,
      29.696128845214844,
      38.35680389404297,
      26.3985652923584,
      38.522335052490234,
      25.971248626708984,
      40.57267379760742,
      27.492366790771484,
      42.679176330566406,
      29.04006004333496,
      51.46865463256836
    ],
    [
      9.100813865661621,
      23.24005699157715,
      17.996047973632812,
      16.1264705657959,
      23.853092193603516,
      21.782297134399414,
      25.571537017822266,
      25.13230323791504,
      34.9908447265625,
      26.3985652923584,
      39.37815856933594,
      31.181720733642578,
      29.447509765625,
      30.610559463500977,
      30.629287719726562,
      30.326051712036133,
      28.908065795898438,
      37.21014404296875
    ],
    [
      16.213476181030273,
      36.824378967285156,
      24.299835205078125,
      25.656808853149414,
      20.090307235717773,
      32.10536193847656,
      23.055255889892578,
      36.669532775878906,
      27.04242706298828,
      38.522335052490234,
      31.181720733642578,
      49.84890365600586,
      30.31523895263672,
      52.00827407836914,
      31.845016479492188,
      53.40717697143555,
      31.65690040588379,
      60.86725616455078
    ],
    [
      9.454086303710938,
      26.14158821105957,
      15.571250915527344,
      14.881498336791992,
      18.635530471801758,
      21.31245994567871,
      20.530536651611328,
      24.245616912841797,
      26.5760555267334,
      25.971248626708984,
      29.447509765625,
      30.31523895263672,
      41.17993927001953,
      39.21092224121094,
      40.73381042480469,
      39.39329147338867,
      41.005104064941406,
      46.482967376708984
    ],
    [
      17.680561065673828,
      43.335044860839844,
      25.412355422973633,
      26.942543029785156,
      19.082544326782227,
      34.51470184326172,
      22.862560272216797,
      38.424888610839844,
      25.384981155395508,
      40.57267379760742,
      30.610559463500977,
      52.00827407836914,
      39.21092224121094,
      70.11567687988281,
      40.7498779296875,
      71.91541290283203,
      42.289581298828125,
      80.64264678955078
    ],
    [
      9.171844482421875,
      28.353425979614258,
      17.18987274169922,
      17.293392181396484,
      17.777751922607422,
      20.17901611328125,
      17.435062408447266,
      23.19562530517578,
      28.480609893798828,
      27.492366790771484,
      30.629287719726562,
      31.845016479492188,
      40.73381042480469,
      40.7498779296875,
      60.973960876464844,
      51.096431732177734,
      59.427364349365234,
      59.64783477783203
    ],
    [
      19.70301628112793,
      47.39519119262695,
      27.120500564575195,
      28.54597282409668,
      19.03131866455078,
      34.23645782470703,
      22.673484802246094,
      38.46538162231445,
      27.410926818847656,
      42.679176330566406,
      30.326051712036133,
      53.40717697143555,
      39.39329147338867,
      71.91541290283203,
      51.096431732177734,
      95.29845428466797,
      55.569644927978516,
      103.00474548339844
    ],
    [
      9.227387428283691,
      28.621112823486328,
      18.759193420410156,
      19.237180709838867,
      20.888092041015625,
      22.369876861572266,
      24.04308319091797,
      27.854089736938477,
      28.612972259521484,
      29.04006004333496,
      28.908065795898438,
      31.65690040588379,
      41.005104064941406,
      42.289581298828125,
      59.427364349365234,
      55.569644927978516,
      74.08671569824219,
      71.39549255371094
    ],
    [
      25.975788116455078,
      52.5780143737793,
      36.223854064941406,
      37.80740737915039,
      29.122604370117188,
      43.48329162597656,
      33.494625091552734,
      49.37918472290039,
      35.73801803588867,
      51.46865463256836,
      37.21014404296875,
      60.86725616455078,
      46.482967376708984,
      80.64264678955078,
      59.64783477783203,
      103.00474548339844,
      71.39549255371094,
      134.61856079101562
    ]
  ],
  "damage": -5.302217483520508,
  "diff_bandwidth": 568.8765869140625,
  "dissonance": 8.501909094262015,
  "drr": 16.092872619628906,
  "dynamics": 3.5282018184661865,
  "format": 65538,
  "frames": 9373611,
  "freq_pan_to_db": [
    [
      -13.507078170776367,
      -13.987759590148926,
      -12.843072891235352,
      -10.337273597717285,
      -10.089373588562012,
      -11.591805458068848,
      -11.528189659118652,
      -12.207117080688477,
      -13.76570987701416,
      -14.102517127990723,
      -15.21725082397461
    ],
    [
      -15.495616912841797,
      -14.75954532623291,
      -12.351134300231934,
      -10.70169448852539,
      -8.153544425964355,
      -9.249966621398926,
      -7.640478134155273,
      -9.103937149047852,
      -11.494892120361328,
      -13.588152885437012,
      -15.537549018859863
    ],
    [
      -13.571571350097656,
      -13.086710929870605,
      -12.402353286743164,
      -11.331523895263672,
      -9.3692045211792,
      -10.28085994720459,
      -10.112520217895508,
      -11.120409965515137,
      -12.230844497680664,
      -13.800008773803711,
      -15.119132995605469
    ],
    [
      -15.525046348571777,
      -14.110372543334961,
      -11.721160888671875,
      -10.803367614746094,
      -10.44924545288086,
      -11.169493675231934,
      -11.264725685119629,
      -12.183817863464355,
      -14.104975700378418,
      -15.141325950622559,
      -16.337831497192383
    ],
    [
      -14.21379566192627,
      -12.941887855529785,
      -11.826087951660156,
      -11.396673202514648,
      -11.135143280029297,
      -12.416666030883789,
      -11.891773223876953,
      -12.790739059448242,
      -13.002751350402832,
      -13.738642692565918,
      -14.628528594970703
    ],
    [
      -20.742565155029297,
      -17.70442008972168,
      -15.725499153137207,
      -14.377394676208496,
      -13.208005905151367,
      -13.686348915100098,
      -14.380939483642578,
      -15.025757789611816,
      -16.52227020263672,
      -17.756433486938477,
      -19.23455810546875
    ],
    [
      -16.513011932373047,
      -16.339229583740234,
      -14.979961395263672,
      -14.058717727661133,
      -13.434550285339355,
      -13.269774436950684,
      -13.375483512878418,
      -13.880805969238281,
      -14.510083198547363,
      -15.385242462158203,
      -16.328081130981445
    ],
    [
      -20.244871139526367,
      -19.73248291015625,
      -18.56260871887207,
      -17.065214157104492,
      -15.265077590942383,
      -14.762681007385254,
      -16.361602783203125,
      -17.641407012939453,
      -18.508316040039062,
      -19.397125244140625,
      -19.458026885986328
    ],
    [
      -15.467158317565918,
      -16.6353759765625,
      -15.964941024780273,
      -15.996220588684082,
      -15.715569496154785,
      -16.19338035583496,
      -16.370004653930664,
      -16.587141036987305,
      -16.45519256591797,
      -16.440032958984375,
      -15.857248306274414
    ],
    [
      -18.644065856933594,
      -19.290142059326172,
      -19.24064826965332,
      -18.673667907714844,
      -17.784828186035156,
      -17.539318084716797,
      -18.566797256469727,
      -18.59564781188965,
      -19.305538177490234,
      -19.84258460998535,
      -19.920141220092773
    ],
    [
      -19.733543395996094,
      -20.733112335205078,
      -20.801111221313477,
      -18.216320037841797,
      -15.53146743774414,
      -13.667031288146973,
      -16.430755615234375,
      -18.39008331298828,
      -19.476932525634766,
      -21.7288761138916,
      -22.39986228942871
    ],
    [
      -19.23372459411621,
      -21.079666137695312,
      -19.10148048400879,
      -17.90299415588379,
      -15.723114013671875,
      -14.510870933532715,
      -16.303701400756836,
      -17.966415405273438,
      -19.006572723388672,
      -20.339862823486328,
      -19.605928421020508
    ],
    [
      -22.483671188354492,
      -22.083669662475586,
      -20.51921844482422,
      -19.70213508605957,
      -18.762937545776367,
      -17.549711227416992,
      -19.261520385742188,
      -20.076637268066406,
      -20.587247848510742,
      -21.453657150268555,
      -20.897220611572266
    ],
    [
      -22.23813819885254,
      -21.417322158813477,
      -20.722475051879883,
      -19.299104690551758,
      -18.688861846923828,
      -16.445880889892578,
      -19.395309448242188,
      -20.67483901977539,
      -21.266050338745117,
      -21.838342666625977,
      -21.8656063079834
    ],
    [
      -20.190563201904297,
      -20.834360122680664,
      -21.32441520690918,
      -22.288368225097656,
      -20.228670120239258,
      -17.734888076782227,
      -21.18915367126465,
      -21.927398681640625,
      -22.46221351623535,
      -21.7522029876709,
      -21.10031509399414
    ],
    [
      -20.257795333862305,
      -21.5675106048584,
      -22.789066314697266,
      -23.436609268188477,
      -20.356901168823242,
      -17.665319442749023,
      -21.008464813232422,
      -21.924331665039062,
      -22.33946418762207,
      -20.268207550048828,
      -16.513935089111328
    ],
    [
      -19.64790153503418,
      -19.768783569335938,
      -23.466693878173828,
      -23.069978713989258,
      -21.110136032104492,
      -16.91934585571289,
      -22.1824893951416,
      -23.8720760345459,
      -23.00342559814453,
      -17.87079429626465,
      -18.07634735107422
    ],
    [
      -23.307783126831055,
      -22.995731353759766,
      -24.12810707092285,
      -24.115100860595703,
      -23.165264129638672,
      -19.1707763671875,
      -23.489139556884766,
      -24.159353256225586,
      -23.973249435424805,
      -21.184370040893555,
      -20.794864654541016
    ],
    [
      -24.230852127075195,
      -24.880077362060547,
      -24.007526397705078,
      -25.415817260742188,
      -23.958452224731445,
      -20.968852996826172,
      -25.168054580688477,
      -26.549760818481445,
      -25.359485626220703,
      -26.384506225585938,
      -25.177522659301758
    ],
    [
      -28.44640350341797,
      -26.761962890625,
      -25.85256004333496,
      -27.41788101196289,
      -25.422327041625977,
      -22.102928161621094,
      -25.674606323242188,
      -26.513103485107422,
      -24.513505935668945,
      -26.984081268310547,
      -27.302133560180664
    ],
    [
      -26.47641372680664,
      -26.908905029296875,
      -26.423707962036133,
      -26.064308166503906,
      -26.650867462158203,
      -23.909366607666016,
      -26.376110076904297,
      -26.188499450683594,
      -26.3643856048584,
      -26.499731063842773,
      -27.162578582763672
    ],
    [
      -26.30406379699707,
      -28.052099227905273,
      -26.823637008666992,
      -26.399999618530273,
      -27.409391403198242,
      -23.151533126831055,
      -26.924623489379883,
      -26.168018341064453,
      -27.92020034790039,
      -29.13852882385254,
      -28.816349029541016
    ],
    [
      -25.93065071105957,
      -26.71751594543457,
      -27.67475128173828,
      -27.883316040039062,
      -25.65583038330078,
      -21.39075469970703,
      -25.638622283935547,
      -27.286916732788086,
      -27.236347198486328,
      -27.672016143798828,
      -27.109128952026367
    ],
    [
      -29.84796714782715,
      -27.586637496948242,
      -29.30551528930664,
      -28.563188552856445,
      -27.15025520324707,
      -22.253570556640625,
      -27.257022857666016,
      -28.988210678100586,
      -28.039875030517578,
      -28.8592586517334,
      -33.4650764465332
    ],
    [
      -30.26779556274414,
      -28.416711807250977,
      -27.988813400268555,
      -27.63463592529297,
      -27.34856605529785,
      -25.632827758789062,
      -27.14483642578125,
      -27.882078170776367,
      -28.300962448120117,
      -28.28954315185547,
      -26.30694007873535
    ],
    [
      -29.919780731201172,
      -27.641704559326172,
      -27.314815521240234,
      -27.288475036621094,
      -27.512426376342773,
      -27.073745727539062,
      -27.369089126586914,
      -27.571910858154297,
      -27.83718490600586,
      -27.76926612854004,
      -27.07893943786621
    ],
    [
      -23.904001235961914,
      -26.431238174438477,
      -26.25897789001465,
      -26.872709274291992,
      -27.145540237426758,
      -27.4195556640625,
      -26.7967472076416,
      -26.447052001953125,
      -26.424272537231445,
      -25.528533935546875,
      -24.965286254882812
    ],
    [
      -24.717994689941406,
      -25.780672073364258,
      -27.289226531982422,
      -27.449710845947266,
      -27.692974090576172,
      -29.03946876525879,
      -28.562015533447266,
      -28.093250274658203,
      -29.215879440307617,
      -29.730342864990234,
      -30.439979553222656
    ],
    [
      -26.511314392089844,
      -26.42325210571289,
      -27.879165649414062,
      -28.679317474365234,
      -28.157039642333984,
      -30.14805030822754,
      -29.521949768066406,
      -28.940303802490234,
      -30.170753479003906,
      -32.14915466308594,
      -370
    ],
    [
      -26.753917694091797,
      -27.113126754760742,
      -28.877262115478516,
      -29.043437957763672,
      -28.584888458251953,
      -29.48512077331543,
      -30.668289184570312,
      -30.33982276916504,
      -30.411298751831055,
      -33.88008499145508,
      -36.16473388671875
    ],
    [
      -27.69891357421875,
      -30.240535736083984,
      -30.15650177001953,
      -30.527727127075195,
      -30.56073760986328,
      -29.153728485107422,
      -31.31184196472168,
      -31.697486877441406,
      -32.2152214050293,
      -34.91228485107422,
      -34.56721496582031
    ],
    [
      -35.69692611694336,
      -33.45271301269531,
      -31.382143020629883,
      -31.93905258178711,
      -32.32195281982422,
      -32.03121566772461,
      -32.75462341308594,
      -33.131935119628906,
      -33.26343536376953,
      -33.06985855102539,
      -370
    ],
    [
      -30.619230270385742,
      -33.98164749145508,
      -32.09755325317383,
      -32.04279708862305,
      -32.62425994873047,
      -32.744842529296875,
      -33.34197998046875,
      -33.84013748168945,
      -36.8718147277832,
      -42.62236785888672,
      -48.407814025878906
    ],
    [
      -370,
      -36.53116989135742,
      -35.485652923583984,
      -32.97977828979492,
      -32.20106887817383,
      -33.137168884277344,
      -33.397865295410156,
      -34.334346771240234,
      -37.951847076416016,
      -33.8649787902832,
      -28.572885513305664
    ],
    [
      -44.44015884399414,
      -35.1063117980957,
      -34.58701705932617,
      -33.507568359375,
      -32.96457290649414,
      -34.23211669921875,
      -33.80622863769531,
      -33.93812561035156,
      -35.732452392578125,
      -32.44059753417969,
      -35.380577087402344
    ],
    [
      -370,
      -35.804847717285156,
      -33.28075408935547,
      -33.69874954223633,
      -34.87245559692383,
      -34.37325668334961,
      -34.331565856933594,
      -34.53881072998047,
      -37.01494216918945,
      -36.82401657104492,
      -41.970184326171875
    ],
    [
      -33.56193542480469,
      -35.114112854003906,
      -33.678863525390625,
      -35.25752639770508,
      -35.46183395385742,
      -34.35088348388672,
      -35.5903434753418,
      -36.12577438354492,
      -38.508113861083984,
      -37.138065338134766,
      -43.1023063659668
    ],
    [
      -33.42724609375,
      -35.79149627685547,
      -35.47988510131836,
      -36.63364791870117,
      -37.021663665771484,
      -36.58932113647461,
      -37.36720657348633,
      -36.50322723388672,
      -39.98365783691406,
      -35.446434020996094,
      -35.90672302246094
    ],
    [
      -35.4905891418457,
      -35.50279998779297,
      -36.2336540222168,
      -38.224735260009766,
      -38.53333282470703,
      -39.01426696777344,
      -38.2299919128418,
      -36.924076080322266,
      -41.65272521972656,
      -35.381507873535156,
      -370
    ],
    [
      -36.74449920654297,
      -37.80571365356445,
      -39.78569030761719,
      -39.17571258544922,
      -40.5623664855957,
      -41.4586296081543,
      -40.20705032348633,
      -39.71543884277344,
      -42.881935119628906,
      -38.364444732666016,
      -54.732486724853516
    ],
    [
      -40.65017318725586,
      -39.44062805175781,
      -40.98990249633789,
      -42.13148498535156,
      -41.595558166503906,
      -44.35983657836914,
      -42.537803649902344,
      -42.18115997314453,
      -47.53157424926758,
      -42.8674430847168,
      -50.435550689697266
    ],
    [
      -370,
      -42.252952575683594,
      -40.602027893066406,
      -43.614139556884766,
      -43.35163497924805,
      -45.852378845214844,
      -43.18981170654297,
      -41.9627571105957,
      -44.699989318847656,
      -43.53133010864258,
      -46.75733184814453
    ]
  ],
  "histogram": [
    {
      "db": -70,
      "frequency": 0
    },
    {
      "db": -69,
      "frequency": 0
    },
    {
      "db": -68,
      "frequency": 0
    },
    {
      "db": -67,
      "frequency": 0
    },
    {
      "db": -66,
      "frequency": 1
    },
    {
      "db": -65,
      "frequency": 0
    },
    {
      "db": -64,
      "frequency": 0
    },
    {
      "db": -63,
      "frequency": 0
    },
    {
      "db": -62,
      "frequency": 0
    },
    {
      "db": -61,
      "frequency": 0
    },
    {
      "db": -60,
      "frequency": 1
    },
    {
      "db": -59,
      "frequency": 0
    },
    {
      "db": -58,
      "frequency": 0
    },
    {
      "db": -57,
      "frequency": 0
    },
    {
      "db": -56,
      "frequency": 1
    },
    {
      "db": -55,
      "frequency": 0
    },
    {
      "db": -54,
      "frequency": 0
    },
    {
      "db": -53,
      "frequency": 1
    },
    {
      "db": -52,
      "frequency": 0
    },
    {
      "db": -51,
      "frequency": 0
    },
    {
      "db": -50,
      "frequency": 1
    },
    {
      "db": -49,
      "frequency": 0
    },
    {
      "db": -48,
      "frequency": 1
    },
    {
      "db": -47,
      "frequency": 1
    },
    {
      "db": -46,
      "frequency": 0
    },
    {
      "db": -45,
      "frequency": 1
    },
    {
      "db": -44,
      "frequency": 1
    },
    {
      "db": -43,
      "frequency": 1
    },
    {
      "db": -42,
      "frequency": 1
    },
    {
      "db": -41,
      "frequency": 1
    },
    {
      "db": -40,
      "frequency": 2
    },
    {
      "db": -39,
      "frequency": 1
    },
    {
      "db": -38,
      "frequency": 2
    },
    {
      "db": -37,
      "frequency": 1
    },
    {
      "db": -36,
      "frequency": 2
    },
    {
      "db": -35,
      "frequency": 1
    },
    {
      "db": -34,
      "frequency": 2
    },
    {
      "db": -33,
      "frequency": 2
    },
    {
      "db": -32,
      "frequency": 2
    },
    {
      "db": -31,
      "frequency": 2
    },
    {
      "db": -30,
      "frequency": 3
    },
    {
      "db": -29,
      "frequency": 2
    },
    {
      "db": -28,
      "frequency": 2
    },
    {
      "db": -27,
      "frequency": 3
    },
    {
      "db": -26,
      "frequency": 1
    },
    {
      "db": -25,
      "frequency": 3
    },
    {
      "db": -24,
      "frequency": 3
    },
    {
      "db": -23,
      "frequency": 5
    },
    {
      "db": -22,
      "frequency": 9
    },
    {
      "db": -21,
      "frequency": 11
    },
    {
      "db": -20,
      "frequency": 28
    },
    {
      "db": -19,
      "frequency": 47
    },
    {
      "db": -18,
      "frequency": 40
    },
    {
      "db": -17,
      "frequency": 67
    },
    {
      "db": -16,
      "frequency": 77
    },
    {
      "db": -15,
      "frequency": 91
    },
    {
      "db": -14,
      "frequency": 84
    },
    {
      "db": -13,
      "frequency": 84
    },
    {
      "db": -12,
      "frequency": 120
    },
    {
      "db": -11,
      "frequency": 173
    },
    {
      "db": -10,
      "frequency": 304
    },
    {
      "db": -9,
      "frequency": 439
    },
    {
      "db": -8,
      "frequency": 333
    },
    {
      "db": -7,
      "frequency": 130
    },
    {
      "db": -6,
      "frequency": 21
    },
    {
      "db": -5,
      "frequency": 0
    },
    {
      "db": -4,
      "frequency": 0
    },
    {
      "db": -3,
      "frequency": 0
    },
    {
      "db": -2,
      "frequency": 0
    },
    {
      "db": -1,
      "frequency": 0
    },
    {
      "db": 0,
      "frequency": 0
    },
    {
      "db": 1,
      "frequency": 0
    },
    {
      "db": 2,
      "frequency": 0
    },
    {
