{
  "acoustic_entropy": 215.7535400390625,
  "bands": [
    {
      "high_freq": 148.1999969482422,
      "loudness": -21.79723358154297,
      "loudness_range": 12.469465255737305,
      "mid_mean": -18.220352172851562,
      "mid_to_side_loudness": -20.935997009277344,
      "mid_to_side_loudness_range": 26.503337860107422,
      "side_mean": -36.48467254638672
    },
    {
      "high_freq": 392.3793640136719,
      "loudness": -21.348968505859375,
      "loudness_range": 10.445119857788086,
      "low_freq": 148.1999969482422,
      "mid_mean": -18.129497528076172,
      "mid_to_side_loudness": -9.420722961425781,
      "mid_to_side_loudness_range": 9.246658325195312,
      "side_mean": -27.925384521484375
    },
    {
      "high_freq": 794.6976318359375,
      "loudness": -22.920902252197266,
      "loudness_range": 12.91401481628418,
      "low_freq": 392.3793640136719,
      "mid_mean": -20.209945678710938,
      "mid_to_side_loudness": -6.779448986053467,
      "mid_to_side_loudness_range": 12.177033424377441,
      "side_mean": -27.213937759399414
    },
    {
      "high_freq": 1457.5709228515625,
      "loudness": -24.512269973754883,
      "loudness_range": 18.335010528564453,
      "low_freq": 794.6976318359375,
      "mid_mean": -21.610824584960938,
      "mid_to_side_loudness": -8.095020294189453,
      "mid_to_side_loudness_range": 11.53201675415039,
      "side_mean": -29.880916595458984
    },
    {
      "high_freq": 2549.74365234375,
      "loudness": -23.31027603149414,
      "loudness_range": 15.794290542602539,
      "low_freq": 1457.5709228515625,
      "mid_mean": -20.354482650756836,
      "mid_to_side_loudness": -8.39504337310791,
      "mid_to_side_loudness_range": 11.516230583190918,
      "side_mean": -28.95591926574707
    },
    {
      "high_freq": 4349.24462890625,
      "loudness": -23.276790618896484,
      "loudness_range": 13.490110397338867,
      "low_freq": 2549.74365234375,
      "mid_mean": -20.19677734375,
      "mid_to_side_loudness": -9.360305786132812,
      "mid_to_side_loudness_range": 11.31704330444336,
      "side_mean": -29.73802375793457
    },
    {
      "high_freq": 7314.1640625,
      "loudness": -26.824310302734375,
      "loudness_range": 13.86787223815918,
      "low_freq": 4349.24462890625,
      "mid_mean": -23.748628616333008,
      "mid_to_side_loudness": -9.373406410217285,
      "mid_to_side_loudness_range": 11.081972122192383,
      "side_mean": -33.16811752319336
    },
    {
      "high_freq": 12199.2666015625,
      "loudness": -30.206066131591797,
      "loudness_range": 16.012428283691406,
      "low_freq": 7314.1640625,
      "mid_mean": -27.225894927978516,
      "mid_to_side_loudness": -9.197556495666504,
      "mid_to_side_loudness_range": 12.804574966430664,
      "side_mean": -36.22623825073242
    },
    {
      "loudness": -37.17570877075195,
      "loudness_range": 17.612228393554688,
      "low_freq": 12199.2666015625,
      "mid_mean": -34.7177734375,
      "mid_to_side_loudness": -7.9636430740356445,
      "mid_to_side_loudness_range": 15.982683181762695,
      "side_mean": -42.0787467956543
    }
  ],
  "bands_short": [
    {
      "high_freq": 148.1999969482422,
      "loudness": -24.17196273803711,
      "loudness_range": 14.738525390625,
      "mid_mean": -20.63888931274414,
      "mid_to_side_loudness": -21.317190170288086,
      "mid_to_side_loudness_range": 29.79336166381836,
      "side_mean": -40.8883056640625
    },
    {
      "high_freq": 392.3793640136719,
      "loudness": -21.361644744873047,
      "loudness_range": 13.398553848266602,
      "low_freq": 148.1999969482422,
      "mid_mean": -18.20641326904297,
      "mid_to_side_loudness": -9.974318504333496,
      "mid_to_side_loudness_range": 13.37181282043457,
      "side_mean": -28.496681213378906
    },
    {
      "high_freq": 794.6976318359375,
      "loudness": -24.057857513427734,
      "loudness_range": 15.835702896118164,
      "low_freq": 392.3793640136719,
      "mid_mean": -21.511823654174805,
      "mid_to_side_loudness": -6.611914157867432,
      "mid_to_side_loudness_range": 14.532950401306152,
      "side_mean": -28.39680290222168
    },
    {
      "high_freq": 1457.5709228515625,
      "loudness": -24.96332550048828,
      "loudness_range": 20.048688888549805,
      "low_freq": 794.6976318359375,
      "mid_mean": -22.225284576416016,
      "mid_to_side_loudness": -7.713572978973389,
      "mid_to_side_loudness_range": 13.92365837097168,
      "side_mean": -30.150833129882812
    },
    {
      "high_freq": 2549.74365234375,
      "loudness": -24.545303344726562,
      "loudness_range": 18.442890167236328,
      "low_freq": 1457.5709228515625,
      "mid_mean": -21.777481079101562,
      "mid_to_side_loudness": -7.86591911315918,
      "mid_to_side_loudness_range": 13.755537033081055,
      "side_mean": -29.844398498535156
    },
    {
      "high_freq": 4349.24462890625,
      "loudness": -24.13416862487793,
      "loudness_range": 16.31033706665039,
      "low_freq": 2549.74365234375,
      "mid_mean": -21.154478073120117,
      "mid_to_side_loudness": -9.199138641357422,
      "mid_to_side_loudness_range": 13.33027172088623,
      "side_mean": -30.526268005371094
    },
    {
      "high_freq": 7314.1640625,
      "loudness": -27.92656898498535,
      "loudness_range": 17.377962112426758,
      "low_freq": 4349.24462890625,
      "mid_mean": -24.91425132751465,
      "mid_to_side_loudness": -9.445027351379395,
      "mid_to_side_loudness_range": 13.986977577209473,
      "side_mean": -34.43833923339844
    },
    {
      "high_freq": 12199.2666015625,
      "loudness": -32.30515670776367,
      "loudness_range": 21.597070693969727,
      "low_freq": 7314.1640625,
      "mid_mean": -29.353742599487305,
      "mid_to_side_loudness": -9.667215347290039,
      "mid_to_side_loudness_range": 16.611562728881836,
      "side_mean": -38.97542953491211
    },
    {
      "loudness": -40.602699279785156,
      "loudness_range": 25.398727416992188,
      "low_freq": 12199.2666015625,
      "mid_mean": -37.89228057861328,
      "mid_to_side_loudness": -9.257858276367188,
      "mid_to_side_loudness_range": 19.445537567138672,
      "side_mean": -47.53953552246094
    }
  ],
  "bandwidth": 720.1201171875,
  "channels": 2,
  "covariance": [
    [
      21.717327117919922,
      19.20318031311035,
      11.181500434875488,
      12.893832206726074,
      7.0575032234191895,
      13.581928253173828,
      10.984969139099121,
      16.98506736755371,
      8.078179359436035,
      14.95988655090332,
      8.856633186340332,
      17.001943588256836,
      8.619184494018555,
      17.34494400024414,
      9.531527519226074,
      19.96438980102539,
      10.426679611206055,
      23.278818130493164
    ],
    [
      19.20318031311035,
      73.15538787841797,
      18.865196228027344,
      20.789752960205078,
      14.65918254852295,
      24.567720413208008,
      22.145795822143555,
      29.774776458740234,
      13.487713813781738,
      23.045862197875977,
      17.548097610473633,
      27.181352615356445,
      16.598649978637695,
      29.23240852355957,
      20.0357666015625,
      30.116640090942383,
      22.18521499633789,
      34.4821891784668
    ],
    [
      11.181500434875488,
      18.865196228027344,
      16.46554946899414,
      13.089729309082031,
      10.88792896270752,
      13.799592971801758,
      11.86098861694336,
      16.72783660888672,
      11.573966979980469,
      15.507818222045898,
      12.24960994720459,
      17.790912628173828,
      10.135290145874023,
      17.321020126342773,
      12.545491218566895,
      18.873544692993164,
      13.727831840515137,
      21.05266761779785
    ],
    [
      12.893832206726074,
      20.789752960205078,
      13.089729309082031,
      21.39400291442871,
      8.929109573364258,
      16.572975158691406,
      11.044892311096191,
      17.53317642211914,
      9.638533592224121,
      15.678028106689453,
      10.648149490356445,
      18.446083068847656,
      9.243450164794922,
      18.21097755432129,
      11.38647174835205,
      19.57278060913086,
      12.664847373962402,
      22.0596981048584
    ],
    [
      7.0575032234191895,
      14.65918254852295,
      10.88792896270752,
      8.929109573364258,
      24.719816207885742,
      19.215787887573242,
      22.048723220825195,
      18.452299118041992,
      15.52970027923584,
      14.342345237731934,
      14.489773750305176,
      14.030076026916504,
      10.198227882385254,
      12.178672790527344,
      10.698747634887695,
      12.538928985595703,
      12.730829238891602,
      14.3195219039917
    ],
    [
      13.581928253173828,
      24.567720413208008,
      13.799592971801758,
      16.572975158691406,
      19.215787887573242,
      29.722564697265625,
      18.820974349975586,
      25.100370407104492,
      14.025634765625,
      21.456790924072266,
      14.812640190124512,
      24.229124069213867,
      13.19642162322998,
      23.886112213134766,
      13.149304389953613,
      24.04265785217285,
      15.232161521911621,
      27.4725399017334
    ],
    [
      10.984969139099121,
      22.145795822143555,
      11.86098861694336,
      11.044892311096191,
      22.048723220825195,
      18.820974349975586,
      38.15114212036133,
      28.863525390625,
      15.594776153564453,
      16.93638801574707,
      15.793424606323242,
      16.516307830810547,
      11.677459716796875,
      15.984258651733398,
      12.029524803161621,
      16.795223236083984,
      15.903847694396973,
      20.051515579223633
    ],
    [
      16.98506736755371,
      29.774776458740234,
      16.72783660888672,
      17.53317642211914,
      18.452299118041992,
      25.100370407104492,
      28.863525390625,
      35.75313949584961,
      16.243410110473633,
      25.156810760498047,
      17.6529483795166,
      27.867719650268555,
      15.70251178741455,
      27.576278686523438,
      17.452774047851562,
      28.829648971557617,
      21.033220291137695,
      33.322933197021484
    ],
    [
      8.078179359436035,
      13.487713813781738,
      11.573966979980469,
      9.638533592224121,
      15.52970027923584,
      14.025634765625,
      15.594776153564453,
      16.243410110473633,
      29.602333068847656,
      20.15009880065918,
      20.70948028564453,
      17.390384674072266,
      14.730159759521484,
      16.425552368164062,
      17.253684997558594,
      19.04908561706543,
      17.71137237548828,
      21.073944091796875
    ],
    [
      14.95988655090332,
      23.045862197875977,
      15.507818222045898,
      15.678028106689453,
      14.342345237731934,
      21.456790924072266,
      16.93638801574707,
      25.156810760498047,
      20.15009880065918,
      27.719818115234375,
      17.83077049255371,
      28.634572982788086,
      16.42994499206543,
      28.21769905090332,
      18.80597496032715,
      30.354408264160156,
      20.53333282470703,
      34.010589599609375
    ],
    [
      8.856633186340332,
      17.548097610473633,
      12.24960994720459,
      10.648149490356445,
      14.489773750305176,
      14.812640190124512,
      15.793424606323242,
      17.6529483795166,
      20.70948028564453,
      17.83077049255371,
      21.84343719482422,
      20.14124298095703,
      15.52734375,
      19.221393585205078,
      17.598867416381836,
      19.50339698791504,
      17.2285213470459,
      20.373628616333008
    ],
    [
      17.001943588256836,
      27.181352615356445,
      17.790912628173828,
      18.446083068847656,
      14.030076026916504,
      24.229124069213867,
      16.516307830810547,
      27.867719650268555,
      17.390384674072266,
      28.634572982788086,
      20.14124298095703,
      34.962100982666016,
      18.316627502441406,
      34.13380432128906,
      20.533777236938477,
      34.88147735595703,
      21.633270263671875,
      38.440547943115234
    ],
    [
      8.619184494018555,
      16.598649978637695,
      10.135290145874023,
      9.243450164794922,
      10.198227882385254,
      13.19642162322998,
      11.677459716796875,
      15.70251178741455,
      14.730159759521484,
      16.42994499206543,
      15.52734375,
      18.316627502441406,
      22.271726608276367,
      23.916698455810547,
      24.116798400878906,
      24.261335372924805,
      25.017704010009766,
      23.86139488220215
    ],
    [
      17.34494400024414,
      29.23240852355957,
      17.321020126342773,
      18.21097755432129,
      12.178672790527344,
      23.886112213134766,
      15.984258651733398,
      27.576278686523438,
      16.425552368164062,
      28.21769905090332,
      19.221393585205078,
      34.13380432128906,
      23.916698455810547,
      42.70148468017578,
      26.37726593017578,
      43.506317138671875,
      28.759340286254883,
      46.82703399658203
    ],
    [
      9.531527519226074,
      20.0357666015625,
      12.545491218566895,
      11.38647174835205,
      10.698747634887695,
      13.149304389953613,
      12.029524803161621,
      17.452774047851562,
      17.253684997558594,
      18.80597496032715,
      17.598867416381836,
      20.533777236938477,
      24.116798400878906,
      26.37726593017578,
      35.06587600708008,
      31.513286590576172,
      36.075035095214844,
      32.06862258911133
    ],
    [
      19.96438980102539,
      30.116640090942383,
      18.873544692993164,
      19.57278060913086,
      12.538928985595703,
      24.04265785217285,
      16.795223236083984,
      28.829648971557617,
      19.04908561706543,
      30.354408264160156,
      19.50339698791504,
      34.88147735595703,
      24.261335372924805,
      43.506317138671875,
      31.513286590576172,
      55.30095291137695,
      35.346092224121094,
      60.33303451538086
    ],
    [
      10.426679611206055,
      22.18521499633789,
      13.727831840515137,
      12.664847373962402,
      12.730829238891602,
      15.232161521911621,
      15.903847694396973,
      21.033220291137695,
      17.71137237548828,
      20.53333282470703,
      17.2285213470459,
      21.633270263671875,
      25.017704010009766,
      28.759340286254883,
      36.075035095214844,
      35.346092224121094,
      43.84263229370117,
      39.60874557495117
    ],
    [
      23.278818130493164,
      34.4821891784668,
      21.05266761779785,
      22.0596981048584,
      14.3195219039917,
      27.4725399017334,
      20.051515579223633,
      33.322933197021484,
      21.073944091796875,
      34.010589599609375,
      20.373628616333008,
      38.440547943115234,
      23.86139488220215,
      46.82703399658203,
      32.06862258911133,
      60.33303451538086,
      39.60874557495117,
      79.72270965576172
    ]
  ],
  "covariance_short": [
    [
      26.244186401367188,
      18.476198196411133,
      12.582112312316895,
      9.347639083862305,
      5.137212753295898,
      9.457661628723145,
      7.855444431304932,
      12.341504096984863,
      7.191982269287109,
      11.650982856750488,
      7.195277690887451,
      12.906723022460938,
      7.506839275360107,
      13.638849258422852,
      7.583121299743652,
      15.283145904541016,
      8.258625030517578,
      21.357885360717773
    ],
    [
      18.476198196411133,
      93.66960906982422,
      24.14592933654785,
      25.330081939697266,
      18.24887466430664,
      29.47147560119629,
      24.53357696533203,
      35.37834930419922,
      17.46628761291504,
      27.923887252807617,
      21.895212173461914,
      33.5535888671875,
      23.95903205871582,
      38.18485641479492,
      26.670238494873047,
      42.88431930541992,
      25.298778533935547,
      48.90016555786133
    ],
    [
      12.582112312316895,
      24.14592933654785,
      24.66155433654785,
      16.50627326965332,
      14.184925079345703,
      16.795320510864258,
      14.839439392089844,
      19.7381534576416,
      14.756671905517578,
      18.210702896118164,
      15.380460739135742,
      20.43746566772461,
      12.904541969299316,
      20.36882781982422,
      15.829632759094238,
      23.594833374023438,
      18.45094108581543,
      32.29817581176758
    ],
    [
      9.347639083862305,
      25.330081939697266,
      16.50627326965332,
      31.670743942260742,
      12.292375564575195,
      21.189912796020508,
      14.103446006774902,
      21.16866111755371,
      12.010879516601562,
      17.82545280456543,
      13.144460678100586,
      20.65062713623047,
      11.986227989196777,
      21.00881576538086,
      14.84595012664795,
      23.28629493713379,
      17.154314041137695,
      31.39371109008789
    ],
    [
      5.137212753295898,
      18.24887466430664,
      14.184925079345703,
      12.292375564575195,
      36.77242660522461,
      25.058250427246094,
      28.790943145751953,
      22.557769775390625,
      22.630460739135742,
      17.405258178710938,
      21.151809692382812,
      17.31630516052246,
      15.84242057800293,
      15.453368186950684,
      16.5731258392334,
      16.915206909179688,
      20.843740463256836,
      25.210542678833008
    ],
    [
      9.457661628723145,
      29.47147560119629,
      16.795320510864258,
      21.189912796020508,
      25.058250427246094,
      39.81081008911133,
      22.801658630371094,
      29.165302276611328,
      18.28520393371582,
      24.292266845703125,
      18.51889991760254,
      27.04344367980957,
      18.033052444458008,
      28.05805206298828,
      18.199552536010742,
      28.781482696533203,
      20.977861404418945,
      38.79111099243164
    ],
    [
      7.855444431304932,
      24.53357696533203,
      14.839439392089844,
      14.103446006774902,
      28.790943145751953,
      22.801658630371094,
      48.672542572021484,
      33.52943420410156,
      21.814905166625977,
      19.612960815429688,
      22.03462028503418,
      19.283212661743164,
      17.17323112487793,
      18.915040969848633,
      16.343332290649414,
      20.35745620727539,
      22.391796112060547,
      29.521648406982422
    ],
    [
      12.341504096984863,
      35.37834930419922,
      19.7381534576416,
      21.16866111755371,
      22.557769775390625,
      29.165302276611328,
      33.52943420410156,
      43.33986282348633,
      20.075477600097656,
      28.14134979248047,
      21.08039665222168,
      30.850732803344727,
      20.232328414916992,
      31.324739456176758,
      21.20622444152832,
      32.690773010253906,
      26.129863739013672,
      43.41629409790039
    ],
    [
      7.191982269287109,
      17.46628761291504,
      14.756671905517578,
      12.010879516601562,
      22.630460739135742,
      18.28520393371582,
      21.814905166625977,
      20.075477600097656,
      43.68305206298828,
      25.901395797729492,
      30.532846450805664,
      23.047775268554688,
      22.548913955688477,
      21.271480560302734,
      25.72426414489746,
      24.572200775146484,
      26.173973083496094,
      31.757165908813477
    ],
    [
      11.650982856750488,
      27.923887252807617,
      18.210702896118164,
      17.82545280456543,
      17.405258178710938,
      24.292266845703125,
      19.612960815429688,
      28.14134979248047,
      25.901395797729492,
      33.83465576171875,
      22.297758102416992,
      32.79689407348633,
      21.764005661010742,
      33.271480560302734,
      24.691661834716797,
      36.16070556640625,
      27.295251846313477,
      45.907745361328125
    ],
    [
      7.195277690887451,
      21.895212173461914,
      15.380460739135742,
      13.144460678100586,
      21.151809692382812,
      18.51889991760254,
      22.03462028503418,
      21.08039665222168,
      30.532846450805664,
      22.297758102416992,
      34.25139236450195,
      25.883665084838867,
      24.72294044494629,
      24.946247100830078,
      27.332242965698242,
      26.47286605834961,
      25.930084228515625,
      32.01313018798828
    ],
    [
      12.906723022460938,
      33.5535888671875,
      20.43746566772461,
      20.65062713623047,
      17.31630516052246,
      27.04344367980957,
      19.283212661743164,
      30.850732803344727,
      23.047775268554688,
      32.79689407348633,
      25.883665084838867,
      41.310115814208984,
      24.939287185668945,
      41.576324462890625,
      27.87165069580078,
      43.949501037597656,
      28.876779556274414,
      52.897315979003906
    ],
    [
      7.506839275360107,
      23.95903205871582,
      12.904541969299316,
      11.986227989196777,
      15.84242057800293,
      18.033052444458008,
      17.17323112487793,
      20.232328414916992,
      22.548913955688477,
      21.764005661010742,
      24.72294044494629,
      24.939287185668945,
      34.98621368408203,
      31.94559097290039,
      36.229774475097656,
      34.356510162353516,
      36.54766845703125,
      40.20014953613281
    ],
    [
      13.638849258422852,
      38.18485641479492,
      20.36882781982422,
      21.00881576538086,
      15.453368186950684,
      28.05805206298828,
      18.915040969848633,
      31.324739456176758,
      21.271480560302734,
      33.271480560302734,
      24.946247100830078,
      41.576324462890625,
      31.94559097290039,
      56.18849563598633,
      35.85647964477539,
      59.579166412353516,
      37.20840072631836,
      69.46269226074219
    ],
    [
      7.583121299743652,
      26.670238494873047,
      15.829632759094238,
      14.84595012664795,
      16.5731258392334,
      18.199552536010742,
      16.343332290649414,
      21.20622444152832,
      25.72426414489746,
      24.691661834716797,
      27.332242965698242,
      27.87165069580078,
      36.229774475097656,
      35.85647964477539,
      55.24357223510742,
      47.099754333496094,
      54.68381881713867,
      56.07516860961914
    ],
    [
      15.283145904541016,
      42.88431930541992,
      23.594833374023438,
      23.28629493713379,
      16.915206909179688,
      28.781482696533203,
      20.35745620727539,
      32.690773010253906,
      24.572200775146484,
      36.16070556640625,
      26.47286605834961,
      43.949501037597656,
      34.356510162353516,
      59.579166412353516,
      47.099754333496094,
      81.03841400146484,
      51.29374313354492,
      93.14617156982422
    ],
    [
      8.258625030517578,
      25.298778533935547,
      18.45094108581543,
      17.154314041137695,
      20.843740463256836,
      20.977861404418945,
      22.391796112060547,
      26.129863739013672,
      26.173973083496094,
      27.295251846313477,
      25.930084228515625,
      28.876779556274414,
      36.54766845703125,
      37.20840072631836,
      54.68381881713867,
      51.29374313354492,
      69.03710174560547,
      68.0600357055664
    ],
    [
      21.357885360717773,
      48.90016555786133,
      32.29817581176758,
      31.39371109008789,
      25.210542678833008,
      38.79111099243164,
      29.521648406982422,
      43.41629409790039,
      31.757165908813477,
      45.907745361328125,
      32.01313018798828,
      52.897315979003906,
      40.20014953613281,
      69.46269226074219,
      56.07516860961914,
      93.14617156982422,
      68.0600357055664,
      124.71893310546875
    ]
  ],
  "damage": -6.7633376121521,
  "diff_bandwidth": 781.2010498046875,
  "dissonance": 9.746840187951717,
  "drr": 15.318180084228516,
  "dynamics": 3.453728199005127,
  "format": 65538,
  "frames": 9373611,
  "freq_pan_to_db": [
    [
      -15.268750190734863,
      -15.064252853393555,
      -13.712287902832031,
      -12.066251754760742,
      -11.479551315307617,
      -12.939597129821777,
      -13.30323600769043,
      -13.987886428833008,
      -14.560978889465332,
      -16.99278450012207,
      -16.311826705932617
    ],
    [
      -16.96478271484375,
      -15.824807167053223,
      -13.706589698791504,
      -12.059246063232422,
      -9.36490535736084,
      -10.733963966369629,
      -9.142542839050293,
      -10.327645301818848,
      -12.459305763244629,
      -14.813230514526367,
      -16.87291717529297
    ],
    [
      -15.107258796691895,
      -14.698266983032227,
      -13.725461959838867,
      -12.638518333435059,
      -10.784363746643066,
      -11.45727252960205,
      -11.451159477233887,
      -12.79790210723877,
      -13.365589141845703,
      -14.887755393981934,
      -16.38404083251953
    ],
    [
      -16.632808685302734,
      -14.789377212524414,
      -12.821083068847656,
      -12.485291481018066,
      -12.034405708312988,
      -12.460588455200195,
      -12.649989128112793,
      -13.441802024841309,
      -15.206576347351074,
      -16.864397048950195,
      -17.029695510864258
    ],
    [
      -15.256241798400879,
      -14.13730239868164,
      -13.172574996948242,
      -12.745193481445312,
      -12.829733848571777,
      -14.010574340820312,
      -13.414924621582031,
      -14.161407470703125,
      -14.633757591247559,
      -14.717241287231445,
      -15.903225898742676
    ],
    [
      -20.759967803955078,
      -18.112791061401367,
      -16.86683464050293,
      -15.397684097290039,
      -14.652726173400879,
      -15.177084922790527,
      -15.850132942199707,
      -16.221824645996094,
      -17.325273513793945,
      -19.156747817993164,
      -19.531423568725586
    ],
    [
      -17.53923988342285,
      -17.009807586669922,
      -15.957732200622559,
      -15.198652267456055,
      -14.657491683959961,
      -14.451542854309082,
      -14.577475547790527,
      -14.940908432006836,
      -15.571259498596191,
      -16.157041549682617,
      -17.174421310424805
    ],
    [
      -20.627328872680664,
      -20.25004005432129,
      -19.210765838623047,
      -17.775007247924805,
      -16.218969345092773,
      -15.792938232421875,
      -17.362051010131836,
      -18.37246322631836,
      -19.14134979248047,
      -19.887231826782227,
      -20.139944076538086
    ],
    [
      -16.47663116455078,
      -17.281705856323242,
      -17.027053833007812,
      -17.037548065185547,
      -16.70075798034668,
      -17.251773834228516,
      -17.30499839782715,
      -17.4073429107666,
      -17.466724395751953,
      -17.482664108276367,
      -16.813764572143555
    ],
    [
      -19.214031219482422,
      -19.975168228149414,
      -19.81808090209961,
      -19.191871643066406,
      -18.50940704345703,
      -18.291810989379883,
      -19.289569854736328,
      -19.190914154052734,
      -19.82229995727539,
      -20.407012939453125,
      -20.29549789428711
    ],
    [
      -19.977270126342773,
      -21.23068618774414,
      -20.303279876708984,
      -18.104991912841797,
      -15.773957252502441,
      -14.141682624816895,
      -16.507192611694336,
      -18.494028091430664,
      -19.71769905090332,
      -21.314002990722656,
      -22.316884994506836
    ],
    [
      -19.10270118713379,
      -20.879871368408203,
      -19.067869186401367,
      -17.821353912353516,
      -15.863761901855469,
      -14.89562702178955,
      -16.483318328857422,
      -17.768264770507812,
      -18.988229751586914,
      -19.988887786865234,
      -20.183134078979492
    ],
    [
      -21.752212524414062,
      -21.433433532714844,
      -20.628265380859375,
      -19.381622314453125,
      -18.665063858032227,
      -17.597782135009766,
      -19.071002960205078,
      -20.071931838989258,
      -20.34125518798828,
      -21.242509841918945,
      -22.001632690429688
    ],
    [
      -21.74801254272461,
      -21.073226928710938,
      -20.16016387939453,
      -18.863971710205078,
      -18.385639190673828,
      -16.255273818969727,
      -19.085702896118164,
      -19.90180206298828,
      -20.783117294311523,
      -21.21746063232422,
      -21.835981369018555
    ],
    [
      -20.414995193481445,
      -20.126768112182617,
      -21.00031089782715,
      -21.340749740600586,
      -19.475648880004883,
      -17.303281784057617,
      -20.49382209777832,
      -21.212392807006836,
      -21.452224731445312,
      -21.313751220703125,
      -21.246374130249023
    ],
    [
      -19.859346389770508,
      -20.431163787841797,
      -22.133670806884766,
      -22.062332153320312,
      -19.235607147216797,
      -16.815675735473633,
      -20.025163650512695,
      -20.983613967895508,
      -21.447185516357422,
      -19.441587448120117,
      -15.795746803283691
    ],
    [
      -17.853303909301758,
      -18.61492919921875,
      -21.906572341918945,
      -21.637556076049805,
      -19.808515548706055,
      -15.770998001098633,
      -20.767379760742188,
      -22.699661254882812,
      -21.21546745300293,
      -16.779224395751953,
      -16.58391761779785
    ],
    [
      -21.692279815673828,
      -21.262981414794922,
      -22.385189056396484,
      -22.51239013671875,
      -21.39360809326172,
      -17.567445755004883,
      -21.65872573852539,
      -22.419618606567383,
      -22.433557510375977,
      -19.333452224731445,
      -19.406417846679688
    ],
    [
      -21.978038787841797,
      -22.81578254699707,
      -21.866411209106445,
      -23.46465492248535,
      -21.618276596069336,
      -18.975004196166992,
      -22.979965209960938,
      -24.458078384399414,
      -23.049707412719727,
      -24.46014976501465,
      -23.737775802612305
    ],
    [
      -26.56542205810547,
      -24.180646896362305,
      -23.475204467773438,
      -24.974924087524414,
      -23.043109893798828,
      -19.694869995117188,
      -23.16138458251953,
      -24.110462188720703,
      -22.174182891845703,
      -24.217693328857422,
      -25.093515396118164
    ],
    [
      -23.650409698486328,
      -23.991926193237305,
      -23.88076400756836,
      -23.55165672302246,
      -23.93964958190918,
      -21.361347198486328,
      -23.696914672851562,
      -23.679615020751953,
      -23.869224548339844,
      -24.022092819213867,
      -26.623722076416016
    ],
    [
      -25.041776657104492,
      -25.68143081665039,
      -24.11427879333496,
      -23.87429428100586,
      -24.615427017211914,
      -20.72250747680664,
      -24.203229904174805,
      -23.693973541259766,
      -25.515159606933594,
      -25.750587463378906,
      -27.528852462768555
    ],
    [
      -23.47388458251953,
      -24.073793411254883,
      -25.133398056030273,
      -25.1455020904541,
      -22.91189956665039,
      -19.152809143066406,
      -23.05106544494629,
      -24.81123161315918,
      -24.74368667602539,
      -24.832555770874023,
      -25.780231475830078
    ],
    [
      -27.463855743408203,
      -25.153596878051758,
      -27.03666877746582,
      -26.229312896728516,
      -24.696996688842773,
      -20.161651611328125,
      -24.946462631225586,
      -27.035049438476562,
      -25.93972396850586,
      -26.4194278717041,
      -31.67400360107422
    ],
    [
      -31.28849983215332,
      -26.602357864379883,
      -25.95225715637207,
      -25.649145126342773,
      -25.36493492126465,
      -23.62111473083496,
      -25.136505126953125,
      -25.92204475402832,
      -26.325708389282227,
      -26.48516082763672,
      -26.868404388427734
    ],
    [
      -27.624225616455078,
      -25.850767135620117,
      -25.471155166625977,
      -25.48348617553711,
      -25.53666114807129,
      -25.082000732421875,
      -25.534807205200195,
      -25.68418312072754,
      -26.00202178955078,
      -26.59980583190918,
      -29.044260025024414
    ],
    [
      -22.601634979248047,
      -24.558130264282227,
      -24.33181381225586,
      -24.876110076904297,
      -25.326534271240234,
      -25.370267868041992,
      -25.011348724365234,
      -24.613311767578125,
      -24.626007080078125,
      -23.608306884765625,
      -26.802017211914062
    ],
    [
      -22.00325584411621,
      -23.804166793823242,
      -25.387592315673828,
      -25.490619659423828,
      -25.648773193359375,
      -26.80794334411621,
      -26.471651077270508,
      -26.08707046508789,
      -27.389039993286133,
      -28.595136642456055,
      -33.681461334228516
    ],
    [
      -25.321535110473633,
      -24.619686126708984,
      -25.76985740661621,
      -26.588987350463867,
      -25.7419376373291,
      -27.467674255371094,
      -27.637632369995117,
      -27.140417098999023,
      -27.951091766357422,
      -30.393840789794922,
      -38.92129135131836
    ],
    [
      -45.26704025268555,
      -24.357141494750977,
      -26.973087310791016,
      -26.723346710205078,
      -26.106008529663086,
      -26.886716842651367,
      -28.46636962890625,
      -28.54155158996582,
      -28.598220825195312,
      -31.566028594970703,
      -37.54643249511719
    ],
    [
      -32.657962799072266,
      -26.161659240722656,
      -28.445148468017578,
      -28.658977508544922,
      -28.016700744628906,
      -26.686960220336914,
      -28.903295516967773,
      -30.34054946899414,
      -29.948564529418945,
      -32.06990051269531,
      -125.41680908203125
    ],
    [
      -32.89060592651367,
      -34.865631103515625,
      -29.78729820251465,
      -30.018604278564453,
      -29.858549118041992,
      -29.559532165527344,
      -30.283245086669922,
      -31.533781051635742,
      -30.918331146240234,
      -28.729236602783203,
      -123.04188537597656
    ],
    [
      -31.596811294555664,
      -28.936962127685547,
      -30.147111892700195,
      -29.39594078063965,
      -29.89969825744629,
      -29.76008415222168,
      -30.577272415161133,
      -32.22416305541992,
      -33.37620544433594,
      -39.903419494628906,
      -52.19156265258789
    ],
    [
      -370,
      -34.44977569580078,
      -33.15230178833008,
      -30.72652244567871,
      -28.832923889160156,
      -29.56139373779297,
      -30.088865280151367,
      -32.27120590209961,
      -34.32024383544922,
      -28.20333480834961,
      -122.577880859375
    ],
    [
      -34.63874816894531,
      -34.25972366333008,
      -33.32078170776367,
      -30.361446380615234,
      -29.83860206604004,
      -30.529653549194336,
      -30.22727394104004,
      -31.473085403442383,
      -31.058963775634766,
      -30.414077758789062,
      -50.488372802734375
    ],
    [
      -370,
      -31.80004119873047,
      -31.649267196655273,
      -30.44720458984375,
      -31.594310760498047,
      -30.75978660583496,
      -30.73012351989746,
      -31.77289581298828,
      -33.80677032470703,
      -33.796016693115234,
      -44.43873977661133
    ],
    [
      -29.286935806274414,
      -32.03792190551758,
      -30.750850677490234,
      -32.10044479370117,
      -31.9769287109375,
      -30.843830108642578,
      -31.985103607177734,
      -33.3629150390625,
      -35.39613723754883,
      -33.8674430847168,
      -44.44358825683594
    ],
    [
      -29.33199119567871,
      -31.01034927368164,
      -32.009429931640625,
      -33.19656753540039,
      -33.33518600463867,
      -32.9129524230957,
      -33.372886657714844,
      -33.35746765136719,
      -37.36056900024414,
      -29.830886840820312,
      -120.51873016357422
    ],
    [
      -31.146791458129883,
      -30.812639236450195,
      -32.356163024902344,
      -34.39443588256836,
      -34.658756256103516,
      -35.094688415527344,
      -34.24107360839844,
      -33.20088195800781,
      -39.13480758666992,
      -30.6479434967041,
      -119.9411849975586
    ],
    [
      -31.935836791992188,
      -33.3758430480957,
      -35.60018539428711,
      -36.249656677246094,
      -36.65695571899414,
      -37.42878723144531,
      -36.24165344238281,
      -36.417598724365234,
      -39.650543212890625,
      -31.8806095123291,
      -59.97300338745117
    ],
    [
      -38.53883361816406,
      -35.364524841308594,
      -37.30515670776367,
      -38.69490432739258,
      -37.91788101196289,
      -40.308902740478516,
      -38.53165817260742,
      -38.75621032714844,
      -45.62359619140625,
      -39.039180755615234,
      -119.3811264038086
    ],
    [
      -370,
      -37.92593002319336,
      -38.422542572021484,
      -39.424705505371094,
      -39.713985443115234,
      -41.926700592041016,
      -38.92995071411133,
      -38.84517288208008,
      -42.59235382080078,
      -40.11544418334961,
      -57.93608856201172
    ]
  ],
  "histogram": [
    {
      "db": -70,
      "frequency": 0
    },
    {
      "db": -69,
      "frequency": 0
    },
    {
      "db": -68,
      "frequency": 0
    },
    {
      "db": -67,
      "frequency": 0
    },
    {
      "db": -66,
      "frequency": 0
    },
    {
      "db": -65,
      "frequency": 0
    },
    {
      "db": -64,
      "frequency": 0
    },
    {
      "db": -63,
      "frequency": 0
    },
    {
      "db": -62,
      "frequency": 0
    },
    {
      "db": -61,
      "frequency": 0
    },
    {
      "db": -60,
      "frequency": 1
    },
    {
      "db": -59,
      "frequency": 0
    },
    {
      "db": -58,
      "frequency": 0
    },
    {
      "db": -57,
      "frequency": 0
    },
    {
      "db": -56,
      "frequency": 0
    },
    {
      "db": -55,
      "frequency": 0
    },
    {
      "db": -54,
      "frequency": 1
    },
    {
      "db": -53,
      "frequency": 0
    },
    {
      "db": -52,
      "frequency": 0
    },
    {
      "db": -51,
      "frequency": 0
    },
    {
      "db": -50,
      "frequency": 1
    },
    {
      "db": -49,
      "frequency": 0
    },
    {
      "db": -48,
      "frequency": 0
    },
    {
      "db": -47,
      "frequency": 1
    },
    {
      "db": -46,
      "frequency": 0
    },
    {
      "db": -45,
      "frequency": 0
    },
    {
      "db": -44,
      "frequency": 1
    },
    {
      "db": -43,
      "frequency": 0
    },
    {
      "db": -42,
      "frequency": 1
    },
    {
      "db": -41,
      "frequency": 1
    },
    {
      "db": -40,
      "frequency": 1
    },
    {
      "db": -39,
      "frequency": 2
    },
    {
      "db": -38,
      "frequency": 1
    },
    {
      "db": -37,
      "frequency": 2
    },
    {
      "db": -36,
      "frequency": 2
    },
    {
      "db": -35,
      "frequency": 2
    },
    {
      "db": -34,
      "frequency": 1
    },
    {
      "db": -33,
      "frequency": 2
    },
    {
      "db": -32,
      "frequency": 3
    },
    {
      "db": -31,
      "frequency": 2
    },
    {
      "db": -30,
      "frequency": 3
    },
    {
      "db": -29,
      "frequency": 3
    },
    {
      "db": -28,
      "frequency": 3
    },
    {
      "db": -27,
      "frequency": 3
    },
    {
      "db": -26,
      "frequency": 2
    },
    {
      "db": -25,
      "frequency": 3
    },
    {
      "db": -24,
      "frequency": 2
    },
    {
      "db": -23,
      "frequency": 4
    },
    {
      "db": -22,
      "frequency": 4
    },
    {
      "db": -21,
      "frequency": 8
    },
    {
      "db": -20,
      "frequency": 14
    },
    {
      "db": -19,
      "frequency": 38
    },
    {
      "db": -18,
      "frequency": 55
    },
    {
      "db": -17,
      "frequency": 45
    },
    {
      "db": -16,
      "frequency": 61
    },
    {
      "db": -15,
      "frequency": 89
    },
    {
      "db": -14,
      "frequency": 96
    },
    {
      "db": -13,
      "frequency": 98
    },
    {
      "db": -12,
      "frequency": 154
    },
    {
      "db": -11,
      "frequency": 201
    },
    {
      "db": -10,
      "frequency": 278
    },
    {
      "db": -9,
      "frequency": 403
    },
    {
      "db": -8,
      "frequency": 296
    },
    {
      "db": -7,
      "frequency": 170
    },
    {
      "db": -6,
      "frequency": 38
    },
    {
      "db": -5,
      "frequency": 13
    },
    {
      "db": -4,
      "frequency": 0
    },
    {
      "db": -3,
      "frequency": 0
    },
    {
      "db": -2,
      "frequency": 0
    },
    {
      "db": -1,
      "frequency": 0
    },
    {
      "db": 0,
      "frequency": 0
    },
    {
      "db": 1,
      "frequency": 0
