{
  "acoustic_entropy": 183.24456787109375,
  "bands": [
    {
      "high_freq": 148.1999969482422,
      "loudness": -18.1104679107666,
      "loudness_range": 13.236515998840332,
      "mid_mean": -14.493963241577148,
      "mid_to_side_loudness": -22.775903701782227,
      "mid_to_side_loudness_range": 27.159832000732422,
      "side_mean": -34.001220703125
    },
    {
      "high_freq": 392.3793640136719,
      "loudness": -17.682357788085938,
      "loudness_range": 11.72927188873291,
      "low_freq": 148.1999969482422,
      "mid_mean": -14.303552627563477,
      "mid_to_side_loudness": -12.177020072937012,
      "mid_to_side_loudness_range": 10.460750579833984,
      "side_mean": -26.80402374267578
    },
    {
      "high_freq": 794.6976318359375,
      "loudness": -20.920352935791016,
      "loudness_range": 14.015284538269043,
      "low_freq": 392.3793640136719,
      "mid_mean": -17.907739639282227,
      "mid_to_side_loudness": -9.184983253479004,
      "mid_to_side_loudness_range": 13.350518226623535,
      "side_mean": -27.345989227294922
    },
    {
      "high_freq": 1457.5709228515625,
      "loudness": -25.68539047241211,
      "loudness_range": 20.443775177001953,
      "low_freq": 794.6976318359375,
      "mid_mean": -22.687883377075195,
      "mid_to_side_loudness": -9.183351516723633,
      "mid_to_side_loudness_range": 12.98965072631836,
      "side_mean": -32.08214569091797
    },
    {
      "high_freq": 2549.74365234375,
      "loudness": -27.580289840698242,
      "loudness_range": 18.302640914916992,
      "low_freq": 1457.5709228515625,
      "mid_mean": -24.673053741455078,
      "mid_to_side_loudness": -8.508268356323242,
      "mid_to_side_loudness_range": 13.286502838134766,
      "side_mean": -33.356414794921875
    },
    {
      "high_freq": 4349.24462890625,
      "loudness": -26.943281173706055,
      "loudness_range": 16.211341857910156,
      "low_freq": 2549.74365234375,
      "mid_mean": -23.909330368041992,
      "mid_to_side_loudness": -9.625874519348145,
      "mid_to_side_loudness_range": 14.218297004699707,
      "side_mean": -33.67007827758789
    },
    {
      "high_freq": 7314.1640625,
      "loudness": -31.42548179626465,
      "loudness_range": 17.29060173034668,
      "low_freq": 4349.24462890625,
      "mid_mean": -28.648473739624023,
      "mid_to_side_loudness": -8.4493989944458,
      "mid_to_side_loudness_range": 15.217726707458496,
      "side_mean": -36.97626876831055
    },
    {
      "high_freq": 12199.2666015625,
      "loudness": -36.58320617675781,
      "loudness_range": 18.50289535522461,
      "low_freq": 7314.1640625,
      "mid_mean": -34.385231018066406,
      "mid_to_side_loudness": -6.5710768699646,
      "mid_to_side_loudness_range": 17.387563705444336,
      "side_mean": -40.662803649902344
    },
    {
      "loudness": -44.28295135498047,
      "loudness_range": 20.18603515625,
      "low_freq": 12199.2666015625,
      "mid_mean": -42.41858673095703,
      "mid_to_side_loudness": -5.196944236755371,
      "mid_to_side_loudness_range": 14.384262084960938,
      "side_mean": -48.261653900146484
    }
  ],
  "bands_short": [
    {
      "high_freq": 148.1999969482422,
      "loudness": -19.978559494018555,
      "loudness_range": 15.241483688354492,
      "mid_mean": -16.385906219482422,
      "mid_to_side_loudness": -23.665708541870117,
      "mid_to_side_loudness_range": 29.945058822631836,
      "side_mean": -38.17864990234375
    },
    {
      "high_freq": 392.3793640136719,
      "loudness": -17.58694076538086,
      "loudness_range": 14.081551551818848,
      "low_freq": 148.1999969482422,
      "mid_mean": -14.22555160522461,
      "mid_to_side_loudness": -12.76314926147461,
      "mid_to_side_loudness_range": 14.136555671691895,
      "side_mean": -27.30996322631836
    },
    {
      "high_freq": 794.6976318359375,
      "loudness": -21.866451263427734,
      "loudness_range": 16.81521224975586,
      "low_freq": 392.3793640136719,
      "mid_mean": -18.94666290283203,
      "mid_to_side_loudness": -9.146278381347656,
      "mid_to_side_loudness_range": 15.625617980957031,
      "side_mean": -28.353290557861328
    },
    {
      "high_freq": 1457.5709228515625,
      "loudness": -25.924867630004883,
      "loudness_range": 22.10916519165039,
      "low_freq": 794.6976318359375,
      "mid_mean": -23.0304012298584,
      "mid_to_side_loudness": -8.89078426361084,
      "mid_to_side_loudness_range": 15.170920372009277,
      "side_mean": -32.203582763671875
    },
    {
      "high_freq": 2549.74365234375,
      "loudness": -28.83003044128418,
      "loudness_range": 20.74673080444336,
      "low_freq": 1457.5709228515625,
      "mid_mean": -26.099529266357422,
      "mid_to_side_loudness": -7.950336456298828,
      "mid_to_side_loudness_range": 15.050201416015625,
      "side_mean": -34.228736877441406
    },
    {
      "high_freq": 4349.24462890625,
      "loudness": -27.805267333984375,
      "loudness_range": 19.080554962158203,
      "low_freq": 2549.74365234375,
      "mid_mean": -24.8493709564209,
      "mid_to_side_loudness": -9.495055198669434,
      "mid_to_side_loudness_range": 15.425525665283203,
      "side_mean": -34.502506256103516
    },
    {
      "high_freq": 7314.1640625,
      "loudness": -32.56529235839844,
      "loudness_range": 20.5772705078125,
      "low_freq": 4349.24462890625,
      "mid_mean": -29.826154708862305,
      "mid_to_side_loudness": -8.531022071838379,
      "mid_to_side_loudness_range": 16.857379913330078,
      "side_mean": -38.380802154541016
    },
    {
      "high_freq": 12199.2666015625,
      "loudness": -38.798397064208984,
      "loudness_range": 23.87494659423828,
      "low_freq": 7314.1640625,
      "mid_mean": -36.67401123046875,
      "mid_to_side_loudness": -7.2105278968811035,
      "mid_to_side_loudness_range": 20.294214248657227,
      "side_mean": -43.71248245239258
    },
    {
      "loudness": -47.661399841308594,
      "loudness_range": 26.379470825195312,
      "low_freq": 12199.2666015625,
      "mid_mean": -45.98612594604492,
      "mid_to_side_loudness": -7.0864577293396,
      "mid_to_side_loudness_range": 20.427457809448242,
      "side_mean": -53.66754913330078
    }
  ],
  "bandwidth": 409.29412841796875,
  "channels": 2,
  "covariance": [
    [
      24.39970588684082,
      18.278535842895508,
      15.736254692077637,
      17.401500701904297,
      10.216899871826172,
      18.66385841369629,
      13.806866645812988,
      22.260513305664062,
      11.100342750549316,
      20.152570724487305,
      12.734579086303711,
      24.324604034423828,
      12.460301399230957,
      25.754058837890625,
      11.085715293884277,
      27.007862091064453,
      11.48288345336914,
      30.038448333740234
    ],
    [
      18.278535842895508,
      70.54297637939453,
      18.73583221435547,
      23.51861572265625,
      15.51340103149414,
      26.44770622253418,
      21.32306480407715,
      30.431045532226562,
      15.040266036987305,
      25.174123764038086,
      20.15740394592285,
      31.033428192138672,
      22.479387283325195,
      36.77617263793945,
      20.60396385192871,
      33.4944953918457,
      20.27954864501953,
      36.06488037109375
    ],
    [
      15.736254692077637,
      18.73583221435547,
      21.429237365722656,
      18.740110397338867,
      14.4888277053833,
      19.26593589782715,
      15.98054313659668,
      22.854188919067383,
      15.547148704528809,
      20.918872833251953,
      17.495983123779297,
      25.380815505981445,
      14.685073852539062,
      25.4371395111084,
      13.11830997467041,
      24.8465518951416,
      12.756546020507812,
      28.512939453125
    ],
    [
      17.401500701904297,
      23.51861572265625,
      18.740110397338867,
      29.887962341308594,
      13.205487251281738,
      25.096908569335938,
      15.492537498474121,
      25.78993797302246,
      14.000044822692871,
      23.07693862915039,
      16.360151290893555,
      28.831886291503906,
      14.041372299194336,
      28.983640670776367,
      14.342803955078125,
      28.916566848754883,
      15.25594425201416,
      32.14853286743164
    ],
    [
      10.216899871826172,
      15.51340103149414,
      14.4888277053833,
      13.205487251281738,
      28.651531219482422,
      23.963956832885742,
      27.54258918762207,
      24.43796157836914,
      20.08350944519043,
      18.782989501953125,
      19.710046768188477,
      19.164579391479492,
      14.745376586914062,
      17.477684020996094,
      10.959802627563477,
      16.26830291748047,
      10.722007751464844,
      19.453027725219727
    ],
    [
      18.66385841369629,
      26.44770622253418,
      19.26593589782715,
      25.096908569335938,
      23.963956832885742,
      38.79243469238281,
      24.33579444885254,
      34.125572204589844,
      18.761659622192383,
      29.07659912109375,
      20.96985626220703,
      34.773902893066406,
      18.479812622070312,
      35.22382354736328,
      14.827054977416992,
      33.7362060546875,
      16.068248748779297,
      37.01224899291992
    ],
    [
      13.806866645812988,
      21.32306480407715,
      15.98054313659668,
      15.492537498474121,
      27.54258918762207,
      24.33579444885254,
      47.739295959472656,
      37.553897857666016,
      22.46587562561035,
      23.605867385864258,
      22.454313278198242,
      23.608661651611328,
      17.176776885986328,
      21.790525436401367,
      12.172630310058594,
      21.33623695373535,
      13.75358772277832,
      24.889577865600586
    ],
    [
      22.260513305664062,
      30.431045532226562,
      22.854188919067383,
      25.78993797302246,
      24.43796157836914,
      34.125572204589844,
      37.553897857666016,
      46.99148178100586,
      23.452190399169922,
      34.87533187866211,
      25.73952293395996,
      40.17246627807617,
      22.481536865234375,
      40.48048782348633,
      19.087461471557617,
      40.0794677734375,
      21.215635299682617,
      44.10614013671875
    ],
    [
      11.100342750549316,
      15.040266036987305,
      15.547148704528809,
      14.000044822692871,
      20.08350944519043,
      18.761659622192383,
      22.46587562561035,
      23.452190399169922,
      39.53803634643555,
      27.86674690246582,
      29.67963981628418,
      25.559419631958008,
      22.135879516601562,
      22.86724090576172,
      21.029937744140625,
      22.626508712768555,
      18.366289138793945,
      28.235597610473633
    ],
    [
      20.152570724487305,
      25.174123764038086,
      20.918872833251953,
      23.07693862915039,
      18.782989501953125,
      29.07659912109375,
      23.605867385864258,
      34.87533187866211,
      27.86674690246582,
      37.493186950683594,
      26.284955978393555,
      41.1434211730957,
      24.13754653930664,
      42.00882339477539,
      22.56505584716797,
      41.44147491455078,
      23.103160858154297,
      46.82255172729492
    ],
    [
      12.734579086303711,
      20.15740394592285,
      17.495983123779297,
      16.360151290893555,
      19.710046768188477,
      20.96985626220703,
      22.454313278198242,
      25.73952293395996,
      29.67963981628418,
      26.284955978393555,
      32.5662841796875,
      31.108089447021484,
      24.459470748901367,
      29.002281188964844,
      22.172040939331055,
      26.39103126525879,
      18.347375869750977,
      29.100093841552734
    ],
    [
      24.324604034423828,
      31.033428192138672,
      25.380815505981445,
      28.831886291503906,
      19.164579391479492,
      34.773902893066406,
      23.608661651611328,
      40.17246627807617,
      25.559419631958008,
      41.1434211730957,
      31.108089447021484,
      53.35482406616211,
      28.338842391967773,
      54.366310119628906,
      26.05765724182129,
      52.14435958862305,
      26.124256134033203,
      56.3170166015625
    ],
    [
      12.460301399230957,
      22.479387283325195,
      14.685073852539062,
      14.041372299194336,
      14.745376586914062,
      18.479812622070312,
      17.176776885986328,
      22.481536865234375,
      22.135879516601562,
      24.13754653930664,
      24.459470748901367,
      28.338842391967773,
      35.03334426879883,
      35.8806266784668,
      31.348953247070312,
      30.799001693725586,
      28.59200096130371,
      33.99112319946289
    ],
    [
      25.754058837890625,
      36.77617263793945,
      25.4371395111084,
      28.983640670776367,
      17.477684020996094,
      35.22382354736328,
      21.790525436401367,
      40.48048782348633,
      22.86724090576172,
      42.00882339477539,
      29.002281188964844,
      54.366310119628906,
      35.8806266784668,
      69.31278228759766,
      32.41257095336914,
      64.11931610107422,
      33.25933837890625,
      69.76545715332031
    ],
    [
      11.085715293884277,
      20.60396385192871,
      13.11830997467041,
      14.342803955078125,
      10.959802627563477,
      14.827054977416992,
      12.172630310058594,
      19.087461471557617,
      21.029937744140625,
      22.56505584716797,
      22.172040939331055,
      26.05765724182129,
      31.348953247070312,
      32.41257095336914,
      44.385772705078125,
      36.47927474975586,
      41.104400634765625,
      40.934120178222656
    ],
    [
      27.007862091064453,
      33.4944953918457,
      24.8465518951416,
      28.916566848754883,
      16.26830291748047,
      33.7362060546875,
      21.33623695373535,
      40.0794677734375,
      22.626508712768555,
      41.44147491455078,
      26.39103126525879,
      52.14435958862305,
      30.799001693725586,
      64.11931610107422,
      36.47927474975586,
      79.54885864257812,
      40.576168060302734,
      83.3682632446289
    ],
    [
      11.48288345336914,
      20.27954864501953,
      12.756546020507812,
      15.25594425201416,
      10.722007751464844,
      16.068248748779297,
      13.75358772277832,
      21.215635299682617,
      18.366289138793945,
      23.103160858154297,
      18.347375869750977,
      26.124256134033203,
      28.59200096130371,
      33.25933837890625,
      41.104400634765625,
      40.576168060302734,
      48.236873626708984,
      48.1037712097168
    ],
    [
      30.038448333740234,
      36.06488037109375,
      28.512939453125,
      32.14853286743164,
      19.453027725219727,
      37.01224899291992,
      24.889577865600586,
      44.10614013671875,
      28.235597610473633,
      46.82255172729492,
      29.100093841552734,
      56.3170166015625,
      33.99112319946289,
      69.76545715332031,
      40.934120178222656,
      83.3682632446289,
      48.1037712097168,
      101.7852783203125
    ]
  ],
  "covariance_short": [
    [
      27.393144607543945,
      19.589458465576172,
      15.153985023498535,
      13.064225196838379,
      7.85159969329834,
      13.345062255859375,
      10.466690063476562,
      17.321292877197266,
      9.571125984191895,
      16.121685028076172,
      10.217476844787598,
      19.19462776184082,
      10.581307411193848,
      20.82286262512207,
      9.468213081359863,
      22.447824478149414,
      9.644309043884277,
      26.714488983154297
    ],
    [
      19.589458465576172,
      90.04881286621094,
      23.32335090637207,
      29.225757598876953,
      18.057432174682617,
      31.857765197753906,
      23.00591278076172,
      36.136470794677734,
      16.71393585205078,
      30.134414672851562,
      22.735145568847656,
      38.41007614135742,
      26.431394577026367,
      46.63547134399414,
      27.05130958557129,
      49.323822021484375,
      26.947463989257812,
      51.23937225341797
    ],
    [
      15.153985023498535,
      23.32335090637207,
      28.104286193847656,
      21.408884048461914,
      17.4934139251709,
      21.53468894958496,
      18.510141372680664,
      25.82164192199707,
      18.076440811157227,
      23.22251319885254,
      19.83629035949707,
      27.87355613708496,
      16.939645767211914,
      29.119407653808594,
      17.05266571044922,
      29.482807159423828,
      18.428068161010742,
      37.07246398925781
    ],
    [
      13.064225196838379,
      29.225757598876953,
      21.408884048461914,
      40.38020324707031,
      16.482419967651367,
      29.052995681762695,
      18.747909545898438,
      29.517162322998047,
      15.8318452835083,
      24.523582458496094,
      18.344093322753906,
      30.518835067749023,
      16.477779388427734,
      31.929338455200195,
      18.442970275878906,
      33.01347351074219,
      20.518461227416992,
      39.716331481933594
    ],
    [
      7.85159969329834,
      18.057432174682617,
      17.4934139251709,
      16.482419967651367,
      40.202667236328125,
      29.567535400390625,
      33.957462310791016,
      28.550918579101562,
      26.831518173217773,
      21.68775177001953,
      25.893383026123047,
      22.714801788330078,
      20.075206756591797,
      21.667253494262695,
      17.712181091308594,
      20.64365577697754,
      20.579530715942383,
      30.11620330810547
    ],
    [
      13.345062255859375,
      31.857765197753906,
      21.53468894958496,
      29.052995681762695,
      29.567535400390625,
      47.6733283996582,
      28.343265533447266,
      38.11332321166992,
      22.707002639770508,
      31.205020904541016,
      24.29969596862793,
      37.1823616027832,
      23.39845085144043,
      39.629337310791016,
      21.011075973510742,
      38.3717041015625,
      23.401206970214844,
      45.91867446899414
    ],
    [
      10.466690063476562,
      23.00591278076172,
      18.510141372680664,
      18.747909545898438,
      33.957462310791016,
      28.343265533447266,
      58.08351135253906,
      42.1469612121582,
      28.56890106201172,
      26.172780990600586,
      28.26087188720703,
      26.3785343170166,
      22.533050537109375,
      25.58504295349121,
      17.49107551574707,
      25.070205688476562,
      24.247512817382812,
      34.69755554199219
    ],
    [
      17.321292877197266,
      36.136470794677734,
      25.82164192199707,
      29.517162322998047,
      28.550918579101562,
      38.11332321166992,
      42.1469612121582,
      55.07996368408203,
      26.779495239257812,
      37.38814163208008,
      28.790111541748047,
      42.64754867553711,
      27.136213302612305,
      44.66567611694336,
      24.235675811767578,
      44.23489761352539,
      29.179922103881836,
      52.58336639404297
    ],
    [
      9.571125984191895,
      16.71393585205078,
      18.076440811157227,
      15.8318452835083,
      26.831518173217773,
      22.707002639770508,
      28.56890106201172,
      26.779495239257812,
      53.16331100463867,
      33.35964584350586,
      39.05706024169922,
      31.20698356628418,
      29.682748794555664,
      28.490468978881836,
      30.55742835998535,
      28.960460662841797,
      30.0948429107666,
      37.82341003417969
    ],
    [
      16.121685028076172,
      30.134414672851562,
      23.22251319885254,
      24.523582458496094,
      21.68775177001953,
      31.205020904541016,
      26.172780990600586,
      37.38814163208008,
      33.35964584350586,
      42.89152908325195,
      30.51131248474121,
      44.86887741088867,
      29.515478134155273,
      46.98154067993164,
      29.643083572387695,
      47.897525787353516,
      31.325239181518555,
      54.96305847167969
    ],
    [
      10.217476844787598,
      22.735145568847656,
      19.83629035949707,
      18.344093322753906,
      25.893383026123047,
      24.29969596862793,
      28.26087188720703,
      28.790111541748047,
      39.05706024169922,
      30.51131248474121,
      44.50843811035156,
      36.90040969848633,
      33.53509521484375,
      35.78015899658203,
      33.41099166870117,
      33.87458419799805,
      30.812435150146484,
      40.36185073852539
    ],
    [
      19.19462776184082,
      38.41007614135742,
      27.87355613708496,
      30.518835067749023,
      22.714801788330078,
      37.1823616027832,
      26.3785343170166,
      42.64754867553711,
      31.20698356628418,
      44.86887741088867,
      36.90040969848633,
      59.4415283203125,
      35.33150100708008,
      62.101531982421875,
      35.20303726196289,
      62.218345642089844,
      34.97212600708008,
      66.87418365478516
    ],
    [
      10.581307411193848,
      26.431394577026367,
      16.939645767211914,
      16.477779388427734,
      20.075206756591797,
      23.39845085144043,
      22.533050537109375,
      27.136213302612305,
      29.682748794555664,
      29.515478134155273,
      33.53509521484375,
      35.33150100708008,
      46.825401306152344,
      45.45447540283203,
      44.597900390625,
      43.590187072753906,
      43.90019989013672,
      49.7206916809082
    ],
    [
      20.82286262512207,
      46.63547134399414,
      29.119407653808594,
      31.929338455200195,
      21.667253494262695,
      39.629337310791016,
      25.58504295349121,
      44.66567611694336,
      28.490468978881836,
      46.98154067993164,
      35.78015899658203,
      62.101531982421875,
      45.45447540283203,
      83.3453140258789,
      44.48313903808594,
      82.50837707519531,
      45.441184997558594,
      87.26363372802734
    ],
    [
      9.468213081359863,
      27.05130958557129,
      17.05266571044922,
      18.442970275878906,
      17.712181091308594,
      21.011075973510742,
      17.49107551574707,
      24.235675811767578,
      30.55742835998535,
      29.643083572387695,
      33.41099166870117,
      35.20303726196289,
      44.597900390625,
      44.48313903808594,
      66.36964416503906,
      54.7078742980957,
      63.563453674316406,
      61.11502456665039
    ],
    [
      22.447824478149414,
      49.323822021484375,
      29.482807159423828,
      33.01347351074219,
      20.64365577697754,
      38.3717041015625,
      25.070205688476562,
      44.23489761352539,
      28.960460662841797,
      47.897525787353516,
      33.87458419799805,
      62.218345642089844,
      43.590187072753906,
      82.50837707519531,
      54.7078742980957,
      107.06548309326172,
      59.16358947753906,
      108.12361907958984
    ],
    [
      9.644309043884277,
      26.947463989257812,
      18.428068161010742,
      20.518461227416992,
      20.579530715942383,
      23.401206970214844,
      24.247512817382812,
      29.179922103881836,
      30.0948429107666,
      31.325239181518555,
      30.812435150146484,
      34.97212600708008,
      43.90019989013672,
      45.441184997558594,
      63.563453674316406,
      59.16358947753906,
      77.99082946777344,
      73.24020385742188
    ],
    [
      26.714488983154297,
      51.23937225341797,
      37.07246398925781,
      39.716331481933594,
      30.11620330810547,
      45.91867446899414,
      34.69755554199219,
      52.58336639404297,
      37.82341003417969,
      54.96305847167969,
      40.36185073852539,
      66.87418365478516,
      49.7206916809082,
      87.26363372802734,
      61.11502456665039,
      108.12361907958984,
      73.24020385742188,
      131.86288452148438
    ]
  ],
  "damage": -2.996957540512085,
  "diff_bandwidth": 446.7414245605469,
  "dissonance": 7.614989923832858,
  "drr": 12.980749130249023,
  "dynamics": 3.5328052043914795,
  "format": 65538,
  "frames": 9373611,
  "freq_pan_to_db": [
    [
      -10.884390830993652,
      -11.706808090209961,
      -9.549662590026855,
      -8.22309684753418,
      -7.741410255432129,
      -9.159181594848633,
      -8.59543228149414,
      -9.394671440124512,
      -10.718794822692871,
      -11.36796760559082,
      -12.84974193572998
    ],
    [
      -12.615612983703613,
      -12.464273452758789,
      -10.079497337341309,
      -8.232500076293945,
      -5.812492370605469,
      -7.051162242889404,
      -5.006481647491455,
      -7.038847923278809,
      -9.253493309020996,
      -11.37755298614502,
      -12.806137084960938
    ],
    [
      -11.482522964477539,
      -10.443558692932129,
      -9.703336715698242,
      -8.757412910461426,
      -7.176537036895752,
      -8.38269329071045,
      -7.974093914031982,
      -8.637821197509766,
      -9.792989730834961,
      -11.368330955505371,
      -12.551247596740723
    ],
    [
      -13.100646018981934,
      -12.068610191345215,
      -9.731431007385254,
      -8.28426456451416,
      -8.291950225830078,
      -8.845257759094238,
      -8.883007049560547,
      -9.974881172180176,
      -11.487174034118652,
      -12.903552055358887,
      -14.442689895629883
    ],
    [
      -11.949597358703613,
      -10.814327239990234,
      -9.303558349609375,
      -8.76846694946289,
      -8.716483116149902,
      -9.836488723754883,
      -9.516016006469727,
      -10.200117111206055,
      -10.293394088745117,
      -11.464015007019043,
      -12.374303817749023
    ],
    [
      -19.158803939819336,
      -15.673812866210938,
      -13.718023300170898,
      -12.024782180786133,
      -10.853187561035156,
      -11.185919761657715,
      -11.860283851623535,
      -12.61780071258545,
      -13.855786323547363,
      -16.010208129882812,
      -18.36028289794922
    ],
    [
      -14.693339347839355,
      -14.197999954223633,
      -12.772685050964355,
      -11.945032119750977,
      -11.052746772766113,
      -10.833829879760742,
      -11.132878303527832,
      -11.416695594787598,
      -12.405933380126953,
      -13.044371604919434,
      -14.3803071975708
    ],
    [
      -18.482133865356445,
      -18.04107093811035,
      -16.47675132751465,
      -15.211604118347168,
      -13.21845531463623,
      -12.533841133117676,
      -14.331636428833008,
      -15.562163352966309,
      -16.146831512451172,
      -17.00296401977539,
      -18.34844398498535
    ],
    [
      -13.903636932373047,
      -14.062701225280762,
      -14.226134300231934,
      -13.8107271194458,
      -13.544163703918457,
      -13.950074195861816,
      -14.323099136352539,
      -14.33496379852295,
      -14.421989440917969,
      -14.437654495239258,
      -13.630647659301758
    ],
    [
      -16.86387062072754,
      -17.532869338989258,
      -17.166784286499023,
      -16.846147537231445,
      -15.911616325378418,
      -15.603313446044922,
      -16.48053550720215,
      -16.945131301879883,
      -17.354816436767578,
      -18.08441925048828,
      -18.155704498291016
    ],
    [
      -19.124773025512695,
      -19.538471221923828,
      -19.67423439025879,
      -17.087129592895508,
      -14.168951034545898,
      -11.966340065002441,
      -15.200762748718262,
      -16.970930099487305,
      -18.6186580657959,
      -20.415878295898438,
      -21.193721771240234
    ],
    [
      -18.29777717590332,
      -19.782440185546875,
      -18.36867904663086,
      -16.501224517822266,
      -14.341155052185059,
      -12.936311721801758,
      -14.910418510437012,
      -16.942171096801758,
      -18.3328914642334,
      -19.006771087646484,
      -19.33138084411621
    ],
    [
      -20.751708984375,
      -21.67760467529297,
      -19.565099716186523,
      -18.8898983001709,
      -17.579708099365234,
      -16.365550994873047,
      -18.1231689453125,
      -19.355695724487305,
      -19.17582130432129,
      -20.131837844848633,
      -20.246767044067383
    ],
    [
      -20.509349822998047,
      -20.594064712524414,
      -20.40583610534668,
      -18.591386795043945,
      -17.697689056396484,
      -15.441346168518066,
      -18.896709442138672,
      -19.814449310302734,
      -20.371627807617188,
      -20.93718910217285,
      -20.647613525390625
    ],
    [
      -19.78641700744629,
      -20.0986385345459,
      -21.297344207763672,
      -21.349822998046875,
      -19.942228317260742,
      -16.96220588684082,
      -20.825748443603516,
      -21.469018936157227,
      -21.341419219970703,
      -21.486515045166016,
      -21.627254486083984
    ],
    [
      -19.666242599487305,
      -21.568662643432617,
      -22.654441833496094,
      -22.8365535736084,
      -20.231321334838867,
      -17.260595321655273,
      -20.812801361083984,
      -22.232662200927734,
      -22.142929077148438,
      -20.375736236572266,
      -16.696754455566406
    ],
    [
      -19.9782772064209,
      -19.959169387817383,
      -23.138994216918945,
      -23.35546112060547,
      -21.707763671875,
      -16.862140655517578,
      -22.505931854248047,
      -24.41153335571289,
      -21.901981353759766,
      -17.704132080078125,
      -18.615402221679688
    ],
    [
      -23.75400161743164,
      -23.565853118896484,
      -24.54018783569336,
      -24.69757652282715,
      -23.637245178222656,
      -19.566890716552734,
      -24.290441513061523,
      -24.868824005126953,
      -24.100223541259766,
      -21.574859619140625,
      -22.30815315246582
    ],
    [
      -26.738426208496094,
      -25.796621322631836,
      -24.971712112426758,
      -26.567859649658203,
      -24.86693572998047,
      -21.818662643432617,
      -26.287643432617188,
      -26.973140716552734,
      -25.78346061706543,
      -27.301660537719727,
      -27.078840255737305
    ],
    [
      -30.064165115356445,
      -27.90253257751465,
      -26.8232479095459,
      -28.67958641052246,
      -26.234943389892578,
      -23.364089965820312,
      -27.222320556640625,
      -28.037023544311523,
      -25.686012268066406,
      -28.471168518066406,
      -27.643367767333984
    ],
    [
      -28.224729537963867,
      -27.80315589904785,
      -27.809101104736328,
      -27.60706901550293,
      -28.010929107666016,
      -25.255048751831055,
      -27.861019134521484,
      -27.550308227539062,
      -27.672544479370117,
      -28.7635555267334,
      -28.37494468688965
    ],
    [
      -28.20927619934082,
      -29.402284622192383,
      -28.636459350585938,
      -28.039138793945312,
      -28.744487762451172,
      -24.38184356689453,
      -28.652982711791992,
      -27.836780548095703,
      -29.317890167236328,
      -30.334287643432617,
      -29.250755310058594
    ],
    [
      -27.695358276367188,
      -27.67596435546875,
      -29.051223754882812,
      -29.396690368652344,
      -26.5843563079834,
      -22.46887969970703,
      -26.928186416625977,
      -28.494979858398438,
      -28.56597900390625,
      -29.070459365844727,
      -30.791101455688477
    ],
    [
      -30.555341720581055,
      -28.622074127197266,
      -30.543819427490234,
      -29.598772048950195,
      -28.157039642333984,
      -23.126659393310547,
      -28.55754280090332,
      -29.701217651367188,
      -28.618364334106445,
      -30.090198516845703,
      -32.3613166809082
    ],
    [
      -33.309295654296875,
      -28.861371994018555,
      -28.770687103271484,
      -28.47922134399414,
      -28.15584945678711,
      -26.403797149658203,
      -27.786008834838867,
      -28.393953323364258,
      -28.944313049316406,
      -29.290361404418945,
      -27.786273956298828
    ],
    [
      -29.241004943847656,
      -27.74553680419922,
      -28.226892471313477,
      -28.08041763305664,
      -28.04719352722168,
      -27.775856018066406,
      -28.221324920654297,
      -28.102571487426758,
      -28.564029693603516,
      -28.31037139892578,
      -28.49616241455078
    ],
    [
      -25.858577728271484,
      -26.90815544128418,
      -27.12557601928711,
      -27.596933364868164,
      -27.735477447509766,
      -28.200984954833984,
      -27.363447189331055,
      -27.141769409179688,
      -26.887157440185547,
      -26.23308753967285,
      -23.73744010925293
    ],
    [
      -24.72706413269043,
      -26.32513427734375,
      -28.362489700317383,
      -28.284961700439453,
      -28.53289794921875,
      -30.006277084350586,
      -29.073219299316406,
      -28.785234451293945,
      -30.105588912963867,
      -30.877817153930664,
      -30.680072784423828
    ],
    [
      -26.599536895751953,
      -27.304039001464844,
      -28.649917602539062,
      -29.769729614257812,
      -29.525142669677734,
      -31.483713150024414,
      -29.927776336669922,
      -29.506332397460938,
      -31.22474479675293,
      -32.8150634765625,
      -36.0599365234375
    ],
    [
      -27.98949432373047,
      -28.66659164428711,
      -29.428939819335938,
      -29.781160354614258,
      -29.996604919433594,
      -30.789072036743164,
      -31.510236740112305,
      -30.921335220336914,
      -31.38596534729004,
      -35.169464111328125,
      -36.6102409362793
    ],
    [
      -370,
      -29.746381759643555,
      -30.913705825805664,
      -31.428386688232422,
      -31.580921173095703,
      -30.291709899902344,
      -32.477256774902344,
      -32.054988861083984,
      -32.84980773925781,
      -34.769779205322266,
      -38.82527542114258
    ],
    [
      -370,
      -35.400875091552734,
      -32.614410400390625,
      -33.033775329589844,
      -33.16547393798828,
      -33.162315368652344,
      -33.858917236328125,
      -33.88671875,
      -34.17743682861328,
      -33.25556564331055,
      -31.2609806060791
    ],
    [
      -370,
      -29.131690979003906,
      -34.45784378051758,
      -33.40761947631836,
      -34.23078536987305,
      -34.194820404052734,
      -34.93476104736328,
      -35.17594528198242,
      -36.03885269165039,
      -32.45233154296875,
      -370
    ],
    [
      -370,
      -38.42802047729492,
      -36.0982551574707,
      -34.30751037597656,
      -34.3903694152832,
      -35.298179626464844,
      -35.38434600830078,
      -36.227294921875,
      -38.86796188354492,
      -37.6478385925293,
      -370
    ],
    [
      -34.39482498168945,
      -39.15477752685547,
      -35.00315856933594,
      -34.839725494384766,
      -35.208492279052734,
      -36.53117370605469,
      -35.94125747680664,
      -35.841514587402344,
      -37.97351837158203,
      -34.93239212036133,
      -370
    ],
    [
      -370,
      -37.23689270019531,
      -34.121246337890625,
      -36.31190490722656,
      -36.64957046508789,
      -36.566490173339844,
      -36.63188552856445,
      -36.75078201293945,
      -38.911346435546875,
      -39.17080307006836,
      -42.563392639160156
    ],
    [
      -36.26160430908203,
      -36.82305145263672,
      -36.28041076660156,
      -36.88850784301758,
      -37.17198181152344,
      -36.48147201538086,
      -37.96142578125,
      -38.107948303222656,
      -40.47230911254883,
      -39.967586517333984,
      -54.351924896240234
    ],
    [
      -36.485626220703125,
      -38.02513122558594,
      -38.0048942565918,
      -38.62672424316406,
      -39.24432373046875,
      -38.88872146606445,
      -39.90515899658203,
      -38.9371337890625,
      -41.46528625488281,
      -39.20427703857422,
      -36.016597747802734
    ],
    [
      -37.967166900634766,
      -38.77237319946289,
      -38.431007385253906,
      -40.039947509765625,
      -41.052772521972656,
      -41.53871154785156,
      -40.92048263549805,
      -39.692359924316406,
      -43.210140228271484,
      -40.549922943115234,
      -44.644630432128906
    ],
    [
      -39.163143157958984,
      -41.205833435058594,
      -40.58216857910156,
      -41.84645462036133,
      -42.59696960449219,
      -44.20301818847656,
      -42.769290924072266,
      -42.12601089477539,
      -45.088619232177734,
      -40.049530029296875,
      -62.577239990234375
    ],
    [
      -42.487945556640625,
      -42.5653190612793,
      -44.114723205566406,
      -43.61513900756836,
      -44.02083206176758,
      -46.966373443603516,
      -45.18217468261719,
      -44.2564811706543,
      -49.30868148803711,
      -46.13905334472656,
      -36.187950134277344
    ],
    [
      -41.8647346496582,
      -44.7049446105957,
      -43.88603973388672,
      -45.177490234375,
      -44.949554443359375,
      -48.61689376831055,
      -45.88017272949219,
      -43.87944030761719,
      -45.3092041015625,
      -45.27131652832031,
      -42.51413345336914
    ]
  ],
  "histogram": [
    {
      "db": -70,
      "frequency": 0
    },
    {
      "db": -69,
      "frequency": 1
    },
    {
      "db": -68,
      "frequency": 0
    },
    {
      "db": -67,
      "frequency": 0
    },
    {
      "db": -66,
      "frequency": 0
    },
    {
      "db": -65,
      "frequency": 0
    },
    {
      "db": -64,
      "frequency": 0
    },
    {
      "db": -63,
      "frequency": 1
    },
    {
      "db": -62,
      "frequency": 0
    },
    {
      "db": -61,
      "frequency": 0
    },
    {
      "db": -60,
      "frequency": 0
    },
    {
      "db": -59,
      "frequency": 1
    },
    {
      "db": -58,
      "frequency": 0
    },
    {
      "db": -57,
      "frequency": 0
    },
    {
      "db": -56,
      "frequency": 1
    },
    {
      "db": -55,
      "frequency": 0
    },
    {
      "db": -54,
      "frequency": 0
    },
    {
      "db": -53,
      "frequency": 1
    },
    {
      "db": -52,
      "frequency": 0
    },
    {
      "db": -51,
      "frequency": 1
    },
    {
      "db": -50,
      "frequency": 0
    },
    {
      "db": -49,
      "frequency": 1
    },
    {
      "db": -48,
      "frequency": 1
    },
    {
      "db": -47,
      "frequency": 0
    },
    {
      "db": -46,
      "frequency": 1
    },
    {
      "db": -45,
      "frequency": 1
    },
    {
      "db": -44,
      "frequency": 1
    },
    {
      "db": -43,
      "frequency": 1
    },
    {
      "db": -42,
      "frequency": 1
    },
    {
      "db": -41,
      "frequency": 1
    },
    {
      "db": -40,
      "frequency": 1
    },
    {
      "db": -39,
      "frequency": 1
    },
    {
      "db": -38,
      "frequency": 2
    },
    {
      "db": -37,
      "frequency": 1
    },
    {
      "db": -36,
      "frequency": 1
    },
    {
      "db": -35,
      "frequency": 2
    },
    {
      "db": -34,
      "frequency": 1
    },
    {
      "db": -33,
      "frequency": 2
    },
    {
      "db": -32,
      "frequency": 2
    },
    {
      "db": -31,
      "frequency": 2
    },
    {
      "db": -30,
      "frequency": 2
    },
    {
      "db": -29,
      "frequency": 2
    },
    {
      "db": -28,
      "frequency": 2
    },
    {
      "db": -27,
      "frequency": 2
    },
    {
      "db": -26,
      "frequency": 1
    },
    {
      "db": -25,
      "frequency": 2
    },
    {
      "db": -24,
      "frequency": 2
    },
    {
      "db": -23,
      "frequency": 3
    },
    {
      "db": -22,
      "frequency": 7
    },
    {
      "db": -21,
      "frequency": 11
    },
    {
      "db": -20,
      "frequency": 7
    },
    {
      "db": -19,
      "frequency": 23
    },
    {
      "db": -18,
      "frequency": 46
    },
    {
      "db": -17,
      "frequency": 39
    },
    {
      "db": -16,
      "frequency": 51
    },
    {
      "db": -15,
      "frequency": 89
    },
    {
      "db": -14,
      "frequency": 84
    },
    {
      "db": -13,
      "frequency": 77
    },
    {
      "db": -12,
      "frequency": 78
    },
    {
      "db": -11,
      "frequency": 83
    },
    {
      "db": -10,
      "frequency": 96
    },
    {
      "db": -9,
      "frequency": 216
    },
    {
      "db": -8,
      "frequency": 439
    },
    {
      "db": -7,
      "frequency": 466
    },
    {
      "db": -6,
      "frequency": 232
    },
    {
      "db": -5,
      "frequency": 20
    },
    {
      "db": -4,
      "frequency": 0
    },
    {
      "db": -3,
      "frequency": 0
    },
    {
      "db": -2,
      "frequency": 0
    },
    {
      "db": -1,
      "frequency": 0
    },
    {
      "db": 0,
      "frequency": 0
    },
    {
      "db": 1,
      "frequency": 0
    },
    {
      "db": 2,
      "frequency": 0
    },
    {
      "db": 3,
      "frequency": 0
    },
    {
      "db": 4,
      "frequency": 0
    },
    {
      "db": 5,
