{
  "acoustic_entropy": 200.3684539794922,
  "bands": [
    {
      "high_freq": 148.1999969482422,
      "loudness": -22.145042419433594,
      "loudness_range": 13.687690734863281,
      "mid_mean": -18.5407772064209,
      "mid_to_side_loudness": -22.351184844970703,
      "mid_to_side_loudness_range": 26.927230834960938,
      "side_mean": -37.79324722290039
    },
    {
      "high_freq": 392.3793640136719,
      "loudness": -21.932228088378906,
      "loudness_range": 11.59017562866211,
      "low_freq": 148.1999969482422,
      "mid_mean": -18.642518997192383,
      "mid_to_side_loudness": -10.910240173339844,
      "mid_to_side_loudness_range": 9.909521102905273,
      "side_mean": -29.912723541259766
    },
    {
      "high_freq": 794.6976318359375,
      "loudness": -24.48291778564453,
      "loudness_range": 13.683748245239258,
      "low_freq": 392.3793640136719,
      "mid_mean": -21.64507293701172,
      "mid_to_side_loudness": -7.951559543609619,
      "mid_to_side_loudness_range": 12.75257682800293,
      "side_mean": -29.827665328979492
    },
    {
      "high_freq": 1457.5709228515625,
      "loudness": -27.713050842285156,
      "loudness_range": 19.679094314575195,
      "low_freq": 794.6976318359375,
      "mid_mean": -24.74643898010254,
      "mid_to_side_loudness": -8.635238647460938,
      "mid_to_side_loudness_range": 12.333738327026367,
      "side_mean": -33.5601692199707
    },
    {
      "high_freq": 2549.74365234375,
      "loudness": -27.999738693237305,
      "loudness_range": 17.361568450927734,
      "low_freq": 1457.5709228515625,
      "mid_mean": -25.054092407226562,
      "mid_to_side_loudness": -8.512064933776855,
      "mid_to_side_loudness_range": 12.490788459777832,
      "side_mean": -33.7464599609375
    },
    {
      "high_freq": 4349.24462890625,
      "loudness": -27.6585636138916,
      "loudness_range": 14.93947982788086,
      "low_freq": 2549.74365234375,
      "mid_mean": -24.58978271484375,
      "mid_to_side_loudness": -9.582664489746094,
      "mid_to_side_loudness_range": 12.810190200805664,
      "side_mean": -34.31284713745117
    },
    {
      "high_freq": 7314.1640625,
      "loudness": -31.725852966308594,
      "loudness_range": 15.650514602661133,
      "low_freq": 4349.24462890625,
      "mid_mean": -28.78654670715332,
      "mid_to_side_loudness": -8.985541343688965,
      "mid_to_side_loudness_range": 13.179491996765137,
      "side_mean": -37.79551315307617
    },
    {
      "high_freq": 12199.2666015625,
      "loudness": -35.93697738647461,
      "loudness_range": 17.260404586791992,
      "low_freq": 7314.1640625,
      "mid_mean": -33.34493637084961,
      "mid_to_side_loudness": -8.117643356323242,
      "mid_to_side_loudness_range": 15.741790771484375,
      "side_mean": -41.1515007019043
    },
    {
      "loudness": -43.28524398803711,
      "loudness_range": 18.86129379272461,
      "low_freq": 12199.2666015625,
      "mid_mean": -41.02509689331055,
      "mid_to_side_loudness": -6.816182613372803,
      "mid_to_side_loudness_range": 16.459819793701172,
      "side_mean": -48.032135009765625
    }
  ],
  "bands_short": [
    {
      "high_freq": 148.1999969482422,
      "loudness": -24.5526065826416,
      "loudness_range": 15.624699592590332,
      "mid_mean": -20.978702545166016,
      "mid_to_side_loudness": -22.708126068115234,
      "mid_to_side_loudness_range": 30.104705810546875,
      "side_mean": -42.322776794433594
    },
    {
      "high_freq": 392.3793640136719,
      "loudness": -21.94211769104004,
      "loudness_range": 14.551862716674805,
      "low_freq": 148.1999969482422,
      "mid_mean": -18.674560546875,
      "mid_to_side_loudness": -11.469024658203125,
      "mid_to_side_loudness_range": 13.917989730834961,
      "side_mean": -30.499563217163086
    },
    {
      "high_freq": 794.6976318359375,
      "loudness": -25.564247131347656,
      "loudness_range": 16.644664764404297,
      "low_freq": 392.3793640136719,
      "mid_mean": -22.822099685668945,
      "mid_to_side_loudness": -7.854681968688965,
      "mid_to_side_loudness_range": 15.097874641418457,
      "side_mean": -30.920848846435547
    },
    {
      "high_freq": 1457.5709228515625,
      "loudness": -28.079633712768555,
      "loudness_range": 21.293132781982422,
      "low_freq": 794.6976318359375,
      "mid_mean": -25.260543823242188,
      "mid_to_side_loudness": -8.288220405578613,
      "mid_to_side_loudness_range": 14.556729316711426,
      "side_mean": -33.793094635009766
    },
    {
      "high_freq": 2549.74365234375,
      "loudness": -29.277822494506836,
      "loudness_range": 19.910812377929688,
      "low_freq": 1457.5709228515625,
      "mid_mean": -26.518022537231445,
      "mid_to_side_loudness": -7.963563919067383,
      "mid_to_side_loudness_range": 14.479562759399414,
      "side_mean": -34.666439056396484
    },
    {
      "high_freq": 4349.24462890625,
      "loudness": -28.5455322265625,
      "loudness_range": 17.933731079101562,
      "low_freq": 2549.74365234375,
      "mid_mean": -25.565507888793945,
      "mid_to_side_loudness": -9.437711715698242,
      "mid_to_side_loudness_range": 14.470611572265625,
      "side_mean": -35.159156799316406
    },
    {
      "high_freq": 7314.1640625,
      "loudness": -32.884639739990234,
      "loudness_range": 19.124359130859375,
      "low_freq": 4349.24462890625,
      "mid_mean": -29.986175537109375,
      "mid_to_side_loudness": -9.077057838439941,
      "mid_to_side_loudness_range": 15.4763765335083,
      "side_mean": -39.12632751464844
    },
    {
      "high_freq": 12199.2666015625,
      "loudness": -38.17119216918945,
      "loudness_range": 22.788137435913086,
      "low_freq": 7314.1640625,
      "mid_mean": -35.591270446777344,
      "mid_to_side_loudness": -8.602105140686035,
      "mid_to_side_loudness_range": 19.041532516479492,
      "side_mean": -44.12236022949219
    },
    {
      "loudness": -46.66728973388672,
      "loudness_range": 25.52657127380371,
      "low_freq": 12199.2666015625,
      "mid_mean": -44.66728591918945,
      "mid_to_side_loudness": -8.403447151184082,
      "mid_to_side_loudness_range": 21.037952423095703,
      "side_mean": -53.33879852294922
    }
  ],
  "bandwidth": 509.859375,
  "channels": 2,
  "covariance": [
    [
      25.775283813476562,
      20.015169143676758,
      15.149274826049805,
      16.380117416381836,
      10.021218299865723,
      17.685073852539062,
      13.959185600280762,
      21.21214485168457,
      10.897150993347168,
      18.828880310058594,
      12.066157341003418,
      21.870141983032227,
      11.700881004333496,
      23.555574417114258,
      11.447906494140625,
      26.050817489624023,
      11.59544563293457,
      29.663097381591797
    ],
    [
      20.015169143676758,
      73.11196899414062,
      20.05051612854004,
      23.552471160888672,
      15.754231452941895,
      26.323556900024414,
      22.47480583190918,
      30.979299545288086,
      15.167427062988281,
      25.023387908935547,
      19.559555053710938,
      29.82320785522461,
      20.777790069580078,
      34.644779205322266,
      21.802085876464844,
      32.31893539428711,
      20.703210830688477,
      37.85708236694336
    ],
    [
      15.149274826049805,
      20.05051612854004,
      20.040151596069336,
      16.84954261779785,
      13.867485046386719,
      17.656274795532227,
      15.138245582580566,
      20.92241096496582,
      14.51070785522461,
      19.085391998291016,
      15.705116271972656,
      22.247262954711914,
      13.384797096252441,
      23.112213134765625,
      13.729963302612305,
      23.361705780029297,
      12.960528373718262,
      27.779338836669922
    ],
    [
      16.380117416381836,
      23.552471160888672,
      16.84954261779785,
      26.65092658996582,
      12.055492401123047,
      21.775753021240234,
      14.296226501464844,
      22.53736114501953,
      12.659197807312012,
      20.069744110107422,
      14.223945617675781,
      24.082006454467773,
      12.386797904968262,
      24.742904663085938,
      13.570634841918945,
      25.5367431640625,
      14.030345916748047,
      29.038976669311523
    ],
    [
      10.021218299865723,
      15.754231452941895,
      13.867485046386719,
      12.055492401123047,
      27.87819480895996,
      22.789226531982422,
      25.917234420776367,
      22.43144989013672,
      18.733091354370117,
      17.281814575195312,
      17.888492584228516,
      17.069644927978516,
      13.19615650177002,
      16.132436752319336,
      11.354735374450684,
      15.314919471740723,
      11.186323165893555,
      18.90141487121582
    ],
    [
      17.685073852539062,
      26.323556900024414,
      17.656274795532227,
      21.775753021240234,
      22.789226531982422,
      35.21279525756836,
      22.586240768432617,
      30.621166229248047,
      17.38355255126953,
      25.945262908935547,
      18.706132888793945,
      29.97381019592285,
      16.622535705566406,
      30.874441146850586,
      14.740399360656738,
      30.138486862182617,
      15.372228622436523,
      34.37338638305664
    ],
    [
      13.959185600280762,
      22.47480583190918,
      15.138245582580566,
      14.296226501464844,
      25.917234420776367,
      22.586240768432617,
      44.042945861816406,
      34.25468826293945,
      19.75275421142578,
      21.084802627563477,
      19.877267837524414,
      20.817180633544922,
      15.34371566772461,
      20.270389556884766,
      12.819404602050781,
      19.6861515045166,
      14.295117378234863,
      24.34362030029297
    ],
    [
      21.21214485168457,
      30.979299545288086,
      20.92241096496582,
      22.53736114501953,
      22.43144989013672,
      30.621166229248047,
      34.25468826293945,
      42.17282485961914,
      20.669633865356445,
      30.586181640625,
      22.421035766601562,
      34.51864242553711,
      19.94292449951172,
      35.28514099121094,
      19.111019134521484,
      35.3253288269043,
      20.617351531982422,
      40.80315399169922
    ],
    [
      10.897150993347168,
      15.167427062988281,
      14.51070785522461,
      12.659197807312012,
      18.733091354370117,
      17.38355255126953,
      19.75275421142578,
      20.669633865356445,
      35.24479675292969,
      24.640607833862305,
      25.70035171508789,
      21.942426681518555,
      19.112852096557617,
      21.024322509765625,
      19.59668731689453,
      21.74913215637207,
      17.67249870300293,
      27.063655853271484
    ],
    [
      18.828880310058594,
      25.023387908935547,
      19.085391998291016,
      20.069744110107422,
      17.281814575195312,
      25.945262908935547,
      21.084802627563477,
      30.586181640625,
      24.640607833862305,
      32.98649215698242,
      22.499666213989258,
      34.84473419189453,
      20.894588470458984,
      36.328758239746094,
      21.23859977722168,
      36.921119689941406,
      21.510868072509766,
      42.69580078125
    ],
    [
      12.066157341003418,
      19.559555053710938,
      15.705116271972656,
      14.223945617675781,
      17.888492584228516,
      18.706132888793945,
      19.877267837524414,
      22.421035766601562,
      25.70035171508789,
      22.499666213989258,
      27.516096115112305,
      25.859546661376953,
      20.480745315551758,
      25.22516441345215,
      20.192852020263672,
      23.573095321655273,
      17.120628356933594,
      26.734594345092773
    ],
    [
      21.870141983032227,
      29.82320785522461,
      22.247262954711914,
      24.082006454467773,
      17.069644927978516,
      29.97381019592285,
      20.817180633544922,
      34.51864242553711,
      21.942426681518555,
      34.84473419189453,
      25.859546661376953,
      43.88058853149414,
      23.80032730102539,
      45.19274139404297,
      23.852554321289062,
      44.61661911010742,
      23.44696044921875,
      49.25774002075195
    ],
    [
      11.700881004333496,
      20.777790069580078,
      13.384797096252441,
      12.386797904968262,
      13.19615650177002,
      16.622535705566406,
      15.34371566772461,
      19.94292449951172,
      19.112852096557617,
      20.894588470458984,
      20.480745315551758,
      23.80032730102539,
      29.030187606811523,
      31.355443954467773,
      28.00029182434082,
      28.614412307739258,
      25.765087127685547,
      31.62883758544922
    ],
    [
      23.555574417114258,
      34.644779205322266,
      23.112213134765625,
      24.742904663085938,
      16.132436752319336,
      30.874441146850586,
      20.270389556884766,
      35.28514099121094,
      21.024322509765625,
      36.328758239746094,
      25.22516441345215,
      45.19274139404297,
      31.355443954467773,
      57.37773895263672,
      30.306434631347656,
      55.59209060668945,
      30.222177505493164,
      61.8875846862793
    ],
    [
      11.447906494140625,
      21.802085876464844,
      13.729963302612305,
      13.570634841918945,
      11.354735374450684,
      14.740399360656738,
      12.819404602050781,
      19.111019134521484,
      19.59668731689453,
      21.23859977722168,
      20.192852020263672,
      23.852554321289062,
      28.00029182434082,
      30.306434631347656,
      39.92646789550781,
      34.91981506347656,
      37.047000885009766,
      39.151588439941406
    ],
    [
      26.050817489624023,
      32.31893539428711,
      23.361705780029297,
      25.5367431640625,
      15.314919471740723,
      30.138486862182617,
      19.6861515045166,
      35.3253288269043,
      21.74913215637207,
      36.921119689941406,
      23.573095321655273,
      44.61661911010742,
      28.614412307739258,
      55.59209060668945,
      34.91981506347656,
      69.78194427490234,
      37.60456085205078,
      76.2571792602539
    ],
    [
      11.59544563293457,
      20.703210830688477,
      12.960528373718262,
      14.030345916748047,
      11.186323165893555,
      15.372228622436523,
      14.295117378234863,
      20.617351531982422,
      17.67249870300293,
      21.510868072509766,
      17.120628356933594,
      23.44696044921875,
      25.765087127685547,
      30.222177505493164,
      37.047000885009766,
      37.60456085205078,
      44.10719299316406,
      44.557762145996094
    ],
    [
      29.663097381591797,
      37.85708236694336,
      27.779338836669922,
      29.038976669311523,
      18.90141487121582,
      34.37338638305664,
      24.34362030029297,
      40.80315399169922,
      27.063655853271484,
      42.69580078125,
      26.734594345092773,
      49.25774002075195,
      31.62883758544922,
      61.8875846862793,
      39.151588439941406,
      76.2571792602539,
      44.557762145996094,
      94.70472717285156
    ]
  ],
  "covariance_short": [
    [
      28.82316780090332,
      21.27557945251465,
      15.717183113098145,
      12.644927024841309,
      7.598844528198242,
      12.239561080932617,
      10.430100440979004,
      16.009307861328125,
      9.479469299316406,
      14.743314743041992,
      9.7734956741333,
      16.78853416442871,
      10.016805648803711,
      18.260221481323242,
      9.776190757751465,
      20.523906707763672,
      10.121603965759277,
      25.660621643066406
    ],
    [
      21.27557945251465,
      95.50898742675781,
      26.63218116760254,
      29.720762252807617,
      20.084474563598633,
      32.70852279663086,
      26.253498077392578,
      38.40855026245117,
      19.267576217651367,
      31.19475746154785,
      24.51294708251953,
      38.441715240478516,
      27.239147186279297,
      44.715576171875,
      29.411415100097656,
      48.845924377441406,
      30.30771827697754,
      52.42087936401367
    ],
    [
      15.717183113098145,
      26.63218116760254,
      27.898160934448242,
      20.003137588500977,
      17.01181411743164,
      20.1549015045166,
      17.966798782348633,
      24.05816650390625,
      17.51976776123047,
      21.614524841308594,
      18.638622283935547,
      24.904233932495117,
      16.146608352661133,
      26.050006866455078,
      17.808822631835938,
      28.10129737854004,
      20.528963088989258,
      35.730525970458984
    ],
    [
      12.644927024841309,
      29.720762252807617,
      20.003137588500977,
      37.46400451660156,
      15.327483177185059,
      25.693803787231445,
      17.509225845336914,
      26.326183319091797,
      14.867420196533203,
      21.913455963134766,
      16.610116958618164,
      26.130756378173828,
      15.330047607421875,
      27.40496826171875,
      17.796979904174805,
      29.174171447753906,
      20.409351348876953,
      37.025753021240234
    ],
    [
      7.598844528198242,
      20.084474563598633,
      17.01181411743164,
      15.327483177185059,
      39.52655792236328,
      28.337936401367188,
      32.37820053100586,
      26.598060607910156,
      25.40730094909668,
      20.16744041442871,
      24.188274383544922,
      20.36654281616211,
      18.998512268066406,
      19.403953552246094,
      18.211565017700195,
      19.4943904876709,
      22.50865936279297,
      28.439796447753906
    ],
    [
      12.239561080932617,
      32.70852279663086,
      20.1549015045166,
      25.693803787231445,
      28.337936401367188,
      44.348358154296875,
      26.668336868286133,
      34.59251403808594,
      21.403535842895508,
      28.36067771911621,
      22.216121673583984,
      32.513004302978516,
      21.73299217224121,
      34.95521926879883,
      20.65463638305664,
      34.90579605102539,
      23.750560760498047,
      42.548194885253906
    ],
    [
      10.430100440979004,
      26.253498077392578,
      17.966798782348633,
      17.509225845336914,
      32.37820053100586,
      26.668336868286133,
      54.61924362182617,
      38.896339416503906,
      26.062345504760742,
      23.56973648071289,
      26.01083755493164,
      23.362932205200195,
      20.93861198425293,
      23.142946243286133,
      17.874109268188477,
      23.216527938842773,
      25.986751556396484,
      32.544219970703125
    ],
    [
      16.009307861328125,
      38.40855026245117,
      24.05816650390625,
      26.326183319091797,
      26.598060607910156,
      34.59251403808594,
      38.896339416503906,
      50.13742446899414,
      24.11202049255371,
      33.44731521606445,
      25.58663558959961,
      37.03075408935547,
      24.62236785888672,
      38.725406646728516,
      23.57232666015625,
      38.958255767822266,
      29.465576171875,
      47.932674407958984
    ],
    [
      9.479469299316406,
      19.267576217651367,
      17.51976776123047,
      14.867420196533203,
      25.40730094909668,
      21.403535842895508,
      26.062345504760742,
      24.11202049255371,
      49.215999603271484,
      30.138629913330078,
      35.48434066772461,
      27.4317626953125,
      26.974409103393555,
      25.72275161743164,
      28.921937942504883,
      27.98969078063965,
      30.215229034423828,
      34.83817672729492
    ],
    [
      14.743314743041992,
      31.19475746154785,
      21.614524841308594,
      21.913455963134766,
      20.16744041442871,
      28.36067771911621,
      23.56973648071289,
      33.44731521606445,
      30.138629913330078,
      38.71808624267578,
      26.78647232055664,
      38.84952163696289,
      26.302906036376953,
      40.85399627685547,
      27.807331085205078,
      43.304264068603516,
      30.28529167175293,
      49.96015548706055
    ],
    [
      9.7734956741333,
      24.51294708251953,
      18.638622283935547,
      16.610116958618164,
      24.188274383544922,
      22.216121673583984,
      26.01083755493164,
      25.58663558959961,
      35.48434066772461,
      26.78647232055664,
      39.84058380126953,
      31.526145935058594,
      29.813264846801758,
      30.913511276245117,
      31.008155822753906,
      30.804622650146484,
      30.607839584350586,
      36.17744064331055
    ],
    [
      16.78853416442871,
      38.441715240478516,
      24.904233932495117,
      26.130756378173828,
      20.36654281616211,
      32.513004302978516,
      23.362932205200195,
      37.03075408935547,
      27.4317626953125,
      38.84952163696289,
      31.526145935058594,
      50.2022819519043,
      30.63152313232422,
      52.326416015625,
      32.141395568847656,
      54.0640983581543,
      32.882320404052734,
      59.196739196777344
    ],
    [
      10.016805648803711,
      27.239147186279297,
      16.146608352661133,
      15.330047607421875,
      18.998512268066406,
      21.73299217224121,
      20.93861198425293,
      24.62236785888672,
      26.974409103393555,
      26.302906036376953,
      29.813264846801758,
      30.63152313232422,
      41.48701858520508,
      39.48497009277344,
      41.05434036254883,
      39.98215866088867,
      42.78897476196289,
      45.1830940246582
    ],
    [
      18.260221481323242,
      44.715576171875,
      26.050006866455078,
      27.40496826171875,
      19.403953552246094,
      34.95521926879883,
      23.142946243286133,
      38.725406646728516,
      25.72275161743164,
      40.85399627685547,
      30.913511276245117,
      52.326416015625,
      39.48497009277344,
      70.4346923828125,
      40.97911834716797,
      72.82968139648438,
      43.986236572265625,
      78.41043853759766
    ],
    [
      9.776190757751465,
      29.411415100097656,
      17.808822631835938,
      17.796979904174805,
      18.211565017700195,
      20.65463638305664,
      17.874109268188477,
      23.57232666015625,
      28.921937942504883,
      27.807331085205078,
      31.008155822753906,
      32.141395568847656,
      41.05434036254883,
      40.97911834716797,
      61.262779235839844,
      51.49641418457031,
      60.16028594970703,
      58.184593200683594
    ],
    [
      20.523906707763672,
      48.845924377441406,
      28.10129737854004,
      29.174171447753906,
      19.4943904876709,
      34.90579605102539,
      23.216527938842773,
      38.958255767822266,
      27.98969078063965,
      43.304264068603516,
      30.804622650146484,
      54.0640983581543,
      39.98215866088867,
      72.82968139648438,
      51.49641418457031,
      96.36936950683594,
      56.64925765991211,
      101.27234649658203
    ],
    [
      10.121603965759277,
      30.30771827697754,
      20.528963088989258,
      20.409351348876953,
      22.50865936279297,
      23.750560760498047,
      25.986751556396484,
      29.465576171875,
      30.215229034423828,
      30.28529167175293,
      30.607839584350586,
      32.882320404052734,
      42.78897476196289,
      43.986236572265625,
      60.16028594970703,
      56.64925765991211,
      76.07345581054688,
      71.25448608398438
    ],
    [
      25.660621643066406,
      52.42087936401367,
      35.730525970458984,
      37.025753021240234,
      28.439796447753906,
      42.548194885253906,
      32.544219970703125,
      47.932674407958984,
      34.83817672729492,
      49.96015548706055,
      36.17744064331055,
      59.196739196777344,
      45.1830940246582,
      78.41043853759766,
      58.184593200683594,
      101.27234649658203,
      71.25448608398438,
      126.38396453857422
    ]
  ],
  "damage": -6.854207992553711,
  "diff_bandwidth": 550.3073120117188,
  "dissonance": 8.5281061946005,
  "drr": 15.696578979492188,
  "dynamics": 3.6018524169921875,
  "format": 65538,
  "frames": 9373611,
  "freq_pan_to_db": [
    [
      -15.607290267944336,
      -16.69329071044922,
      -14.083013534545898,
      -12.489935874938965,
      -11.614704132080078,
      -13.155852317810059,
      -13.517191886901855,
      -14.451919555664062,
      -15.832367897033691,
      -16.163496017456055,
      -17.260128021240234
    ],
    [
      -17.475557327270508,
      -16.78383445739746,
      -14.413436889648438,
      -12.648362159729004,
      -9.828917503356934,
      -10.66553783416748,
      -9.394584655761719,
      -11.048728942871094,
      -13.456680297851562,
      -15.619588851928711,
      -17.52356719970703
    ],
    [
      -15.406944274902344,
      -14.993348121643066,
      -14.36297607421875,
      -13.100811958312988,
      -11.055444717407227,
      -11.446596145629883,
      -11.78723430633545,
      -13.116938591003418,
      -14.14570140838623,
      -15.729005813598633,
      -17.088560104370117
    ],
    [
      -17.68522834777832,
      -15.92783260345459,
      -13.539520263671875,
      -12.496621131896973,
      -12.175068855285645,
      -12.628216743469238,
      -12.868151664733887,
      -13.989579200744629,
      -16.177059173583984,
      -16.872770309448242,
      -18.23866844177246
    ],
    [
      -16.170412063598633,
      -14.79472541809082,
      -13.592289924621582,
      -13.194470405578613,
      -12.818821907043457,
      -14.1643705368042,
      -13.768523216247559,
      -14.579520225524902,
      -14.934316635131836,
      -15.65959358215332,
      -16.555776596069336
    ],
    [
      -22.42064094543457,
      -19.838224411010742,
      -17.51759147644043,
      -16.135330200195312,
      -15.067779541015625,
      -15.532703399658203,
      -16.288766860961914,
      -16.935749053955078,
      -18.337366104125977,
      -19.8222713470459,
      -21.286741256713867
    ],
    [
      -18.569414138793945,
      -18.21894645690918,
      -16.919828414916992,
      -16.040212631225586,
      -15.320060729980469,
      -15.151773452758789,
      -15.305567741394043,
      -15.775744438171387,
      -16.379270553588867,
      -17.29005241394043,
      -18.262351989746094
    ],
    [
      -22.157913208007812,
      -21.6442813873291,
      -20.45570182800293,
      -19.04665184020996,
      -17.079526901245117,
      -16.664918899536133,
      -18.25751495361328,
      -19.496877670288086,
      -20.393871307373047,
      -21.290769577026367,
      -21.471790313720703
    ],
    [
      -17.426271438598633,
      -18.54344940185547,
      -17.922971725463867,
      -17.89109992980957,
      -17.62964630126953,
      -18.068307876586914,
      -18.245534896850586,
      -18.441261291503906,
      -18.270845413208008,
      -18.30451774597168,
      -17.79084587097168
    ],
    [
      -20.632150650024414,
      -21.23354721069336,
      -21.084123611450195,
      -20.612308502197266,
      -19.62749481201172,
      -19.477094650268555,
      -20.379335403442383,
      -20.54817008972168,
      -21.31914710998535,
      -21.808908462524414,
      -21.831750869750977
    ],
    [
      -21.865619659423828,
      -22.67421531677246,
      -22.557485580444336,
      -20.10603904724121,
      -17.491979598999023,
      -15.581192016601562,
      -18.299652099609375,
      -20.270954132080078,
      -21.358659744262695,
      -23.577836990356445,
      -24.205060958862305
    ],
    [
      -21.08793830871582,
      -22.97536277770996,
      -20.971784591674805,
      -19.840341567993164,
      -17.661340713500977,
      -16.400325775146484,
      -18.16751480102539,
      -19.94817543029785,
      -20.999292373657227,
      -22.10518455505371,
      -21.662952423095703
    ],
    [
      -24.32076072692871,
      -24.224157333374023,
      -22.365842819213867,
      -21.57292938232422,
      -20.706485748291016,
      -19.413164138793945,
      -21.160383224487305,
      -21.88451385498047,
      -22.463651657104492,
      -23.49702262878418,
      -22.634803771972656
    ],
    [
      -23.84185028076172,
      -23.220340728759766,
      -22.74745750427246,
      -21.196048736572266,
      -20.615524291992188,
      -18.347238540649414,
      -21.182859420776367,
      -22.607830047607422,
      -23.047880172729492,
      -23.91939926147461,
      -23.4409236907959
    ],
    [
      -22.43355369567871,
      -22.80562973022461,
      -23.46305274963379,
      -24.06119728088379,
      -22.157705307006836,
      -19.632099151611328,
      -23.006160736083984,
      -23.487749099731445,
      -24.145214080810547,
      -23.592350006103516,
      -23.460575103759766
    ],
    [
      -22.386804580688477,
      -23.485240936279297,
      -24.691604614257812,
      -25.24284553527832,
      -22.22595977783203,
      -19.559356689453125,
      -22.730281829833984,
      -24.058700561523438,
      -24.514266967773438,
      -21.887218475341797,
      -18.536434173583984
    ],
    [
      -21.481355667114258,
      -21.777063369750977,
      -25.397735595703125,
      -24.884872436523438,
      -23.048059463500977,
      -18.782413482666016,
      -24.06954574584961,
      -25.799461364746094,
      -24.95211410522461,
      -19.842370986938477,
      -19.818172454833984
    ],
    [
      -25.152912139892578,
      -25.01494598388672,
      -25.967693328857422,
      -26.141170501708984,
      -25.113279342651367,
      -21.062030792236328,
      -25.231468200683594,
      -26.008060455322266,
      -26.20586395263672,
      -22.82876968383789,
      -22.6320858001709
    ],
    [
      -26.62244987487793,
      -27.004898071289062,
      -25.836536407470703,
      -26.92538833618164,
      -25.782384872436523,
      -22.851287841796875,
      -27.01919174194336,
      -28.15253448486328,
      -27.068296432495117,
      -28.397506713867188,
      -26.805139541625977
    ],
    [
      -30.299758911132812,
      -28.88640785217285,
      -27.70509147644043,
      -29.596691131591797,
      -27.271183013916016,
      -23.985050201416016,
      -27.486303329467773,
      -28.49744415283203,
      -26.39967918395996,
      -28.520261764526367,
      -29.277637481689453
    ],
    [
      -27.573945999145508,
      -28.556684494018555,
      -28.48328971862793,
      -28.014596939086914,
      -28.446334838867188,
      -25.81438636779785,
      -28.12896728515625,
      -28.009279251098633,
      -28.244104385375977,
      -28.255264282226562,
      -29.60390281677246
    ],
    [
      -28.908720016479492,
      -30.24079132080078,
      -28.90452003479004,
      -28.361515045166016,
      -29.208818435668945,
      -25.025638580322266,
      -28.761754989624023,
      -28.154844284057617,
      -30.054445266723633,
      -30.95439910888672,
      -30.64409065246582
    ],
    [
      -27.682151794433594,
      -28.485675811767578,
      -29.63907814025879,
      -30.036170959472656,
      -27.527053833007812,
      -23.31094741821289,
      -27.378543853759766,
      -29.54422950744629,
      -29.2077579498291,
      -29.231884002685547,
      -29.28206443786621
    ],
    [
      -31.933076858520508,
      -29.406742095947266,
      -31.263559341430664,
      -30.536617279052734,
      -29.145429611206055,
      -24.157556533813477,
      -29.130897521972656,
      -30.95066261291504,
      -30.034996032714844,
      -30.53392219543457,
      -35.46355438232422
    ],
    [
      -34.731101989746094,
      -30.33391571044922,
      -29.826936721801758,
      -29.678768157958984,
      -29.41737174987793,
      -27.51096534729004,
      -29.056825637817383,
      -29.715665817260742,
      -30.183622360229492,
      -30.424171447753906,
      -28.42080307006836
    ],
    [
      -31.889511108398438,
      -29.574962615966797,
      -29.386945724487305,
      -29.19392967224121,
      -29.446327209472656,
      -28.96449089050293,
      -29.353872299194336,
      -29.47161293029785,
      -29.544994354248047,
      -29.933731079101562,
      -28.902847290039062
    ],
    [
      -26.2114200592041,
      -28.23003578186035,
      -28.29267692565918,
      -28.79006576538086,
      -29.1219539642334,
      -29.328510284423828,
      -28.66887855529785,
      -28.158679962158203,
      -28.43832778930664,
      -27.551530838012695,
      -26.185640335083008
    ],
    [
      -26.523944854736328,
      -27.48617172241211,
      -29.259376525878906,
      -29.43952178955078,
      -29.6700439453125,
      -30.92751121520996,
      -30.347564697265625,
      -29.966760635375977,
      -31.1740779876709,
      -31.964387893676758,
      -31.29269027709961
    ],
    [
      -28.243852615356445,
      -28.38446044921875,
      -29.74640464782715,
      -30.69220733642578,
      -29.985301971435547,
      -32.079345703125,
      -31.501022338867188,
      -30.828479766845703,
      -31.98890495300293,
      -33.64280700683594,
      -370
    ],
    [
      -29.343597412109375,
      -29.162588119506836,
      -30.590816497802734,
      -30.95171356201172,
      -30.561695098876953,
      -31.433433532714844,
      -32.57572937011719,
      -32.15702438354492,
      -32.483516693115234,
      -35.92557907104492,
      -38.505435943603516
    ],
    [
      -370,
      -31.477426528930664,
      -32.074180603027344,
      -32.36003875732422,
      -32.46535110473633,
      -31.10174560546875,
      -33.39973449707031,
      -33.71575927734375,
      -34.00611877441406,
      -36.483482360839844,
      -28.50933074951172
    ],
    [
      -370,
      -40.673500061035156,
      -33.180015563964844,
      -34.043392181396484,
      -34.21486282348633,
      -33.98627853393555,
      -34.62834167480469,
      -35.06550979614258,
      -35.15347671508789,
      -35.45417785644531,
      -29.252384185791016
    ],
    [
      -370,
      -32.2109489440918,
      -34.10484313964844,
      -33.84082794189453,
      -34.68213653564453,
      -34.646060943603516,
      -35.34862518310547,
      -35.64341354370117,
      -38.50577163696289,
      -43.21116256713867,
      -50.06437301635742
    ],
    [
      -370,
      -37.85417556762695,
      -36.9639892578125,
      -34.83338928222656,
      -34.153602600097656,
      -35.06611633300781,
      -35.302635192871094,
      -36.14038848876953,
      -39.771263122558594,
      -36.122398376464844,
      -30.500492095947266
    ],
    [
      -370,
      -36.893184661865234,
      -36.472801208496094,
      -35.55032730102539,
      -35.17247009277344,
      -36.138641357421875,
      -35.646549224853516,
      -35.76825714111328,
      -37.4769287109375,
      -34.43647766113281,
      -40.59831619262695
    ],
    [
      -370,
      -37.74180603027344,
      -34.532997131347656,
      -35.5571174621582,
      -36.75380325317383,
      -36.291194915771484,
      -36.22423553466797,
      -36.637611389160156,
      -38.981727600097656,
      -38.733848571777344,
      -43.96161651611328
    ],
    [
      -35.56195068359375,
      -37.114009857177734,
      -35.58579635620117,
      -37.09636688232422,
      -37.188785552978516,
      -36.335994720458984,
      -37.43539810180664,
      -38.12874984741211,
      -40.39850997924805,
      -39.07000732421875,
      -45.089168548583984
    ],
    [
      -35.31748580932617,
      -37.612762451171875,
      -38.128807067871094,
      -38.49896240234375,
      -38.79288101196289,
      -38.61107635498047,
      -39.07485580444336,
      -38.49806594848633,
      -42.10165023803711,
      -37.11663818359375,
      -37.9083137512207
    ],
    [
      -37.9768180847168,
      -37.50252914428711,
      -37.59561538696289,
      -40.0092887878418,
      -40.38730239868164,
      -41.01765060424805,
      -40.135223388671875,
      -38.79364776611328,
      -43.36316680908203,
      -37.334476470947266,
      -45.255062103271484
    ],
    [
      -38.74464416503906,
      -39.80527877807617,
      -41.610469818115234,
      -40.59147262573242,
      -42.61030960083008,
      -43.50759506225586,
      -41.915523529052734,
      -41.559837341308594,
      -45.495849609375,
      -36.60190963745117,
      -47.37388610839844
    ],
    [
      -42.64994430541992,
      -41.3464241027832,
      -43.05668640136719,
      -44.25983810424805,
      -43.69179153442383,
      -46.196372985839844,
      -44.476619720458984,
      -44.10344314575195,
      -49.478965759277344,
      -44.89423370361328,
      -52.443214416503906
    ],
    [
      -370,
      -44.55420684814453,
      -42.76054000854492,
      -45.42522048950195,
      -45.36012268066406,
      -47.84541702270508,
      -45.00654983520508,
      -43.73638153076172,
      -46.481868743896484,
      -45.38753890991211,
      -48.727909088134766
    ]
  ],
  "histogram": [
    {
      "db": -70,
      "frequency": 0
    },
    {
      "db": -69,
      "frequency": 0
    },
    {
      "db": -68,
      "frequency": 1
    },
    {
      "db": -67,
      "frequency": 0
    },
    {
      "db": -66,
      "frequency": 0
    },
    {
      "db": -65,
      "frequency": 0
    },
    {
      "db": -64,
      "frequency": 0
    },
    {
      "db": -63,
      "frequency": 0
    },
    {
      "db": -62,
      "frequency": 1
    },
    {
      "db": -61,
      "frequency": 0
    },
    {
      "db": -60,
      "frequency": 0
    },
    {
      "db": -59,
      "frequency": 0
    },
    {
      "db": -58,
      "frequency": 1
    },
    {
      "db": -57,
      "frequency": 0
    },
    {
      "db": -56,
      "frequency": 0
    },
    {
      "db": -55,
      "frequency": 1
    },
    {
      "db": -54,
      "frequency": 0
    },
    {
      "db": -53,
      "frequency": 0
    },
    {
      "db": -52,
      "frequency": 1
    },
    {
      "db": -51,
      "frequency": 0
    },
    {
      "db": -50,
      "frequency": 1
    },
    {
      "db": -49,
      "frequency": 1
    },
    {
      "db": -48,
      "frequency": 0
    },
    {
      "db": -47,
      "frequency": 1
    },
    {
      "db": -46,
      "frequency": 1
    },
    {
      "db": -45,
      "frequency": 1
    },
    {
      "db": -44,
      "frequency": 1
    },
    {
      "db": -43,
      "frequency": 1
    },
    {
      "db": -42,
      "frequency": 2
    },
    {
      "db": -41,
      "frequency": 1
    },
    {
      "db": -40,
      "frequency": 2
    },
    {
      "db": -39,
      "frequency": 1
    },
    {
      "db": -38,
      "frequency": 2
    },
    {
      "db": -37,
      "frequency": 1
    },
    {
      "db": -36,
      "frequency": 2
    },
    {
      "db": -35,
      "frequency": 2
    },
    {
      "db": -34,
      "frequency": 2
    },
    {
      "db": -33,
      "frequency": 2
    },
    {
      "db": -32,
      "frequency": 3
    },
    {
      "db": -31,
      "frequency": 2
    },
    {
      "db": -30,
      "frequency": 2
    },
    {
      "db": -29,
      "frequency": 3
    },
    {
      "db": -28,
      "frequency": 1
    },
    {
      "db": -27,
      "frequency": 3
    },
    {
      "db": -26,
      "frequency": 3
    },
    {
      "db": -25,
      "frequency": 5
    },
    {
      "db": -24,
      "frequency": 9
    },
    {
      "db": -23,
      "frequency": 11
    },
    {
      "db": -22,
      "frequency": 28
    },
    {
      "db": -21,
      "frequency": 47
    },
    {
      "db": -20,
      "frequency": 40
    },
    {
      "db": -19,
      "frequency": 67
    },
    {
      "db": -18,
      "frequency": 77
    },
    {
      "db": -17,
      "frequency": 88
    },
    {
      "db": -16,
      "frequency": 82
    },
    {
      "db": -15,
      "frequency": 85
    },
    {
      "db": -14,
      "frequency": 97
    },
    {
      "db": -13,
      "frequency": 140
    },
    {
      "db": -12,
      "frequency": 286
    },
    {
      "db": -11,
      "frequency": 429
    },
    {
      "db": -10,
      "frequency": 356
    },
    {
      "db": -9,
      "frequency": 182
    },
    {
      "db": -8,
      "frequency": 33
    },
    {
      "db": -7,
      "frequency": 1
    },
    {
      "db": -6,
      "frequency": 0
    },
    {
      "db": -5,
      "frequency": 0
    },
    {
      "db": -4,
      "frequency": 0
    },
    {
      "db": -3,
      "frequency": 0
    },
    {
      "db": -2,
      "frequency": 0
    },
    {
      "db": -1,
      "frequency": 0
    },
    {
      "db": 0,
      "frequency": 0
    },
    {
      "db": 1,
      "frequency": 0
    },
    {
      "db": 2,
      "frequency": 0
    },
    {
      "db": 3,
      "frequency": 0
    },
    {
