{
  "acoustic_entropy": 180.66830444335938,
  "bands": [
    {
      "high_freq": 148.1999969482422,
      "loudness": -19.69906997680664,
      "loudness_range": 13.966684341430664,
      "mid_mean": -16.079830169677734,
      "mid_to_side_loudness": -23.123098373413086,
      "mid_to_side_loudness_range": 27.222665786743164,
      "side_mean": -35.82366943359375
    },
    {
      "high_freq": 392.3793640136719,
      "loudness": -19.434690475463867,
      "loudness_range": 12.245476722717285,
      "low_freq": 148.1999969482422,
      "mid_mean": -16.051631927490234,
      "mid_to_side_loudness": -12.238570213317871,
      "mid_to_side_loudness_range": 10.515416145324707,
      "side_mean": -28.607208251953125
    },
    {
      "high_freq": 794.6976318359375,
      "loudness": -22.72743034362793,
      "loudness_range": 14.131820678710938,
      "low_freq": 392.3793640136719,
      "mid_mean": -19.712417602539062,
      "mid_to_side_loudness": -9.20308780670166,
      "mid_to_side_loudness_range": 13.306669235229492,
      "side_mean": -29.176006317138672
    },
    {
      "high_freq": 1457.5709228515625,
      "loudness": -27.505558013916016,
      "loudness_range": 20.839689254760742,
      "low_freq": 794.6976318359375,
      "mid_mean": -24.501901626586914,
      "mid_to_side_loudness": -9.238506317138672,
      "mid_to_side_loudness_range": 13.031756401062012,
      "side_mean": -33.955501556396484
    },
    {
      "high_freq": 2549.74365234375,
      "loudness": -29.431325912475586,
      "loudness_range": 18.52699851989746,
      "low_freq": 1457.5709228515625,
      "mid_mean": -26.51329231262207,
      "mid_to_side_loudness": -8.594321250915527,
      "mid_to_side_loudness_range": 13.436138153076172,
      "side_mean": -35.27996063232422
    },
    {
      "high_freq": 4349.24462890625,
      "loudness": -28.797840118408203,
      "loudness_range": 16.392518997192383,
      "low_freq": 2549.74365234375,
      "mid_mean": -25.76317024230957,
      "mid_to_side_loudness": -9.73479175567627,
      "mid_to_side_loudness_range": 14.363001823425293,
      "side_mean": -35.62985610961914
    },
    {
      "high_freq": 7314.1640625,
      "loudness": -33.33124542236328,
      "loudness_range": 17.43619155883789,
      "low_freq": 4349.24462890625,
      "mid_mean": -30.54375648498535,
      "mid_to_side_loudness": -8.523351669311523,
      "mid_to_side_loudness_range": 15.377501487731934,
      "side_mean": -38.950477600097656
    },
    {
      "high_freq": 12199.2666015625,
      "loudness": -38.494110107421875,
      "loudness_range": 18.67072105407715,
      "low_freq": 7314.1640625,
      "mid_mean": -36.29597854614258,
      "mid_to_side_loudness": -6.642385005950928,
      "mid_to_side_loudness_range": 17.63434410095215,
      "side_mean": -42.688907623291016
    },
    {
      "loudness": -46.2143669128418,
      "loudness_range": 20.272045135498047,
      "low_freq": 12199.2666015625,
      "mid_mean": -44.39004135131836,
      "mid_to_side_loudness": -5.238962650299072,
      "mid_to_side_loudness_range": 14.72455883026123,
      "side_mean": -51.15507888793945
    }
  ],
  "bands_short": [
    {
      "high_freq": 148.1999969482422,
      "loudness": -21.778148651123047,
      "loudness_range": 15.942647933959961,
      "mid_mean": -18.179637908935547,
      "mid_to_side_loudness": -23.81041717529297,
      "mid_to_side_loudness_range": 30.169639587402344,
      "side_mean": -40.11532211303711
    },
    {
      "high_freq": 392.3793640136719,
      "loudness": -19.372196197509766,
      "loudness_range": 14.819533348083496,
      "low_freq": 148.1999969482422,
      "mid_mean": -16.008195877075195,
      "mid_to_side_loudness": -12.825774192810059,
      "mid_to_side_loudness_range": 14.28014087677002,
      "side_mean": -29.145965576171875
    },
    {
      "high_freq": 794.6976318359375,
      "loudness": -23.703943252563477,
      "loudness_range": 17.112106323242188,
      "low_freq": 392.3793640136719,
      "mid_mean": -20.775861740112305,
      "mid_to_side_loudness": -9.162442207336426,
      "mid_to_side_loudness_range": 15.657176971435547,
      "side_mean": -30.201416015625
    },
    {
      "high_freq": 1457.5709228515625,
      "loudness": -27.779809951782227,
      "loudness_range": 22.406166076660156,
      "low_freq": 794.6976318359375,
      "mid_mean": -24.883663177490234,
      "mid_to_side_loudness": -8.937413215637207,
      "mid_to_side_loudness_range": 15.242477416992188,
      "side_mean": -34.095428466796875
    },
    {
      "high_freq": 2549.74365234375,
      "loudness": -30.720901489257812,
      "loudness_range": 21.042057037353516,
      "low_freq": 1457.5709228515625,
      "mid_mean": -27.980899810791016,
      "mid_to_side_loudness": -8.030396461486816,
      "mid_to_side_loudness_range": 15.20119857788086,
      "side_mean": -36.18665313720703
    },
    {
      "high_freq": 4349.24462890625,
      "loudness": -29.694923400878906,
      "loudness_range": 19.312973022460938,
      "low_freq": 2549.74365234375,
      "mid_mean": -26.731306076049805,
      "mid_to_side_loudness": -9.604080200195312,
      "mid_to_side_loudness_range": 15.606910705566406,
      "side_mean": -36.492008209228516
    },
    {
      "high_freq": 7314.1640625,
      "loudness": -34.49171829223633,
      "loudness_range": 20.735004425048828,
      "low_freq": 4349.24462890625,
      "mid_mean": -31.7418155670166,
      "mid_to_side_loudness": -8.627108573913574,
      "mid_to_side_loudness_range": 17.113725662231445,
      "side_mean": -40.38570022583008
    },
    {
      "high_freq": 12199.2666015625,
      "loudness": -40.723915100097656,
      "loudness_range": 23.992097854614258,
      "low_freq": 7314.1640625,
      "mid_mean": -38.60718536376953,
      "mid_to_side_loudness": -7.327534198760986,
      "mid_to_side_loudness_range": 20.855579376220703,
      "side_mean": -45.907527923583984
    },
    {
      "loudness": -49.593353271484375,
      "loudness_range": 26.42728042602539,
      "low_freq": 12199.2666015625,
      "mid_mean": -48.33365249633789,
      "mid_to_side_loudness": -7.2154860496521,
      "mid_to_side_loudness_range": 21.15296173095703,
      "side_mean": -55.289390563964844
    }
  ],
  "bandwidth": 399.95098876953125,
  "channels": 2,
  "covariance": [
    [
      26.782325744628906,
      19.478363037109375,
      17.51283836364746,
      18.73932647705078,
      11.49706745147705,
      20.299518585205078,
      15.37502670288086,
      24.018892288208008,
      12.532806396484375,
      21.60961151123047,
      14.157222747802734,
      25.8685302734375,
      13.61882209777832,
      27.482526779174805,
      12.13360595703125,
      29.19109344482422,
      12.663225173950195,
      36.00074005126953
    ],
    [
      19.478363037109375,
      72.03624725341797,
      19.990581512451172,
      24.428081512451172,
      16.554088592529297,
      27.368030548095703,
      22.45221519470215,
      31.336027145385742,
      15.934856414794922,
      25.89200782775879,
      20.977182388305664,
      31.64389991760254,
      23.121639251708984,
      37.37141036987305,
      21.237071990966797,
      33.852352142333984,
      21.498056411743164,
      42.54530715942383
    ],
    [
      17.51283836364746,
      19.990581512451172,
      22.841312408447266,
      19.96392250061035,
      15.502606391906738,
      20.5894718170166,
      17.20246696472168,
      24.33094024658203,
      16.771940231323242,
      22.169919967651367,
      18.64484405517578,
      26.627925872802734,
      15.695119857788086,
      26.835433959960938,
      14.05252742767334,
      26.50181007385254,
      14.049565315246582,
      35.121376037597656
    ],
    [
      18.73932647705078,
      24.428081512451172,
      19.96392250061035,
      30.772294998168945,
      14.158920288085938,
      26.183073043823242,
      16.685869216918945,
      26.995004653930664,
      14.997509002685547,
      24.060956954956055,
      17.3106689453125,
      29.81615447998047,
      14.850676536560059,
      30.10331153869629,
      15.110508918762207,
      30.2796630859375,
      16.22977638244629,
      37.83897018432617
    ],
    [
      11.49706745147705,
      16.554088592529297,
      15.502606391906738,
      14.158920288085938,
      29.41400718688965,
      24.95548439025879,
      28.688825607299805,
      25.602149963378906,
      21.087116241455078,
      19.524173736572266,
      20.64996337890625,
      20.053653717041016,
      15.551406860351562,
      18.522207260131836,
      11.722411155700684,
      17.61937713623047,
      11.845649719238281,
      26.376380920410156
    ],
    [
      20.299518585205078,
      27.368030548095703,
      20.5894718170166,
      26.183073043823242,
      24.95548439025879,
      39.955955505371094,
      25.363378524780273,
      35.354736328125,
      19.78575325012207,
      30.046157836914062,
      21.952194213867188,
      35.750179290771484,
      19.31454849243164,
      36.37207794189453,
      15.60400104522705,
      35.026695251464844,
      17.035839080810547,
      42.975826263427734
    ],
    [
      15.37502670288086,
      22.45221519470215,
      17.20246696472168,
      16.685869216918945,
      28.688825607299805,
      25.363378524780273,
      49.00587463378906,
      38.71758270263672,
      23.366649627685547,
      24.387771606445312,
      23.341005325317383,
      24.279216766357422,
      18.104259490966797,
      22.607751846313477,
      13.017013549804688,
      22.218950271606445,
      15.060327529907227,
      31.442642211914062
    ],
    [
      24.018892288208008,
      31.336027145385742,
      24.33094024658203,
      26.995004653930664,
      25.602149963378906,
      35.354736328125,
      38.71758270263672,
      48.31604766845703,
      24.572784423828125,
      35.80767059326172,
      26.772756576538086,
      41.054134368896484,
      23.346969604492188,
      41.404884338378906,
      19.844606399536133,
      41.08806610107422,
      22.341054916381836,
      49.44643020629883
    ],
    [
      12.532806396484375,
      15.934856414794922,
      16.771940231323242,
      14.997509002685547,
      21.087116241455078,
      19.78575325012207,
      23.366649627685547,
      24.572784423828125,
      40.7351188659668,
      28.780559539794922,
      30.674142837524414,
      26.339448928833008,
      22.898151397705078,
      23.734699249267578,
      21.74913787841797,
      23.84152603149414,
      19.45233917236328,
      34.14503479003906
    ],
    [
      21.60961151123047,
      25.89200782775879,
      22.169919967651367,
      24.060956954956055,
      19.524173736572266,
      30.046157836914062,
      24.387771606445312,
      35.80767059326172,
      28.780559539794922,
      38.27750778198242,
      27.054384231567383,
      41.82553482055664,
      24.79966926574707,
      42.79949188232422,
      23.16046142578125,
      42.463218688964844,
      24.00049591064453,
      51.22563934326172
    ],
    [
      14.157222747802734,
      20.977182388305664,
      18.64484405517578,
      17.3106689453125,
      20.64996337890625,
      21.952194213867188,
      23.341005325317383,
      26.772756576538086,
      30.674142837524414,
      27.054384231567383,
      33.45391845703125,
      31.797473907470703,
      25.1220760345459,
      29.750591278076172,
      22.76881217956543,
      27.4606876373291,
      19.325014114379883,
      35.40581512451172
    ],
    [
      25.8685302734375,
      31.64389991760254,
      26.627925872802734,
      29.81615447998047,
      20.053653717041016,
      35.750179290771484,
      24.279216766357422,
      41.054134368896484,
      26.339448928833008,
      41.82553482055664,
      31.797473907470703,
      54.098846435546875,
      28.983943939208984,
      55.26286697387695,
      26.659587860107422,
      53.37897491455078,
      26.993175506591797,
      60.284759521484375
    ],
    [
      13.61882209777832,
      23.121639251708984,
      15.695119857788086,
      14.850676536560059,
      15.551406860351562,
      19.31454849243164,
      18.104259490966797,
      23.346969604492188,
      22.898151397705078,
      24.79966926574707,
      25.1220760345459,
      28.983943939208984,
      35.639564514160156,
      36.518089294433594,
      31.869340896606445,
      31.946186065673828,
      29.608888626098633,
      40.568634033203125
    ],
    [
      27.482526779174805,
      37.37141036987305,
      26.835433959960938,
      30.10331153869629,
      18.522207260131836,
      36.37207794189453,
      22.607751846313477,
      41.404884338378906,
      23.734699249267578,
      42.79949188232422,
      29.750591278076172,
      55.26286697387695,
      36.518089294433594,
      70.21936798095703,
      32.98478698730469,
      65.76409149169922,
      34.180091857910156,
      74.20399475097656
    ],
    [
      12.13360595703125,
      21.237071990966797,
      14.05252742767334,
      15.110508918762207,
      11.722411155700684,
      15.60400104522705,
      13.017013549804688,
      19.844606399536133,
      21.74913787841797,
      23.16046142578125,
      22.76881217956543,
      26.659587860107422,
      31.869340896606445,
      32.98478698730469,
      44.913753509521484,
      37.32052993774414,
      42.162845611572266,
      42.046409606933594
    ],
    [
      29.19109344482422,
      33.852352142333984,
      26.50181007385254,
      30.2796630859375,
      17.61937713623047,
      35.026695251464844,
      22.218950271606445,
      41.08806610107422,
      23.84152603149414,
      42.463218688964844,
      27.4606876373291,
      53.37897491455078,
      31.946186065673828,
      65.76409149169922,
      37.32052993774414,
      81.36661529541016,
      41.733375549316406,
      83.11627197265625
    ],
    [
      12.663225173950195,
      21.498056411743164,
      14.049565315246582,
      16.22977638244629,
      11.845649719238281,
      17.035839080810547,
      15.060327529907227,
      22.341054916381836,
      19.45233917236328,
      24.00049591064453,
      19.325014114379883,
      26.993175506591797,
      29.608888626098633,
      34.180091857910156,
      42.162845611572266,
      41.733375549316406,
      49.4417610168457,
      49.23362350463867
    ],
    [
      36.00074005126953,
      42.54530715942383,
      35.121376037597656,
      37.83897018432617,
      26.376380920410156,
      42.975826263427734,
      31.442642211914062,
      49.44643020629883,
      34.14503479003906,
      51.22563934326172,
      35.40581512451172,
      60.284759521484375,
      40.568634033203125,
      74.20399475097656,
      42.046409606933594,
      83.11627197265625,
      49.23362350463867,
      111.54866027832031
    ]
  ],
  "covariance_short": [
    [
      29.392061233520508,
      21.223060607910156,
      17.152267456054688,
      14.425803184509277,
      9.080681800842285,
      14.631491661071777,
      11.919659614562988,
      18.711442947387695,
      10.940173149108887,
      17.26103401184082,
      11.562335968017578,
      20.34787940979004,
      11.713090896606445,
      22.070499420166016,
      10.611211776733398,
      24.2918643951416,
      11.755705833435059,
      26.572948455810547
    ],
    [
      21.223060607910156,
      92.10203552246094,
      25.27090835571289,
      30.782766342163086,
      19.46380043029785,
      33.31437301635742,
      24.621532440185547,
      37.714237213134766,
      18.209793090820312,
      31.35011100769043,
      24.144697189331055,
      39.615169525146484,
      27.664751052856445,
      47.76560974121094,
      28.25693702697754,
      50.82048034667969,
      29.3655948638916,
      49.94475173950195
    ],
    [
      17.152267456054688,
      25.27090835571289,
      30.009653091430664,
      22.820877075195312,
      18.70306396484375,
      22.896638870239258,
      20.03211784362793,
      27.29728126525879,
      19.494848251342773,
      24.462120056152344,
      21.221445083618164,
      29.115619659423828,
      18.144086837768555,
      30.522045135498047,
      18.249263763427734,
      31.861000061035156,
      23.292322158813477,
      36.73441696166992
    ],
    [
      14.425803184509277,
      30.782766342163086,
      22.820877075195312,
      41.621036529541016,
      17.558244705200195,
      30.15043067932129,
      20.080713272094727,
      30.69908332824707,
      16.973791122436523,
      25.513263702392578,
      19.43149757385254,
      31.482297897338867,
      17.386920928955078,
      32.98624801635742,
      19.40869903564453,
      34.68410873413086,
      23.393259048461914,
      39.05043411254883
    ],
    [
      9.080681800842285,
      19.46380043029785,
      18.70306396484375,
      17.558244705200195,
      41.12580871582031,
      30.60764503479004,
      35.09795379638672,
      29.551359176635742,
      27.81319808959961,
      22.434894561767578,
      26.830018997192383,
      23.363828659057617,
      21.011917114257812,
      22.572587966918945,
      18.636363983154297,
      22.434450149536133,
      25.374324798583984,
      29.55223274230957
    ],
    [
      14.631491661071777,
      33.31437301635742,
      22.896638870239258,
      30.15043067932129,
      30.60764503479004,
      48.89557647705078,
      29.609153747558594,
      39.28646469116211,
      23.72855567932129,
      32.11387634277344,
      25.30744171142578,
      38.05800247192383,
      24.320125579833984,
      40.65498733520508,
      21.898330688476562,
      40.30686569213867,
      27.116762161254883,
      44.65916061401367
    ],
    [
      11.919659614562988,
      24.621532440185547,
      20.03211784362793,
      20.080713272094727,
      35.09795379638672,
      29.609153747558594,
      59.71549987792969,
      43.49119186401367,
      29.708904266357422,
      27.004749298095703,
      29.403888702392578,
      27.01711082458496,
      23.45036506652832,
      26.274457931518555,
      18.33940887451172,
      26.290136337280273,
      30.20547103881836,
      33.74267578125
    ],
    [
      18.711442947387695,
      37.714237213134766,
      27.29728126525879,
      30.69908332824707,
      29.551359176635742,
      39.28646469116211,
      43.49119186401367,
      56.30769348144531,
      27.814441680908203,
      38.16025161743164,
      29.789812088012695,
      43.35577392578125,
      28.03520393371582,
      45.384735107421875,
      25.011259078979492,
      45.436439514160156,
      34.36394119262695,
      50.65727996826172
    ],
    [
      10.940173149108887,
      18.209793090820312,
      19.494848251342773,
      16.973791122436523,
      27.81319808959961,
      23.72855567932129,
      29.708904266357422,
      27.814441680908203,
      54.574363708496094,
      34.21208572387695,
      40.2221794128418,
      31.829444885253906,
      30.52642822265625,
      29.139814376831055,
      31.362220764160156,
      30.945192337036133,
      35.02617263793945,
      36.78589630126953
    ],
    [
      17.26103401184082,
      31.35011100769043,
      24.462120056152344,
      25.513263702392578,
      22.434894561767578,
      32.11387634277344,
      27.004749298095703,
      38.16025161743164,
      34.21208572387695,
      43.63637924194336,
      31.259624481201172,
      45.48603439331055,
      30.17909049987793,
      47.63875961303711,
      30.223241806030273,
      49.849395751953125,
      35.13890075683594,
      52.88845443725586
    ],
    [
      11.562335968017578,
      24.144697189331055,
      21.221445083618164,
      19.43149757385254,
      26.830018997192383,
      25.30744171142578,
      29.403888702392578,
      29.789812088012695,
      40.2221794128418,
      31.259624481201172,
      45.62437438964844,
      37.514156341552734,
      34.31187438964844,
      36.404205322265625,
      34.145233154296875,
      35.54005432128906,
      36.31537628173828,
      39.05535888671875
    ],
    [
      20.34787940979004,
      39.615169525146484,
      29.115619659423828,
      31.482297897338867,
      23.363828659057617,
      38.05800247192383,
      27.01711082458496,
      43.35577392578125,
      31.829444885253906,
      45.48603439331055,
      37.514156341552734,
      60.16450119018555,
      35.94922637939453,
      62.915836334228516,
      35.73604965209961,
      64.25338745117188,
      38.75592041015625,
      64.4324951171875
    ],
    [
      11.713090896606445,
      27.664751052856445,
      18.144086837768555,
      17.386920928955078,
      21.011917114257812,
      24.320125579833984,
      23.45036506652832,
      28.03520393371582,
      30.52642822265625,
      30.17909049987793,
      34.31187438964844,
      35.94922637939453,
      47.5280876159668,
      45.9651985168457,
      45.19009017944336,
      45.293601989746094,
      49.020938873291016,
      47.77876281738281
    ],
    [
      22.070499420166016,
      47.76560974121094,
      30.522045135498047,
      32.98624801635742,
      22.572587966918945,
      40.65498733520508,
      26.274457931518555,
      45.384735107421875,
      29.139814376831055,
      47.63875961303711,
      36.404205322265625,
      62.915836334228516,
      45.9651985168457,
      84.2864761352539,
      44.881771087646484,
      85.27169799804688,
      50.6931037902832,
      84.1755142211914
    ],
    [
      10.611211776733398,
      28.25693702697754,
      18.249263763427734,
      19.40869903564453,
      18.636363983154297,
      21.898330688476562,
      18.33940887451172,
      25.011259078979492,
      31.362220764160156,
      30.223241806030273,
      34.145233154296875,
      35.73604965209961,
      45.19009017944336,
      44.881771087646484,
      66.91307067871094,
      55.90726852416992,
      64.68521118164062,
      59.06614303588867
    ],
    [
      24.2918643951416,
      50.82048034667969,
      31.861000061035156,
      34.68410873413086,
      22.434450149536133,
      40.30686569213867,
      26.290136337280273,
      45.436439514160156,
      30.945192337036133,
      49.849395751953125,
      35.54005432128906,
      64.25338745117188,
      45.293601989746094,
      85.27169799804688,
      55.90726852416992,
      110.28058624267578,
      62.12031936645508,
      106.7306137084961
    ],
    [
      11.755705833435059,
      29.3655948638916,
      23.292322158813477,
      23.393259048461914,
      25.374324798583984,
      27.116762161254883,
      30.20547103881836,
      34.36394119262695,
      35.02617263793945,
      35.13890075683594,
      36.31537628173828,
      38.75592041015625,
      49.020938873291016,
      50.6931037902832,
      64.68521118164062,
      62.12031936645508,
      84.07457733154297,
      75.30655670166016
    ],
    [
      26.572948455810547,
      49.94475173950195,
      36.73441696166992,
      39.05043411254883,
      29.55223274230957,
      44.65916061401367,
      33.74267578125,
      50.65727996826172,
      36.78589630126953,
      52.88845443725586,
      39.05535888671875,
      64.4324951171875,
      47.77876281738281,
      84.1755142211914,
      59.06614303588867,
      106.7306137084961,
      75.30655670166016,
      121.84073638916016
    ]
  ],
  "damage": -4.401115417480469,
  "diff_bandwidth": 432.4206237792969,
  "dissonance": 7.664900485194649,
  "drr": 15.563438415527344,
  "dynamics": 3.6891274452209473,
  "format": 65538,
  "frames": 9373611,
  "freq_pan_to_db": [
    [
      -12.673344612121582,
      -14.074539184570312,
      -12.794146537780762,
      -9.629313468933105,
      -9.147747993469238,
      -10.693571090698242,
      -10.48681926727295,
      -11.293867111206055,
      -12.594368934631348,
      -13.975107192993164,
      -14.65983772277832
    ],
    [
      -14.477322578430176,
      -14.158353805541992,
      -11.964266777038574,
      -10.068758010864258,
      -7.248569011688232,
      -8.398479461669922,
      -6.5732011795043945,
      -8.837234497070312,
      -10.996634483337402,
      -13.253623008728027,
      -14.635764122009277
    ],
    [
      -13.17739486694336,
      -12.251834869384766,
      -11.140317916870117,
      -10.498703956604004,
      -8.546939849853516,
      -9.508197784423828,
      -9.491938591003418,
      -10.296493530273438,
      -11.54926586151123,
      -13.137771606445312,
      -14.387802124023438
    ],
    [
      -14.909893989562988,
      -13.591924667358398,
      -11.39128303527832,
      -9.769547462463379,
      -9.642637252807617,
      -10.308561325073242,
      -10.341577529907227,
      -11.683771133422852,
      -13.29661750793457,
      -14.632925033569336,
      -16.39523696899414
    ],
    [
      -13.559358596801758,
      -12.747366905212402,
      -10.798003196716309,
      -10.55447006225586,
      -10.121357917785645,
      -11.445648193359375,
      -11.075467109680176,
      -11.83814525604248,
      -12.151053428649902,
      -13.19894027709961,
      -14.125608444213867
    ],
    [
      -21.13868522644043,
      -17.575824737548828,
      -15.471899032592773,
      -13.727408409118652,
      -12.441015243530273,
      -12.828184127807617,
      -13.5359525680542,
      -14.407437324523926,
      -15.604094505310059,
      -17.875959396362305,
      -20.16085433959961
    ],
    [
      -16.287809371948242,
      -16.01682472229004,
      -14.63101863861084,
      -13.734476089477539,
      -12.7102689743042,
      -12.617630004882812,
      -12.87081241607666,
      -13.203193664550781,
      -14.162677764892578,
      -14.937719345092773,
      -16.034137725830078
    ],
    [
      -19.99540901184082,
      -20.169424057006836,
      -18.228628158569336,
      -16.818641662597656,
      -14.923991203308105,
      -14.28283977508545,
      -16.042726516723633,
      -17.267810821533203,
      -17.935617446899414,
      -18.825969696044922,
      -20.054458618164062
    ],
    [
      -15.587503433227539,
      -15.883177757263184,
      -16.041229248046875,
      -15.498087882995605,
      -15.236522674560547,
      -15.674474716186523,
      -16.022829055786133,
      -16.05988121032715,
      -16.043128967285156,
      -16.127925872802734,
      -15.511174201965332
    ],
    [
      -18.534128189086914,
      -19.466157913208008,
      -18.84232521057129,
      -18.62075424194336,
      -17.661514282226562,
      -17.355497360229492,
      -18.21261215209961,
      -18.795866012573242,
      -19.246835708618164,
      -19.79875946044922,
      -19.974458694458008
    ],
    [
      -20.901216506958008,
      -21.154253005981445,
      -21.444334030151367,
      -18.86669921875,
      -15.912614822387695,
      -13.754048347473145,
      -16.955387115478516,
      -18.69045639038086,
      -20.348865509033203,
      -21.983217239379883,
      -23.238832473754883
    ],
    [
      -20.03509521484375,
      -21.617876052856445,
      -20.204164505004883,
      -18.20212745666504,
      -16.13481903076172,
      -14.653219223022461,
      -16.78126335144043,
      -18.637493133544922,
      -20.158231735229492,
      -20.702407836914062,
      -21.127206802368164
    ],
    [
      -22.557613372802734,
      -23.25986671447754,
      -21.483118057250977,
      -20.619171142578125,
      -19.323562622070312,
      -18.058914184570312,
      -19.822229385375977,
      -21.36762809753418,
      -21.007421493530273,
      -22.006254196166992,
      -23.135406494140625
    ],
    [
      -22.445829391479492,
      -22.05951690673828,
      -22.199800491333008,
      -20.479084014892578,
      -19.469221115112305,
      -17.15387725830078,
      -20.575681686401367,
      -21.73889923095703,
      -21.62307357788086,
      -22.827848434448242,
      -24.13389778137207
    ],
    [
      -20.88140869140625,
      -22.04583168029785,
      -23.10310173034668,
      -22.96367645263672,
      -21.839393615722656,
      -18.664459228515625,
      -22.48501205444336,
      -22.862140655517578,
      -23.773601531982422,
      -23.440874099731445,
      -22.27621841430664
    ],
    [
      -21.16592788696289,
      -23.4150333404541,
      -24.120580673217773,
      -24.58490562438965,
      -22.1483097076416,
      -18.956350326538086,
      -22.52280616760254,
      -24.037822723388672,
      -23.29192543029785,
      -21.939926147460938,
      -18.56832504272461
    ],
    [
      -21.581491470336914,
      -21.64453887939453,
      -25.18863296508789,
      -25.287107467651367,
      -23.46049690246582,
      -18.526763916015625,
      -24.310863494873047,
      -26.12063980102539,
      -23.788055419921875,
      -19.292673110961914,
      -20.332191467285156
    ],
    [
      -25.572032928466797,
      -25.422456741333008,
      -26.386070251464844,
      -26.186397552490234,
      -25.615558624267578,
      -21.231468200683594,
      -25.84916114807129,
      -26.744873046875,
      -25.78153419494629,
      -23.387239456176758,
      -23.486949920654297
    ],
    [
      -27.79253387451172,
      -27.63663101196289,
      -26.667259216308594,
      -28.2115478515625,
      -26.694698333740234,
      -23.475671768188477,
      -27.984291076660156,
      -29.096433639526367,
      -27.82671546936035,
      -29.050506591796875,
      -27.88800048828125
    ],
    [
      -31.49108123779297,
      -29.791336059570312,
      -28.837167739868164,
      -30.358755111694336,
      -28.395109176635742,
      -25.07171058654785,
      -28.994190216064453,
      -29.60565757751465,
      -27.52216911315918,
      -29.977224349975586,
      -30.64952850341797
    ],
    [
      -29.92072296142578,
      -29.747594833374023,
      -29.761512756347656,
      -29.532676696777344,
      -29.836442947387695,
      -27.00733184814453,
      -29.636394500732422,
      -29.200786590576172,
      -29.635765075683594,
      -30.18703842163086,
      -30.208444595336914
    ],
    [
      -29.834442138671875,
      -31.319995880126953,
      -30.54818344116211,
      -29.736343383789062,
      -30.635677337646484,
      -26.101736068725586,
      -30.203758239746094,
      -29.63624382019043,
      -31.151058197021484,
      -31.939895629882812,
      -31.2119197845459
    ],
    [
      -29.641698837280273,
      -29.580318450927734,
      -30.84284019470215,
      -31.252086639404297,
      -28.575223922729492,
      -24.225753784179688,
      -28.82999610900879,
      -30.167999267578125,
      -30.408777236938477,
      -31.084257125854492,
      -33.228816986083984
    ],
    [
      -32.55839920043945,
      -30.579927444458008,
      -32.539241790771484,
      -31.464649200439453,
      -30.342695236206055,
      -24.90631866455078,
      -30.302701950073242,
      -31.418067932128906,
      -30.591766357421875,
      -31.731311798095703,
      -34.859886169433594
    ],
    [
      -34.79863739013672,
      -30.670875549316406,
      -30.556364059448242,
      -30.28839683532715,
      -30.24090576171875,
      -28.181425094604492,
      -29.655595779418945,
      -29.934606552124023,
      -30.792926788330078,
      -31.30640411376953,
      -28.783048629760742
    ],
    [
      -30.832050323486328,
      -29.911636352539062,
      -29.92321014404297,
      -30.014461517333984,
      -29.928956985473633,
      -29.57160186767578,
      -30.01474380493164,
      -29.90580177307129,
      -30.08160400390625,
      -30.71243667602539,
      -30.391557693481445
    ],
    [
      -26.661806106567383,
      -28.760353088378906,
      -28.880931854248047,
      -29.509504318237305,
      -29.511859893798828,
      -30.036287307739258,
      -29.142980575561523,
      -28.794862747192383,
      -28.663129806518555,
      -28.138568878173828,
      -26.039947509765625
    ],
    [
      -26.908390045166016,
      -28.300195693969727,
      -30.030899047851562,
      -30.042123794555664,
      -30.40952491760254,
      -31.773067474365234,
      -30.966094970703125,
      -30.666900634765625,
      -31.778839111328125,
      -32.731781005859375,
      -31.14063262939453
    ],
    [
      -31.3700008392334,
      -29.475799560546875,
      -30.343738555908203,
      -31.619569778442383,
      -31.17673683166504,
      -33.415653228759766,
      -31.701183319091797,
      -31.301593780517578,
      -33.119476318359375,
      -34.443878173828125,
      -43.6938591003418
    ],
    [
      -29.574560165405273,
      -30.412141799926758,
      -31.322559356689453,
      -31.750516891479492,
      -31.897884368896484,
      -32.60034942626953,
      -33.4741325378418,
      -32.743282318115234,
      -33.29515075683594,
      -36.93610382080078,
      -37.01266098022461
    ],
    [
      -370,
      -31.995790481567383,
      -32.7372932434082,
      -33.280052185058594,
      -33.46076202392578,
      -32.21337127685547,
      -34.21718215942383,
      -34.03192138671875,
      -34.6214599609375,
      -37.590206146240234,
      -60.80409240722656
    ],
    [
      -56.366943359375,
      -31.556974411010742,
      -34.91999435424805,
      -34.61833572387695,
      -35.206642150878906,
      -35.0395393371582,
      -35.749412536621094,
      -35.59009552001953,
      -36.045753479003906,
      -35.918453216552734,
      -370
    ],
    [
      -41.12137222290039,
      -29.934986114501953,
      -36.52455139160156,
      -35.47611618041992,
      -36.176753997802734,
      -36.03643035888672,
      -36.868526458740234,
      -36.72703170776367,
      -37.68694305419922,
      -35.84267807006836,
      -49.98078536987305
    ],
    [
      -370,
      -40.38753128051758,
      -37.94580078125,
      -36.43842315673828,
      -36.30641174316406,
      -37.146881103515625,
      -37.19498825073242,
      -38.18368148803711,
      -40.45439529418945,
      -38.35204315185547,
      -31.29582405090332
    ],
    [
      -370,
      -37.304813385009766,
      -36.8200569152832,
      -36.8050537109375,
      -37.18132781982422,
      -38.36355209350586,
      -37.83957290649414,
      -37.654605865478516,
      -39.694862365722656,
      -36.59149169921875,
      -370
    ],
    [
      -370,
      -39.173728942871094,
      -35.28778076171875,
      -38.07088088989258,
      -38.75492477416992,
      -38.4620475769043,
      -38.33395767211914,
      -38.74873352050781,
      -40.620731353759766,
      -40.500511169433594,
      -44.30561828613281
    ],
    [
      -38.26104736328125,
      -38.75783157348633,
      -38.71788024902344,
      -38.62378692626953,
      -39.18214416503906,
      -38.39672088623047,
      -39.66545104980469,
      -40.08687210083008,
      -42.264060974121094,
      -41.66330337524414,
      -57.57511520385742
    ],
    [
      -38.080326080322266,
      -40.177520751953125,
      -39.487972259521484,
      -40.401180267333984,
      -41.10523223876953,
      -40.808990478515625,
      -41.80230712890625,
      -40.74878692626953,
      -43.470211029052734,
      -40.51072692871094,
      -35.6844367980957
    ],
    [
      -39.96843338012695,
      -40.420814514160156,
      -39.73908996582031,
      -42.57119369506836,
      -42.887386322021484,
      -43.42291259765625,
      -42.81659698486328,
      -41.3807487487793,
      -44.99140167236328,
      -42.22525405883789,
      -52.27777862548828
    ],
    [
      -41.16273498535156,
      -43.303138732910156,
      -41.776920318603516,
      -43.44171142578125,
      -44.85204315185547,
      -46.08225631713867,
      -44.435020446777344,
      -44.230865478515625,
      -46.6341667175293,
      -41.71649169921875,
      -117.45278930664062
    ],
    [
      -44.48743438720703,
      -44.66312789916992,
      -45.95064926147461,
      -45.42460250854492,
      -46.001365661621094,
      -48.87409973144531,
      -47.01325225830078,
      -46.10272216796875,
      -50.640193939208984,
      -48.09429931640625,
      -42.998050689697266
    ],
    [
      -43.823490142822266,
      -47.10564422607422,
      -45.36796951293945,
      -45.85572814941406,
      -47.45949172973633,
      -50.528839111328125,
      -47.457916259765625,
      -45.7954216003418,
      -47.21957015991211,
      -46.96524429321289,
      -48.91127014160156
    ]
  ],
  "histogram": [
    {
      "db": -70,
      "frequency": 0
    },
    {
      "db": -69,
      "frequency": 0
    },
    {
      "db": -68,
      "frequency": 0
    },
    {
      "db": -67,
      "frequency": 0
    },
    {
      "db": -66,
      "frequency": 0
    },
    {
      "db": -65,
      "frequency": 1
    },
    {
      "db": -64,
      "frequency": 0
    },
    {
      "db": -63,
      "frequency": 0
    },
    {
      "db": -62,
      "frequency": 0
    },
    {
      "db": -61,
      "frequency": 1
    },
    {
      "db": -60,
      "frequency": 0
    },
    {
      "db": -59,
      "frequency": 0
    },
    {
      "db": -58,
      "frequency": 1
    },
    {
      "db": -57,
      "frequency": 0
    },
    {
      "db": -56,
      "frequency": 0
    },
    {
      "db": -55,
      "frequency": 1
    },
    {
      "db": -54,
      "frequency": 0
    },
    {
      "db": -53,
      "frequency": 1
    },
    {
      "db": -52,
      "frequency": 0
    },
    {
      "db": -51,
      "frequency": 1
    },
    {
      "db": -50,
      "frequency": 1
    },
    {
      "db": -49,
      "frequency": 0
    },
    {
      "db": -48,
      "frequency": 1
    },
    {
      "db": -47,
      "frequency": 1
    },
    {
      "db": -46,
      "frequency": 1
    },
    {
      "db": -45,
      "frequency": 1
    },
    {
      "db": -44,
      "frequency": 1
    },
    {
      "db": -43,
      "frequency": 1
    },
    {
      "db": -42,
      "frequency": 1
    },
    {
      "db": -41,
      "frequency": 1
    },
    {
      "db": -40,
      "frequency": 2
    },
    {
      "db": -39,
      "frequency": 1
    },
    {
      "db": -38,
      "frequency": 1
    },
    {
      "db": -37,
      "frequency": 2
    },
    {
      "db": -36,
      "frequency": 1
    },
    {
      "db": -35,
      "frequency": 2
    },
    {
      "db": -34,
      "frequency": 2
    },
    {
      "db": -33,
      "frequency": 2
    },
    {
      "db": -32,
      "frequency": 2
    },
    {
      "db": -31,
      "frequency": 2
    },
    {
      "db": -30,
      "frequency": 2
    },
    {
      "db": -29,
      "frequency": 2
    },
    {
      "db": -28,
      "frequency": 1
    },
    {
      "db": -27,
      "frequency": 2
    },
    {
      "db": -26,
      "frequency": 2
    },
    {
      "db": -25,
      "frequency": 3
    },
    {
      "db": -24,
      "frequency": 7
    },
    {
      "db": -23,
      "frequency": 11
    },
    {
      "db": -22,
      "frequency": 7
    },
    {
      "db": -21,
      "frequency": 23
    },
    {
      "db": -20,
      "frequency": 46
    },
    {
      "db": -19,
      "frequency": 39
    },
    {
      "db": -18,
      "frequency": 51
    },
    {
      "db": -17,
      "frequency": 89
    },
    {
      "db": -16,
      "frequency": 81
    },
    {
      "db": -15,
      "frequency": 72
    },
    {
      "db": -14,
      "frequency": 85
    },
    {
      "db": -13,
      "frequency": 80
    },
    {
      "db": -12,
      "frequency": 73
    },
    {
      "db": -11,
      "frequency": 147
    },
    {
      "db": -10,
      "frequency": 337
    },
    {
      "db": -9,
      "frequency": 473
    },
    {
      "db": -8,
      "frequency": 360
    },
    {
      "db": -7,
      "frequency": 79
    },
    {
      "db": -6,
      "frequency": 4
    },
    {
      "db": -5,
      "frequency": 0
    },
    {
      "db": -4,
      "frequency": 0
    },
    {
      "db": -3,
      "frequency": 0
    },
    {
      "db": -2,
      "frequency": 0
    },
    {
      "db": -1,
      "frequency": 0
    },
    {
      "db": 0,
      "frequency": 0
    },
    {
      "db": 1,
      "frequency": 0
    },
    {
      "db": 2,
      "frequency": 0
    },
    {
      "db": 3,
      "frequency": 0
    },
    {
