{
  "acoustic_entropy": 216.36026000976562,
  "bands": [
    {
      "high_freq": 148.1999969482422,
      "loudness": -20.133180618286133,
      "loudness_range": 11.809149742126465,
      "mid_mean": -16.569612503051758,
      "mid_to_side_loudness": -20.62507438659668,
      "mid_to_side_loudness_range": 26.39069366455078,
      "side_mean": -34.618927001953125
    },
    {
      "high_freq": 392.3793640136719,
      "loudness": -19.526575088500977,
      "loudness_range": 10.112968444824219,
      "low_freq": 148.1999969482422,
      "mid_mean": -16.31293487548828,
      "mid_to_side_loudness": -9.368208885192871,
      "mid_to_side_loudness_range": 9.215484619140625,
      "side_mean": -26.059885025024414
    },
    {
      "high_freq": 794.6976318359375,
      "loudness": -21.054758071899414,
      "loudness_range": 12.640249252319336,
      "low_freq": 392.3793640136719,
      "mid_mean": -18.34595489501953,
      "mid_to_side_loudness": -6.764772891998291,
      "mid_to_side_loudness_range": 12.158051490783691,
      "side_mean": -25.342424392700195
    },
    {
      "high_freq": 1457.5709228515625,
      "loudness": -22.65133285522461,
      "loudness_range": 18.05185317993164,
      "low_freq": 794.6976318359375,
      "mid_mean": -19.753875732421875,
      "mid_to_side_loudness": -8.07496452331543,
      "mid_to_side_loudness_range": 11.485330581665039,
      "side_mean": -27.999486923217773
    },
    {
      "high_freq": 2549.74365234375,
      "loudness": -21.463064193725586,
      "loudness_range": 15.532962799072266,
      "low_freq": 1457.5709228515625,
      "mid_mean": -18.514951705932617,
      "mid_to_side_loudness": -8.341299057006836,
      "mid_to_side_loudness_range": 11.499958992004395,
      "side_mean": -27.06342315673828
    },
    {
      "high_freq": 4349.24462890625,
      "loudness": -21.421213150024414,
      "loudness_range": 13.215694427490234,
      "low_freq": 2549.74365234375,
      "mid_mean": -18.34989356994629,
      "mid_to_side_loudness": -9.278563499450684,
      "mid_to_side_loudness_range": 11.285064697265625,
      "side_mean": -27.810894012451172
    },
    {
      "high_freq": 7314.1640625,
      "loudness": -24.93135643005371,
      "loudness_range": 13.72282600402832,
      "low_freq": 4349.24462890625,
      "mid_mean": -21.86557388305664,
      "mid_to_side_loudness": -9.289714813232422,
      "mid_to_side_loudness_range": 11.036636352539062,
      "side_mean": -31.20282745361328
    },
    {
      "high_freq": 12199.2666015625,
      "loudness": -28.312992095947266,
      "loudness_range": 15.801322937011719,
      "low_freq": 7314.1640625,
      "mid_mean": -25.364524841308594,
      "mid_to_side_loudness": -9.10515308380127,
      "mid_to_side_loudness_range": 12.726128578186035,
      "side_mean": -34.25495529174805
    },
    {
      "loudness": -35.29731750488281,
      "loudness_range": 17.589357376098633,
      "low_freq": 12199.2666015625,
      "mid_mean": -32.85184860229492,
      "mid_to_side_loudness": -7.892275810241699,
      "mid_to_side_loudness_range": 15.908843994140625,
      "side_mean": -40.02667999267578
    }
  ],
  "bands_short": [
    {
      "high_freq": 148.1999969482422,
      "loudness": -22.310522079467773,
      "loudness_range": 14.289518356323242,
      "mid_mean": -18.777116775512695,
      "mid_to_side_loudness": -21.238937377929688,
      "mid_to_side_loudness_range": 29.69939613342285,
      "side_mean": -38.91754913330078
    },
    {
      "high_freq": 392.3793640136719,
      "loudness": -19.506263732910156,
      "loudness_range": 12.807373046875,
      "low_freq": 148.1999969482422,
      "mid_mean": -16.35640525817871,
      "mid_to_side_loudness": -9.932558059692383,
      "mid_to_side_loudness_range": 13.27633285522461,
      "side_mean": -26.606672286987305
    },
    {
      "high_freq": 794.6976318359375,
      "loudness": -22.166929244995117,
      "loudness_range": 15.597884178161621,
      "low_freq": 392.3793640136719,
      "mid_mean": -19.619340896606445,
      "mid_to_side_loudness": -6.608013153076172,
      "mid_to_side_loudness_range": 14.528691291809082,
      "side_mean": -26.504011154174805
    },
    {
      "high_freq": 1457.5709228515625,
      "loudness": -23.069318771362305,
      "loudness_range": 19.794506072998047,
      "low_freq": 794.6976318359375,
      "mid_mean": -20.332691192626953,
      "mid_to_side_loudness": -7.697402000427246,
      "mid_to_side_loudness_range": 13.901168823242188,
      "side_mean": -28.242321014404297
    },
    {
      "high_freq": 2549.74365234375,
      "loudness": -22.6494140625,
      "loudness_range": 18.1356201171875,
      "low_freq": 1457.5709228515625,
      "mid_mean": -19.889713287353516,
      "mid_to_side_loudness": -7.823456287384033,
      "mid_to_side_loudness_range": 13.68202018737793,
      "side_mean": -27.910730361938477
    },
    {
      "high_freq": 4349.24462890625,
      "loudness": -22.24441146850586,
      "loudness_range": 16.02805519104004,
      "low_freq": 2549.74365234375,
      "mid_mean": -19.270517349243164,
      "mid_to_side_loudness": -9.122049331665039,
      "mid_to_side_loudness_range": 13.218749046325684,
      "side_mean": -28.568443298339844
    },
    {
      "high_freq": 7314.1640625,
      "loudness": -26.005884170532227,
      "loudness_range": 17.163433074951172,
      "low_freq": 4349.24462890625,
      "mid_mean": -23.001998901367188,
      "mid_to_side_loudness": -9.349575996398926,
      "mid_to_side_loudness_range": 13.806562423706055,
      "side_mean": -32.4309196472168
    },
    {
      "high_freq": 12199.2666015625,
      "loudness": -30.384126663208008,
      "loudness_range": 21.41997718811035,
      "low_freq": 7314.1640625,
      "mid_mean": -27.43478012084961,
      "mid_to_side_loudness": -9.509543418884277,
      "mid_to_side_loudness_range": 16.221275329589844,
      "side_mean": -36.92461013793945
    },
    {
      "loudness": -38.66267013549805,
      "loudness_range": 25.275590896606445,
      "low_freq": 12199.2666015625,
      "mid_mean": -35.95104217529297,
      "mid_to_side_loudness": -9.078378677368164,
      "mid_to_side_loudness_range": 18.815452575683594,
      "side_mean": -45.333744049072266
    }
  ],
  "bandwidth": 732.0625,
  "channels": 2,
  "covariance": [
    [
      19.841482162475586,
      18.388071060180664,
      10.047011375427246,
      11.965946197509766,
      6.1914520263671875,
      12.551286697387695,
      9.868321418762207,
      15.790985107421875,
      7.041518688201904,
      13.905065536499023,
      7.862674236297607,
      15.958759307861328,
      7.851944923400879,
      16.342252731323242,
      8.713130950927734,
      18.75882339477539,
      9.624382019042969,
      21.491836547851562
    ],
    [
      18.388071060180664,
      72.39231872558594,
      18.004974365234375,
      20.010744094848633,
      14.002604484558105,
      23.964107513427734,
      21.40276527404785,
      29.1343994140625,
      12.671195030212402,
      22.37491798400879,
      16.833871841430664,
      26.640277862548828,
      16.01397705078125,
      28.798418045043945,
      19.218454360961914,
      29.801071166992188,
      21.59764862060547,
      33.47959518432617
    ],
    [
      10.047011375427246,
      18.004974365234375,
      15.672852516174316,
      12.420220375061035,
      10.214387893676758,
      13.02773380279541,
      11.00872802734375,
      15.792387008666992,
      10.754996299743652,
      14.640118598937988,
      11.526104927062988,
      16.981050491333008,
      9.493531227111816,
      16.50786590576172,
      11.889294624328613,
      17.968708038330078,
      13.168452262878418,
      19.550029754638672
    ],
    [
      11.965946197509766,
      20.010744094848633,
      12.420220375061035,
      20.796934127807617,
      8.337647438049316,
      15.929452896118164,
      10.268476486206055,
      16.736421585083008,
      8.917501449584961,
      14.938093185424805,
      9.995588302612305,
      17.763689041137695,
      8.666908264160156,
      17.557931900024414,
      10.75117015838623,
      18.85945701599121,
      12.089455604553223,
      20.880151748657227
    ],
    [
      6.1914520263671875,
      14.002604484558105,
      10.214387893676758,
      8.337647438049316,
      24.110919952392578,
      18.5751895904541,
      21.27995491027832,
      17.663555145263672,
      14.771571159362793,
      13.610013961791992,
      13.821669578552246,
      13.398881912231445,
      9.644997596740723,
      11.595797538757324,
      10.175460815429688,
      11.923644065856934,
      12.306368827819824,
      13.4752197265625
    ],
    [
      12.551286697387695,
      23.964107513427734,
      13.02773380279541,
      15.929452896118164,
      18.5751895904541,
      29.04667854309082,
      17.993999481201172,
      24.274608612060547,
      13.230353355407715,
      20.689321517944336,
      14.109926223754883,
      23.53340721130371,
      12.596630096435547,
      23.221900939941406,
      12.51226806640625,
      23.357913970947266,
      14.648612022399902,
      26.398073196411133
    ],
    [
      9.868321418762207,
      21.40276527404785,
      11.00872802734375,
      10.268476486206055,
      21.27995491027832,
      17.993999481201172,
      37.139793395996094,
      27.864120483398438,
      14.63419246673584,
      16.06330108642578,
      14.901196479797363,
      15.790705680847168,
      10.978116989135742,
      15.375505447387695,
      11.530352592468262,
      16.172271728515625,
      15.534615516662598,
      19.516660690307617
    ],
    [
      15.790985107421875,
      29.1343994140625,
      15.792387008666992,
      16.736421585083008,
      17.663555145263672,
      24.274608612060547,
      27.864120483398438,
      34.74711990356445,
      15.29112720489502,
      24.27125358581543,
      16.799341201782227,
      27.103736877441406,
      14.96562671661377,
      26.919816970825195,
      16.84926414489746,
      28.189743041992188,
      20.51114845275879,
      32.26563262939453
    ],
    [
      7.041518688201904,
      12.671195030212402,
      10.754996299743652,
      8.917501449584961,
      14.771571159362793,
      13.230353355407715,
      14.63419246673584,
      15.29112720489502,
      28.656709671020508,
      19.255264282226562,
      19.88703727722168,
      16.644086837768555,
      14.070723533630371,
      15.758381843566895,
      16.660358428955078,
      18.347984313964844,
      17.18279266357422,
      19.84539031982422
    ],
    [
      13.905065536499023,
      22.37491798400879,
      14.640118598937988,
      14.938093185424805,
      13.610013961791992,
      20.689321517944336,
      16.06330108642578,
      24.27125358581543,
      19.255264282226562,
      26.837039947509766,
      17.085376739501953,
      27.890472412109375,
      15.780451774597168,
      27.53360366821289,
      18.222789764404297,
      29.64599609375,
      19.961149215698242,
      32.646820068359375
    ],
    [
      7.862674236297607,
      16.833871841430664,
      11.526104927062988,
      9.995588302612305,
      13.821669578552246,
      14.109926223754883,
      14.901196479797363,
      16.799341201782227,
      19.88703727722168,
      17.085376739501953,
      21.145341873168945,
      19.52052879333496,
      14.988245964050293,
      18.679128646850586,
      17.16375732421875,
      18.961368560791016,
      16.842947006225586,
      19.377212524414062
    ],
    [
      15.958759307861328,
      26.640277862548828,
      16.981050491333008,
      17.763689041137695,
      13.398881912231445,
      23.53340721130371,
      15.790705680847168,
      27.103736877441406,
      16.644086837768555,
      27.890472412109375,
      19.52052879333496,
      34.295528411865234,
      17.743637084960938,
      33.5089111328125,
      20.004873275756836,
      34.275482177734375,
      21.1158390045166,
      37.19877243041992
    ],
    [
      7.851944923400879,
      16.01397705078125,
      9.493531227111816,
      8.666908264160156,
      9.644997596740723,
      12.596630096435547,
      10.978116989135742,
      14.96562671661377,
      14.070723533630371,
      15.780451774597168,
      14.988245964050293,
      17.743637084960938,
      21.77540397644043,
      23.36526107788086,
      23.754545211791992,
      23.71375274658203,
      24.74770736694336,
      22.669225692749023
    ],
    [
      16.342252731323242,
      28.798418045043945,
      16.50786590576172,
      17.557931900024414,
      11.595797538757324,
      23.221900939941406,
      15.375505447387695,
      26.919816970825195,
      15.758381843566895,
      27.53360366821289,
      18.679128646850586,
      33.5089111328125,
      23.36526107788086,
      42.01094055175781,
      25.985031127929688,
      42.82469940185547,
      28.423065185546875,
      45.221839904785156
    ],
    [
      8.713130950927734,
      19.218454360961914,
      11.889294624328613,
      10.75117015838623,
      10.175460815429688,
      12.51226806640625,
      11.530352592468262,
      16.84926414489746,
      16.660358428955078,
      18.222789764404297,
      17.16375732421875,
      20.004873275756836,
      23.754545211791992,
      25.985031127929688,
      34.77306365966797,
      31.056367874145508,
      35.954925537109375,
      30.4046688079834
    ],
    [
      18.75882339477539,
      29.801071166992188,
      17.968708038330078,
      18.85945701599121,
      11.923644065856934,
      23.357913970947266,
      16.172271728515625,
      28.189743041992188,
      18.347984313964844,
      29.64599609375,
      18.961368560791016,
      34.275482177734375,
      23.71375274658203,
      42.82469940185547,
      31.056367874145508,
      54.48989486694336,
      34.96843719482422,
      58.11237716674805
    ],
    [
      9.624382019042969,
      21.59764862060547,
      13.168452262878418,
      12.089455604553223,
      12.306368827819824,
      14.648612022399902,
      15.534615516662598,
      20.51114845275879,
      17.18279266357422,
      19.961149215698242,
      16.842947006225586,
      21.1158390045166,
      24.74770736694336,
      28.423065185546875,
      35.954925537109375,
      34.96843719482422,
      43.69776916503906,
      37.88908386230469
    ],
    [
      21.491836547851562,
      33.47959518432617,
      19.550029754638672,
      20.880151748657227,
      13.4752197265625,
      26.398073196411133,
      19.516660690307617,
      32.26563262939453,
      19.84539031982422,
      32.646820068359375,
      19.377212524414062,
      37.19877243041992,
      22.669225692749023,
      45.221839904785156,
      30.4046688079834,
      58.11237716674805,
      37.88908386230469,
      77.25337219238281
    ]
  ],
  "covariance_short": [
    [
      24.73477554321289,
      17.340118408203125,
      11.224980354309082,
      8.560736656188965,
      4.308459758758545,
      8.651561737060547,
      6.874301910400391,
      11.41814136505127,
      6.222613334655762,
      10.808087348937988,
      6.229630947113037,
      12.103046417236328,
      6.714770793914795,
      12.858211517333984,
      6.6996588706970215,
      14.349246978759766,
      7.2983078956604,
      19.364896774291992
    ],
    [
      17.340118408203125,
      92.09907531738281,
      22.82268524169922,
      24.333227157592773,
      17.190824508666992,
      28.38866424560547,
      23.135690689086914,
      34.00517654418945,
      16.1649169921875,
      26.83179473876953,
      20.688512802124023,
      32.46705627441406,
      23.055078506469727,
      37.442222595214844,
      25.824539184570312,
      42.19512176513672,
      24.521366119384766,
      48.04996871948242
    ],
    [
      11.224980354309082,
      22.82268524169922,
      23.443225860595703,
      15.71224308013916,
      13.340561866760254,
      15.956770896911621,
      13.82950496673584,
      18.757688522338867,
      13.748748779296875,
      17.276248931884766,
      14.412065505981445,
      19.584213256835938,
      12.062286376953125,
      19.45949363708496,
      14.883482933044434,
      22.505802154541016,
      17.374343872070312,
      31.103761672973633
    ],
    [
      8.560736656188965,
      24.333227157592773,
      15.71224308013916,
      30.949068069458008,
      11.55795669555664,
      20.47412109375,
      13.196844100952148,
      20.296524047851562,
      11.118979454040527,
      17.036422729492188,
      12.330322265625,
      19.94501304626465,
      11.281606674194336,
      20.29248809814453,
      14.05505084991455,
      22.46319007873535,
      16.264453887939453,
      29.467073440551758
    ],
    [
      4.308459758758545,
      17.190824508666992,
      13.340561866760254,
      11.55795669555664,
      35.99098587036133,
      24.27044105529785,
      27.921497344970703,
      21.736114501953125,
      21.76807975769043,
      16.660877227783203,
      20.336442947387695,
      16.722734451293945,
      15.09749984741211,
      14.915608406066895,
      15.729220390319824,
      16.302175521850586,
      19.894548416137695,
      24.897367477416992
    ],
    [
      8.651561737060547,
      28.38866424560547,
      15.956770896911621,
      20.47412109375,
      24.27044105529785,
      39.00652313232422,
      21.893447875976562,
      28.319894790649414,
      17.404626846313477,
      23.503799438476562,
      17.70122528076172,
      26.342533111572266,
      17.30914306640625,
      27.347091674804688,
      17.40289306640625,
      27.989622116088867,
      20.10686492919922,
      37.57209396362305
    ],
    [
      6.874301910400391,
      23.135690689086914,
      13.82950496673584,
      13.196844100952148,
      27.921497344970703,
      21.893447875976562,
      47.522274017333984,
      32.50410842895508,
      20.817874908447266,
      18.783998489379883,
      21.037307739257812,
      18.672536849975586,
      16.359851837158203,
      18.441600799560547,
      15.473562240600586,
      19.8233642578125,
      21.499116897583008,
      29.207958221435547
    ],
    [
      11.41814136505127,
      34.00517654418945,
      18.757688522338867,
      20.296524047851562,
      21.736114501953125,
      28.319894790649414,
      32.50410842895508,
      42.380706787109375,
      19.138805389404297,
      27.333145141601562,
      20.182310104370117,
      30.176198959350586,
      19.451658248901367,
      30.723608016967773,
      20.408796310424805,
      32.08877182006836,
      25.336259841918945,
      42.91938400268555
    ],
    [
      6.222613334655762,
      16.1649169921875,
      13.748748779296875,
      11.118979454040527,
      21.76807975769043,
      17.404626846313477,
      20.817874908447266,
      19.138805389404297,
      42.48798370361328,
      24.9874210357666,
      29.4468936920166,
      22.368677139282227,
      21.742029190063477,
      20.738357543945312,
      24.7840633392334,
      24.2285213470459,
      25.25806427001953,
      31.57275390625
    ],
    [
      10.808087348937988,
      26.83179473876953,
      17.276248931884766,
      17.036422729492188,
      16.660877227783203,
      23.503799438476562,
      18.783998489379883,
      27.333145141601562,
      24.9874210357666,
      32.96415710449219,
      21.486499786376953,
      32.080684661865234,
      21.060474395751953,
      32.587371826171875,
      23.931106567382812,
      35.580753326416016,
      26.4635066986084,
      45.25433349609375
    ],
    [
      6.229630947113037,
      20.688512802124023,
      14.412065505981445,
      12.330322265625,
      20.336442947387695,
      17.70122528076172,
      21.037307739257812,
      20.182310104370117,
      29.4468936920166,
      21.486499786376953,
      33.23384475708008,
      25.214025497436523,
      23.96538734436035,
      24.401500701904297,
      26.464365005493164,
      26.08552360534668,
      25.07417106628418,
      31.574657440185547
    ],
    [
      12.103046417236328,
      32.46705627441406,
      19.584213256835938,
      19.94501304626465,
      16.722734451293945,
      26.342533111572266,
      18.672536849975586,
      30.176198959350586,
      22.368677139282227,
      32.080684661865234,
      25.214025497436523,
      40.624969482421875,
      24.323007583618164,
      40.84415054321289,
      27.22635841369629,
      43.31596755981445,
      28.202842712402344,
      52.02906036376953
    ],
    [
      6.714770793914795,
      23.055078506469727,
      12.062286376953125,
      11.281606674194336,
      15.09749984741211,
      17.30914306640625,
      16.359851837158203,
      19.451658248901367,
      21.742029190063477,
      21.060474395751953,
      23.96538734436035,
      24.323007583618164,
      34.311214447021484,
      31.405290603637695,
      35.53133010864258,
      33.912540435791016,
      35.84421920776367,
      39.8165168762207
    ],
    [
      12.858211517333984,
      37.442222595214844,
      19.45949363708496,
      20.29248809814453,
      14.915608406066895,
      27.347091674804688,
      18.441600799560547,
      30.723608016967773,
      20.738357543945312,
      32.587371826171875,
      24.401500701904297,
      40.84415054321289,
      31.405290603637695,
      55.19010925292969,
      35.313087463378906,
      58.57239532470703,
      36.681392669677734,
      67.97643280029297
    ],
    [
      6.6996588706970215,
      25.824539184570312,
      14.883482933044434,
      14.05505084991455,
      15.729220390319824,
      17.40289306640625,
      15.473562240600586,
      20.408796310424805,
      24.7840633392334,
      23.931106567382812,
      26.464365005493164,
      27.22635841369629,
      35.53133010864258,
      35.313087463378906,
      54.4139404296875,
      46.66115188598633,
      53.94050216674805,
      55.78937911987305
    ],
    [
      14.349246978759766,
      42.19512176513672,
      22.505802154541016,
      22.46319007873535,
      16.302175521850586,
      27.989622116088867,
      19.8233642578125,
      32.08877182006836,
      24.2285213470459,
      35.580753326416016,
      26.08552360534668,
      43.31596755981445,
      33.912540435791016,
      58.57239532470703,
      46.66115188598633,
      79.56283569335938,
      50.68951416015625,
      91.10630798339844
    ],
    [
      7.2983078956604,
      24.521366119384766,
      17.374343872070312,
      16.264453887939453,
      19.894548416137695,
      20.10686492919922,
      21.499116897583008,
      25.336259841918945,
      25.25806427001953,
      26.4635066986084,
      25.07417106628418,
      28.202842712402344,
      35.84421920776367,
      36.681392669677734,
      53.94050216674805,
      50.68951416015625,
      68.27546691894531,
      67.9034423828125
    ],
    [
      19.364896774291992,
      48.04996871948242,
      31.103761672973633,
      29.467073440551758,
      24.897367477416992,
      37.57209396362305,
      29.207958221435547,
      42.91938400268555,
      31.57275390625,
      45.25433349609375,
      31.574657440185547,
      52.02906036376953,
      39.8165168762207,
      67.97643280029297,
      55.78937911987305,
      91.10630798339844,
      67.9034423828125,
      122.1106185913086
    ]
  ],
  "damage": -5.19160795211792,
  "diff_bandwidth": 799.68896484375,
  "dissonance": 9.752722361674621,
  "drr": 11.626701354980469,
  "dynamics": 3.35540771484375,
  "format": 65538,
  "frames": 9373611,
  "freq_pan_to_db": [
    [
      -13.05459213256836,
      -14.010649681091309,
      -11.351202964782715,
      -10.225983619689941,
      -10.095141410827637,
      -11.343802452087402,
      -11.398926734924316,
      -11.882696151733398,
      -12.494933128356934,
      -14.643289566040039,
      -14.696528434753418
    ],
    [
      -15.023337364196777,
      -13.933158874511719,
      -11.846248626708984,
      -10.102448463439941,
      -7.91749382019043,
      -9.279196739196777,
      -7.564289093017578,
      -8.548206329345703,
      -10.751911163330078,
      -12.800881385803223,
      -14.92676067352295
    ],
    [
      -13.138145446777344,
      -12.942246437072754,
      -12.034363746643066,
      -10.659834861755371,
      -9.160594940185547,
      -10.425902366638184,
      -9.961052894592285,
      -10.985701560974121,
      -11.5405912399292,
      -13.135332107543945,
      -14.54604721069336
    ],
    [
      -14.805356979370117,
      -13.12219524383545,
      -11.045672416687012,
      -10.84168529510498,
      -10.460753440856934,
      -11.058813095092773,
      -11.147093772888184,
      -11.613418579101562,
      -13.509957313537598,
      -14.750442504882812,
      -15.29514217376709
    ],
    [
      -13.349577903747559,
      -12.378721237182617,
      -11.533775329589844,
      -11.074689865112305,
      -11.194601058959961,
      -12.370128631591797,
      -11.716082572937012,
      -12.334413528442383,
      -12.881143569946289,
      -12.883374214172363,
      -13.971126556396484
    ],
    [
      -18.850736618041992,
      -16.29188346862793,
      -14.989940643310547,
      -13.644158363342285,
      -12.942638397216797,
      -13.34832763671875,
      -14.059314727783203,
      -14.413082122802734,
      -15.503049850463867,
      -17.295482635498047,
      -17.626399993896484
    ],
    [
      -15.790572166442871,
      -15.07863712310791,
      -14.042552947998047,
      -13.392839431762695,
      -12.79963493347168,
      -12.628584861755371,
      -12.730522155761719,
      -12.989278793334961,
      -13.713313102722168,
      -14.33144474029541,
      -15.291282653808594
    ],
    [
      -18.76396369934082,
      -18.447290420532227,
      -17.228618621826172,
      -15.954833984375,
      -14.435478210449219,
      -13.986677169799805,
      -15.519415855407715,
      -16.524044036865234,
      -17.33000946044922,
      -18.06983757019043,
      -18.279714584350586
    ],
    [
      -14.725106239318848,
      -15.549778938293457,
      -15.008984565734863,
      -15.265268325805664,
      -14.939261436462402,
      -15.380468368530273,
      -15.534424781799316,
      -15.67701244354248,
      -15.583060264587402,
      -15.768141746520996,
      -14.93428897857666
    ],
    [
      -17.351531982421875,
      -18.104108810424805,
      -17.945058822631836,
      -17.390321731567383,
      -16.74420928955078,
      -16.423507690429688,
      -17.477590560913086,
      -17.36960792541504,
      -17.94798469543457,
      -18.522502899169922,
      -18.27141571044922
    ],
    [
      -17.907913208007812,
      -19.514516830444336,
      -18.402515411376953,
      -16.390762329101562,
      -13.948065757751465,
      -12.280723571777344,
      -14.675785064697266,
      -16.77347755432129,
      -17.878381729125977,
      -19.464767456054688,
      -20.571008682250977
    ],
    [
      -17.406496047973633,
      -18.867595672607422,
      -17.201841354370117,
      -16.035463333129883,
      -14.012344360351562,
      -13.106550216674805,
      -14.65471076965332,
      -15.864095687866211,
      -17.10000228881836,
      -18.237083435058594,
      -18.134695053100586
    ],
    [
      -19.910850524902344,
      -19.563016891479492,
      -18.846403121948242,
      -17.56429672241211,
      -16.798702239990234,
      -15.857216835021973,
      -17.29004669189453,
      -18.351511001586914,
      -18.467199325561523,
      -18.787235260009766,
      -19.874988555908203
    ],
    [
      -20.04042625427246,
      -19.18678092956543,
      -18.37796401977539,
      -17.03311538696289,
      -16.499422073364258,
      -14.48658561706543,
      -17.31637191772461,
      -18.082965850830078,
      -19.13080596923828,
      -19.3514404296875,
      -19.7417049407959
    ],
    [
      -18.288787841796875,
      -18.500703811645508,
      -18.99976348876953,
      -19.49949836730957,
      -17.69160270690918,
      -15.513201713562012,
      -18.742555618286133,
      -19.43570899963379,
      -19.824548721313477,
      -19.59564208984375,
      -19.321977615356445
    ],
    [
      -18.051471710205078,
      -18.750526428222656,
      -20.39763641357422,
      -19.997488021850586,
      -17.5526065826416,
      -15.031264305114746,
      -18.281648635864258,
      -19.197065353393555,
      -19.54065704345703,
      -17.273359298706055,
      -14.07753849029541
    ],
    [
      -16.45519256591797,
      -16.83782958984375,
      -20.067766189575195,
      -20.178768157958984,
      -18.099206924438477,
      -13.95390510559082,
      -18.986408233642578,
      -20.793336868286133,
      -19.49625587463379,
      -15.093493461608887,
      -14.891609191894531
    ],
    [
      -19.854963302612305,
      -19.491960525512695,
      -20.725292205810547,
      -20.84542465209961,
      -19.5897159576416,
      -15.8334321975708,
      -19.85276985168457,
      -20.880464553833008,
      -20.360212326049805,
      -17.621856689453125,
      -17.90929412841797
    ],
    [
      -20.848325729370117,
      -20.95172691345215,
      -20.0863094329834,
      -21.814939498901367,
      -20.0328311920166,
      -17.317577362060547,
      -21.301311492919922,
      -22.465877532958984,
      -21.058856964111328,
      -22.514041900634766,
      -22.300811767578125
    ],
    [
      -24.725072860717773,
      -22.196622848510742,
      -21.58530616760254,
      -23.189754486083984,
      -21.201875686645508,
      -17.934789657592773,
      -21.475645065307617,
      -22.25212860107422,
      -20.512126922607422,
      -22.6392765045166,
      -22.87005043029785
    ],
    [
      -23.52155876159668,
      -22.392986297607422,
      -21.999958038330078,
      -21.823314666748047,
      -22.123395919799805,
      -19.591306686401367,
      -22.0666446685791,
      -21.76351547241211,
      -22.11359977722168,
      -22.615449905395508,
      -23.45625114440918
    ],
    [
      -23.427881240844727,
      -23.802080154418945,
      -22.301679611206055,
      -22.102230072021484,
      -22.789533615112305,
      -18.973384857177734,
      -22.66580581665039,
      -21.910457611083984,
      -23.71572494506836,
      -24.433364868164062,
      -24.41372299194336
    ],
    [
      -21.862079620361328,
      -22.296512603759766,
      -23.068403244018555,
      -23.377885818481445,
      -21.073348999023438,
      -17.396135330200195,
      -21.215782165527344,
      -23.04695701599121,
      -23.0493106842041,
      -22.9458065032959,
      -24.62347412109375
    ],
    [
      -25.289642333984375,
      -23.389436721801758,
      -25.06290626525879,
      -24.278715133666992,
      -22.78548812866211,
      -18.39084243774414,
      -23.31585121154785,
      -25.048192977905273,
      -23.921260833740234,
      -24.81001853942871,
      -27.408206939697266
    ],
    [
      -29.606130599975586,
      -24.383710861206055,
      -24.144079208374023,
      -23.82380485534668,
      -23.49009895324707,
      -21.85267448425293,
      -23.282588958740234,
      -24.07285499572754,
      -24.50463104248047,
      -24.684547424316406,
      -23.432998657226562
    ],
    [
      -26.248891830444336,
      -23.8802433013916,
      -23.714040756225586,
      -23.562837600708008,
      -23.635103225708008,
      -23.30921745300293,
      -23.7590389251709,
      -23.80535888671875,
      -24.23862648010254,
      -24.77699089050293,
      -24.16632080078125
    ],
    [
      -19.456878662109375,
      -22.77560043334961,
      -22.548908233642578,
      -23.033462524414062,
      -23.415668487548828,
      -23.568416595458984,
      -23.203235626220703,
      -22.759122848510742,
      -22.855716705322266,
      -21.825611114501953,
      -23.202484130859375
    ],
    [
      -20.547361373901367,
      -22.346994400024414,
      -23.734790802001953,
      -23.589887619018555,
      -23.786439895629883,
      -25.024677276611328,
      -24.726648330688477,
      -24.17443084716797,
      -25.641225814819336,
      -26.497406005859375,
      -25.657554626464844
    ],
    [
      -25.156492233276367,
      -22.64986801147461,
      -24.08230209350586,
      -24.79323959350586,
      -23.946022033691406,
      -25.605148315429688,
      -25.949790954589844,
      -25.16265296936035,
      -26.156253814697266,
      -27.715795516967773,
      -32.23884582519531
    ],
    [
      -39.48417663574219,
      -22.727018356323242,
      -24.934446334838867,
      -24.936946868896484,
      -24.343942642211914,
      -25.019390106201172,
      -26.560413360595703,
      -26.664758682250977,
      -26.574697494506836,
      -29.481990814208984,
      -32.91620635986328
    ],
    [
      -370,
      -24.56682014465332,
      -26.853710174560547,
      -26.510541915893555,
      -26.220922470092773,
      -24.794069290161133,
      -27.053062438964844,
      -28.267480850219727,
      -28.171497344970703,
      -30.478635787963867,
      -36.82624816894531
    ],
    [
      -23.80343246459961,
      -28.854768753051758,
      -28.281780242919922,
      -28.079191207885742,
      -28.01738929748535,
      -27.678272247314453,
      -28.450885772705078,
      -29.7493953704834,
      -29.113134384155273,
      -27.040109634399414,
      -117.79060363769531
    ],
    [
      -29.596832275390625,
      -25.13829803466797,
      -28.34493637084961,
      -27.453718185424805,
      -27.84250259399414,
      -27.969404220581055,
      -28.66720199584961,
      -30.591184616088867,
      -31.53512191772461,
      -37.794517517089844,
      -48.31851577758789
    ],
    [
      -370,
      -25.659786224365234,
      -30.163681030273438,
      -28.442251205444336,
      -26.994733810424805,
      -27.777021408081055,
      -28.195453643798828,
      -30.393102645874023,
      -32.69913864135742,
      -27.881046295166016,
      -117.06687927246094
    ],
    [
      -32.638484954833984,
      -28.524009704589844,
      -31.702211380004883,
      -28.519689559936523,
      -28.09096336364746,
      -28.64023208618164,
      -28.53078842163086,
      -29.62790870666504,
      -29.34920883178711,
      -28.236330032348633,
      -116.42988586425781
    ],
    [
      -370,
      -29.703140258789062,
      -30.20287322998047,
      -28.631982803344727,
      -29.4854679107666,
      -28.94851303100586,
      -28.91958999633789,
      -29.894689559936523,
      -32.181915283203125,
      -32.259605407714844,
      -36.64201354980469
    ],
    [
      -27.57693862915039,
      -29.847978591918945,
      -28.576080322265625,
      -30.435832977294922,
      -30.05235481262207,
      -28.947895050048828,
      -30.234844207763672,
      -31.56707000732422,
      -33.64227294921875,
      -32.12229919433594,
      -39.9157600402832
    ],
    [
      -27.8344669342041,
      -29.002138137817383,
      -30.37971305847168,
      -31.459741592407227,
      -31.554765701293945,
      -31.008914947509766,
      -31.48626708984375,
      -31.756025314331055,
      -35.82180404663086,
      -28.940893173217773,
      -115.08443450927734
    ],
    [
      -30.46575927734375,
      -28.764690399169922,
      -30.750133514404297,
      -33.015079498291016,
      -32.71601486206055,
      -33.18833923339844,
      -32.51871109008789,
      -31.407089233398438,
      -37.461708068847656,
      -28.734981536865234,
      -114.59051513671875
    ],
    [
      -30.16128921508789,
      -31.369686126708984,
      -33.726070404052734,
      -34.17529296875,
      -34.928565979003906,
      -35.55466079711914,
      -34.41617965698242,
      -34.682308197021484,
      -37.98149871826172,
      -30.47283935546875,
      -54.00432586669922
    ],
    [
      -38.68851852416992,
      -33.44562911987305,
      -35.463462829589844,
      -36.142478942871094,
      -35.84650421142578,
      -38.588539123535156,
      -36.70536422729492,
      -36.95899963378906,
      -43.676944732666016,
      -37.60800552368164,
      -114.18769836425781
    ],
    [
      -370,
      -35.67668914794922,
      -36.764442443847656,
      -37.50285339355469,
      -37.88835525512695,
      -40.078365325927734,
      -37.19511413574219,
      -37.24664306640625,
      -40.538143157958984,
      -38.135562896728516,
      -48.91347885131836
    ]
  ],
  "histogram": [
    {
      "db": -70,
      "frequency": 1
    },
    {
      "db": -69,
      "frequency": 0
    },
    {
      "db": -68,
      "frequency": 0
    },
    {
      "db": -67,
      "frequency": 0
    },
    {
      "db": -66,
      "frequency": 0
    },
    {
      "db": -65,
      "frequency": 0
    },
    {
      "db": -64,
      "frequency": 0
    },
    {
      "db": -63,
      "frequency": 0
    },
    {
      "db": -62,
      "frequency": 0
    },
    {
      "db": -61,
      "frequency": 0
    },
    {
      "db": -60,
      "frequency": 0
    },
    {
      "db": -59,
      "frequency": 0
    },
    {
      "db": -58,
      "frequency": 1
    },
    {
      "db": -57,
      "frequency": 0
    },
    {
      "db": -56,
      "frequency": 0
    },
    {
      "db": -55,
      "frequency": 0
    },
    {
      "db": -54,
      "frequency": 0
    },
    {
      "db": -53,
      "frequency": 0
    },
    {
      "db": -52,
      "frequency": 1
    },
    {
      "db": -51,
      "frequency": 0
    },
    {
      "db": -50,
      "frequency": 0
    },
    {
      "db": -49,
      "frequency": 0
    },
    {
      "db": -48,
      "frequency": 1
    },
    {
      "db": -47,
      "frequency": 0
    },
    {
      "db": -46,
      "frequency": 0
    },
    {
      "db": -45,
      "frequency": 1
    },
    {
      "db": -44,
      "frequency": 0
    },
    {
      "db": -43,
      "frequency": 0
    },
    {
      "db": -42,
      "frequency": 1
    },
    {
      "db": -41,
      "frequency": 0
    },
    {
      "db": -40,
      "frequency": 1
    },
    {
      "db": -39,
      "frequency": 1
    },
    {
      "db": -38,
      "frequency": 1
    },
    {
      "db": -37,
      "frequency": 2
    },
    {
      "db": -36,
      "frequency": 1
    },
    {
      "db": -35,
      "frequency": 2
    },
    {
      "db": -34,
      "frequency": 2
    },
    {
      "db": -33,
      "frequency": 2
    },
    {
      "db": -32,
      "frequency": 1
    },
    {
      "db": -31,
      "frequency": 2
    },
    {
      "db": -30,
      "frequency": 3
    },
    {
      "db": -29,
      "frequency": 2
    },
    {
      "db": -28,
      "frequency": 3
    },
    {
      "db": -27,
      "frequency": 3
    },
    {
      "db": -26,
      "frequency": 3
    },
    {
      "db": -25,
      "frequency": 3
    },
    {
      "db": -24,
      "frequency": 2
    },
    {
      "db": -23,
      "frequency": 3
    },
    {
      "db": -22,
      "frequency": 2
    },
    {
      "db": -21,
      "frequency": 4
    },
    {
      "db": -20,
      "frequency": 4
    },
    {
      "db": -19,
      "frequency": 8
    },
    {
      "db": -18,
      "frequency": 14
    },
    {
      "db": -17,
      "frequency": 38
    },
    {
      "db": -16,
      "frequency": 55
    },
    {
      "db": -15,
      "frequency": 46
    },
    {
      "db": -14,
      "frequency": 63
    },
    {
      "db": -13,
      "frequency": 96
    },
    {
      "db": -12,
      "frequency": 89
    },
    {
      "db": -11,
      "frequency": 109
    },
    {
      "db": -10,
      "frequency": 169
    },
    {
      "db": -9,
      "frequency": 236
    },
    {
      "db": -8,
      "frequency": 314
    },
    {
      "db": -7,
      "frequency": 423
    },
    {
      "db": -6,
      "frequency": 267
    },
    {
      "db": -5,
      "frequency": 102
    },
    {
      "db": -4,
      "frequency": 26
    },
    {
      "db": -3,
      "frequency": 2
    },
    {
      "db": -2,
      "frequency": 0
    },
    {
      "db": -1,
      "frequency": 0
    },
    {
      "db": 0,
      "frequency": 0
    },
    {
      "db": 1,
      "frequency": 0
    },
    {
      "db": 2,
