{
  "acoustic_entropy": 178.05343627929688,
  "bands": [
    {
      "high_freq": 148.1999969482422,
      "loudness": -21.36962890625,
      "loudness_range": 14.520216941833496,
      "mid_mean": -17.757814407348633,
      "mid_to_side_loudness": -23.46946907043457,
      "mid_to_side_loudness_range": 27.39003562927246,
      "side_mean": -37.7382926940918
    },
    {
      "high_freq": 392.3793640136719,
      "loudness": -21.289283752441406,
      "loudness_range": 12.569490432739258,
      "low_freq": 148.1999969482422,
      "mid_mean": -17.892967224121094,
      "mid_to_side_loudness": -12.289319038391113,
      "mid_to_side_loudness_range": 10.50167179107666,
      "side_mean": -30.510486602783203
    },
    {
      "high_freq": 794.6976318359375,
      "loudness": -24.6419620513916,
      "loudness_range": 14.32353401184082,
      "low_freq": 392.3793640136719,
      "mid_mean": -21.60517692565918,
      "mid_to_side_loudness": -9.209425926208496,
      "mid_to_side_loudness_range": 13.307328224182129,
      "side_mean": -31.09495735168457
    },
    {
      "high_freq": 1457.5709228515625,
      "loudness": -29.428972244262695,
      "loudness_range": 20.975704193115234,
      "low_freq": 794.6976318359375,
      "mid_mean": -26.422061920166016,
      "mid_to_side_loudness": -9.259053230285645,
      "mid_to_side_loudness_range": 12.980915069580078,
      "side_mean": -35.89516067504883
    },
    {
      "high_freq": 2549.74365234375,
      "loudness": -31.366601943969727,
      "loudness_range": 18.656108856201172,
      "low_freq": 1457.5709228515625,
      "mid_mean": -28.441818237304688,
      "mid_to_side_loudness": -8.633526802062988,
      "mid_to_side_loudness_range": 13.469358444213867,
      "side_mean": -37.24571228027344
    },
    {
      "high_freq": 4349.24462890625,
      "loudness": -30.73627281188965,
      "loudness_range": 16.507474899291992,
      "low_freq": 2549.74365234375,
      "mid_mean": -27.695968627929688,
      "mid_to_side_loudness": -9.775993347167969,
      "mid_to_side_loudness_range": 14.4342041015625,
      "side_mean": -37.60306167602539
    },
    {
      "high_freq": 7314.1640625,
      "loudness": -35.28876876831055,
      "loudness_range": 17.449420928955078,
      "low_freq": 4349.24462890625,
      "mid_mean": -32.48508071899414,
      "mid_to_side_loudness": -8.553367614746094,
      "mid_to_side_loudness_range": 15.401153564453125,
      "side_mean": -40.9748420715332
    },
    {
      "high_freq": 12199.2666015625,
      "loudness": -40.436283111572266,
      "loudness_range": 18.62576675415039,
      "low_freq": 7314.1640625,
      "mid_mean": -38.25009536743164,
      "mid_to_side_loudness": -6.6635870933532715,
      "mid_to_side_loudness_range": 17.680423736572266,
      "side_mean": -44.772335052490234
    },
    {
      "loudness": -48.17477035522461,
      "loudness_range": 20.308483123779297,
      "low_freq": 12199.2666015625,
      "mid_mean": -46.42152404785156,
      "mid_to_side_loudness": -5.262174129486084,
      "mid_to_side_loudness_range": 14.798948287963867,
      "side_mean": -52.816375732421875
    }
  ],
  "bands_short": [
    {
      "high_freq": 148.1999969482422,
      "loudness": -23.664165496826172,
      "loudness_range": 16.439632415771484,
      "mid_mean": -20.064048767089844,
      "mid_to_side_loudness": -23.91373634338379,
      "mid_to_side_loudness_range": 30.345767974853516,
      "side_mean": -42.242496490478516
    },
    {
      "high_freq": 392.3793640136719,
      "loudness": -21.254085540771484,
      "loudness_range": 15.367247581481934,
      "low_freq": 148.1999969482422,
      "mid_mean": -17.89166259765625,
      "mid_to_side_loudness": -12.873663902282715,
      "mid_to_side_loudness_range": 14.392060279846191,
      "side_mean": -31.076702117919922
    },
    {
      "high_freq": 794.6976318359375,
      "loudness": -25.635860443115234,
      "loudness_range": 17.291269302368164,
      "low_freq": 392.3793640136719,
      "mid_mean": -22.70377540588379,
      "mid_to_side_loudness": -9.168431282043457,
      "mid_to_side_loudness_range": 15.68191146850586,
      "side_mean": -32.13885498046875
    },
    {
      "high_freq": 1457.5709228515625,
      "loudness": -29.716997146606445,
      "loudness_range": 22.52890396118164,
      "low_freq": 794.6976318359375,
      "mid_mean": -26.818714141845703,
      "mid_to_side_loudness": -8.954384803771973,
      "mid_to_side_loudness_range": 15.262901306152344,
      "side_mean": -36.050025939941406
    },
    {
      "high_freq": 2549.74365234375,
      "loudness": -32.67749786376953,
      "loudness_range": 21.20637321472168,
      "low_freq": 1457.5709228515625,
      "mid_mean": -29.93203353881836,
      "mid_to_side_loudness": -8.061355590820312,
      "mid_to_side_loudness_range": 15.242843627929688,
      "side_mean": -38.168006896972656
    },
    {
      "high_freq": 4349.24462890625,
      "loudness": -31.65060043334961,
      "loudness_range": 19.45652198791504,
      "low_freq": 2549.74365234375,
      "mid_mean": -28.682750701904297,
      "mid_to_side_loudness": -9.641938209533691,
      "mid_to_side_loudness_range": 15.643289566040039,
      "side_mean": -38.48134994506836
    },
    {
      "high_freq": 7314.1640625,
      "loudness": -36.45914077758789,
      "loudness_range": 20.827342987060547,
      "low_freq": 4349.24462890625,
      "mid_mean": -33.70682907104492,
      "mid_to_side_loudness": -8.660335540771484,
      "mid_to_side_loudness_range": 17.18031120300293,
      "side_mean": -42.392818450927734
    },
    {
      "high_freq": 12199.2666015625,
      "loudness": -42.6819953918457,
      "loudness_range": 24.008743286132812,
      "low_freq": 7314.1640625,
      "mid_mean": -40.58974838256836,
      "mid_to_side_loudness": -7.37306547164917,
      "mid_to_side_loudness_range": 21.07413101196289,
      "side_mean": -48.141029357910156
    },
    {
      "loudness": -51.55376052856445,
      "loudness_range": 26.40863037109375,
      "low_freq": 12199.2666015625,
      "mid_mean": -50.81816101074219,
      "mid_to_side_loudness": -7.286652088165283,
      "mid_to_side_loudness_range": 21.7341251373291,
      "side_mean": -56.820133209228516
    }
  ],
  "bandwidth": 389.512939453125,
  "channels": 2,
  "covariance": [
    [
      29.088733673095703,
      20.214111328125,
      18.679275512695312,
      19.74201774597168,
      12.158307075500488,
      21.357223510742188,
      16.40898895263672,
      25.17375946044922,
      13.464254379272461,
      22.57060432434082,
      15.087716102600098,
      26.942331314086914,
      14.272015571594238,
      28.842119216918945,
      12.800019264221191,
      30.989736557006836,
      13.676912307739258,
      35.59832000732422
    ],
    [
      20.214111328125,
      72.63919830322266,
      20.64957046508789,
      25.027055740356445,
      17.129846572875977,
      27.794729232788086,
      23.005512237548828,
      31.754255294799805,
      16.32149887084961,
      26.20113754272461,
      21.325632095336914,
      31.91366958618164,
      23.382402420043945,
      37.86079788208008,
      21.505325317382812,
      34.63483810424805,
      22.604825973510742,
      41.03807067871094
    ],
    [
      18.679275512695312,
      20.64957046508789,
      23.478336334228516,
      20.533401489257812,
      15.804999351501465,
      21.122024536132812,
      17.91407585144043,
      25.122041702270508,
      17.425321578979492,
      22.86334800720215,
      19.23980712890625,
      27.33734893798828,
      16.07267951965332,
      27.972715377807617,
      14.570964813232422,
      28.175622940063477,
      15.152587890625,
      34.172813415527344
    ],
    [
      19.74201774597168,
      25.027055740356445,
      20.533401489257812,
      31.373220443725586,
      14.523358345031738,
      26.74615478515625,
      17.296388626098633,
      27.627845764160156,
      15.482892990112305,
      24.599828720092773,
      17.78128433227539,
      30.359607696533203,
      15.089876174926758,
      30.82297134399414,
      15.541732788085938,
      31.318904876708984,
      16.97559356689453,
      36.78632736206055
    ],
    [
      12.158307075500488,
      17.129846572875977,
      15.804999351501465,
      14.523358345031738,
      29.43416976928711,
      25.27242660522461,
      29.19470977783203,
      26.134342193603516,
      21.559715270996094,
      19.994247436523438,
      21.068578720092773,
      20.513751983642578,
      15.77287483215332,
      19.38666343688965,
      12.109169960021973,
      18.606279373168945,
      13.039902687072754,
      25.3705997467041
    ],
    [
      21.357223510742188,
      27.794729232788086,
      21.122024536132812,
      26.74615478515625,
      25.27242660522461,
      40.46965408325195,
      25.916196823120117,
      35.905086517333984,
      20.29393768310547,
      30.516340255737305,
      22.40017318725586,
      36.21173858642578,
      19.547821044921875,
      37.16667938232422,
      15.999189376831055,
      36.06849670410156,
      17.83289337158203,
      41.66745376586914
    ],
    [
      16.40898895263672,
      23.005512237548828,
      17.91407585144043,
      17.296388626098633,
      29.19470977783203,
      25.916196823120117,
      49.63361740112305,
      39.32394027709961,
      23.883541107177734,
      24.846567153930664,
      23.797086715698242,
      24.709251403808594,
      18.32478141784668,
      23.494918823242188,
      13.38888168334961,
      22.997385025024414,
      16.417007446289062,
      30.53643035888672
    ],
    [
      25.17375946044922,
      31.754255294799805,
      25.122041702270508,
      27.627845764160156,
      26.134342193603516,
      35.905086517333984,
      39.32394027709961,
      48.880699157714844,
      25.076473236083984,
      36.22273254394531,
      27.219322204589844,
      41.44084167480469,
      23.578357696533203,
      42.189903259277344,
      20.19365119934082,
      41.883872985839844,
      23.525854110717773,
      47.77543258666992
    ],
    [
      13.464254379272461,
      16.32149887084961,
      17.425321578979492,
      15.482892990112305,
      21.559715270996094,
      20.29393768310547,
      23.883541107177734,
      25.076473236083984,
      41.21107482910156,
      29.204885482788086,
      31.07272720336914,
      26.734663009643555,
      23.094568252563477,
      24.576257705688477,
      22.08338165283203,
      24.779706954956055,
      20.569517135620117,
      33.0994758605957
    ],
    [
      22.57060432434082,
      26.20113754272461,
      22.86334800720215,
      24.599828720092773,
      19.994247436523438,
      30.516340255737305,
      24.846567153930664,
      36.22273254394531,
      29.204885482788086,
      38.59388732910156,
      27.391874313354492,
      42.10415267944336,
      24.980871200561523,
      43.51317596435547,
      23.428325653076172,
      43.37579345703125,
      24.876075744628906,
      49.35009765625
    ],
    [
      15.087716102600098,
      21.325632095336914,
      19.23980712890625,
      17.78128433227539,
      21.068578720092773,
      22.40017318725586,
      23.797086715698242,
      27.219322204589844,
      31.07272720336914,
      27.391874313354492,
      33.781192779541016,
      32.11758804321289,
      25.24629783630371,
      30.633586883544922,
      23.006032943725586,
      28.4902286529541,
      20.459169387817383,
      34.214447021484375
    ],
    [
      26.942331314086914,
      31.91366958618164,
      27.33734893798828,
      30.359607696533203,
      20.513751983642578,
      36.21173858642578,
      24.709251403808594,
      41.44084167480469,
      26.734663009643555,
      42.10415267944336,
      32.11758804321289,
      54.37538528442383,
      29.173307418823242,
      56.07318115234375,
      26.940570831298828,
      54.55599594116211,
      27.900238037109375,
      58.11593246459961
    ],
    [
      14.272015571594238,
      23.382402420043945,
      16.07267951965332,
      15.089876174926758,
      15.77287483215332,
      19.547821044921875,
      18.32478141784668,
      23.578357696533203,
      23.094568252563477,
      24.980871200561523,
      25.24629783630371,
      29.173307418823242,
      35.69611740112305,
      37.38732147216797,
      32.09467315673828,
      33.01902770996094,
      30.85309410095215,
      38.834964752197266
    ],
    [
      28.842119216918945,
      37.86079788208008,
      27.972715377807617,
      30.82297134399414,
      19.38666343688965,
      37.16667938232422,
      23.494918823242188,
      42.189903259277344,
      24.576257705688477,
      43.51317596435547,
      30.633586883544922,
      56.07318115234375,
      37.38732147216797,
      71.16004180908203,
      33.24641799926758,
      67.44335174560547,
      35.29277038574219,
      71.91895294189453
    ],
    [
      12.800019264221191,
      21.505325317382812,
      14.570964813232422,
      15.541732788085938,
      12.109169960021973,
      15.999189376831055,
      13.38888168334961,
      20.19365119934082,
      22.08338165283203,
      23.428325653076172,
      23.006032943725586,
      26.940570831298828,
      32.09467315673828,
      33.24641799926758,
      45.09231185913086,
      38.093650817871094,
      43.00373840332031,
      40.894081115722656
    ],
    [
      30.989736557006836,
      34.63483810424805,
      28.175622940063477,
      31.318904876708984,
      18.606279373168945,
      36.06849670410156,
      22.997385025024414,
      41.883872985839844,
      24.779706954956055,
      43.37579345703125,
      28.4902286529541,
      54.55599594116211,
      33.01902770996094,
      67.44335174560547,
      38.093650817871094,
      83.00421142578125,
      42.58649826049805,
      81.8450698852539
    ],
    [
      13.676912307739258,
      22.604825973510742,
      15.152587890625,
      16.97559356689453,
      13.039902687072754,
      17.83289337158203,
      16.417007446289062,
      23.525854110717773,
      20.569517135620117,
      24.876075744628906,
      20.459169387817383,
      27.900238037109375,
      30.85309410095215,
      35.29277038574219,
      43.00373840332031,
      42.58649826049805,
      50.82225036621094,
      49.189117431640625
    ],
    [
      35.59832000732422,
      41.03807067871094,
      34.172813415527344,
      36.78632736206055,
      25.3705997467041,
      41.66745376586914,
      30.53643035888672,
      47.77543258666992,
      33.0994758605957,
      49.35009765625,
      34.214447021484375,
      58.11593246459961,
      38.834964752197266,
      71.91895294189453,
      40.894081115722656,
      81.8450698852539,
      49.189117431640625,
      101.62983703613281
    ]
  ],
  "covariance_short": [
    [
      30.9627628326416,
      22.730501174926758,
      18.593576431274414,
      15.156281471252441,
      9.784675598144531,
      15.346807479858398,
      12.697429656982422,
      19.461275100708008,
      11.664695739746094,
      17.853870391845703,
      12.288753509521484,
      20.986726760864258,
      12.353697776794434,
      22.858333587646484,
      11.324241638183594,
      25.69439125061035,
      15.612007141113281,
      25.746889114379883
    ],
    [
      22.730501174926758,
      95.24849700927734,
      27.516427993774414,
      32.616172790527344,
      21.084936141967773,
      35.06523132324219,
      26.745981216430664,
      39.92954635620117,
      19.87300682067871,
      33.0252799987793,
      25.827287673950195,
      41.550994873046875,
      29.257450103759766,
      49.58254623413086,
      29.703353881835938,
      53.8560905456543,
      31.728538513183594,
      49.15324020385742
    ],
    [
      18.593576431274414,
      27.516427993774414,
      31.337486267089844,
      23.655410766601562,
      19.41112518310547,
      23.660675048828125,
      20.8363037109375,
      28.087867736816406,
      20.253557205200195,
      25.140316009521484,
      21.96976089477539,
      29.822050094604492,
      18.824031829833984,
      31.3636474609375,
      19.099870681762695,
      34.46274948120117,
      25.188465118408203,
      35.56633758544922
    ],
    [
      15.156281471252441,
      32.616172790527344,
      23.655410766601562,
      42.40887451171875,
      18.09855842590332,
      30.731340408325195,
      20.700374603271484,
      31.335010528564453,
      17.548080444335938,
      26.049238204956055,
      19.970598220825195,
      32.009552001953125,
      17.904043197631836,
      33.63698196411133,
      20.121755599975586,
      36.44573211669922,
      26.44930076599121,
      37.60224533081055
    ],
    [
      9.784675598144531,
      21.084936141967773,
      19.41112518310547,
      18.09855842590332,
      41.62826156616211,
      31.189964294433594,
      35.63713455200195,
      30.03174591064453,
      28.317914962768555,
      22.847095489501953,
      27.30653953552246,
      23.778778076171875,
      21.48786735534668,
      23.093963623046875,
      19.30550193786621,
      24.541561126708984,
      26.635547637939453,
      28.425495147705078
    ],
    [
      15.346807479858398,
      35.06523132324219,
      23.660675048828125,
      30.731340408325195,
      31.189964294433594,
      49.52396011352539,
      30.156129837036133,
      39.80940246582031,
      24.2425537109375,
      32.56998825073242,
      25.791439056396484,
      38.493370056152344,
      24.774497985839844,
      41.285640716552734,
      22.49293327331543,
      42.14731216430664,
      29.202739715576172,
      42.76864242553711
    ],
    [
      12.697429656982422,
      26.745981216430664,
      20.8363037109375,
      20.700374603271484,
      35.63713455200195,
      30.156129837036133,
      60.35624694824219,
      44.033660888671875,
      30.193077087402344,
      27.370262145996094,
      29.839067459106445,
      27.29842758178711,
      23.82965087890625,
      26.686365127563477,
      18.85259437561035,
      28.123767852783203,
      29.47890853881836,
      32.11979293823242
    ],
    [
      19.461275100708008,
      39.92954635620117,
      28.087867736816406,
      31.335010528564453,
      30.03174591064453,
      39.80940246582031,
      44.033660888671875,
      56.791259765625,
      28.27518081665039,
      38.490299224853516,
      30.22333335876465,
      43.66484832763672,
      28.408170700073242,
      45.763954162597656,
      25.503742218017578,
      47.07674789428711,
      34.1627082824707,
      48.09285354614258
    ],
    [
      11.664695739746094,
      19.87300682067871,
      20.253557205200195,
      17.548080444335938,
      28.317914962768555,
      24.2425537109375,
      30.193077087402344,
      28.27518081665039,
      55.156673431396484,
      34.59254837036133,
      40.695735931396484,
      32.15841293334961,
      30.903390884399414,
      29.562955856323242,
      31.892749786376953,
      33.64906692504883,
      34.5306282043457,
      35.132999420166016
    ],
    [
      17.853870391845703,
      33.0252799987793,
      25.140316009521484,
      26.049238204956055,
      22.847095489501953,
      32.56998825073242,
      27.370262145996094,
      38.490299224853516,
      34.59254837036133,
      43.8740119934082,
      31.58548355102539,
      45.715858459472656,
      30.456911087036133,
      48.014915466308594,
      30.554405212402344,
      51.98268508911133,
      34.927635192871094,
      50.15309143066406
    ],
    [
      12.288753509521484,
      25.827287673950195,
      21.96976089477539,
      19.970598220825195,
      27.30653953552246,
      25.791439056396484,
      29.839067459106445,
      30.22333335876465,
      40.695735931396484,
      31.58548355102539,
      46.0978889465332,
      37.79468536376953,
      34.67671585083008,
      36.76628112792969,
      34.68345260620117,
      37.901153564453125,
      35.71534729003906,
      37.136817932128906
    ],
    [
      20.986726760864258,
      41.550994873046875,
      29.822050094604492,
      32.009552001953125,
      23.778778076171875,
      38.493370056152344,
      27.29842758178711,
      43.66484832763672,
      32.15841293334961,
      45.715858459472656,
      37.79468536376953,
      60.409481048583984,
      36.221797943115234,
      63.304443359375,
      36.12821578979492,
      66.16893005371094,
      38.341800689697266,
      61.25546646118164
    ],
    [
      12.353697776794434,
      29.257450103759766,
      18.824031829833984,
      17.904043197631836,
      21.48786735534668,
      24.774497985839844,
      23.82965087890625,
      28.408170700073242,
      30.903390884399414,
      30.456911087036133,
      34.67671585083008,
      36.221797943115234,
      47.83848190307617,
      46.29082107543945,
      45.61396026611328,
      48.02714920043945,
      48.12480926513672,
      45.42755889892578
    ],
    [
      22.858333587646484,
      49.58254623413086,
      31.3636474609375,
      33.63698196411133,
      23.093963623046875,
      41.285640716552734,
      26.686365127563477,
      45.763954162597656,
      29.562955856323242,
      48.014915466308594,
      36.76628112792969,
      63.304443359375,
      46.29082107543945,
      84.60446166992188,
      45.25861358642578,
      87.93656158447266,
      49.819908142089844,
      80.13507843017578
    ],
    [
      11.324241638183594,
      29.703353881835938,
      19.099870681762695,
      20.121755599975586,
      19.30550193786621,
      22.49293327331543,
      18.85259437561035,
      25.503742218017578,
      31.892749786376953,
      30.554405212402344,
      34.68345260620117,
      36.12821578979492,
      45.61396026611328,
      45.25861358642578,
      67.2955093383789,
      57.37651062011719,
      64.07832336425781,
      56.746089935302734
    ],
    [
      25.69439125061035,
      53.8560905456543,
      34.46274948120117,
      36.44573211669922,
      24.541561126708984,
      42.14731216430664,
      28.123767852783203,
      47.07674789428711,
      33.64906692504883,
      51.98268508911133,
      37.901153564453125,
      66.16893005371094,
      48.02714920043945,
      87.93656158447266,
      57.37651062011719,
      112.797119140625,
      63.93617248535156,
      103.83331298828125
    ],
    [
      15.612007141113281,
      31.728538513183594,
      25.188465118408203,
      26.44930076599121,
      26.635547637939453,
      29.202739715576172,
      29.47890853881836,
      34.1627082824707,
      34.5306282043457,
      34.927635192871094,
      35.71534729003906,
      38.341800689697266,
      48.12480926513672,
      49.819908142089844,
      64.07832336425781,
      63.93617248535156,
      90.10151672363281,
      76.56488800048828
    ],
    [
      25.746889114379883,
      49.15324020385742,
      35.56633758544922,
      37.60224533081055,
      28.425495147705078,
      42.76864242553711,
      32.11979293823242,
      48.09285354614258,
      35.132999420166016,
      50.15309143066406,
      37.136817932128906,
      61.25546646118164,
      45.42755889892578,
      80.13507843017578,
      56.746089935302734,
      103.83331298828125,
      76.56488800048828,
      110.80142211914062
    ]
  ],
  "damage": -5.90402889251709,
  "diff_bandwidth": 416.7338562011719,
  "dissonance": 7.7292237591859045,
  "drr": 15.039301872253418,
  "dynamics": 3.795290470123291,
  "format": 65538,
  "frames": 9373611,
  "freq_pan_to_db": [
    [
      -14.747908592224121,
      -16.473705291748047,
      -14.131340026855469,
      -11.85583209991455,
      -10.684557914733887,
      -12.239089965820312,
      -12.47918701171875,
      -13.327239036560059,
      -14.905747413635254,
      -15.37160873413086,
      -16.909439086914062
    ],
    [
      -16.39011001586914,
      -16.255523681640625,
      -13.580617904663086,
      -11.972851753234863,
      -9.029829025268555,
      -9.756049156188965,
      -8.329946517944336,
      -10.681795120239258,
      -12.812865257263184,
      -15.358121871948242,
      -16.64993667602539
    ],
    [
      -15.02095890045166,
      -13.973814964294434,
      -13.009061813354492,
      -12.474608421325684,
      -10.281878471374512,
      -10.627731323242188,
      -11.060956954956055,
      -12.254014015197754,
      -13.401439666748047,
      -15.183552742004395,
      -16.255762100219727
    ],
    [
      -16.812511444091797,
      -15.67656421661377,
      -13.155487060546875,
      -11.399332046508789,
      -11.287773132324219,
      -11.746458053588867,
      -12.036783218383789,
      -13.418575286865234,
      -15.461080551147461,
      -16.25786018371582,
      -18.350618362426758
    ],
    [
      -15.424247741699219,
      -14.699143409729004,
      -12.59316349029541,
      -12.36325454711914,
      -11.788528442382812,
      -13.162261009216309,
      -12.849162101745605,
      -13.599359512329102,
      -14.121147155761719,
      -15.198514938354492,
      -16.03148651123047
    ],
    [
      -22.912446975708008,
      -19.43639373779297,
      -17.33974266052246,
      -15.578800201416016,
      -14.244138717651367,
      -14.608882904052734,
      -15.425155639648438,
      -16.185871124267578,
      -17.537809371948242,
      -19.877735137939453,
      -21.927749633789062
    ],
    [
      -18.426504135131836,
      -17.919448852539062,
      -16.5166015625,
      -15.585988998413086,
      -14.619025230407715,
      -14.478984832763672,
      -14.757133483886719,
      -15.023850440979004,
      -16.048397064208984,
      -16.81839942932129,
      -17.927507400512695
    ],
    [
      -21.803237915039062,
      -22.224201202392578,
      -20.241382598876953,
      -18.726781845092773,
      -16.80061912536621,
      -16.130908966064453,
      -17.866968154907227,
      -19.070945739746094,
      -20.017244338989258,
      -20.600019454956055,
      -22.04953956604004
    ],
    [
      -17.571063995361328,
      -17.848844528198242,
      -17.698200225830078,
      -17.444162368774414,
      -17.101741790771484,
      -17.537961959838867,
      -17.874866485595703,
      -17.834312438964844,
      -18.013856887817383,
      -18.02365493774414,
      -17.36383056640625
    ],
    [
      -20.51872444152832,
      -21.28139877319336,
      -20.72654914855957,
      -20.56985092163086,
      -19.44427490234375,
      -19.282400131225586,
      -20.049070358276367,
      -20.604379653930664,
      -21.22614288330078,
      -21.6889705657959,
      -21.784095764160156
    ],
    [
      -22.84763526916504,
      -23.13874626159668,
      -23.378786087036133,
      -20.771224975585938,
      -17.824539184570312,
      -15.655139923095703,
      -18.799320220947266,
      -20.511457443237305,
      -22.230623245239258,
      -23.902803421020508,
      -24.76743507385254
    ],
    [
      -21.897146224975586,
      -23.582481384277344,
      -22.002071380615234,
      -20.035043716430664,
      -18.04863929748535,
      -16.535831451416016,
      -18.652244567871094,
      -20.54657745361328,
      -22.101255416870117,
      -22.624319076538086,
      -23.06883430480957
    ],
    [
      -24.737564086914062,
      -24.880640029907227,
      -23.545719146728516,
      -22.32953453063965,
      -21.318885803222656,
      -19.8746337890625,
      -21.760284423828125,
      -23.230785369873047,
      -23.057567596435547,
      -24.064912796020508,
      -24.025909423828125
    ],
    [
      -24.26347541809082,
      -23.985076904296875,
      -23.803993225097656,
      -22.3408145904541,
      -21.42469024658203,
      -19.04876136779785,
      -22.272296905517578,
      -23.419755935668945,
      -23.81562042236328,
      -25.125226974487305,
      -25.538515090942383
    ],
    [
      -23.249526977539062,
      -23.674861907958984,
      -25.108068466186523,
      -25.014360427856445,
      -23.71942710876465,
      -20.550382614135742,
      -24.288158416748047,
      -24.570417404174805,
      -25.313499450683594,
      -25.251157760620117,
      -24.09637451171875
    ],
    [
      -23.25992202758789,
      -25.335947036743164,
      -25.704797744750977,
      -26.449228286743164,
      -24.0147762298584,
      -20.836702346801758,
      -24.24995994567871,
      -25.98565101623535,
      -25.829801559448242,
      -23.81143569946289,
      -20.773340225219727
    ],
    [
      -23.588214874267578,
      -23.52138328552246,
      -26.91396141052246,
      -27.082433700561523,
      -25.39158058166504,
      -20.392913818359375,
      -26.17469024658203,
      -27.964096069335938,
      -25.77152442932129,
      -21.17168617248535,
      -21.870771408081055
    ],
    [
      -27.542680740356445,
      -27.480440139770508,
      -28.213396072387695,
      -28.28888511657715,
      -27.499858856201172,
      -23.12504768371582,
      -27.556642532348633,
      -28.40204429626465,
      -27.67985725402832,
      -25.051116943359375,
      -25.29529571533203
    ],
    [
      -30.783849716186523,
      -29.761653900146484,
      -28.493284225463867,
      -29.952308654785156,
      -28.413177490234375,
      -25.358213424682617,
      -29.74675178527832,
      -30.997608184814453,
      -29.44957733154297,
      -31.30307388305664,
      -29.52083396911621
    ],
    [
      -32.85263442993164,
      -31.777069091796875,
      -30.787620544433594,
      -32.5564079284668,
      -30.29793930053711,
      -26.956754684448242,
      -30.69917869567871,
      -31.49852752685547,
      -29.417558670043945,
      -31.830320358276367,
      -32.5563850402832
    ],
    [
      -31.791044235229492,
      -31.654245376586914,
      -31.616971969604492,
      -31.42379379272461,
      -31.63001823425293,
      -28.900484085083008,
      -31.540578842163086,
      -31.292470932006836,
      -31.593416213989258,
      -31.903873443603516,
      -32.13847351074219
    ],
    [
      -31.4641170501709,
      -33.059627532958984,
      -32.3511962890625,
      -31.925207138061523,
      -32.4937744140625,
      -27.991106033325195,
      -31.975637435913086,
      -31.572771072387695,
      -33.16465377807617,
      -33.64145278930664,
      -33.28932571411133
    ],
    [
      -31.655059814453125,
      -31.217212677001953,
      -33.042293548583984,
      -33.082313537597656,
      -30.57563591003418,
      -26.125131607055664,
      -30.71481704711914,
      -32.389095306396484,
      -32.53342819213867,
      -32.9074592590332,
      -35.028709411621094
    ],
    [
      -34.467838287353516,
      -32.314666748046875,
      -34.341773986816406,
      -33.4760856628418,
      -32.188568115234375,
      -26.815021514892578,
      -32.310028076171875,
      -33.494415283203125,
      -32.5653076171875,
      -33.38863754272461,
      -36.724544525146484
    ],
    [
      -34.91535568237305,
      -32.6553955078125,
      -32.3833122253418,
      -32.1765251159668,
      -32.244625091552734,
      -30.08679962158203,
      -31.57687759399414,
      -31.819700241088867,
      -32.886993408203125,
      -33.102027893066406,
      -30.68977165222168
    ],
    [
      -33.00082015991211,
      -31.827611923217773,
      -31.764629364013672,
      -32.01217269897461,
      -31.930335998535156,
      -31.46489715576172,
      -31.940231323242188,
      -31.866392135620117,
      -32.06196212768555,
      -32.205570220947266,
      -32.23617935180664
    ],
    [
      -30.306930541992188,
      -30.56067657470703,
      -30.782373428344727,
      -31.40837287902832,
      -31.619293212890625,
      -31.91192626953125,
      -31.0822811126709,
      -30.82142448425293,
      -30.53180503845215,
      -30.078035354614258,
      -28.036354064941406
    ],
    [
      -28.368261337280273,
      -29.789180755615234,
      -31.926755905151367,
      -32.00816345214844,
      -32.472110748291016,
      -33.60969161987305,
      -32.98801803588867,
      -32.63125991821289,
      -33.69446563720703,
      -34.55895233154297,
      -34.1667594909668
    ],
    [
      -31.65657615661621,
      -31.338531494140625,
      -32.23005294799805,
      -33.573875427246094,
      -33.18156051635742,
      -35.28435134887695,
      -33.555763244628906,
      -33.31853485107422,
      -35.204837799072266,
      -35.7548942565918,
      -370
    ],
    [
      -31.202150344848633,
      -32.04831314086914,
      -33.094730377197266,
      -33.768001556396484,
      -33.78813552856445,
      -34.56341552734375,
      -35.3636474609375,
      -34.72901153564453,
      -35.439083099365234,
      -38.73908615112305,
      -38.22903823852539
    ],
    [
      -36.89079666137695,
      -33.73849105834961,
      -34.53771209716797,
      -35.279136657714844,
      -35.43095779418945,
      -34.140625,
      -36.2860221862793,
      -36.08917999267578,
      -36.447052001953125,
      -38.75754165649414,
      -59.79682922363281
    ],
    [
      -370,
      -33.1575813293457,
      -36.498077392578125,
      -36.58995056152344,
      -37.29304885864258,
      -36.99251937866211,
      -37.56388473510742,
      -37.54083251953125,
      -37.942806243896484,
      -37.634033203125,
      -33.77464294433594
    ],
    [
      -370,
      -34.07989501953125,
      -38.36551284790039,
      -37.06053161621094,
      -38.3452262878418,
      -37.95979309082031,
      -38.77882766723633,
      -38.555599212646484,
      -39.55081558227539,
      -38.59363555908203,
      -37.82257843017578
    ],
    [
      -370,
      -42.745574951171875,
      -41.00815963745117,
      -38.31336212158203,
      -38.30546569824219,
      -39.07191848754883,
      -39.18048858642578,
      -39.834869384765625,
      -42.323360443115234,
      -39.991695404052734,
      -370
    ],
    [
      -370,
      -43.157291412353516,
      -38.04701614379883,
      -39.280879974365234,
      -38.97254943847656,
      -40.32954025268555,
      -39.75387954711914,
      -39.61210250854492,
      -41.47385787963867,
      -38.34001922607422,
      -370
    ],
    [
      -370,
      -41.15971755981445,
      -37.22584915161133,
      -40.068389892578125,
      -40.77694320678711,
      -40.36029815673828,
      -40.27510070800781,
      -40.80512619018555,
      -42.429134368896484,
      -42.57588195800781,
      -46.6176872253418
    ],
    [
      -40.261104583740234,
      -40.73712921142578,
      -40.781402587890625,
      -40.44938659667969,
      -41.06813049316406,
      -40.36268615722656,
      -41.666351318359375,
      -41.975860595703125,
      -44.0394401550293,
      -43.287498474121094,
      -49.83916473388672
    ],
    [
      -40.08028793334961,
      -42.32793426513672,
      -41.44933319091797,
      -42.19213104248047,
      -43.12453842163086,
      -42.79000473022461,
      -43.62174606323242,
      -42.878726959228516,
      -44.869728088378906,
      -41.64042282104492,
      -40.046871185302734
    ],
    [
      -41.968204498291016,
      -42.42136764526367,
      -41.67532730102539,
      -44.37456512451172,
      -44.91426467895508,
      -45.37965774536133,
      -44.74302291870117,
      -43.22895050048828,
      -47.14009094238281,
      -42.44878005981445,
      -51.289649963378906
    ],
    [
      -43.16262435913086,
      -45.24380111694336,
      -44.10110092163086,
      -45.42731857299805,
      -46.8458366394043,
      -48.075504302978516,
      -46.22513198852539,
      -46.19205093383789,
      -48.37480926513672,
      -43.603641510009766,
      -370
    ],
    [
      -46.487579345703125,
      -46.668331146240234,
      -47.907867431640625,
      -46.605403900146484,
      -48.431697845458984,
      -50.698909759521484,
      -48.97563171386719,
      -48.0323371887207,
      -52.77230453491211,
      -50.15871047973633,
      -43.65590286254883
    ],
    [
      -45.817386627197266,
      -49.064666748046875,
      -47.53007125854492,
      -47.85137176513672,
      -49.23024368286133,
      -52.67366409301758,
      -49.24394226074219,
      -47.75564193725586,
      -47.95121383666992,
      -49.00392150878906,
      -50.60531234741211
    ]
  ],
  "histogram": [
    {
      "db": -70,
      "frequency": 0
    },
    {
      "db": -69,
      "frequency": 0
    },
    {
      "db": -68,
      "frequency": 0
    },
    {
      "db": -67,
      "frequency": 1
    },
    {
      "db": -66,
      "frequency": 0
    },
    {
      "db": -65,
      "frequency": 0
    },
    {
      "db": -64,
      "frequency": 0
    },
    {
      "db": -63,
      "frequency": 1
    },
    {
      "db": -62,
      "frequency": 0
    },
    {
      "db": -61,
      "frequency": 0
    },
    {
      "db": -60,
      "frequency": 1
    },
    {
      "db": -59,
      "frequency": 0
    },
    {
      "db": -58,
      "frequency": 0
    },
    {
      "db": -57,
      "frequency": 1
    },
    {
      "db": -56,
      "frequency": 0
    },
    {
      "db": -55,
      "frequency": 1
    },
    {
      "db": -54,
      "frequency": 0
    },
    {
      "db": -53,
      "frequency": 1
    },
    {
      "db": -52,
      "frequency": 1
    },
    {
      "db": -51,
      "frequency": 0
    },
    {
      "db": -50,
      "frequency": 1
    },
    {
      "db": -49,
      "frequency": 1
    },
    {
      "db": -48,
      "frequency": 1
    },
    {
      "db": -47,
      "frequency": 1
    },
    {
      "db": -46,
      "frequency": 1
    },
    {
      "db": -45,
      "frequency": 1
    },
    {
      "db": -44,
      "frequency": 1
    },
    {
      "db": -43,
      "frequency": 1
    },
    {
      "db": -42,
      "frequency": 2
    },
    {
      "db": -41,
      "frequency": 1
    },
    {
      "db": -40,
      "frequency": 1
    },
    {
      "db": -39,
      "frequency": 2
    },
    {
      "db": -38,
      "frequency": 1
    },
    {
      "db": -37,
      "frequency": 2
    },
    {
      "db": -36,
      "frequency": 2
    },
    {
      "db": -35,
      "frequency": 2
    },
    {
      "db": -34,
      "frequency": 2
    },
    {
      "db": -33,
      "frequency": 2
    },
    {
      "db": -32,
      "frequency": 2
    },
    {
      "db": -31,
      "frequency": 2
    },
    {
      "db": -30,
      "frequency": 1
    },
    {
      "db": -29,
      "frequency": 2
    },
    {
      "db": -28,
      "frequency": 2
    },
    {
      "db": -27,
      "frequency": 3
    },
    {
      "db": -26,
      "frequency": 7
    },
    {
      "db": -25,
      "frequency": 11
    },
    {
      "db": -24,
      "frequency": 7
    },
    {
      "db": -23,
      "frequency": 23
    },
    {
      "db": -22,
      "frequency": 46
    },
    {
      "db": -21,
      "frequency": 39
    },
    {
      "db": -20,
      "frequency": 51
    },
    {
      "db": -19,
      "frequency": 89
    },
    {
      "db": -18,
      "frequency": 80
    },
    {
      "db": -17,
      "frequency": 68
    },
    {
      "db": -16,
      "frequency": 82
    },
    {
      "db": -15,
      "frequency": 83
    },
    {
      "db": -14,
      "frequency": 63
    },
    {
      "db": -13,
      "frequency": 115
    },
    {
      "db": -12,
      "frequency": 275
    },
    {
      "db": -11,
      "frequency": 460
    },
    {
      "db": -10,
      "frequency": 382
    },
    {
      "db": -9,
      "frequency": 170
    },
    {
      "db": -8,
      "frequency": 13
    },
    {
      "db": -7,
      "frequency": 0
    },
    {
      "db": -6,
      "frequency": 0
    },
    {
      "db": -5,
      "frequency": 0
    },
    {
      "db": -4,
      "frequency": 0
    },
    {
      "db": -3,
      "frequency": 0
    },
    {
      "db": -2,
      "frequency": 0
    },
    {
      "db": -1,
      "frequency": 0
    },
    {
      "db": 0,
      "frequency": 0
    },
    {
      "db": 1,
      "frequency": 0
    },
    {
      "db": 2,
      "frequency": 0
    },
    {
      "db": 3,
      "frequency": 0
    },
    {
      "db": 4,
      "frequency": 0
    },
    {
      "db": 5,
      "frequency": 0
    },
