{
  "acoustic_entropy": 156.9880828857422,
  "bands": [
    {
      "high_freq": 148.1999969482422,
      "loudness": -32.41420364379883,
      "loudness_range": 19.979074478149414,
      "mid_mean": -29.033597946166992,
      "mid_to_side_loudness": -15.534332275390625,
      "mid_to_side_loudness_range": 12.252548217773438,
      "side_mean": -46.24787139892578
    },
    {
      "high_freq": 392.3793640136719,
      "loudness": -33.39656448364258,
      "loudness_range": 11.743627548217773,
      "low_freq": 148.1999969482422,
      "mid_mean": -29.909019470214844,
      "mid_to_side_loudness": -15.941701889038086,
      "mid_to_side_loudness_range": 9.273798942565918,
      "side_mean": -46.35405731201172
    },
    {
      "high_freq": 794.6976318359375,
      "loudness": -40.88019561767578,
      "loudness_range": 12.926361083984375,
      "low_freq": 392.3793640136719,
      "mid_mean": -38.13333511352539,
      "mid_to_side_loudness": -8.07491397857666,
      "mid_to_side_loudness_range": 11.934292793273926,
      "side_mean": -46.25319290161133
    },
    {
      "high_freq": 1457.5709228515625,
      "loudness": -41.66722106933594,
      "loudness_range": 19.860271453857422,
      "low_freq": 794.6976318359375,
      "mid_mean": -40.141212463378906,
      "mid_to_side_loudness": -4.418875217437744,
      "mid_to_side_loudness_range": 11.639368057250977,
      "side_mean": -44.41337966918945
    },
    {
      "high_freq": 2549.74365234375,
      "loudness": -44.938907623291016,
      "loudness_range": 18.65711212158203,
      "low_freq": 1457.5709228515625,
      "mid_mean": -42.971805572509766,
      "mid_to_side_loudness": -4.77267599105835,
      "mid_to_side_loudness_range": 9.51322078704834,
      "side_mean": -50.01313781738281
    },
    {
      "high_freq": 4349.24462890625,
      "loudness": -45.99143600463867,
      "loudness_range": 16.210315704345703,
      "low_freq": 2549.74365234375,
      "mid_mean": -43.23474884033203,
      "mid_to_side_loudness": -7.381937026977539,
      "mid_to_side_loudness_range": 9.388191223144531,
      "side_mean": -52.49295425415039
    },
    {
      "high_freq": 7314.1640625,
      "loudness": -44.083335876464844,
      "loudness_range": 13.643905639648438,
      "low_freq": 4349.24462890625,
      "mid_mean": -41.2264518737793,
      "mid_to_side_loudness": -7.550942897796631,
      "mid_to_side_loudness_range": 8.492262840270996,
      "side_mean": -50.882808685302734
    },
    {
      "high_freq": 12199.2666015625,
      "loudness": -45.741729736328125,
      "loudness_range": 12.92696762084961,
      "low_freq": 7314.1640625,
      "mid_mean": -42.78596115112305,
      "mid_to_side_loudness": -8.066413879394531,
      "mid_to_side_loudness_range": 6.184128284454346,
      "side_mean": -52.7559814453125
    },
    {
      "loudness": -50.243648529052734,
      "loudness_range": 15.354686737060547,
      "low_freq": 12199.2666015625,
      "mid_mean": -47.257408142089844,
      "mid_to_side_loudness": -7.893141269683838,
      "mid_to_side_loudness_range": 4.007905960083008,
      "side_mean": -56.41521453857422
    }
  ],
  "bands_short": [
    {
      "high_freq": 148.1999969482422,
      "loudness": -38.45954132080078,
      "loudness_range": 30.59866714477539,
      "mid_mean": -36.12303161621094,
      "mid_to_side_loudness": -12.362483978271484,
      "mid_to_side_loudness_range": 21.789915084838867,
      "side_mean": -52.24873733520508
    },
    {
      "high_freq": 392.3793640136719,
      "loudness": -34.54521942138672,
      "loudness_range": 22.136484146118164,
      "low_freq": 148.1999969482422,
      "mid_mean": -31.498809814453125,
      "mid_to_side_loudness": -14.545175552368164,
      "mid_to_side_loudness_range": 17.47844886779785,
      "side_mean": -47.327293395996094
    },
    {
      "high_freq": 794.6976318359375,
      "loudness": -42.37636184692383,
      "loudness_range": 18.472007751464844,
      "low_freq": 392.3793640136719,
      "mid_mean": -40.18571853637695,
      "mid_to_side_loudness": -7.860896587371826,
      "mid_to_side_loudness_range": 14.7972412109375,
      "side_mean": -50.80738067626953
    },
    {
      "high_freq": 1457.5709228515625,
      "loudness": -42.295066833496094,
      "loudness_range": 22.835229873657227,
      "low_freq": 794.6976318359375,
      "mid_mean": -41.48355484008789,
      "mid_to_side_loudness": -3.974196672439575,
      "mid_to_side_loudness_range": 14.926183700561523,
      "side_mean": -45.546268463134766
    },
    {
      "high_freq": 2549.74365234375,
      "loudness": -46.604881286621094,
      "loudness_range": 22.51218032836914,
      "low_freq": 1457.5709228515625,
      "mid_mean": -45.58966064453125,
      "mid_to_side_loudness": -4.655655384063721,
      "mid_to_side_loudness_range": 12.95019245147705,
      "side_mean": -52.466575622558594
    },
    {
      "high_freq": 4349.24462890625,
      "loudness": -48.55620193481445,
      "loudness_range": 24.21617889404297,
      "low_freq": 2549.74365234375,
      "mid_mean": -46.508872985839844,
      "mid_to_side_loudness": -7.321052551269531,
      "mid_to_side_loudness_range": 12.436751365661621,
      "side_mean": -55.29259490966797
    },
    {
      "high_freq": 7314.1640625,
      "loudness": -46.30810546875,
      "loudness_range": 23.00188446044922,
      "low_freq": 4349.24462890625,
      "mid_mean": -44.5348014831543,
      "mid_to_side_loudness": -7.598073482513428,
      "mid_to_side_loudness_range": 12.666271209716797,
      "side_mean": -54.057003021240234
    },
    {
      "high_freq": 12199.2666015625,
      "loudness": -48.9398307800293,
      "loudness_range": 25.276153564453125,
      "low_freq": 7314.1640625,
      "mid_mean": -50.490631103515625,
      "mid_to_side_loudness": -8.21839714050293,
      "mid_to_side_loudness_range": 10.110427856445312,
      "side_mean": -56.852577209472656
    },
    {
      "loudness": -54.130821228027344,
      "loudness_range": 28.83989715576172,
      "low_freq": 12199.2666015625,
      "mid_mean": -55.34879684448242,
      "mid_to_side_loudness": -8.051008224487305,
      "mid_to_side_loudness_range": 9.03287410736084,
      "side_mean": -60.594642639160156
    }
  ],
  "bandwidth": 303.7721862792969,
  "channels": 2,
  "covariance": [
    [
      57.20746612548828,
      38.77846908569336,
      20.984878540039062,
      13.317940711975098,
      11.132198333740234,
      14.579809188842773,
      13.936375617980957,
      17.943252563476562,
      8.695796966552734,
      8.948723793029785,
      7.8170247077941895,
      5.658200740814209,
      7.567888259887695,
      7.269726276397705,
      4.602642059326172,
      4.962996959686279,
      -0.24021591246128082,
      2.112987518310547
    ],
    [
      38.77846908569336,
      49.98957061767578,
      18.889026641845703,
      14.102473258972168,
      13.526881217956543,
      18.973159790039062,
      20.402170181274414,
      23.15435791015625,
      17.35652732849121,
      17.364500045776367,
      11.500053405761719,
      11.549322128295898,
      10.827560424804688,
      12.814986228942871,
      6.691874980926514,
      9.06432819366455,
      1.31368088722229,
      4.997695446014404
    ],
    [
      20.984878540039062,
      18.889026641845703,
      22.918514251708984,
      15.32913875579834,
      16.540300369262695,
      20.064739227294922,
      17.674467086791992,
      20.705951690673828,
      17.62811279296875,
      18.093332290649414,
      14.631416320800781,
      14.429388046264648,
      12.05920124053955,
      12.838041305541992,
      9.015436172485352,
      10.271636009216309,
      6.705193519592285,
      8.020160675048828
    ],
    [
      13.317940711975098,
      14.102473258972168,
      15.32913875579834,
      17.710588455200195,
      13.106600761413574,
      17.72661590576172,
      14.507861137390137,
      17.108118057250977,
      14.611117362976074,
      17.62514877319336,
      13.17244815826416,
      15.053467750549316,
      10.496582984924316,
      13.48751163482666,
      6.9983320236206055,
      10.419739723205566,
      4.943497180938721,
      7.701794147491455
    ],
    [
      11.132198333740234,
      13.526881217956543,
      16.540300369262695,
      13.106600761413574,
      25.276573181152344,
      26.922054290771484,
      25.786731719970703,
      24.98615837097168,
      25.597829818725586,
      23.50625228881836,
      21.0438232421875,
      18.34564781188965,
      16.547853469848633,
      15.565406799316406,
      11.133267402648926,
      11.828791618347168,
      8.196113586425781,
      8.806206703186035
    ],
    [
      14.579809188842773,
      18.973159790039062,
      20.064739227294922,
      17.72661590576172,
      26.922054290771484,
      45.73440170288086,
      39.52847671508789,
      50.356136322021484,
      32.6502571105957,
      35.6894416809082,
      22.908397674560547,
      23.218952178955078,
      18.500194549560547,
      20.67352294921875,
      12.952835083007812,
      15.08910083770752,
      10.086451530456543,
      11.245325088500977
    ],
    [
      13.936375617980957,
      20.402170181274414,
      17.674467086791992,
      14.507861137390137,
      25.786731719970703,
      39.52847671508789,
      53.69926452636719,
      54.427940368652344,
      40.211463928222656,
      38.299198150634766,
      28.09714126586914,
      25.52146339416504,
      22.01153564453125,
      22.78684425354004,
      15.004867553710938,
      16.846519470214844,
      11.401154518127441,
      12.338171005249023
    ],
    [
      17.943252563476562,
      23.15435791015625,
      20.705951690673828,
      17.108118057250977,
      24.98615837097168,
      50.356136322021484,
      54.427940368652344,
      76.0880126953125,
      39.21389389038086,
      44.91071701049805,
      23.69724464416504,
      26.34547233581543,
      19.852903366088867,
      24.052518844604492,
      15.47690200805664,
      18.192462921142578,
      12.511590957641602,
      13.700197219848633
    ],
    [
      8.695796966552734,
      17.35652732849121,
      17.62811279296875,
      14.611117362976074,
      25.597829818725586,
      32.6502571105957,
      40.211463928222656,
      39.21389389038086,
      49.57505798339844,
      40.05323028564453,
      34.79597473144531,
      29.468713760375977,
      27.916677474975586,
      26.568368911743164,
      18.634370803833008,
      20.29500961303711,
      14.845211029052734,
      15.595099449157715
    ],
    [
      8.948723793029785,
      17.364500045776367,
      18.093332290649414,
      17.62514877319336,
      23.50625228881836,
      35.6894416809082,
      38.299198150634766,
      44.91071701049805,
      40.05323028564453,
      84.60986328125,
      29.891590118408203,
      68.5919189453125,
      23.911699295043945,
      68.6998291015625,
      18.16925621032715,
      58.60616683959961,
      15.80679988861084,
      46.19363021850586
    ],
    [
      7.8170247077941895,
      11.500053405761719,
      14.631416320800781,
      13.17244815826416,
      21.0438232421875,
      22.908397674560547,
      28.09714126586914,
      23.69724464416504,
      34.79597473144531,
      29.891590118408203,
      35.493038177490234,
      30.2554931640625,
      27.117660522460938,
      26.003074645996094,
      17.68904685974121,
      19.729318618774414,
      13.567658424377441,
      14.489814758300781
    ],
    [
      5.658200740814209,
      11.549322128295898,
      14.429388046264648,
      15.053467750549316,
      18.34564781188965,
      23.218952178955078,
      25.52146339416504,
      26.34547233581543,
      29.468713760375977,
      68.5919189453125,
      30.2554931640625,
      66.8201904296875,
      23.67156982421875,
      65.26917266845703,
      18.391376495361328,
      55.40464782714844,
      15.648256301879883,
      42.90093231201172
    ],
    [
      7.567888259887695,
      10.827560424804688,
      12.05920124053955,
      10.496582984924316,
      16.547853469848633,
      18.500194549560547,
      22.01153564453125,
      19.852903366088867,
      27.916677474975586,
      23.911699295043945,
      27.117660522460938,
      23.67156982421875,
      26.508337020874023,
      24.861963272094727,
      20.21854019165039,
      21.13604164123535,
      17.328758239746094,
      17.06532096862793
    ],
    [
      7.269726276397705,
      12.814986228942871,
      12.838041305541992,
      13.48751163482666,
      15.565406799316406,
      20.67352294921875,
      22.78684425354004,
      24.052518844604492,
      26.568368911743164,
      68.6998291015625,
      26.003074645996094,
      65.26917266845703,
      24.861963272094727,
      70.80802917480469,
      22.673757553100586,
      62.80000686645508,
      22.72036361694336,
      50.72711181640625
    ],
    [
      4.602642059326172,
      6.691874980926514,
      9.015436172485352,
      6.9983320236206055,
      11.133267402648926,
      12.952835083007812,
      15.004867553710938,
      15.47690200805664,
      18.634370803833008,
      18.16925621032715,
      17.68904685974121,
      18.391376495361328,
      20.21854019165039,
      22.673757553100586,
      25.12790870666504,
      24.581270217895508,
      25.690101623535156,
      22.600749969482422
    ],
    [
      4.962996959686279,
      9.06432819366455,
      10.271636009216309,
      10.419739723205566,
      11.828791618347168,
      15.08910083770752,
      16.846519470214844,
      18.192462921142578,
      20.29500961303711,
      58.60616683959961,
      19.729318618774414,
      55.40464782714844,
      21.13604164123535,
      62.80000686645508,
      24.581270217895508,
      60.350467681884766,
      28.02017593383789,
      50.959590911865234
    ],
    [
      -0.24021591246128082,
      1.31368088722229,
      6.705193519592285,
      4.943497180938721,
      8.196113586425781,
      10.086451530456543,
      11.401154518127441,
      12.511590957641602,
      14.845211029052734,
      15.80679988861084,
      13.567658424377441,
      15.648256301879883,
      17.328758239746094,
      22.72036361694336,
      25.690101623535156,
      28.02017593383789,
      35.548641204833984,
      30.738550186157227
    ],
    [
      2.112987518310547,
      4.997695446014404,
      8.020160675048828,
      7.701794147491455,
      8.806206703186035,
      11.245325088500977,
      12.338171005249023,
      13.700197219848633,
      15.595099449157715,
      46.19363021850586,
      14.489814758300781,
      42.90093231201172,
      17.06532096862793,
      50.72711181640625,
      22.600749969482422,
      50.959590911865234,
      30.738550186157227,
      46.90709686279297
    ]
  ],
  "covariance_short": [
    [
      118.99567413330078,
      60.76124954223633,
      67.24185180664062,
      45.9428596496582,
      35.78768539428711,
      33.824501037597656,
      28.392562866210938,
      29.983665466308594,
      33.68701934814453,
      33.52033996582031,
      33.204463958740234,
      32.51827621459961,
      29.76377296447754,
      34.60803985595703,
      37.45960235595703,
      32.48930740356445,
      33.55602264404297,
      27.344791412353516
    ],
    [
      60.76124954223633,
      96.98287963867188,
      39.32455062866211,
      36.93437194824219,
      24.38379669189453,
      64.2166519165039,
      23.719257354736328,
      27.084041595458984,
      28.076295852661133,
      60.30120849609375,
      26.305896759033203,
      51.088932037353516,
      24.410293579101562,
      55.9556999206543,
      65.13975524902344,
      47.074501037597656,
      50.76022720336914,
      35.32921600341797
    ],
    [
      67.24185180664062,
      39.32455062866211,
      73.72557830810547,
      43.783172607421875,
      42.31950759887695,
      37.553932189941406,
      30.09537696838379,
      31.858482360839844,
      38.47157287597656,
      36.92656707763672,
      39.36946487426758,
      35.82249069213867,
      33.98516082763672,
      36.331703186035156,
      36.673343658447266,
      33.215492248535156,
      33.64546585083008,
      28.552148818969727
    ],
    [
      45.9428596496582,
      36.93437194824219,
      43.783172607421875,
      47.437801361083984,
      30.307828903198242,
      37.71729278564453,
      22.432191848754883,
      24.653905868530273,
      30.593181610107422,
      34.224544525146484,
      32.84747314453125,
      32.588829040527344,
      27.076261520385742,
      32.17454528808594,
      33.7851676940918,
      27.89493751525879,
      28.500139236450195,
      22.74594497680664
    ],
    [
      35.78768539428711,
      24.38379669189453,
      42.31950759887695,
      30.307828903198242,
      55.34150695800781,
      42.15982437133789,
      40.453304290771484,
      37.95439910888672,
      44.859432220458984,
      38.79671859741211,
      42.40174102783203,
      34.75135803222656,
      34.392574310302734,
      32.73261642456055,
      31.77992057800293,
      27.68248748779297,
      26.73818588256836,
      22.45631217956543
    ],
    [
      33.824501037597656,
      64.2166519165039,
      37.553932189941406,
      37.71729278564453,
      42.15982437133789,
      100.35296630859375,
      47.86436462402344,
      61.338966369628906,
      49.05183410644531,
      88.31513977050781,
      41.946773529052734,
      69.6878890991211,
      34.59837341308594,
      71.31900024414062,
      76.70244598388672,
      58.3423957824707,
      60.43587875366211,
      43.511234283447266
    ],
    [
      28.392562866210938,
      23.719257354736328,
      30.09537696838379,
      22.432191848754883,
      40.453304290771484,
      47.86436462402344,
      74.14335632324219,
      69.17049407958984,
      53.55141067504883,
      49.375511169433594,
      42.94374465942383,
      37.601802825927734,
      37.3728141784668,
      36.68683624267578,
      33.92422103881836,
      29.06591033935547,
      27.759183883666992,
      22.19756317138672
    ],
    [
      29.983665466308594,
      27.084041595458984,
      31.858482360839844,
      24.653905868530273,
      37.95439910888672,
      61.338966369628906,
      69.17049407958984,
      99.34001159667969,
      52.479312896728516,
      58.772159576416016,
      37.48966979980469,
      39.13043212890625,
      33.55813217163086,
      37.98773956298828,
      34.36081314086914,
      30.54912757873535,
      29.0565242767334,
      23.5162353515625
    ],
    [
      33.68701934814453,
      28.076295852661133,
      38.47157287597656,
      30.593181610107422,
      44.859432220458984,
      49.05183410644531,
      53.55141067504883,
      52.479312896728516,
      81.92805480957031,
      65.19136810302734,
      65.00401306152344,
      52.49052047729492,
      56.68527603149414,
      52.34564971923828,
      52.898826599121094,
      44.32039260864258,
      42.94129943847656,
      34.89662170410156
    ],
    [
      33.52033996582031,
      60.30120849609375,
      36.92656707763672,
      34.224544525146484,
      38.79671859741211,
      88.31513977050781,
      49.375511169433594,
      58.772159576416016,
      65.19136810302734,
      103.16780853271484,
      56.91004943847656,
      81.49495697021484,
      50.832176208496094,
      84.21916198730469,
      89.86236572265625,
      71.70465850830078,
      73.50926971435547,
      55.1591796875
    ],
    [
      33.204463958740234,
      26.305896759033203,
      39.36946487426758,
      32.84747314453125,
      42.40174102783203,
      41.946773529052734,
      42.94374465942383,
      37.48966979980469,
      65.00401306152344,
      56.91004943847656,
      81.21602630615234,
      63.652400970458984,
      69.90001678466797,
      65.04195404052734,
      67.41451263427734,
      55.899513244628906,
      54.126399993896484,
      43.02103042602539
    ],
    [
      32.51827621459961,
      51.088932037353516,
      35.82249069213867,
      32.588829040527344,
      34.75135803222656,
      69.6878890991211,
      37.601802825927734,
      39.13043212890625,
      52.49052047729492,
      81.49495697021484,
      63.652400970458984,
      85.82707214355469,
      58.04597854614258,
      88.6614761352539,
      91.00592803955078,
      77.30589294433594,
      76.55607604980469,
      59.956321716308594
    ],
    [
      29.76377296447754,
      24.410293579101562,
      33.98516082763672,
      27.076261520385742,
      34.392574310302734,
      34.59837341308594,
      37.3728141784668,
      33.55813217163086,
      56.68527603149414,
      50.832176208496094,
      69.90001678466797,
      58.04597854614258,
      83.37554931640625,
      69.72891235351562,
      80.15757751464844,
      64.80260467529297,
      67.7972640991211,
      51.70149612426758
    ],
    [
      34.60803985595703,
      55.9556999206543,
      36.331703186035156,
      32.17454528808594,
      32.73261642456055,
      71.31900024414062,
      36.68683624267578,
      37.98773956298828,
      52.34564971923828,
      84.21916198730469,
      65.04195404052734,
      88.6614761352539,
      69.72891235351562,
      103.79637145996094,
      111.12039184570312,
      94.0904769897461,
      97.2035903930664,
      74.75494384765625
    ],
    [
      37.45960235595703,
      65.13975524902344,
      36.673343658447266,
      33.7851676940918,
      31.77992057800293,
      76.70244598388672,
      33.92422103881836,
      34.36081314086914,
      52.898826599121094,
      89.86236572265625,
      67.41451263427734,
      91.00592803955078,
      80.15757751464844,
      111.12039184570312,
      142.81295776367188,
      109.62430572509766,
      123.90959930419922,
      88.7652587890625
    ],
    [
      32.48930740356445,
      47.074501037597656,
      33.215492248535156,
      27.89493751525879,
      27.68248748779297,
      58.3423957824707,
      29.06591033935547,
      30.54912757873535,
      44.32039260864258,
      71.70465850830078,
      55.899513244628906,
      77.30589294433594,
      64.80260467529297,
      94.0904769897461,
      109.62430572509766,
      95.85569763183594,
      103.19912719726562,
      79.8885269165039
    ],
    [
      33.55602264404297,
      50.76022720336914,
      33.64546585083008,
      28.500139236450195,
      26.73818588256836,
      60.43587875366211,
      27.759183883666992,
      29.0565242767334,
      42.94129943847656,
      73.50926971435547,
      54.126399993896484,
      76.55607604980469,
      67.7972640991211,
      97.2035903930664,
      123.90959930419922,
      103.19912719726562,
      124.40558624267578,
      92.5698013305664
    ],
    [
      27.344791412353516,
      35.32921600341797,
      28.552148818969727,
      22.74594497680664,
      22.45631217956543,
      43.511234283447266,
      22.19756317138672,
      23.5162353515625,
      34.89662170410156,
      55.1591796875,
      43.02103042602539,
      59.956321716308594,
      51.70149612426758,
      74.75494384765625,
      88.7652587890625,
      79.8885269165039,
      92.5698013305664,
      73.78413391113281
    ]
  ],
  "damage": -16.914648056030273,
  "diff_bandwidth": 292.5279846191406,
  "dissonance": 8.3234124281304,
  "drr": 14.659097671508789,
  "dynamics": 4.17106294631958,
  "format": 1245190,
  "frames": 11485287,
  "freq_pan_to_db": [
    [
      -27.033092498779297,
      -27.349437713623047,
      -25.638864517211914,
      -24.059507369995117,
      -19.916269302368164,
      -16.398778915405273,
      -17.77286148071289,
      -22.165611267089844,
      -24.79866600036621,
      -26.14933204650879,
      -27.130517959594727
    ],
    [
      -27.069232940673828,
      -27.365407943725586,
      -25.562728881835938,
      -23.710229873657227,
      -17.519777297973633,
      -18.99912452697754,
      -16.73052215576172,
      -23.163970947265625,
      -25.60049819946289,
      -27.51900291442871,
      -29.019271850585938
    ],
    [
      -32.205291748046875,
      -30.927583694458008,
      -26.561513900756836,
      -21.934158325195312,
      -18.615779876708984,
      -21.44182586669922,
      -21.40110969543457,
      -23.990978240966797,
      -26.457988739013672,
      -30.583812713623047,
      -33.177188873291016
    ],
    [
      -38.36762237548828,
      -35.4911994934082,
      -28.547508239746094,
      -23.47416114807129,
      -22.09618377685547,
      -24.061548233032227,
      -24.458702087402344,
      -30.49051856994629,
      -36.17986297607422,
      -41.577392578125,
      -43.60786819458008
    ],
    [
      -46.261695861816406,
      -41.56843185424805,
      -35.90436553955078,
      -29.584077835083008,
      -22.397632598876953,
      -23.885887145996094,
      -26.068376541137695,
      -33.898414611816406,
      -37.40283203125,
      -41.983238220214844,
      -42.47296142578125
    ],
    [
      -48.219200134277344,
      -42.79615020751953,
      -37.327972412109375,
      -30.85626983642578,
      -25.36606788635254,
      -25.521995544433594,
      -27.749818801879883,
      -33.54201126098633,
      -38.54879379272461,
      -42.06527328491211,
      -47.39805603027344
    ],
    [
      -42.52363204956055,
      -39.12347412109375,
      -34.9448356628418,
      -30.87842559814453,
      -27.63253402709961,
      -27.87473487854004,
      -29.26141929626465,
      -33.00735092163086,
      -35.375484466552734,
      -38.3724365234375,
      -40.903656005859375
    ],
    [
      -37.41255187988281,
      -38.06404113769531,
      -35.015750885009766,
      -32.80986785888672,
      -30.10726547241211,
      -31.289390563964844,
      -32.98233413696289,
      -34.56452178955078,
      -35.36835479736328,
      -37.95574188232422,
      -38.507877349853516
    ],
    [
      -34.677879333496094,
      -37.03541564941406,
      -37.0926628112793,
      -35.98772048950195,
      -34.55009460449219,
      -33.732879638671875,
      -32.310115814208984,
      -35.88062286376953,
      -36.33788299560547,
      -37.7588005065918,
      -36.67514419555664
    ],
    [
      -36.456180572509766,
      -35.960487365722656,
      -36.8924446105957,
      -36.82817840576172,
      -36.30562973022461,
      -33.86729431152344,
      -30.446884155273438,
      -34.43842697143555,
      -36.02604675292969,
      -35.40320587158203,
      -34.675662994384766
    ],
    [
      -36.716041564941406,
      -38.01701354980469,
      -37.272003173828125,
      -36.498775482177734,
      -36.20220184326172,
      -33.852935791015625,
      -34.0384635925293,
      -36.978599548339844,
      -38.0299186706543,
      -37.38724899291992,
      -40.16896057128906
    ],
    [
      -33.5392951965332,
      -34.82157897949219,
      -35.20983123779297,
      -35.55958557128906,
      -35.498233795166016,
      -34.81897735595703,
      -33.75075912475586,
      -35.166465759277344,
      -35.70378875732422,
      -36.21498107910156,
      -36.5789909362793
    ],
    [
      -35.631591796875,
      -36.2092399597168,
      -37.48551940917969,
      -37.93828201293945,
      -37.0192756652832,
      -36.68104934692383,
      -36.06224060058594,
      -36.81083679199219,
      -36.723140716552734,
      -37.13825988769531,
      -36.00700759887695
    ],
    [
      -33.88829803466797,
      -35.02082443237305,
      -36.2752685546875,
      -36.27671813964844,
      -38.001220703125,
      -37.28583908081055,
      -36.33125305175781,
      -36.20713424682617,
      -36.05280685424805,
      -35.74729537963867,
      -35.55377960205078
    ],
    [
      -34.71589660644531,
      -35.4454460144043,
      -33.41055679321289,
      -34.535003662109375,
      -36.85973358154297,
      -35.055294036865234,
      -35.387142181396484,
      -34.276493072509766,
      -33.963932037353516,
      -34.861122131347656,
      -33.746280670166016
    ],
    [
      -36.465335845947266,
      -34.68228530883789,
      -29.272397994995117,
      -34.10889434814453,
      -36.564788818359375,
      -35.158931732177734,
      -35.389434814453125,
      -31.959983825683594,
      -31.469484329223633,
      -33.79201889038086,
      -31.864776611328125
    ],
    [
      -34.776859283447266,
      -33.21925354003906,
      -32.83741760253906,
      -32.6756706237793,
      -35.55525207519531,
      -36.55393600463867,
      -34.568809509277344,
      -33.49494171142578,
      -34.82143020629883,
      -34.32685470581055,
      -34.69658279418945
    ],
    [
      -35.67115020751953,
      -36.47314453125,
      -37.57767105102539,
      -38.970619201660156,
      -39.217445373535156,
      -38.245792388916016,
      -38.014488220214844,
      -38.1412467956543,
      -38.35843276977539,
      -37.80620574951172,
      -38.56785583496094
    ],
    [
      -38.62486267089844,
      -39.574462890625,
      -38.57252883911133,
      -38.64314651489258,
      -39.217552185058594,
      -39.72813415527344,
      -38.83110809326172,
      -39.87109375,
      -38.7402229309082,
      -39.16040802001953,
      -40.26504135131836
    ],
    [
      -43.647308349609375,
      -42.93022155761719,
      -42.383079528808594,
      -42.44569778442383,
      -42.35747146606445,
      -41.62939453125,
      -42.1024284362793,
      -41.89118194580078,
      -41.658931732177734,
      -42.822635650634766,
      -40.43480682373047
    ],
    [
      -42.40377426147461,
      -43.22661209106445,
      -44.062767028808594,
      -43.524139404296875,
      -42.958560943603516,
      -42.58329772949219,
      -43.21452331542969,
      -42.47504806518555,
      -43.9758415222168,
      -44.63593673706055,
      -42.82797622680664
    ],
    [
      -44.458045959472656,
      -45.58402633666992,
      -44.71076583862305,
      -42.72459030151367,
      -43.91823196411133,
      -43.884071350097656,
      -44.43907165527344,
      -44.54068374633789,
      -45.602962493896484,
      -44.92552947998047,
      -47.89057159423828
    ],
    [
      -49.067596435546875,
      -47.152957916259766,
      -46.88688659667969,
      -47.45343780517578,
      -45.22657012939453,
      -44.75043869018555,
      -45.71604537963867,
      -46.88322830200195,
      -45.73033905029297,
      -46.82899475097656,
      -46.899173736572266
    ],
    [
      -45.81153106689453,
      -45.53020477294922,
      -46.53700256347656,
      -47.02266311645508,
      -46.622283935546875,
      -45.714561462402344,
      -47.01917266845703,
      -46.2273063659668,
      -46.3825569152832,
      -45.539669036865234,
      -45.63005447387695
    ],
    [
      -51.453006744384766,
      -49.980350494384766,
      -47.48197937011719,
      -47.428794860839844,
      -47.74959945678711,
      -48.03822326660156,
      -47.262969970703125,
      -47.412933349609375,
      -47.47489547729492,
      -46.40116882324219,
      -46.41701126098633
    ],
    [
      -51.75566482543945,
      -49.29508972167969,
      -48.10969543457031,
      -47.460269927978516,
      -46.70277404785156,
      -46.01539611816406,
      -46.896854400634766,
      -47.516143798828125,
      -47.57793045043945,
      -46.71138381958008,
      -45.32637023925781
    ],
    [
      -59.68689727783203,
      -46.860618591308594,
      -46.44184494018555,
      -46.95541000366211,
      -46.35306930541992,
      -43.52631759643555,
      -46.10234451293945,
      -46.755638122558594,
      -46.099517822265625,
      -46.62223434448242,
      -45.20942306518555
    ],
    [
      -56.72866439819336,
      -46.281436920166016,
      -46.74677658081055,
      -46.855560302734375,
      -46.87453079223633,
      -45.955909729003906,
      -45.71804428100586,
      -46.291568756103516,
      -46.59881591796875,
      -47.73164749145508,
      -54.80403518676758
    ],
    [
      -52.04774856567383,
      -48.504878997802734,
      -46.34716033935547,
      -46.26261901855469,
      -45.79922866821289,
      -44.52518081665039,
      -44.58888244628906,
      -46.00007247924805,
      -45.94709777832031,
      -46.3159065246582,
      -48.90217590332031
    ],
    [
      -50.635616302490234,
      -49.33443069458008,
      -46.254390716552734,
      -45.68136215209961,
      -45.369590759277344,
      -44.54318618774414,
      -44.05903625488281,
      -45.337764739990234,
      -45.104209899902344,
      -45.57536697387695,
      -42.85615158081055
    ],
    [
      -53.195430755615234,
      -49.60958480834961,
      -47.56714630126953,
      -47.80406951904297,
      -47.13311004638672,
      -45.870643615722656,
      -45.77772521972656,
      -46.35953140258789,
      -46.46837615966797,
      -46.37678527832031,
      -59.353355407714844
    ],
    [
      -370,
      -56.77385330200195,
      -51.73350524902344,
      -50.11969757080078,
      -48.545310974121094,
      -46.7488899230957,
      -45.54468536376953,
      -45.982505798339844,
      -46.15287780761719,
      -45.917598724365234,
      -51.88322830200195
    ],
    [
      -46.18797302246094,
      -60.55827331542969,
      -53.53459167480469,
      -51.67796325683594,
      -49.20347213745117,
      -47.10486602783203,
      -45.88761520385742,
      -46.703269958496094,
      -46.990028381347656,
      -51.025203704833984,
      -52.370582580566406
    ],
    [
      -52.50138473510742,
      -64.04761505126953,
      -50.15612030029297,
      -50.27556610107422,
      -48.332984924316406,
      -47.221553802490234,
      -46.75188446044922,
      -47.31055450439453,
      -48.93856430053711,
      -56.45668411254883,
      -54.959442138671875
    ],
    [
      -51.56626510620117,
      -64.31784057617188,
      -52.21795654296875,
      -46.188297271728516,
      -45.90922164916992,
      -46.485107421875,
      -46.474544525146484,
      -48.062767028808594,
      -51.52388000488281,
      -53.5596809387207,
      -57.70705032348633
    ],
    [
      -60.485347747802734,
      -59.64754104614258,
      -48.48063659667969,
      -48.562740325927734,
      -47.90428924560547,
      -47.81867599487305,
      -47.438594818115234,
      -49.60151672363281,
      -50.87308883666992,
      -54.98927688598633,
      -59.857730865478516
    ],
    [
      -65.52741241455078,
      -52.6581916809082,
      -45.70542526245117,
      -47.584083557128906,
      -48.71620559692383,
      -49.00148010253906,
      -47.450782775878906,
      -49.10097122192383,
      -53.5494499206543,
      -60.83262634277344,
      -52.12255096435547
    ],
    [
      -71.02688598632812,
      -68.40978240966797,
      -66.4947738647461,
      -51.32850646972656,
      -49.577110290527344,
      -49.929080963134766,
      -48.84190368652344,
      -51.237281799316406,
      -55.08867645263672,
      -56.78472900390625,
      -58.30280685424805
    ],
    [
      -51.39323043823242,
      -67.88458251953125,
      -68.59867858886719,
      -50.47492218017578,
      -48.97365188598633,
      -50.18617248535156,
      -49.889564514160156,
      -53.40207290649414,
      -56.686344146728516,
      -56.52349090576172,
      -61.97115707397461
    ],
    [
      -73.51303100585938,
      -88.62834930419922,
      -59.288978576660156,
      -49.84286117553711,
      -48.812110900878906,
      -51.159820556640625,
      -53.221866607666016,
      -57.65430450439453,
      -60.817867279052734,
      -67.74173736572266,
      -70.01119995117188
    ],
    [
      -370,
      -66.10311126708984,
      -65.06399536132812,
      -53.17549133300781,
      -50.1860237121582,
      -52.46989059448242,
      -59.70528030395508,
      -70.77433776855469,
      -69.61954498291016,
      -70.18846130371094,
      -370
    ],
    [
      -370,
      -84.08914184570312,
      -76.29930114746094,
      -78.33356475830078,
      -61.50250244140625,
      -53.34662628173828,
      -65.4237289428711,
      -81.7822494506836,
      -77.64811706542969,
      -76.50525665283203,
      -75.85807800292969
    ]
  ],
  "histogram": [
    {
      "db": -70,
      "frequency": 1
    },
    {
      "db": -69,
      "frequency": 1
    },
    {
      "db": -68,
      "frequency": 1
    },
    {
      "db": -67,
      "frequency": 2
    },
    {
      "db": -66,
      "frequency": 1
    },
    {
      "db": -65,
      "frequency": 1
    },
    {
      "db": -64,
      "frequency": 1
    },
    {
      "db": -63,
      "frequency": 1
    },
    {
      "db": -62,
      "frequency": 1
    },
    {
      "db": -61,
      "frequency": 0
    },
    {
      "db": -60,
      "frequency": 1
    },
    {
      "db": -59,
      "frequency": 0
    },
    {
      "db": -58,
      "frequency": 1
    },
    {
      "db": -57,
      "frequency": 1
    },
    {
      "db": -56,
      "frequency": 0
    },
    {
      "db": -55,
      "frequency": 2
    },
    {
      "db": -54,
      "frequency": 0
    },
    {
      "db": -53,
      "frequency": 0
    },
    {
      "db": -52,
      "frequency": 1
    },
    {
      "db": -51,
      "frequency": 0
    },
    {
      "db": -50,
      "frequency": 0
    },
    {
      "db": -49,
      "frequency": 0
    },
    {
      "db": -48,
      "frequency": 0
    },
    {
      "db": -47,
      "frequency": 1
    },
    {
      "db": -46,
      "frequency": 1
    },
    {
      "db": -45,
      "frequency": 2
    },
    {
      "db": -44,
      "frequency": 0
    },
    {
      "db": -43,
      "frequency": 0
    },
    {
      "db": -42,
      "frequency": 2
    },
    {
      "db": -41,
      "frequency": 4
    },
    {
      "db": -40,
      "frequency": 4
    },
    {
      "db": -39,
      "frequency": 10
    },
    {
      "db": -38,
      "frequency": 17
    },
    {
      "db": -37,
      "frequency": 20
    },
    {
      "db": -36,
      "frequency": 17
    },
    {
      "db": -35,
      "frequency": 25
    },
    {
      "db": -34,
      "frequency": 33
    },
    {
      "db": -33,
      "frequency": 22
    },
    {
      "db": -32,
      "frequency": 33
    },
    {
      "db": -31,
      "frequency": 34
    },
    {
      "db": -30,
      "frequency": 62
    },
    {
      "db": -29,
      "frequency": 68
    },
    {
      "db": -28,
      "frequency": 67
    },
    {
      "db": -27,
      "frequency": 173
    },
    {
      "db": -26,
      "frequency": 220
    },
    {
      "db": -25,
      "frequency": 270
    },
    {
      "db": -24,
      "frequency": 266
    },
    {
      "db": -23,
      "frequency": 325
    },
    {
      "db": -22,
      "frequency": 285
    },
    {
      "db": -21,
      "frequency": 243
    },
    {
      "db": -20,
      "frequency": 99
    },
    {
      "db": -19,
      "frequency": 37
    },
    {
      "db": -18,
      "frequency": 5
    },
    {
      "db": -17,
      "frequency": 0
    },
    {
      "db": -16,
      "frequency": 0
    },
    {
      "db": -15,
      "frequency": 0
    },
    {
      "db": -14,
      "frequency": 0
    },
    {
      "db": -13,
      "frequency": 0
    },
    {
      "db": -12,
      "frequency": 0
    },
    {
      "db": -11,
      "frequency": 0
    },
    {
      "db": -10,
      "frequency": 0
    },
    {
      "db": -9,
      "frequency": 0
    },
    {
      "db": -8,
      "frequency": 0
    },
    {
      "db": -7,
      "frequency": 0
    },
    {
      "db": -6,
      "frequency": 0
    },
    {
      "db": -5,
      "frequency": 0
    },
    {
      "db": -4,
      "frequency": 0
    },
    {
      "db": -3,
      "frequency": 0
    },
    {
      "db": -2,
      "frequency": 0
    },
    {
      "db": -1,
      "frequency": 0
    },
    {
      "db": 0,
      "frequency": 0
    },
    {
      "db": 1,
      "frequency": 0
    },
    {
      "db": 2,
      "frequency": 0
    },
    {
      "db": 3,
      "frequency": 0
    },
    {
      "db": 4,
      "frequency": 0
    },
    {
      "db": 5,
      "frequency": 0
    },
    {
      "db": 6,
      "frequency": 0
    },
    {
      "db": 7,
      "frequency": 0
    },
    {
      "db": 8,
