{
  "acoustic_entropy": 215.45733642578125,
  "bands": [
    {
      "high_freq": 148.1999969482422,
      "loudness": -35.00147247314453,
      "loudness_range": 14.502422332763672,
      "mid_mean": -31.410011291503906,
      "mid_to_side_loudness": -32.346073150634766,
      "mid_to_side_loudness_range": 28.32843780517578,
      "side_mean": -63.1887321472168
    },
    {
      "high_freq": 392.3793640136719,
      "loudness": -34.85438919067383,
      "loudness_range": 11.821123123168945,
      "low_freq": 148.1999969482422,
      "mid_mean": -31.519641876220703,
      "mid_to_side_loudness": -13.071792602539062,
      "mid_to_side_loudness_range": 16.276681900024414,
      "side_mean": -44.70710754394531
    },
    {
      "high_freq": 794.6976318359375,
      "loudness": -37.16851806640625,
      "loudness_range": 15.53929328918457,
      "low_freq": 392.3793640136719,
      "mid_mean": -34.33469009399414,
      "mid_to_side_loudness": -8.544593811035156,
      "mid_to_side_loudness_range": 15.36125659942627,
      "side_mean": -42.83420944213867
    },
    {
      "high_freq": 1457.5709228515625,
      "loudness": -37.981136322021484,
      "loudness_range": 21.656158447265625,
      "low_freq": 794.6976318359375,
      "mid_mean": -35.85012435913086,
      "mid_to_side_loudness": -5.725471496582031,
      "mid_to_side_loudness_range": 16.16438865661621,
      "side_mean": -41.100486755371094
    },
    {
      "high_freq": 2549.74365234375,
      "loudness": -42.026790618896484,
      "loudness_range": 19.89472198486328,
      "low_freq": 1457.5709228515625,
      "mid_mean": -39.59206008911133,
      "mid_to_side_loudness": -6.35200309753418,
      "mid_to_side_loudness_range": 12.576863288879395,
      "side_mean": -45.331871032714844
    },
    {
      "high_freq": 4349.24462890625,
      "loudness": -42.190040588378906,
      "loudness_range": 19.27792739868164,
      "low_freq": 2549.74365234375,
      "mid_mean": -39.67544937133789,
      "mid_to_side_loudness": -6.354425430297852,
      "mid_to_side_loudness_range": 11.216862678527832,
      "side_mean": -45.82804489135742
    },
    {
      "high_freq": 7314.1640625,
      "loudness": -42.8426513671875,
      "loudness_range": 19.346839904785156,
      "low_freq": 4349.24462890625,
      "mid_mean": -40.67666244506836,
      "mid_to_side_loudness": -5.68743371963501,
      "mid_to_side_loudness_range": 10.753946304321289,
      "side_mean": -46.16255187988281
    },
    {
      "high_freq": 12199.2666015625,
      "loudness": -45.693328857421875,
      "loudness_range": 16.109886169433594,
      "low_freq": 7314.1640625,
      "mid_mean": -43.82897186279297,
      "mid_to_side_loudness": -4.245885848999023,
      "mid_to_side_loudness_range": 7.128498554229736,
      "side_mean": -50.323028564453125
    },
    {
      "loudness": -51.804176330566406,
      "loudness_range": 17.01318359375,
      "low_freq": 12199.2666015625,
      "mid_mean": -52.17755889892578,
      "mid_to_side_loudness": -3.178422451019287,
      "mid_to_side_loudness_range": 4.640657901763916,
      "side_mean": -55.011653900146484
    }
  ],
  "bands_short": [
    {
      "high_freq": 148.1999969482422,
      "loudness": -36.82444381713867,
      "loudness_range": 18.15912437438965,
      "mid_mean": -33.61497116088867,
      "mid_to_side_loudness": -33.46227264404297,
      "mid_to_side_loudness_range": 33.90117645263672,
      "side_mean": -65.80155181884766
    },
    {
      "high_freq": 392.3793640136719,
      "loudness": -34.859832763671875,
      "loudness_range": 14.539772033691406,
      "low_freq": 148.1999969482422,
      "mid_mean": -31.523778915405273,
      "mid_to_side_loudness": -14.197953224182129,
      "mid_to_side_loudness_range": 18.66739273071289,
      "side_mean": -45.87295150756836
    },
    {
      "high_freq": 794.6976318359375,
      "loudness": -37.57291793823242,
      "loudness_range": 17.410425186157227,
      "low_freq": 392.3793640136719,
      "mid_mean": -34.83700180053711,
      "mid_to_side_loudness": -8.43065071105957,
      "mid_to_side_loudness_range": 16.211915969848633,
      "side_mean": -43.33609390258789
    },
    {
      "high_freq": 1457.5709228515625,
      "loudness": -38.44600296020508,
      "loudness_range": 23.01766586303711,
      "low_freq": 794.6976318359375,
      "mid_mean": -36.60901641845703,
      "mid_to_side_loudness": -5.376449108123779,
      "mid_to_side_loudness_range": 17.2227783203125,
      "side_mean": -41.557125091552734
    },
    {
      "high_freq": 2549.74365234375,
      "loudness": -43.178749084472656,
      "loudness_range": 22.897253036499023,
      "low_freq": 1457.5709228515625,
      "mid_mean": -40.812408447265625,
      "mid_to_side_loudness": -6.446038722991943,
      "mid_to_side_loudness_range": 13.961727142333984,
      "side_mean": -47.005340576171875
    },
    {
      "high_freq": 4349.24462890625,
      "loudness": -43.37510299682617,
      "loudness_range": 22.92469024658203,
      "low_freq": 2549.74365234375,
      "mid_mean": -40.93896484375,
      "mid_to_side_loudness": -6.464019298553467,
      "mid_to_side_loudness_range": 12.481011390686035,
      "side_mean": -47.42547607421875
    },
    {
      "high_freq": 7314.1640625,
      "loudness": -44.74293518066406,
      "loudness_range": 25.333972930908203,
      "low_freq": 4349.24462890625,
      "mid_mean": -42.68064880371094,
      "mid_to_side_loudness": -5.8877105712890625,
      "mid_to_side_loudness_range": 12.891660690307617,
      "side_mean": -49.27306365966797
    },
    {
      "high_freq": 12199.2666015625,
      "loudness": -48.30956268310547,
      "loudness_range": 24.155609130859375,
      "low_freq": 7314.1640625,
      "mid_mean": -47.57785415649414,
      "mid_to_side_loudness": -4.625153064727783,
      "mid_to_side_loudness_range": 9.498272895812988,
      "side_mean": -53.694297790527344
    },
    {
      "loudness": -55.91584014892578,
      "loudness_range": 27.520729064941406,
      "low_freq": 12199.2666015625,
      "mid_mean": -56.10300064086914,
      "mid_to_side_loudness": -3.9877936840057373,
      "mid_to_side_loudness_range": 8.732067108154297,
      "side_mean": -59.2867317199707
    }
  ],
  "bandwidth": 610.2605590820312,
  "channels": 2,
  "covariance": [
    [
      35.321861267089844,
      9.512818336486816,
      12.302346229553223,
      10.85559368133545,
      6.799499988555908,
      16.39174461364746,
      13.095921516418457,
      21.489850997924805,
      9.724613189697266,
      11.130690574645996,
      14.28661823272705,
      15.86803913116455,
      14.354341506958008,
      18.16124725341797,
      7.891396522521973,
      21.43952178955078,
      17.41978645324707,
      15.931225776672363
    ],
    [
      9.512818336486816,
      27.741350173950195,
      7.7704997062683105,
      17.581104278564453,
      10.76511001586914,
      16.982498168945312,
      17.16522216796875,
      20.99700355529785,
      16.156206130981445,
      15.43871021270752,
      14.744770050048828,
      15.540497779846191,
      8.709521293640137,
      8.631678581237793,
      -0.9358221292495728,
      7.671047687530518,
      1.8641397953033447,
      2.492410182952881
    ],
    [
      12.302346229553223,
      7.7704997062683105,
      21.14875602722168,
      16.85938835144043,
      10.9721040725708,
      16.278594970703125,
      11.783185958862305,
      14.646923065185547,
      13.707261085510254,
      11.93640422821045,
      14.9427490234375,
      16.598058700561523,
      11.328152656555176,
      11.15211009979248,
      5.1024088859558105,
      16.43250274658203,
      13.656230926513672,
      12.628046035766602
    ],
    [
      10.85559368133545,
      17.581104278564453,
      16.85938835144043,
      39.93501663208008,
      18.99300765991211,
      33.780555725097656,
      22.18015480041504,
      32.33473587036133,
      23.734375,
      24.285358428955078,
      20.81382179260254,
      27.620019912719727,
      10.9459867477417,
      12.73916244506836,
      -0.4001372754573822,
      12.279513359069824,
      3.574098825454712,
      5.7125420570373535
    ],
    [
      6.799499988555908,
      10.76511001586914,
      10.9721040725708,
      18.99300765991211,
      33.46206283569336,
      28.341798782348633,
      30.073474884033203,
      26.141963958740234,
      30.319015502929688,
      21.410999298095703,
      27.3956298828125,
      22.63089942932129,
      18.292037963867188,
      13.571588516235352,
      5.811198711395264,
      15.4760160446167,
      10.764705657958984,
      9.752626419067383
    ],
    [
      16.39174461364746,
      16.982498168945312,
      16.278594970703125,
      33.780555725097656,
      28.341798782348633,
      52.544517517089844,
      36.00412368774414,
      50.766075134277344,
      32.169349670410156,
      32.992549896240234,
      29.13788414001465,
      36.044830322265625,
      19.206588745117188,
      23.41307830810547,
      3.6345322132110596,
      24.909860610961914,
      14.789934158325195,
      15.859837532043457
    ],
    [
      13.095921516418457,
      17.16522216796875,
      11.783185958862305,
      22.18015480041504,
      30.073474884033203,
      36.00412368774414,
      58.24056625366211,
      52.43893051147461,
      41.2216682434082,
      32.640316009521484,
      38.389259338378906,
      34.13047790527344,
      25.699256896972656,
      23.311323165893555,
      5.178140163421631,
      21.07285499572754,
      12.440719604492188,
      11.692111015319824
    ],
    [
      21.489850997924805,
      20.99700355529785,
      14.646923065185547,
      32.33473587036133,
      26.141963958740234,
      50.766075134277344,
      52.43893051147461,
      83.05651092529297,
      38.435787200927734,
      44.61127853393555,
      35.6961784362793,
      42.54113006591797,
      21.973682403564453,
      30.456451416015625,
      2.4687201976776123,
      23.577001571655273,
      9.593314170837402,
      11.864253997802734
    ],
    [
      9.724613189697266,
      16.156206130981445,
      13.707261085510254,
      23.734375,
      30.319015502929688,
      32.169349670410156,
      41.2216682434082,
      38.435787200927734,
      52.127079010009766,
      37.1066780090332,
      43.54142761230469,
      36.60575866699219,
      31.600011825561523,
      25.159486770629883,
      11.150672912597656,
      25.159671783447266,
      17.174978256225586,
      15.206140518188477
    ],
    [
      11.130690574645996,
      15.43871021270752,
      11.93640422821045,
      24.285358428955078,
      21.410999298095703,
      32.992549896240234,
      32.640316009521484,
      44.61127853393555,
      37.1066780090332,
      46.86115646362305,
      32.406959533691406,
      38.80632781982422,
      23.942615509033203,
      29.543434143066406,
      9.222843170166016,
      21.90455436706543,
      11.163873672485352,
      13.173174858093262
    ],
    [
      14.28661823272705,
      14.744770050048828,
      14.9427490234375,
      20.81382179260254,
      27.3956298828125,
      29.13788414001465,
      38.389259338378906,
      35.6961784362793,
      43.54142761230469,
      32.406959533691406,
      50.7596435546875,
      42.55696105957031,
      39.137657165527344,
      33.54705047607422,
      17.987224578857422,
      35.398868560791016,
      25.83268165588379,
      22.844213485717773
    ],
    [
      15.86803913116455,
      15.540497779846191,
      16.598058700561523,
      27.620019912719727,
      22.63089942932129,
      36.044830322265625,
      34.13047790527344,
      42.54113006591797,
      36.60575866699219,
      38.80632781982422,
      42.55696105957031,
      54.15985870361328,
      35.924163818359375,
      41.53355407714844,
      16.603939056396484,
      41.19434356689453,
      26.64272689819336,
      27.167369842529297
    ],
    [
      14.354341506958008,
      8.709521293640137,
      11.328152656555176,
      10.9459867477417,
      18.292037963867188,
      19.206588745117188,
      25.699256896972656,
      21.973682403564453,
      31.600011825561523,
      23.942615509033203,
      39.137657165527344,
      35.924163818359375,
      53.649993896484375,
      40.9078483581543,
      34.33158493041992,
      44.44117736816406,
      40.07025909423828,
      33.89264678955078
    ],
    [
      18.16124725341797,
      8.631678581237793,
      11.15211009979248,
      12.73916244506836,
      13.571588516235352,
      23.41307830810547,
      23.311323165893555,
      30.456451416015625,
      25.159486770629883,
      29.543434143066406,
      33.54705047607422,
      41.53355407714844,
      40.9078483581543,
      53.36659622192383,
      28.988496780395508,
      49.83428192138672,
      38.73981857299805,
      38.25366973876953
    ],
    [
      7.891396522521973,
      -0.9358221292495728,
      5.1024088859558105,
      -0.4001372754573822,
      5.811198711395264,
      3.6345322132110596,
      5.178140163421631,
      2.4687201976776123,
      11.150672912597656,
      9.222843170166016,
      17.987224578857422,
      16.603939056396484,
      34.33158493041992,
      28.988496780395508,
      44.03725814819336,
      35.47364807128906,
      38.98695373535156,
      32.89871597290039
    ],
    [
      21.43952178955078,
      7.671047687530518,
      16.43250274658203,
      12.279513359069824,
      15.4760160446167,
      24.909860610961914,
      21.07285499572754,
      23.577001571655273,
      25.159671783447266,
      21.90455436706543,
      35.398868560791016,
      41.19434356689453,
      44.44117736816406,
      49.83428192138672,
      35.47364807128906,
      77.88430786132812,
      70.33159637451172,
      65.09185028076172
    ],
    [
      17.41978645324707,
      1.8641397953033447,
      13.656230926513672,
      3.574098825454712,
      10.764705657958984,
      14.789934158325195,
      12.440719604492188,
      9.593314170837402,
      17.174978256225586,
      11.163873672485352,
      25.83268165588379,
      26.64272689819336,
      40.07025909423828,
      38.73981857299805,
      38.98695373535156,
      70.33159637451172,
      75.09225463867188,
      65.69412231445312
    ],
    [
      15.931225776672363,
      2.492410182952881,
      12.628046035766602,
      5.7125420570373535,
      9.752626419067383,
      15.859837532043457,
      11.692111015319824,
      11.864253997802734,
      15.206140518188477,
      13.173174858093262,
      22.844213485717773,
      27.167369842529297,
      33.89264678955078,
      38.25366973876953,
      32.89871597290039,
      65.09185028076172,
      65.69412231445312,
      62.06968688964844
    ]
  ],
  "covariance_short": [
    [
      61.482147216796875,
      7.252679824829102,
      17.468626022338867,
      12.845658302307129,
      8.615509033203125,
      17.095989227294922,
      14.346831321716309,
      22.152311325073242,
      11.589476585388184,
      13.25151538848877,
      17.864866256713867,
      21.732057571411133,
      18.824283599853516,
      27.41937828063965,
      16.374364852905273,
      26.941162109375,
      18.837644577026367,
      17.91404151916504
    ],
    [
      7.252679824829102,
      22.78942108154297,
      6.506799221038818,
      15.25479507446289,
      9.457893371582031,
      13.223428726196289,
      14.250772476196289,
      15.608505249023438,
      14.454198837280273,
      14.980066299438477,
      12.745440483093262,
      13.99223518371582,
      8.25028133392334,
      10.9205904006958,
      3.3789000511169434,
      8.180415153503418,
      4.081902980804443,
      5.142333030700684
    ],
    [
      17.468626022338867,
      6.506799221038818,
      28.815261840820312,
      19.00043296813965,
      14.124797821044922,
      19.252948760986328,
      14.679572105407715,
      17.11012077331543,
      16.15050506591797,
      16.276304244995117,
      17.72051429748535,
      21.023834228515625,
      14.985600471496582,
      22.018714904785156,
      12.326556205749512,
      21.290237426757812,
      16.448596954345703,
      15.764398574829102
    ],
    [
      12.845658302307129,
      15.25479507446289,
      19.00043296813965,
      47.93635559082031,
      22.504751205444336,
      36.76155471801758,
      24.734407424926758,
      32.721466064453125,
      27.20802879333496,
      31.52175521850586,
      24.940731048583984,
      34.811195373535156,
      16.642911911010742,
      26.72041893005371,
      7.715628623962402,
      20.093904495239258,
      8.590605735778809,
      11.516562461853027
    ],
    [
      8.615509033203125,
      9.457893371582031,
      14.124797821044922,
      22.504751205444336,
      42.014991760253906,
      31.968196868896484,
      34.88492202758789,
      28.57573127746582,
      37.07209014892578,
      29.480995178222656,
      34.458900451660156,
      30.28521728515625,
      27.314422607421875,
      27.94585418701172,
      17.43650245666504,
      23.13884162902832,
      17.109947204589844,
      14.653383255004883
    ],
    [
      17.095989227294922,
      13.223428726196289,
      19.252948760986328,
      36.76155471801758,
      31.968196868896484,
      57.636497497558594,
      39.26142501831055,
      51.60320281982422,
      37.20335388183594,
      41.641807556152344,
      34.54876708984375,
      44.16617202758789,
      26.861570358276367,
      40.436153411865234,
      15.123885154724121,
      32.925411224365234,
      19.64266586303711,
      20.76533317565918
    ],
    [
      14.346831321716309,
      14.250772476196289,
      14.679572105407715,
      24.734407424926758,
      34.88492202758789,
      39.26142501831055,
      68.1339340209961,
      55.53493118286133,
      48.38946533203125,
      41.94784927368164,
      46.247196197509766,
      43.63851547241211,
      36.605995178222656,
      41.56468200683594,
      21.298139572143555,
      32.177738189697266,
      21.52735710144043,
      18.63735008239746
    ],
    [
      22.152311325073242,
      15.608505249023438,
      17.11012077331543,
      32.721466064453125,
      28.57573127746582,
      51.60320281982422,
      55.53493118286133,
      88.64823913574219,
      43.402462005615234,
      51.50739669799805,
      40.31492233276367,
      50.762454986572266,
      30.340187072753906,
      47.848793029785156,
      18.215354919433594,
      35.98108673095703,
      17.6839542388916,
      19.799644470214844
    ],
    [
      11.589476585388184,
      14.454198837280273,
      16.15050506591797,
      27.20802879333496,
      37.07209014892578,
      37.20335388183594,
      48.38946533203125,
      43.402462005615234,
      65.7144775390625,
      50.38936233520508,
      54.30745315551758,
      48.679683685302734,
      45.44053268432617,
      47.57122802734375,
      30.39086151123047,
      38.53598403930664,
      27.92938995361328,
      23.79176139831543
    ],
    [
      13.25151538848877,
      14.980066299438477,
      16.276304244995117,
      31.52175521850586,
      29.480995178222656,
      41.641807556152344,
      41.94784927368164,
      51.50739669799805,
      50.38936233520508,
      65.72107696533203,
      44.27791976928711,
      54.493064880371094,
      39.414581298828125,
      53.320980072021484,
      29.353864669799805,
      43.167423248291016,
      28.136096954345703,
      29.248199462890625
    ],
    [
      17.864866256713867,
      12.745440483093262,
      17.72051429748535,
      24.940731048583984,
      34.458900451660156,
      34.54876708984375,
      46.247196197509766,
      40.31492233276367,
      54.30745315551758,
      44.27791976928711,
      68.41048431396484,
      57.47479248046875,
      59.52639389038086,
      61.739315032958984,
      45.46573257446289,
      53.43511962890625,
      40.545589447021484,
      34.2647705078125
    ],
    [
      21.732057571411133,
      13.99223518371582,
      21.023834228515625,
      34.811195373535156,
      30.28521728515625,
      44.16617202758789,
      43.63851547241211,
      50.762454986572266,
      48.679683685302734,
      54.493064880371094,
      57.47479248046875,
      73.39048767089844,
      53.83039093017578,
      73.75188446044922,
      42.55735778808594,
      63.7313117980957,
      41.8576545715332,
      42.569984436035156
    ],
    [
      18.824283599853516,
      8.25028133392334,
      14.985600471496582,
      16.642911911010742,
      27.314422607421875,
      26.861570358276367,
      36.605995178222656,
      30.340187072753906,
      45.44053268432617,
      39.414581298828125,
      59.52639389038086,
      53.83039093017578,
      83.23804473876953,
      73.1216049194336,
      73.14869689941406,
      71.53166961669922,
      64.6845703125,
      52.88221740722656
    ],
    [
      27.41937828063965,
      10.9205904006958,
      22.018714904785156,
      26.72041893005371,
      27.94585418701172,
      40.436153411865234,
      41.56468200683594,
      47.848793029785156,
      47.57122802734375,
      53.320980072021484,
      61.739315032958984,
      73.75188446044922,
      73.1216049194336,
      97.96573638916016,
      68.65441131591797,
      92.5050277709961,
      70.56378936767578,
      68.20738983154297
    ],
    [
      16.374364852905273,
      3.3789000511169434,
      12.326556205749512,
      7.715628623962402,
      17.43650245666504,
      15.123885154724121,
      21.298139572143555,
      18.215354919433594,
      30.39086151123047,
      29.353864669799805,
      45.46573257446289,
      42.55735778808594,
      73.14869689941406,
      68.65441131591797,
      94.9397964477539,
      80.19185638427734,
      81.1980209350586,
      67.55401611328125
    ],
    [
      26.941162109375,
      8.180415153503418,
      21.290237426757812,
      20.093904495239258,
      23.13884162902832,
      32.925411224365234,
      32.177738189697266,
      35.98108673095703,
      38.53598403930664,
      43.167423248291016,
      53.43511962890625,
      63.7313117980957,
      71.53166961669922,
      92.5050277709961,
      80.19185638427734,
      104.79060363769531,
      87.9266357421875,
      84.0105972290039
    ],
    [
      18.837644577026367,
      4.081902980804443,
      16.448596954345703,
      8.590605735778809,
      17.109947204589844,
      19.64266586303711,
      21.52735710144043,
      17.6839542388916,
      27.92938995361328,
      28.136096954345703,
      40.545589447021484,
      41.8576545715332,
      64.6845703125,
      70.56378936767578,
      81.1980209350586,
      87.9266357421875,
      95.27772521972656,
      81.63610076904297
    ],
    [
      17.91404151916504,
      5.142333030700684,
      15.764398574829102,
      11.516562461853027,
      14.653383255004883,
      20.76533317565918,
      18.63735008239746,
      19.799644470214844,
      23.79176139831543,
      29.248199462890625,
      34.2647705078125,
      42.569984436035156,
      52.88221740722656,
      68.20738983154297,
      67.55401611328125,
      84.0105972290039,
      81.63610076904297,
      81.0010757446289
    ]
  ],
  "damage": -19.828378677368164,
  "diff_bandwidth": 647.6564331054688,
  "dissonance": 8.177121772057376,
  "drr": -14.354774475097656,
  "dynamics": 3.68023943901062,
  "format": 1245190,
  "frames": 16633344,
  "freq_pan_to_db": [
    [
      -43.613731384277344,
      -41.05374526977539,
      -40.47342300415039,
      -35.654075622558594,
      -28.15864372253418,
      -23.62562370300293,
      -29.190563201904297,
      -34.31177520751953,
      -38.36233139038086,
      -43.30324935913086,
      -46.37349319458008
    ],
    [
      -39.757354736328125,
      -37.94621658325195,
      -34.585731506347656,
      -31.924524307250977,
      -26.251623153686523,
      -23.446563720703125,
      -26.83700942993164,
      -30.160736083984375,
      -33.355655670166016,
      -35.8140983581543,
      -41.233245849609375
    ],
    [
      -42.51071548461914,
      -37.75275421142578,
      -36.702091217041016,
      -34.240413665771484,
      -28.693838119506836,
      -24.390893936157227,
      -27.348350524902344,
      -31.559968948364258,
      -33.600791931152344,
      -38.296993255615234,
      -46.324920654296875
    ],
    [
      -43.49906921386719,
      -39.74468231201172,
      -36.36178970336914,
      -32.35457992553711,
      -29.20320701599121,
      -26.891216278076172,
      -29.929534912109375,
      -32.902061462402344,
      -36.23808288574219,
      -38.42988967895508,
      -42.008750915527344
    ],
    [
      -37.30893325805664,
      -34.712188720703125,
      -32.80644226074219,
      -30.662172317504883,
      -28.320711135864258,
      -26.708526611328125,
      -27.786230087280273,
      -29.88311195373535,
      -31.610719680786133,
      -33.8112678527832,
      -35.45547866821289
    ],
    [
      -33.581573486328125,
      -32.266441345214844,
      -30.97918701171875,
      -30.026870727539062,
      -28.646831512451172,
      -26.65363121032715,
      -27.686124801635742,
      -29.53857421875,
      -30.918745040893555,
      -32.4473762512207,
      -33.03187561035156
    ],
    [
      -33.50315475463867,
      -32.647132873535156,
      -30.78223991394043,
      -30.118310928344727,
      -28.582117080688477,
      -26.135482788085938,
      -27.80654525756836,
      -29.90407943725586,
      -31.614299774169922,
      -32.707820892333984,
      -32.90944290161133
    ],
    [
      -32.71761703491211,
      -32.676326751708984,
      -31.643442153930664,
      -30.11189842224121,
      -27.28274917602539,
      -26.577926635742188,
      -28.545310974121094,
      -30.6163330078125,
      -31.04952621459961,
      -31.859703063964844,
      -32.33344268798828
    ],
    [
      -35.10272216796875,
      -34.337162017822266,
      -32.68321990966797,
      -30.507240295410156,
      -29.566368103027344,
      -29.76837158203125,
      -32.06418228149414,
      -33.785125732421875,
      -34.86152648925781,
      -35.3134651184082,
      -36.598793029785156
    ],
    [
      -32.296932220458984,
      -32.055110931396484,
      -31.7774715423584,
      -29.91154670715332,
      -27.58946990966797,
      -27.80849266052246,
      -30.53691864013672,
      -32.0761833190918,
      -31.52906608581543,
      -32.39548110961914,
      -34.29106521606445
    ],
    [
      -30.25956916809082,
      -31.488037109375,
      -31.898025512695312,
      -30.06402587890625,
      -28.756044387817383,
      -27.5810604095459,
      -28.218442916870117,
      -30.6745662689209,
      -31.59912872314453,
      -33.26918029785156,
      -32.21571731567383
    ],
    [
      -29.586069107055664,
      -31.212690353393555,
      -30.816564559936523,
      -30.992197036743164,
      -30.756580352783203,
      -29.592578887939453,
      -30.448043823242188,
      -31.626861572265625,
      -32.0829963684082,
      -33.318458557128906,
      -34.034027099609375
    ],
    [
      -31.94867706298828,
      -32.39684295654297,
      -32.98873519897461,
      -31.919719696044922,
      -31.960285186767578,
      -31.289426803588867,
      -32.009464263916016,
      -32.395511627197266,
      -32.535213470458984,
      -32.5501823425293,
      -34.015380859375
    ],
    [
      -31.815378189086914,
      -32.33064270019531,
      -31.930809020996094,
      -31.909820556640625,
      -31.385391235351562,
      -28.84023666381836,
      -29.07827377319336,
      -30.153362274169922,
      -30.546836853027344,
      -31.80585479736328,
      -31.532800674438477
    ],
    [
      -31.387924194335938,
      -31.55211639404297,
      -30.87107276916504,
      -29.72652816772461,
      -29.72736358642578,
      -28.035303115844727,
      -29.004528045654297,
      -28.603702545166016,
      -28.720178604125977,
      -29.68366050720215,
      -27.24509048461914
    ],
    [
      -34.026607513427734,
      -31.592004776000977,
      -31.293685913085938,
      -30.31182861328125,
      -31.894054412841797,
      -29.858285903930664,
      -30.097251892089844,
      -29.996538162231445,
      -29.61174774169922,
      -30.073341369628906,
      -27.74164390563965
    ],
    [
      -38.054901123046875,
      -33.50054168701172,
      -32.567745208740234,
      -31.670509338378906,
      -35.1367301940918,
      -32.51532745361328,
      -31.94327163696289,
      -31.814043045043945,
      -33.14574432373047,
      -31.612646102905273,
      -30.371498107910156
    ],
    [
      -34.60683822631836,
      -31.405118942260742,
      -29.54945182800293,
      -28.64647674560547,
      -31.866689682006836,
      -31.574609756469727,
      -29.319889068603516,
      -28.689319610595703,
      -31.218727111816406,
      -29.350120544433594,
      -26.9562931060791
    ],
    [
      -40.04542541503906,
      -37.09428024291992,
      -35.33582305908203,
      -35.509220123291016,
      -36.54585266113281,
      -32.891265869140625,
      -35.305362701416016,
      -35.66938018798828,
      -34.198001861572266,
      -34.08325958251953,
      -31.317474365234375
    ],
    [
      -36.75983810424805,
      -40.33061218261719,
      -39.08319091796875,
      -39.043453216552734,
      -39.12956237792969,
      -37.19171905517578,
      -38.26626968383789,
      -39.33531951904297,
      -38.36073303222656,
      -36.428497314453125,
      -34.59050750732422
    ],
    [
      -42.3558349609375,
      -41.674835205078125,
      -40.48422622680664,
      -40.19575500488281,
      -38.213253021240234,
      -37.000492095947266,
      -41.616600036621094,
      -39.39981460571289,
      -40.616233825683594,
      -37.783790588378906,
      -33.49592971801758
    ],
    [
      -39.72456359863281,
      -42.25926971435547,
      -41.092262268066406,
      -40.71814727783203,
      -40.93171310424805,
      -39.46897888183594,
      -42.282188415527344,
      -41.9307746887207,
      -42.180694580078125,
      -41.50344467163086,
      -39.058475494384766
    ],
    [
      -40.904056549072266,
      -42.115806579589844,
      -41.83905029296875,
      -41.95069885253906,
      -41.446372985839844,
      -39.9434700012207,
      -42.96046447753906,
      -43.41112518310547,
      -42.742618560791016,
      -42.24683380126953,
      -43.95673370361328
    ],
    [
      -39.91299057006836,
      -41.92251205444336,
      -41.800621032714844,
      -41.427757263183594,
      -40.96453094482422,
      -39.072242736816406,
      -41.66376876831055,
      -42.59033203125,
      -42.198856353759766,
      -41.73103332519531,
      -43.27592086791992
    ],
    [
      -42.263301849365234,
      -42.59321975708008,
      -42.34296417236328,
      -41.95072937011719,
      -41.42540740966797,
      -40.9522819519043,
      -42.19092559814453,
      -42.490623474121094,
      -42.9684944152832,
      -44.15277099609375,
      -48.635032653808594
    ],
    [
      -46.461387634277344,
      -44.06736373901367,
      -42.47779846191406,
      -41.864681243896484,
      -40.784427642822266,
      -38.81336975097656,
      -41.40372848510742,
      -42.28941345214844,
      -43.104496002197266,
      -44.08425521850586,
      -48.83155059814453
    ],
    [
      -46.00166320800781,
      -42.611759185791016,
      -41.88153839111328,
      -41.425662994384766,
      -40.962974548339844,
      -38.230289459228516,
      -42.35099411010742,
      -42.24628829956055,
      -41.67130661010742,
      -41.6081428527832,
      -40.13145065307617
    ],
    [
      -48.701534271240234,
      -45.347923278808594,
      -43.14458465576172,
      -42.77091598510742,
      -42.996238708496094,
      -40.719505310058594,
      -44.32313919067383,
      -42.403175354003906,
      -42.35409927368164,
      -42.72368240356445,
      -49.351524353027344
    ],
    [
      -45.03240203857422,
      -44.80710220336914,
      -43.01031494140625,
      -42.872459411621094,
      -42.6395263671875,
      -41.15835952758789,
      -43.98627853393555,
      -42.6413688659668,
      -42.781494140625,
      -45.54451370239258,
      -51.5394172668457
    ],
    [
      -41.58899688720703,
      -43.01106643676758,
      -43.01546096801758,
      -42.894779205322266,
      -42.14030838012695,
      -40.80582809448242,
      -43.283531188964844,
      -42.78004455566406,
      -42.55827331542969,
      -43.362342834472656,
      -56.94898223876953
    ],
    [
      -46.443233489990234,
      -45.15134048461914,
      -44.80804443359375,
      -44.19632339477539,
      -42.96915054321289,
      -40.22217559814453,
      -44.310855865478516,
      -43.80707931518555,
      -43.233482360839844,
      -44.331668853759766,
      -55.54362106323242
    ],
    [
      -46.88987731933594,
      -47.321754455566406,
      -43.93429183959961,
      -43.32157897949219,
      -43.90684127807617,
      -42.002464294433594,
      -45.0107421875,
      -44.798828125,
      -44.49611282348633,
      -40.46623229980469,
      -68.9367904663086
    ],
    [
      -74.80113983154297,
      -47.707088470458984,
      -46.92531204223633,
      -44.99216079711914,
      -45.74441146850586,
      -44.0812873840332,
      -45.95471954345703,
      -45.782806396484375,
      -45.393802642822266,
      -48.639198303222656,
      -73.51399993896484
    ],
    [
      -47.05687713623047,
      -47.54988479614258,
      -32.40968322753906,
      -42.42878341674805,
      -48.18497085571289,
      -45.9033088684082,
      -46.325645446777344,
      -44.99381637573242,
      -43.571903228759766,
      -44.67945098876953,
      -60.09394836425781
    ],
    [
      -72.665771484375,
      -46.31930160522461,
      -37.30630111694336,
      -44.4817008972168,
      -48.08152770996094,
      -45.42546844482422,
      -45.95181655883789,
      -43.868587493896484,
      -42.45616149902344,
      -40.43798065185547,
      -45.19972229003906
    ],
    [
      -56.031333923339844,
      -50.51860809326172,
      -45.64547348022461,
      -46.98979949951172,
      -51.66096496582031,
      -48.23005294799805,
      -47.857757568359375,
      -44.6336784362793,
      -43.468379974365234,
      -44.91532516479492,
      -370
    ],
    [
      -51.834556579589844,
      -49.335872650146484,
      -47.59181594848633,
      -49.15940475463867,
      -52.865291595458984,
      -50.29080581665039,
      -48.38422775268555,
      -46.603206634521484,
      -45.28833770751953,
      -43.11885452270508,
      -58.068241119384766
    ],
    [
      -46.33771514892578,
      -47.47471618652344,
      -48.023380279541016,
      -49.62827682495117,
      -53.21781921386719,
      -51.00318145751953,
      -49.346595764160156,
      -48.025718688964844,
      -46.6478385925293,
      -46.83150863647461,
      -65.02503967285156
    ],
    [
      -46.518104553222656,
      -47.392234802246094,
      -49.57777786254883,
      -51.48183822631836,
      -53.64162063598633,
      -51.583587646484375,
      -48.80509567260742,
      -46.99139404296875,
      -46.0114860534668,
      -46.75421142578125,
      -60.235694885253906
    ],
    [
      -49.87758255004883,
      -53.02721405029297,
      -52.77153015136719,
      -54.3297119140625,
      -57.0407600402832,
      -56.459190368652344,
      -51.42966842651367,
      -47.533687591552734,
      -45.67879867553711,
      -45.3576774597168,
      -55.59028625488281
    ],
    [
      -61.50004577636719,
      -63.755470275878906,
      -65.83267211914062,
      -63.256561279296875,
      -64.18690490722656,
      -63.99260711669922,
      -60.223915100097656,
      -52.97690963745117,
      -48.24091720581055,
      -45.54922103881836,
      -47.65369415283203
    ],
    [
      -66.73198699951172,
      -69.4288330078125,
      -68.35421752929688,
      -70.38037872314453,
      -70.88082122802734,
      -69.63106536865234,
      -63.211212158203125,
      -56.42301940917969,
      -53.424564361572266,
      -51.97686004638672,
      -66.24076080322266
    ]
  ],
  "histogram": [
    {
      "db": -70,
      "frequency": 0
    },
    {
      "db": -69,
      "frequency": 0
    },
    {
      "db": -68,
      "frequency": 1
    },
    {
      "db": -67,
      "frequency": 0
    },
    {
      "db": -66,
      "frequency": 1
    },
    {
      "db": -65,
      "frequency": 0
    },
    {
      "db": -64,
      "frequency": 1
    },
    {
      "db": -63,
      "frequency": 0
    },
    {
      "db": -62,
      "frequency": 1
    },
    {
      "db": -61,
      "frequency": 0
    },
    {
      "db": -60,
      "frequency": 1
    },
    {
      "db": -59,
      "frequency": 1
    },
    {
      "db": -58,
      "frequency": 0
    },
    {
      "db": -57,
      "frequency": 1
    },
    {
      "db": -56,
      "frequency": 1
    },
    {
      "db": -55,
      "frequency": 1
    },
    {
      "db": -54,
      "frequency": 1
    },
    {
      "db": -53,
      "frequency": 1
    },
    {
      "db": -52,
      "frequency": 1
    },
    {
      "db": -51,
      "frequency": 1
    },
    {
      "db": -50,
      "frequency": 0
    },
    {
      "db": -49,
      "frequency": 2
    },
    {
      "db": -48,
      "frequency": 1
    },
    {
      "db": -47,
      "frequency": 1
    },
    {
      "db": -46,
      "frequency": 1
    },
    {
      "db": -45,
      "frequency": 1
    },
    {
      "db": -44,
      "frequency": 2
    },
    {
      "db": -43,
      "frequency": 2
    },
    {
      "db": -42,
      "frequency": 3
    },
    {
      "db": -41,
      "frequency": 17
    },
    {
      "db": -40,
      "frequency": 15
    },
    {
      "db": -39,
      "frequency": 30
    },
    {
      "db": -38,
      "frequency": 25
    },
    {
      "db": -37,
      "frequency": 39
    },
    {
      "db": -36,
      "frequency": 52
    },
    {
      "db": -35,
      "frequency": 36
    },
    {
      "db": -34,
      "frequency": 31
    },
    {
      "db": -33,
      "frequency": 37
    },
    {
      "db": -32,
      "frequency": 59
    },
    {
      "db": -31,
      "frequency": 57
    },
    {
      "db": -30,
      "frequency": 81
    },
    {
      "db": -29,
      "frequency": 112
    },
    {
      "db": -28,
      "frequency": 164
    },
    {
      "db": -27,
      "frequency": 269
    },
    {
      "db": -26,
      "frequency": 431
    },
    {
      "db": -25,
      "frequency": 479
    },
    {
      "db": -24,
      "frequency": 404
    },
    {
      "db": -23,
      "frequency": 247
    },
    {
      "db": -22,
      "frequency": 340
    },
    {
      "db": -21,
      "frequency": 386
    },
    {
      "db": -20,
      "frequency": 277
    },
    {
      "db": -19,
      "frequency": 68
    },
    {
      "db": -18,
      "frequency": 34
    },
    {
      "db": -17,
      "frequency": 1
    },
    {
      "db": -16,
      "frequency": 0
    },
    {
      "db": -15,
      "frequency": 0
    },
    {
      "db": -14,
      "frequency": 0
    },
    {
      "db": -13,
      "frequency": 0
    },
    {
      "db": -12,
      "frequency": 0
    },
    {
      "db": -11,
      "frequency": 0
    },
    {
      "db": -10,
      "frequency": 0
    },
    {
      "db": -9,
      "frequency": 0
    },
    {
      "db": -8,
      "frequency": 0
    },
    {
      "db": -7,
      "frequency": 0
    },
    {
      "db": -6,
      "frequency": 0
    },
    {
      "db": -5,
      "frequency": 0
    },
    {
      "db": -4,
      "frequency": 0
    },
    {
      "db": -3,
      "frequency": 0
    },
    {
      "db": -2,
      "frequency": 0
    },
    {
      "db": -1,
      "frequency": 0
    },
    {
      "db": 0,
      "frequency": 0
    },
    {
      "db": 1,
      "frequency": 0
    },
    {
      "db": 2,
      "frequency": 0
    },
    {
      "db": 3,
      "frequency": 0
    },
    {
      "db": 4,
      "frequency": 0
    },
    {
      "db": 5,
      "frequency": 0
    },
    {
      "db": 6,
