{
  "acoustic_entropy": 215.56732177734375,
  "bands": [
    {
      "high_freq": 148.1999969482422,
      "loudness": -34.99934005737305,
      "loudness_range": 14.443321228027344,
      "mid_mean": -31.413799285888672,
      "mid_to_side_loudness": -32.28351974487305,
      "mid_to_side_loudness_range": 28.273571014404297,
      "side_mean": -63.148719787597656
    },
    {
      "high_freq": 392.3793640136719,
      "loudness": -34.8531494140625,
      "loudness_range": 11.745058059692383,
      "low_freq": 148.1999969482422,
      "mid_mean": -31.514280319213867,
      "mid_to_side_loudness": -13.05361270904541,
      "mid_to_side_loudness_range": 16.273120880126953,
      "side_mean": -44.68275451660156
    },
    {
      "high_freq": 794.6976318359375,
      "loudness": -37.149898529052734,
      "loudness_range": 15.491226196289062,
      "low_freq": 392.3793640136719,
      "mid_mean": -34.31716537475586,
      "mid_to_side_loudness": -8.537954330444336,
      "mid_to_side_loudness_range": 15.368974685668945,
      "side_mean": -42.8100700378418
    },
    {
      "high_freq": 1457.5709228515625,
      "loudness": -37.96109390258789,
      "loudness_range": 21.62736701965332,
      "low_freq": 794.6976318359375,
      "mid_mean": -35.83149719238281,
      "mid_to_side_loudness": -5.720083713531494,
      "mid_to_side_loudness_range": 16.105134963989258,
      "side_mean": -41.081302642822266
    },
    {
      "high_freq": 2549.74365234375,
      "loudness": -42.00986099243164,
      "loudness_range": 19.867788314819336,
      "low_freq": 1457.5709228515625,
      "mid_mean": -39.58078384399414,
      "mid_to_side_loudness": -6.34970235824585,
      "mid_to_side_loudness_range": 12.540114402770996,
      "side_mean": -45.31270980834961
    },
    {
      "high_freq": 4349.24462890625,
      "loudness": -42.17504119873047,
      "loudness_range": 19.220882415771484,
      "low_freq": 2549.74365234375,
      "mid_mean": -39.6665153503418,
      "mid_to_side_loudness": -6.349583625793457,
      "mid_to_side_loudness_range": 11.201521873474121,
      "side_mean": -45.80781936645508
    },
    {
      "high_freq": 7314.1640625,
      "loudness": -42.83635330200195,
      "loudness_range": 19.31383514404297,
      "low_freq": 4349.24462890625,
      "mid_mean": -40.6583251953125,
      "mid_to_side_loudness": -5.685553550720215,
      "mid_to_side_loudness_range": 10.728657722473145,
      "side_mean": -46.14209747314453
    },
    {
      "high_freq": 12199.2666015625,
      "loudness": -45.679237365722656,
      "loudness_range": 16.08761978149414,
      "low_freq": 7314.1640625,
      "mid_mean": -43.813758850097656,
      "mid_to_side_loudness": -4.2486443519592285,
      "mid_to_side_loudness_range": 7.126145839691162,
      "side_mean": -50.31045913696289
    },
    {
      "loudness": -51.79397964477539,
      "loudness_range": 17.01876449584961,
      "low_freq": 12199.2666015625,
      "mid_mean": -52.16303634643555,
      "mid_to_side_loudness": -3.1832737922668457,
      "mid_to_side_loudness_range": 4.632315635681152,
      "side_mean": -55.000038146972656
    }
  ],
  "bands_short": [
    {
      "high_freq": 148.1999969482422,
      "loudness": -36.82304382324219,
      "loudness_range": 18.17718505859375,
      "mid_mean": -33.62042236328125,
      "mid_to_side_loudness": -33.41590881347656,
      "mid_to_side_loudness_range": 33.84823226928711,
      "side_mean": -65.7695083618164
    },
    {
      "high_freq": 392.3793640136719,
      "loudness": -34.840457916259766,
      "loudness_range": 14.47421646118164,
      "low_freq": 148.1999969482422,
      "mid_mean": -31.505870819091797,
      "mid_to_side_loudness": -14.189356803894043,
      "mid_to_side_loudness_range": 18.65061378479004,
      "side_mean": -45.84663391113281
    },
    {
      "high_freq": 794.6976318359375,
      "loudness": -37.5531120300293,
      "loudness_range": 17.385549545288086,
      "low_freq": 392.3793640136719,
      "mid_mean": -34.81758117675781,
      "mid_to_side_loudness": -8.425348281860352,
      "mid_to_side_loudness_range": 16.210315704345703,
      "side_mean": -43.3099479675293
    },
    {
      "high_freq": 1457.5709228515625,
      "loudness": -38.42497253417969,
      "loudness_range": 22.99236297607422,
      "low_freq": 794.6976318359375,
      "mid_mean": -36.58950424194336,
      "mid_to_side_loudness": -5.373956203460693,
      "mid_to_side_loudness_range": 17.20637321472168,
      "side_mean": -41.531394958496094
    },
    {
      "high_freq": 2549.74365234375,
      "loudness": -43.15604019165039,
      "loudness_range": 22.840286254882812,
      "low_freq": 1457.5709228515625,
      "mid_mean": -40.78965377807617,
      "mid_to_side_loudness": -6.443845748901367,
      "mid_to_side_loudness_range": 13.9668607711792,
      "side_mean": -46.975711822509766
    },
    {
      "high_freq": 4349.24462890625,
      "loudness": -43.353736877441406,
      "loudness_range": 22.890003204345703,
      "low_freq": 2549.74365234375,
      "mid_mean": -40.91757583618164,
      "mid_to_side_loudness": -6.462630748748779,
      "mid_to_side_loudness_range": 12.484071731567383,
      "side_mean": -47.39641189575195
    },
    {
      "high_freq": 7314.1640625,
      "loudness": -44.723026275634766,
      "loudness_range": 25.322586059570312,
      "low_freq": 4349.24462890625,
      "mid_mean": -42.657470703125,
      "mid_to_side_loudness": -5.890228748321533,
      "mid_to_side_loudness_range": 12.898066520690918,
      "side_mean": -49.23039245605469
    },
    {
      "high_freq": 12199.2666015625,
      "loudness": -48.29244613647461,
      "loudness_range": 24.136619567871094,
      "low_freq": 7314.1640625,
      "mid_mean": -47.55178451538086,
      "mid_to_side_loudness": -4.62899112701416,
      "mid_to_side_loudness_range": 9.497478485107422,
      "side_mean": -53.67491912841797
    },
    {
      "loudness": -55.89384078979492,
      "loudness_range": 27.510486602783203,
      "low_freq": 12199.2666015625,
      "mid_mean": -56.08492660522461,
      "mid_to_side_loudness": -3.990640163421631,
      "mid_to_side_loudness_range": 8.732743263244629,
      "side_mean": -59.271446228027344
    }
  ],
  "bandwidth": 610.711181640625,
  "channels": 2,
  "covariance": [
    [
      35.206565856933594,
      9.468623161315918,
      12.177057266235352,
      10.787630081176758,
      6.690234184265137,
      16.3020076751709,
      12.92470932006836,
      21.31418228149414,
      9.560205459594727,
      11.008443832397461,
      14.112634658813477,
      15.72952651977539,
      14.199638366699219,
      18.0340518951416,
      7.799339294433594,
      21.329267501831055,
      17.34071922302246,
      15.852797508239746
    ],
    [
      9.468623161315918,
      27.79300308227539,
      7.752297401428223,
      17.663057327270508,
      10.865372657775879,
      17.14646339416504,
      17.37873649597168,
      21.23256492614746,
      16.37162208557129,
      15.615382194519043,
      14.935405731201172,
      15.719143867492676,
      8.873187065124512,
      8.769915580749512,
      -0.831159234046936,
      7.810113430023193,
      2.002357006072998,
      2.5957653522491455
    ],
    [
      12.177057266235352,
      7.752297401428223,
      20.995691299438477,
      16.74785804748535,
      10.832033157348633,
      16.13455581665039,
      11.562192916870117,
      14.403085708618164,
      13.51579475402832,
      11.723546028137207,
      14.791479110717773,
      16.378002166748047,
      11.131227493286133,
      10.968323707580566,
      4.987781047821045,
      16.27237319946289,
      13.53808307647705,
      12.507611274719238
    ],
    [
      10.787630081176758,
      17.663057327270508,
      16.74785804748535,
      39.89723587036133,
      18.928176879882812,
      33.73624801635742,
      22.104412078857422,
      32.33772659301758,
      23.738733291625977,
      24.223407745361328,
      20.76103973388672,
      27.557964324951172,
      10.879225730895996,
      12.68659782409668,
      -0.45160040259361267,
      12.230029106140137,
      3.524989604949951,
      5.65915060043335
    ],
    [
      6.690234184265137,
      10.865372657775879,
      10.832033157348633,
      18.928176879882812,
      33.34004211425781,
      28.25336456298828,
      29.89626121520996,
      26.042226791381836,
      30.2374210357666,
      21.313583374023438,
      27.269166946411133,
      22.526296615600586,
      18.139881134033203,
      13.484902381896973,
      5.709234237670898,
      15.406303405761719,
      10.698420524597168,
      9.699169158935547
    ],
    [
      16.3020076751709,
      17.14646339416504,
      16.13455581665039,
      33.73624801635742,
      28.25336456298828,
      52.49089431762695,
      35.90821838378906,
      50.80229949951172,
      32.069435119628906,
      32.92311096191406,
      29.084104537963867,
      35.9770622253418,
      19.129894256591797,
      23.35818862915039,
      3.5762696266174316,
      24.862279891967773,
      14.746612548828125,
      15.815781593322754
    ],
    [
      12.92470932006836,
      17.37873649597168,
      11.562192916870117,
      22.104412078857422,
      29.89626121520996,
      35.90821838378906,
      58.04514694213867,
      52.36285400390625,
      41.04658126831055,
      32.55220031738281,
      38.272300720214844,
      34.0312614440918,
      25.518327713012695,
      23.22202491760254,
      5.0424675941467285,
      20.988805770874023,
      12.35753059387207,
      11.617260932922363
    ],
    [
      21.31418228149414,
      21.23256492614746,
      14.403085708618164,
      32.33772659301758,
      26.042226791381836,
      50.80229949951172,
      52.36285400390625,
      83.08686828613281,
      38.33945083618164,
      44.60796356201172,
      35.7008171081543,
      42.52366638183594,
      21.88646697998047,
      30.415620803833008,
      2.3808212280273438,
      23.496749877929688,
      9.504916191101074,
      11.773835182189941
    ],
    [
      9.560205459594727,
      16.37162208557129,
      13.51579475402832,
      23.738733291625977,
      30.2374210357666,
      32.069435119628906,
      41.04658126831055,
      38.33945083618164,
      52.023258209228516,
      36.978790283203125,
      43.47676086425781,
      36.58186340332031,
      31.41362953186035,
      25.049758911132812,
      11.00517749786377,
      25.160781860351562,
      17.175048828125,
      15.19353199005127
    ],
    [
      11.008443832397461,
      15.615382194519043,
      11.723546028137207,
      24.223407745361328,
      21.313583374023438,
      32.92311096191406,
      32.55220031738281,
      44.60796356201172,
      36.978790283203125,
      46.739810943603516,
      32.34632110595703,
      38.680580139160156,
      23.841684341430664,
      29.43444061279297,
      9.135455131530762,
      21.790672302246094,
      11.06898021697998,
      13.066555976867676
    ],
    [
      14.112634658813477,
      14.935405731201172,
      14.791479110717773,
      20.76103973388672,
      27.269166946411133,
      29.084104537963867,
      38.272300720214844,
      35.7008171081543,
      43.47676086425781,
      32.34632110595703,
      50.63385009765625,
      42.51905822753906,
      38.92886734008789,
      33.55388641357422,
      17.826601028442383,
      35.406917572021484,
      25.832799911499023,
      22.844266891479492
    ],
    [
      15.72952651977539,
      15.719143867492676,
      16.378002166748047,
      27.557964324951172,
      22.526296615600586,
      35.9770622253418,
      34.0312614440918,
      42.52366638183594,
      36.58186340332031,
      38.680580139160156,
      42.51905822753906,
      54.050079345703125,
      35.82929992675781,
      41.440128326416016,
      16.52616310119629,
      41.106510162353516,
      26.567737579345703,
      27.081890106201172
    ],
    [
      14.199638366699219,
      8.873187065124512,
      11.131227493286133,
      10.879225730895996,
      18.139881134033203,
      19.129894256591797,
      25.518327713012695,
      21.88646697998047,
      31.41362953186035,
      23.841684341430664,
      38.92886734008789,
      35.82929992675781,
      53.461334228515625,
      40.8301887512207,
      34.1879997253418,
      44.37663269042969,
      40.01424789428711,
      33.849159240722656
    ],
    [
      18.0340518951416,
      8.769915580749512,
      10.968323707580566,
      12.68659782409668,
      13.484902381896973,
      23.35818862915039,
      23.22202491760254,
      30.415620803833008,
      25.049758911132812,
      29.43444061279297,
      33.55388641357422,
      41.440128326416016,
      40.8301887512207,
      53.30154800415039,
      28.925317764282227,
      49.77207946777344,
      38.692405700683594,
      38.20088195800781
    ],
    [
      7.799339294433594,
      -0.831159234046936,
      4.987781047821045,
      -0.45160040259361267,
      5.709234237670898,
      3.5762696266174316,
      5.0424675941467285,
      2.3808212280273438,
      11.00517749786377,
      9.135455131530762,
      17.826601028442383,
      16.52616310119629,
      34.1879997253418,
      28.925317764282227,
      43.93067169189453,
      35.41676712036133,
      38.94322967529297,
      32.86497116088867
    ],
    [
      21.329267501831055,
      7.810113430023193,
      16.27237319946289,
      12.230029106140137,
      15.406303405761719,
      24.862279891967773,
      20.988805770874023,
      23.496749877929688,
      25.160781860351562,
      21.790672302246094,
      35.406917572021484,
      41.106510162353516,
      44.37663269042969,
      49.77207946777344,
      35.41676712036133,
      77.85736083984375,
      70.3259048461914,
      65.07209777832031
    ],
    [
      17.34071922302246,
      2.002357006072998,
      13.53808307647705,
      3.524989604949951,
      10.698420524597168,
      14.746612548828125,
      12.35753059387207,
      9.504916191101074,
      17.175048828125,
      11.06898021697998,
      25.832799911499023,
      26.567737579345703,
      40.01424789428711,
      38.692405700683594,
      38.94322967529297,
      70.3259048461914,
      75.12252807617188,
      65.7079086303711
    ],
    [
      15.852797508239746,
      2.5957653522491455,
      12.507611274719238,
      5.65915060043335,
      9.699169158935547,
      15.815781593322754,
      11.617260932922363,
      11.773835182189941,
      15.19353199005127,
      13.066555976867676,
      22.844266891479492,
      27.081890106201172,
      33.849159240722656,
      38.20088195800781,
      32.86497116088867,
      65.07209777832031,
      65.7079086303711,
      62.07011795043945
    ]
  ],
  "covariance_short": [
    [
      61.441314697265625,
      7.310235500335693,
      17.424638748168945,
      12.925736427307129,
      8.534765243530273,
      17.140323638916016,
      14.273480415344238,
      22.20535659790039,
      11.480841636657715,
      13.232888221740723,
      17.717605590820312,
      21.669654846191406,
      18.708080291748047,
      27.185300827026367,
      16.157947540283203,
      26.82402992248535,
      18.699344635009766,
      17.809661865234375
    ],
    [
      7.310235500335693,
      22.91580581665039,
      6.580285549163818,
      15.381043434143066,
      9.611515998840332,
      13.411823272705078,
      14.487591743469238,
      15.854898452758789,
      14.702088356018066,
      15.216556549072266,
      12.992762565612793,
      14.242410659790039,
      8.506397247314453,
      11.172919273376465,
      3.5902185440063477,
      8.413764953613281,
      4.313683032989502,
      5.355959892272949
    ],
    [
      17.424638748168945,
      6.580285549163818,
      28.692611694335938,
      18.9383544921875,
      13.98445987701416,
      19.155309677124023,
      14.536796569824219,
      16.993331909179688,
      15.990375518798828,
      16.119945526123047,
      17.55500030517578,
      20.882598876953125,
      14.83036994934082,
      21.770137786865234,
      12.173467636108398,
      21.174596786499023,
      16.3386173248291,
      15.6674165725708
    ],
    [
      12.925736427307129,
      15.381043434143066,
      18.9383544921875,
      47.9025764465332,
      22.432886123657227,
      36.704166412353516,
      24.69590187072754,
      32.67344284057617,
      27.145721435546875,
      31.447126388549805,
      24.877662658691406,
      34.75135040283203,
      16.587003707885742,
      26.614145278930664,
      7.663450717926025,
      20.05545425415039,
      8.550958633422852,
      11.482734680175781
    ],
    [
      8.534765243530273,
      9.611515998840332,
      13.98445987701416,
      22.432886123657227,
      41.87437057495117,
      31.861513137817383,
      34.706146240234375,
      28.448535919189453,
      36.89773941040039,
      29.35125160217285,
      34.27347183227539,
      30.16327667236328,
      27.14031219482422,
      27.713726043701172,
      17.275787353515625,
      23.04173469543457,
      17.0081787109375,
      14.574541091918945
    ],
    [
      17.140323638916016,
      13.411823272705078,
      19.155309677124023,
      36.704166412353516,
      31.861513137817383,
      57.560401916503906,
      39.1773796081543,
      51.538612365722656,
      37.099422454833984,
      41.52759552001953,
      34.44503402709961,
      44.08330154418945,
      26.78354263305664,
      40.2595329284668,
      15.039071083068848,
      32.879878997802734,
      19.597150802612305,
      20.73382568359375
    ],
    [
      14.273480415344238,
      14.487591743469238,
      14.536796569824219,
      24.69590187072754,
      34.706146240234375,
      39.1773796081543,
      67.97208404541016,
      55.432891845703125,
      48.23149490356445,
      41.84695053100586,
      46.05884552001953,
      43.54755401611328,
      36.426177978515625,
      41.32935333251953,
      21.129966735839844,
      32.11594772338867,
      21.441652297973633,
      18.583715438842773
    ],
    [
      22.20535659790039,
      15.854898452758789,
      16.993331909179688,
      32.67344284057617,
      28.448535919189453,
      51.538612365722656,
      55.432891845703125,
      88.57813262939453,
      43.3069953918457,
      51.45469284057617,
      40.20376205444336,
      50.69287872314453,
      30.24553108215332,
      47.71070861816406,
      18.113862991333008,
      35.9449577331543,
      17.639036178588867,
      19.768592834472656
    ],
    [
      11.480841636657715,
      14.702088356018066,
      15.990375518798828,
      27.145721435546875,
      36.89773941040039,
      37.099422454833984,
      48.23149490356445,
      43.3069953918457,
      65.532470703125,
      50.26091384887695,
      54.12504959106445,
      48.54268264770508,
      45.279693603515625,
      47.32185363769531,
      30.235708236694336,
      38.465614318847656,
      27.849031448364258,
      23.72734832763672
    ],
    [
      13.232888221740723,
      15.216556549072266,
      16.119945526123047,
      31.447126388549805,
      29.35125160217285,
      41.52759552001953,
      41.84695053100586,
      51.45469284057617,
      50.26091384887695,
      65.58993530273438,
      44.157405853271484,
      54.350372314453125,
      39.314117431640625,
      53.10391616821289,
      29.245704650878906,
      43.059181213378906,
      28.04168701171875,
      29.164306640625
    ],
    [
      17.717605590820312,
      12.992762565612793,
      17.55500030517578,
      24.877662658691406,
      34.27347183227539,
      34.44503402709961,
      46.05884552001953,
      40.20376205444336,
      54.12504959106445,
      44.157405853271484,
      68.20413208007812,
      57.34489822387695,
      59.33719253540039,
      61.46538543701172,
      45.28142166137695,
      53.367645263671875,
      40.464271545410156,
      34.2145881652832
    ],
    [
      21.669654846191406,
      14.242410659790039,
      20.882598876953125,
      34.75135040283203,
      30.16327667236328,
      44.08330154418945,
      43.54755401611328,
      50.69287872314453,
      48.54268264770508,
      54.350372314453125,
      57.34489822387695,
      73.27157592773438,
      53.751739501953125,
      73.4043960571289,
      42.40180969238281,
      63.645729064941406,
      41.78522872924805,
      42.50839614868164
    ],
    [
      18.708080291748047,
      8.506397247314453,
      14.83036994934082,
      16.587003707885742,
      27.14031219482422,
      26.78354263305664,
      36.426177978515625,
      30.24553108215332,
      45.279693603515625,
      39.314117431640625,
      59.33719253540039,
      53.751739501953125,
      83.07425689697266,
      73.05641174316406,
      72.95923614501953,
      71.49362182617188,
      64.6408462524414,
      52.86767578125
    ],
    [
      27.185300827026367,
      11.172919273376465,
      21.770137786865234,
      26.614145278930664,
      27.713726043701172,
      40.2595329284668,
      41.32935333251953,
      47.71070861816406,
      47.32185363769531,
      53.10391616821289,
      61.46538543701172,
      73.4043960571289,
      73.05641174316406,
      97.653564453125,
      68.51915740966797,
      92.27266693115234,
      70.3648452758789,
      68.07518768310547
    ],
    [
      16.157947540283203,
      3.5902185440063477,
      12.173467636108398,
      7.663450717926025,
      17.275787353515625,
      15.039071083068848,
      21.129966735839844,
      18.113862991333008,
      30.235708236694336,
      29.245704650878906,
      45.28142166137695,
      42.40180969238281,
      72.95923614501953,
      68.51915740966797,
      94.76223754882812,
      80.09725952148438,
      81.11949920654297,
      67.51203155517578
    ],
    [
      26.82402992248535,
      8.413764953613281,
      21.174596786499023,
      20.05545425415039,
      23.04173469543457,
      32.879878997802734,
      32.11594772338867,
      35.9449577331543,
      38.465614318847656,
      43.059181213378906,
      53.367645263671875,
      63.645729064941406,
      71.49362182617188,
      92.27266693115234,
      80.09725952148438,
      104.81908416748047,
      87.96233367919922,
      84.04623413085938
    ],
    [
      18.699344635009766,
      4.313683032989502,
      16.3386173248291,
      8.550958633422852,
      17.0081787109375,
      19.597150802612305,
      21.441652297973633,
      17.639036178588867,
      27.849031448364258,
      28.04168701171875,
      40.464271545410156,
      41.78522872924805,
      64.6408462524414,
      70.3648452758789,
      81.11949920654297,
      87.96233367919922,
      95.33517456054688,
      81.68571472167969
    ],
    [
      17.809661865234375,
      5.355959892272949,
      15.6674165725708,
      11.482734680175781,
      14.574541091918945,
      20.73382568359375,
      18.583715438842773,
      19.768592834472656,
      23.72734832763672,
      29.164306640625,
      34.2145881652832,
      42.50839614868164,
      52.86767578125,
      68.07518768310547,
      67.51203155517578,
      84.04623413085938,
      81.68571472167969,
      81.0577621459961
    ]
  ],
  "damage": -19.833112716674805,
  "diff_bandwidth": 647.8757934570312,
  "dissonance": 8.16796016616357,
  "drr": -14.919816017150879,
  "dynamics": 3.6667513847351074,
  "format": 1245190,
  "frames": 16633344,
  "freq_pan_to_db": [
    [
      -42.592220306396484,
      -41.11665725708008,
      -39.96521759033203,
      -35.32243347167969,
      -28.146968841552734,
      -23.71074676513672,
      -29.216581344604492,
      -35.447608947753906,
      -35.31364440917969,
      -40.59880447387695,
      -46.35203170776367
    ],
    [
      -41.822906494140625,
      -37.35060501098633,
      -34.690433502197266,
      -31.746492385864258,
      -26.20164680480957,
      -23.472990036010742,
      -26.840070724487305,
      -30.2045841217041,
      -33.20596694946289,
      -35.613765716552734,
      -42.14658737182617
    ],
    [
      -42.784767150878906,
      -37.63740158081055,
      -36.63670349121094,
      -34.20996856689453,
      -28.68252182006836,
      -24.417766571044922,
      -27.411880493164062,
      -31.629798889160156,
      -33.68603515625,
      -38.57157516479492,
      -45.34693145751953
    ],
    [
      -43.43398666381836,
      -39.839656829833984,
      -36.385108947753906,
      -32.3629264831543,
      -29.229711532592773,
      -26.93214988708496,
      -29.897546768188477,
      -32.91191482543945,
      -36.43064498901367,
      -38.165592193603516,
      -41.49135208129883
    ],
    [
      -37.32991409301758,
      -34.73415756225586,
      -32.67283248901367,
      -30.68651580810547,
      -28.338788986206055,
      -26.75013542175293,
      -27.783414840698242,
      -29.89910888671875,
      -31.56913185119629,
      -33.7299690246582,
      -35.46599578857422
    ],
    [
      -33.5330810546875,
      -32.256378173828125,
      -31.00296401977539,
      -30.04050064086914,
      -28.624465942382812,
      -26.66488265991211,
      -27.690731048583984,
      -29.485071182250977,
      -30.915992736816406,
      -32.524417877197266,
      -33.00388717651367
    ],
    [
      -33.39500427246094,
      -32.630577087402344,
      -30.815296173095703,
      -30.08373260498047,
      -28.590185165405273,
      -26.148555755615234,
      -27.774927139282227,
      -29.887971878051758,
      -31.5697021484375,
      -32.720638275146484,
      -32.780704498291016
    ],
    [
      -32.687435150146484,
      -32.67409896850586,
      -31.65855598449707,
      -30.048242568969727,
      -27.34158706665039,
      -26.588199615478516,
      -28.537527084350586,
      -30.620405197143555,
      -30.99149513244629,
      -31.832767486572266,
      -32.23289489746094
    ],
    [
      -34.90320587158203,
      -34.419742584228516,
      -32.538692474365234,
      -30.555755615234375,
      -29.585649490356445,
      -29.775909423828125,
      -32.024085998535156,
      -33.803924560546875,
      -34.720611572265625,
      -35.17854690551758,
      -36.70000076293945
    ],
    [
      -32.3339958190918,
      -31.997461318969727,
      -31.792659759521484,
      -29.926647186279297,
      -27.573965072631836,
      -27.795656204223633,
      -30.51097869873047,
      -32.079376220703125,
      -31.398677825927734,
      -32.49422073364258,
      -34.14529037475586
    ],
    [
      -30.223812103271484,
      -31.63424301147461,
      -31.758930206298828,
      -30.09444236755371,
      -28.728055953979492,
      -27.578536987304688,
      -28.209226608276367,
      -30.624256134033203,
      -31.754140853881836,
      -32.92462158203125,
      -32.14423751831055
    ],
    [
      -29.581798553466797,
      -31.221452713012695,
      -30.82764434814453,
      -30.97435760498047,
      -30.720443725585938,
      -29.621824264526367,
      -30.435821533203125,
      -31.584747314453125,
      -32.12017822265625,
      -33.262916564941406,
      -33.92388916015625
    ],
    [
      -31.978931427001953,
      -32.31011962890625,
      -32.95916748046875,
      -31.904468536376953,
      -31.93343734741211,
      -31.31163787841797,
      -31.987424850463867,
      -32.333431243896484,
      -32.58108139038086,
      -32.506961822509766,
      -33.90203857421875
    ],
    [
      -31.785415649414062,
      -32.339683532714844,
      -31.952293395996094,
      -31.901735305786133,
      -31.361135482788086,
      -28.84871482849121,
      -29.084028244018555,
      -30.120765686035156,
      -30.48497772216797,
      -31.682842254638672,
      -31.540855407714844
    ],
    [
      -31.452152252197266,
      -31.503890991210938,
      -30.899499893188477,
      -29.684492111206055,
      -29.680965423583984,
      -28.073030471801758,
      -29.00338363647461,
      -28.610607147216797,
      -28.67535400390625,
      -29.595144271850586,
      -27.281408309936523
    ],
    [
      -33.97876739501953,
      -31.61742401123047,
      -31.275835037231445,
      -30.27465057373047,
      -31.91387367248535,
      -29.866296768188477,
      -30.097789764404297,
      -29.997234344482422,
      -29.557170867919922,
      -30.097612380981445,
      -27.749862670898438
    ],
    [
      -38.01301574707031,
      -33.569149017333984,
      -32.547672271728516,
      -31.654037475585938,
      -35.13358688354492,
      -32.537864685058594,
      -31.95435905456543,
      -31.767087936401367,
      -33.090293884277344,
      -31.635961532592773,
      -30.3436222076416
    ],
    [
      -34.60870361328125,
      -31.421628952026367,
      -29.541933059692383,
      -28.6444149017334,
      -31.885051727294922,
      -31.635913848876953,
      -29.320598602294922,
      -28.719451904296875,
      -31.17613410949707,
      -29.296924591064453,
      -26.92477798461914
    ],
    [
      -40.06836700439453,
      -36.98506164550781,
      -35.310951232910156,
      -35.52935028076172,
      -36.50688552856445,
      -32.957275390625,
      -35.30612564086914,
      -35.69809341430664,
      -34.147953033447266,
      -34.062923431396484,
      -31.333147048950195
    ],
    [
      -36.75184631347656,
      -40.32610321044922,
      -39.06789779663086,
      -39.03668212890625,
      -39.13564682006836,
      -37.2051887512207,
      -38.2970085144043,
      -39.43746566772461,
      -38.27408218383789,
      -36.45145034790039,
      -34.355674743652344
    ],
    [
      -42.26264572143555,
      -41.807220458984375,
      -40.4133186340332,
      -40.24289321899414,
      -38.30758285522461,
      -37.009822845458984,
      -41.63833236694336,
      -39.42174530029297,
      -40.58987808227539,
      -37.71965789794922,
      -33.540077209472656
    ],
    [
      -39.67491149902344,
      -42.2396240234375,
      -41.074527740478516,
      -40.685489654541016,
      -41.002601623535156,
      -39.473243713378906,
      -42.21240234375,
      -41.95558166503906,
      -42.286529541015625,
      -41.488677978515625,
      -38.87548828125
    ],
    [
      -40.9175910949707,
      -42.1114501953125,
      -41.856414794921875,
      -42.04765701293945,
      -41.44219207763672,
      -39.94887161254883,
      -42.891292572021484,
      -43.4713249206543,
      -42.79095458984375,
      -42.26254653930664,
      -43.84801483154297
    ],
    [
      -40.06728744506836,
      -42.020565032958984,
      -41.71994400024414,
      -41.48973846435547,
      -41.001224517822266,
      -39.0789794921875,
      -41.6098518371582,
      -42.57612991333008,
      -42.22100067138672,
      -41.740325927734375,
      -43.53891372680664
    ],
    [
      -42.243534088134766,
      -42.56615447998047,
      -42.33378601074219,
      -41.97184753417969,
      -41.381500244140625,
      -41.00105285644531,
      -42.17921447753906,
      -42.49168014526367,
      -42.87128448486328,
      -44.2384147644043,
      -48.67353820800781
    ],
    [
      -46.40592575073242,
      -44.09263229370117,
      -42.474483489990234,
      -41.86471939086914,
      -40.810630798339844,
      -38.84380340576172,
      -41.43101119995117,
      -42.26620101928711,
      -43.10016632080078,
      -44.040283203125,
      -48.798099517822266
    ],
    [
      -46.05034637451172,
      -42.62675857543945,
      -41.76310729980469,
      -41.50603103637695,
      -40.99151611328125,
      -38.268714904785156,
      -42.333351135253906,
      -42.26947021484375,
      -41.621910095214844,
      -41.52318572998047,
      -40.09999465942383
    ],
    [
      -48.730716705322266,
      -45.278411865234375,
      -43.13724899291992,
      -42.747276306152344,
      -42.992767333984375,
      -40.766727447509766,
      -44.32902526855469,
      -42.39028549194336,
      -42.301937103271484,
      -42.69428253173828,
      -47.595069885253906
    ],
    [
      -45.71562957763672,
      -44.78649139404297,
      -42.930294036865234,
      -42.8629150390625,
      -42.638553619384766,
      -41.21218490600586,
      -43.996803283691406,
      -42.63228988647461,
      -42.73830795288086,
      -45.482418060302734,
      -51.6683349609375
    ],
    [
      -41.755191802978516,
      -42.95890808105469,
      -42.98284149169922,
      -42.85702133178711,
      -42.14555358886719,
      -40.83864974975586,
      -43.2783317565918,
      -42.77890396118164,
      -42.57074737548828,
      -43.435874938964844,
      -57.18157196044922
    ],
    [
      -48.399784088134766,
      -45.252384185791016,
      -44.75703048706055,
      -44.17311096191406,
      -42.97785186767578,
      -40.26350402832031,
      -44.303436279296875,
      -43.81067657470703,
      -43.11307907104492,
      -44.26508331298828,
      -56.01802062988281
    ],
    [
      -46.53798294067383,
      -47.82612991333008,
      -43.8752555847168,
      -43.31242752075195,
      -43.885589599609375,
      -42.035369873046875,
      -45.0008544921875,
      -44.742008209228516,
      -44.510005950927734,
      -40.74720764160156,
      -58.54613494873047
    ],
    [
      -44.86207580566406,
      -47.737850189208984,
      -46.91387176513672,
      -44.9934196472168,
      -45.7292594909668,
      -44.106876373291016,
      -45.93092346191406,
      -45.79350280761719,
      -45.394981384277344,
      -49.5999641418457,
      -71.36787414550781
    ],
    [
      -47.02473831176758,
      -48.0466423034668,
      -32.44290542602539,
      -42.43220520019531,
      -48.18212127685547,
      -45.91789627075195,
      -46.29228973388672,
      -44.96303939819336,
      -43.62824630737305,
      -44.79533767700195,
      -60.06681442260742
    ],
    [
      -72.6267318725586,
      -46.872806549072266,
      -37.21870040893555,
      -44.53940200805664,
      -48.06536865234375,
      -45.43778610229492,
      -45.9345817565918,
      -43.849334716796875,
      -42.443748474121094,
      -40.50522232055664,
      -370
    ],
    [
      -55.99925231933594,
      -50.380577087402344,
      -45.69170379638672,
      -47.0967903137207,
      -51.59910583496094,
      -48.20492935180664,
      -47.82051086425781,
      -44.63286209106445,
      -43.47090148925781,
      -45.344635009765625,
      -370
    ],
    [
      -52.18146514892578,
      -49.53368377685547,
      -47.7484245300293,
      -49.1617546081543,
      -52.79325485229492,
      -50.27415466308594,
      -48.32655715942383,
      -46.59272384643555,
      -45.35750961303711,
      -43.639984130859375,
      -58.03618240356445
    ],
    [
      -47.06203842163086,
      -47.54690933227539,
      -48.21387481689453,
      -49.53773498535156,
      -53.146915435791016,
      -50.935760498046875,
      -49.367698669433594,
      -48.0539436340332,
      -46.86886215209961,
      -47.14663314819336,
      -64.98299407958984
    ],
    [
      -46.09660339355469,
      -47.8705940246582,
      -49.68230056762695,
      -51.40673828125,
      -53.56728744506836,
      -51.55364227294922,
      -48.797760009765625,
      -46.9835090637207,
      -46.13751220703125,
      -47.236412048339844,
      -60.20414733886719
    ],
    [
      -49.60391616821289,
      -53.479488372802734,
      -53.42344665527344,
      -54.08098602294922,
      -57.06537628173828,
      -56.383079528808594,
      -51.41210174560547,
      -47.50300216674805,
      -45.70003890991211,
      -45.37755584716797,
      -55.56123733520508
    ],
    [
      -61.4709587097168,
      -64.26985168457031,
      -66.48931121826172,
      -63.55082321166992,
      -64.33600616455078,
      -63.89194869995117,
      -60.20176696777344,
      -52.92787551879883,
      -48.220008850097656,
      -45.586509704589844,
      -47.64793395996094
    ],
    [
      -66.5982894897461,
      -68.57947540283203,
      -68.50588989257812,
      -70.40219116210938,
      -70.84607696533203,
      -69.62321472167969,
      -63.21119689941406,
      -56.391597747802734,
      -53.38975143432617,
      -52.05685043334961,
      -51.62896728515625
    ]
  ],
  "histogram": [
    {
      "db": -70,
      "frequency": 0
    },
    {
      "db": -69,
      "frequency": 0
    },
    {
      "db": -68,
      "frequency": 1
    },
    {
      "db": -67,
      "frequency": 0
    },
    {
      "db": -66,
      "frequency": 1
    },
    {
      "db": -65,
      "frequency": 0
    },
    {
      "db": -64,
      "frequency": 1
    },
    {
      "db": -63,
      "frequency": 0
    },
    {
      "db": -62,
      "frequency": 1
    },
    {
      "db": -61,
      "frequency": 0
    },
    {
      "db": -60,
      "frequency": 1
    },
    {
      "db": -59,
      "frequency": 1
    },
    {
      "db": -58,
      "frequency": 0
    },
    {
      "db": -57,
      "frequency": 1
    },
    {
      "db": -56,
      "frequency": 1
    },
    {
      "db": -55,
      "frequency": 1
    },
    {
      "db": -54,
      "frequency": 1
    },
    {
      "db": -53,
      "frequency": 1
    },
    {
      "db": -52,
      "frequency": 1
    },
    {
      "db": -51,
      "frequency": 1
    },
    {
      "db": -50,
      "frequency": 0
    },
    {
      "db": -49,
      "frequency": 2
    },
    {
      "db": -48,
      "frequency": 1
    },
    {
      "db": -47,
      "frequency": 1
    },
    {
      "db": -46,
      "frequency": 1
    },
    {
      "db": -45,
      "frequency": 1
    },
    {
      "db": -44,
      "frequency": 2
    },
    {
      "db": -43,
      "frequency": 2
    },
    {
      "db": -42,
      "frequency": 3
    },
    {
      "db": -41,
      "frequency": 17
    },
    {
      "db": -40,
      "frequency": 13
    },
    {
      "db": -39,
      "frequency": 29
    },
    {
      "db": -38,
      "frequency": 27
    },
    {
      "db": -37,
      "frequency": 40
    },
    {
      "db": -36,
      "frequency": 51
    },
    {
      "db": -35,
      "frequency": 35
    },
    {
      "db": -34,
      "frequency": 30
    },
    {
      "db": -33,
      "frequency": 40
    },
    {
      "db": -32,
      "frequency": 57
    },
    {
      "db": -31,
      "frequency": 56
    },
    {
      "db": -30,
      "frequency": 81
    },
    {
      "db": -29,
      "frequency": 111
    },
    {
      "db": -28,
      "frequency": 162
    },
    {
      "db": -27,
      "frequency": 269
    },
    {
      "db": -26,
      "frequency": 426
    },
    {
      "db": -25,
      "frequency": 480
    },
    {
      "db": -24,
      "frequency": 412
    },
    {
      "db": -23,
      "frequency": 248
    },
    {
      "db": -22,
      "frequency": 340
    },
    {
      "db": -21,
      "frequency": 398
    },
    {
      "db": -20,
      "frequency": 272
    },
    {
      "db": -19,
      "frequency": 67
    },
    {
      "db": -18,
      "frequency": 30
    },
    {
      "db": -17,
      "frequency": 0
    },
    {
      "db": -16,
      "frequency": 0
    },
    {
      "db": -15,
      "frequency": 0
    },
    {
      "db": -14,
      "frequency": 0
    },
    {
      "db": -13,
      "frequency": 0
    },
    {
      "db": -12,
      "frequency": 0
    },
    {
      "db": -11,
      "frequency": 0
    },
    {
      "db": -10,
      "frequency": 0
    },
    {
      "db": -9,
      "frequency": 0
    },
    {
      "db": -8,
      "frequency": 0
    },
    {
      "db": -7,
      "frequency": 0
    },
    {
      "db": -6,
      "frequency": 0
    },
    {
      "db": -5,
      "frequency": 0
    },
    {
      "db": -4,
      "frequency": 0
    },
    {
      "db": -3,
      "frequency": 0
    },
    {
      "db": -2,
      "frequency": 0
    },
    {
      "db": -1,
      "frequency": 0
    },
    {
      "db": 0,
      "frequency": 0
    },
    {
      "db": 1,
      "frequency": 0
    },
    {
      "db": 2,
      "frequency": 0
    },
    {
      "db": 3,
      "frequency": 0
    },
    {
      "db": 4,
      "frequency": 0
    },
    {
      "db": 5,
      "frequency": 0
    },
    {
      "db": 6,
