{
  "acoustic_entropy": 216.00465393066406,
  "bands": [
    {
      "high_freq": 148.1999969482422,
      "loudness": -35.14653015136719,
      "loudness_range": 14.316022872924805,
      "mid_mean": -31.579368591308594,
      "mid_to_side_loudness": -31.950746536254883,
      "mid_to_side_loudness_range": 27.87701416015625,
      "side_mean": -63.029537200927734
    },
    {
      "high_freq": 392.3793640136719,
      "loudness": -34.81486511230469,
      "loudness_range": 11.573705673217773,
      "low_freq": 148.1999969482422,
      "mid_mean": -31.478307723999023,
      "mid_to_side_loudness": -13.022309303283691,
      "mid_to_side_loudness_range": 16.279109954833984,
      "side_mean": -44.615577697753906
    },
    {
      "high_freq": 794.6976318359375,
      "loudness": -37.07665252685547,
      "loudness_range": 15.331928253173828,
      "low_freq": 392.3793640136719,
      "mid_mean": -34.25089645385742,
      "mid_to_side_loudness": -8.530302047729492,
      "mid_to_side_loudness_range": 15.368584632873535,
      "side_mean": -42.73122787475586
    },
    {
      "high_freq": 1457.5709228515625,
      "loudness": -37.88124465942383,
      "loudness_range": 21.48638916015625,
      "low_freq": 794.6976318359375,
      "mid_mean": -35.752933502197266,
      "mid_to_side_loudness": -5.7146406173706055,
      "mid_to_side_loudness_range": 16.108949661254883,
      "side_mean": -41.00459289550781
    },
    {
      "high_freq": 2549.74365234375,
      "loudness": -41.93118667602539,
      "loudness_range": 19.767953872680664,
      "low_freq": 1457.5709228515625,
      "mid_mean": -39.50052261352539,
      "mid_to_side_loudness": -6.3534440994262695,
      "mid_to_side_loudness_range": 12.520284652709961,
      "side_mean": -45.23814392089844
    },
    {
      "high_freq": 4349.24462890625,
      "loudness": -42.10015869140625,
      "loudness_range": 19.103248596191406,
      "low_freq": 2549.74365234375,
      "mid_mean": -39.584449768066406,
      "mid_to_side_loudness": -6.362737655639648,
      "mid_to_side_loudness_range": 11.188097953796387,
      "side_mean": -45.735260009765625
    },
    {
      "high_freq": 7314.1640625,
      "loudness": -42.80431365966797,
      "loudness_range": 19.28038787841797,
      "low_freq": 4349.24462890625,
      "mid_mean": -40.59668731689453,
      "mid_to_side_loudness": -5.6883745193481445,
      "mid_to_side_loudness_range": 10.698299407958984,
      "side_mean": -46.06168746948242
    },
    {
      "high_freq": 12199.2666015625,
      "loudness": -45.613643646240234,
      "loudness_range": 16.001434326171875,
      "low_freq": 7314.1640625,
      "mid_mean": -43.746524810791016,
      "mid_to_side_loudness": -4.253798484802246,
      "mid_to_side_loudness_range": 7.102578163146973,
      "side_mean": -50.255123138427734
    },
    {
      "loudness": -51.74198913574219,
      "loudness_range": 16.89873504638672,
      "low_freq": 12199.2666015625,
      "mid_mean": -52.1113395690918,
      "mid_to_side_loudness": -3.189617156982422,
      "mid_to_side_loudness_range": 4.6575236320495605,
      "side_mean": -54.95650863647461
    }
  ],
  "bands_short": [
    {
      "high_freq": 148.1999969482422,
      "loudness": -36.99276351928711,
      "loudness_range": 18.141929626464844,
      "mid_mean": -33.779659271240234,
      "mid_to_side_loudness": -33.1381721496582,
      "mid_to_side_loudness_range": 33.704158782958984,
      "side_mean": -65.7081298828125
    },
    {
      "high_freq": 392.3793640136719,
      "loudness": -34.793052673339844,
      "loudness_range": 14.303491592407227,
      "low_freq": 148.1999969482422,
      "mid_mean": -31.458885192871094,
      "mid_to_side_loudness": -14.160896301269531,
      "mid_to_side_loudness_range": 18.633628845214844,
      "side_mean": -45.77109909057617
    },
    {
      "high_freq": 794.6976318359375,
      "loudness": -37.47604751586914,
      "loudness_range": 17.290769577026367,
      "low_freq": 392.3793640136719,
      "mid_mean": -34.740447998046875,
      "mid_to_side_loudness": -8.419970512390137,
      "mid_to_side_loudness_range": 16.197898864746094,
      "side_mean": -43.23065948486328
    },
    {
      "high_freq": 1457.5709228515625,
      "loudness": -38.346961975097656,
      "loudness_range": 22.899566650390625,
      "low_freq": 794.6976318359375,
      "mid_mean": -36.50811767578125,
      "mid_to_side_loudness": -5.372183799743652,
      "mid_to_side_loudness_range": 17.21113395690918,
      "side_mean": -41.44915771484375
    },
    {
      "high_freq": 2549.74365234375,
      "loudness": -43.06981658935547,
      "loudness_range": 22.6911678314209,
      "low_freq": 1457.5709228515625,
      "mid_mean": -40.702789306640625,
      "mid_to_side_loudness": -6.442663669586182,
      "mid_to_side_loudness_range": 13.952432632446289,
      "side_mean": -46.876708984375
    },
    {
      "high_freq": 4349.24462890625,
      "loudness": -43.26504898071289,
      "loudness_range": 22.774255752563477,
      "low_freq": 2549.74365234375,
      "mid_mean": -40.829078674316406,
      "mid_to_side_loudness": -6.466039657592773,
      "mid_to_side_loudness_range": 12.477662086486816,
      "side_mean": -47.30447769165039
    },
    {
      "high_freq": 7314.1640625,
      "loudness": -44.64685821533203,
      "loudness_range": 25.219303131103516,
      "low_freq": 4349.24462890625,
      "mid_mean": -42.573524475097656,
      "mid_to_side_loudness": -5.893321514129639,
      "mid_to_side_loudness_range": 12.890618324279785,
      "side_mean": -49.082496643066406
    },
    {
      "high_freq": 12199.2666015625,
      "loudness": -48.22065353393555,
      "loudness_range": 24.080615997314453,
      "low_freq": 7314.1640625,
      "mid_mean": -47.438194274902344,
      "mid_to_side_loudness": -4.634294033050537,
      "mid_to_side_loudness_range": 9.505573272705078,
      "side_mean": -53.606239318847656
    },
    {
      "loudness": -55.82786178588867,
      "loudness_range": 27.493404388427734,
      "low_freq": 12199.2666015625,
      "mid_mean": -56.023277282714844,
      "mid_to_side_loudness": -3.9931488037109375,
      "mid_to_side_loudness_range": 8.734999656677246,
      "side_mean": -59.21846008300781
    }
  ],
  "bandwidth": 619.48681640625,
  "channels": 2,
  "covariance": [
    [
      35.146690368652344,
      9.372350692749023,
      11.90345287322998,
      10.46583080291748,
      6.508561134338379,
      16.028682708740234,
      12.508509635925293,
      20.884048461914062,
      9.09343433380127,
      10.602962493896484,
      13.64445686340332,
      15.294496536254883,
      13.759367942810059,
      17.593523025512695,
      7.416367530822754,
      21.09487533569336,
      17.196334838867188,
      15.667258262634277
    ],
    [
      9.372350692749023,
      27.49272346496582,
      7.7665486335754395,
      17.75727081298828,
      11.410135269165039,
      17.786500930786133,
      18.0530948638916,
      22.005884170532227,
      16.99101448059082,
      16.175437927246094,
      15.496709823608398,
      16.294294357299805,
      9.480237007141113,
      9.230020523071289,
      -0.4147014021873474,
      8.425395965576172,
      2.618701696395874,
      3.133237838745117
    ],
    [
      11.90345287322998,
      7.7665486335754395,
      20.622661590576172,
      16.382139205932617,
      10.538809776306152,
      15.702860832214355,
      10.989595413208008,
      13.853782653808594,
      12.952108383178711,
      11.184104919433594,
      14.219478607177734,
      15.7825288772583,
      10.620677947998047,
      10.417680740356445,
      4.6389265060424805,
      15.813477516174316,
      13.169726371765137,
      12.138358116149902
    ],
    [
      10.46583080291748,
      17.75727081298828,
      16.382139205932617,
      39.58837890625,
      18.704320907592773,
      33.415714263916016,
      21.678104400634766,
      32.004432678222656,
      23.32853126525879,
      23.855117797851562,
      20.340715408325195,
      27.147602081298828,
      10.585522651672363,
      12.21922492980957,
      -0.7531276941299438,
      11.903879165649414,
      3.2142529487609863,
      5.350776672363281
    ],
    [
      6.508561134338379,
      11.410135269165039,
      10.538809776306152,
      18.704320907592773,
      33.01076889038086,
      27.92452621459961,
      29.39114761352539,
      25.606298446655273,
      29.752561569213867,
      20.93894386291504,
      26.810195922851562,
      22.117101669311523,
      17.807302474975586,
      13.099241256713867,
      5.458967208862305,
      15.125102043151855,
      10.439691543579102,
      9.456316947937012
    ],
    [
      16.028682708740234,
      17.786500930786133,
      15.702860832214355,
      33.415714263916016,
      27.92452621459961,
      52.08128356933594,
      35.38616180419922,
      50.392208099365234,
      31.583871841430664,
      32.50107192993164,
      28.605915069580078,
      35.53400802612305,
      18.88001251220703,
      22.862682342529297,
      3.2345776557922363,
      24.541072845458984,
      14.441290855407715,
      15.521159172058105
    ],
    [
      12.508509635925293,
      18.0530948638916,
      10.989595413208008,
      21.678104400634766,
      29.39114761352539,
      35.38616180419922,
      57.3277473449707,
      51.7924690246582,
      40.40037536621094,
      32.05437088012695,
      37.64793014526367,
      33.47602844238281,
      25.04006004333496,
      22.695524215698242,
      4.524917125701904,
      20.535741806030273,
      11.893370628356934,
      11.18056583404541
    ],
    [
      20.884048461914062,
      22.005884170532227,
      13.853782653808594,
      32.004432678222656,
      25.606298446655273,
      50.392208099365234,
      51.7924690246582,
      82.61549377441406,
      37.788368225097656,
      44.202266693115234,
      35.15293502807617,
      42.0433464050293,
      21.258665084838867,
      29.858793258666992,
      1.8377211093902588,
      23.06117820739746,
      9.01146411895752,
      11.322921752929688
    ],
    [
      9.09343433380127,
      16.99101448059082,
      12.952108383178711,
      23.32853126525879,
      29.752561569213867,
      31.583871841430664,
      40.40037536621094,
      37.788368225097656,
      51.405948638916016,
      36.46955108642578,
      42.86595916748047,
      36.02972412109375,
      30.974140167236328,
      24.49404525756836,
      10.513320922851562,
      24.720447540283203,
      16.733932495117188,
      14.772968292236328
    ],
    [
      10.602962493896484,
      16.175437927246094,
      11.184104919433594,
      23.855117797851562,
      20.93894386291504,
      32.50107192993164,
      32.05437088012695,
      44.202266693115234,
      36.46955108642578,
      46.23155975341797,
      31.824493408203125,
      38.137393951416016,
      23.322978973388672,
      28.831239700317383,
      8.71733283996582,
      21.335378646850586,
      10.64233112335205,
      12.627423286437988
    ],
    [
      13.64445686340332,
      15.496709823608398,
      14.219478607177734,
      20.340715408325195,
      26.810195922851562,
      28.605915069580078,
      37.64793014526367,
      35.15293502807617,
      42.86595916748047,
      31.824493408203125,
      50.03641891479492,
      41.96761703491211,
      38.4875373840332,
      33.03075408935547,
      17.36087417602539,
      34.99809265136719,
      25.42922592163086,
      22.45712661743164
    ],
    [
      15.294496536254883,
      16.294294357299805,
      15.7825288772583,
      27.147602081298828,
      22.117101669311523,
      35.53400802612305,
      33.47602844238281,
      42.0433464050293,
      36.02972412109375,
      38.137393951416016,
      41.96761703491211,
      53.506797790527344,
      35.504520416259766,
      40.87312316894531,
      16.093107223510742,
      40.70082092285156,
      26.170095443725586,
      26.686952590942383
    ],
    [
      13.759367942810059,
      9.480237007141113,
      10.620677947998047,
      10.585522651672363,
      17.807302474975586,
      18.88001251220703,
      25.04006004333496,
      21.258665084838867,
      30.974140167236328,
      23.322978973388672,
      38.4875373840332,
      35.504520416259766,
      53.03694152832031,
      40.28797912597656,
      33.741878509521484,
      44.24650573730469,
      39.88893127441406,
      33.726051330566406
    ],
    [
      17.593523025512695,
      9.230020523071289,
      10.417680740356445,
      12.21922492980957,
      13.099241256713867,
      22.862682342529297,
      22.695524215698242,
      29.858793258666992,
      24.49404525756836,
      28.831239700317383,
      33.03075408935547,
      40.87312316894531,
      40.28797912597656,
      52.79188919067383,
      28.59035873413086,
      49.35054397583008,
      38.322059631347656,
      37.846351623535156
    ],
    [
      7.416367530822754,
      -0.4147014021873474,
      4.6389265060424805,
      -0.7531276941299438,
      5.458967208862305,
      3.2345776557922363,
      4.524917125701904,
      1.8377211093902588,
      10.513320922851562,
      8.71733283996582,
      17.36087417602539,
      16.093107223510742,
      33.741878509521484,
      28.59035873413086,
      43.63618469238281,
      35.15910339355469,
      38.74720001220703,
      32.69050598144531
    ],
    [
      21.09487533569336,
      8.425395965576172,
      15.813477516174316,
      11.903879165649414,
      15.125102043151855,
      24.541072845458984,
      20.535741806030273,
      23.06117820739746,
      24.720447540283203,
      21.335378646850586,
      34.99809265136719,
      40.70082092285156,
      44.24650573730469,
      49.35054397583008,
      35.15910339355469,
      77.81014251708984,
      70.32917022705078,
      65.04825592041016
    ],
    [
      17.196334838867188,
      2.618701696395874,
      13.169726371765137,
      3.2142529487609863,
      10.439691543579102,
      14.441290855407715,
      11.893370628356934,
      9.01146411895752,
      16.733932495117188,
      10.64233112335205,
      25.42922592163086,
      26.170095443725586,
      39.88893127441406,
      38.322059631347656,
      38.74720001220703,
      70.32917022705078,
      75.22551727294922,
      65.77851104736328
    ],
    [
      15.667258262634277,
      3.133237838745117,
      12.138358116149902,
      5.350776672363281,
      9.456316947937012,
      15.521159172058105,
      11.18056583404541,
      11.322921752929688,
      14.772968292236328,
      12.627423286437988,
      22.45712661743164,
      26.686952590942383,
      33.726051330566406,
      37.846351623535156,
      32.69050598144531,
      65.04825592041016,
      65.77851104736328,
      62.110809326171875
    ]
  ],
  "covariance_short": [
    [
      60.77823257446289,
      7.2132086753845215,
      16.979259490966797,
      12.462570190429688,
      8.097173690795898,
      16.73908042907715,
      13.803180694580078,
      21.692476272583008,
      10.8688383102417,
      12.667659759521484,
      17.06703758239746,
      21.022926330566406,
      18.146520614624023,
      26.286083221435547,
      15.318171501159668,
      26.41434669494629,
      18.42034339904785,
      17.54096221923828
    ],
    [
      7.2132086753845215,
      23.036760330200195,
      6.756854057312012,
      15.558388710021973,
      10.11193561553955,
      13.959733009338379,
      15.090551376342773,
      16.496992111206055,
      15.32715892791748,
      15.82332706451416,
      13.66323471069336,
      14.89183235168457,
      9.191238403320312,
      11.922208786010742,
      4.324818134307861,
      9.109365463256836,
      5.027546405792236,
      6.018985748291016
    ],
    [
      16.979259490966797,
      6.756854057312012,
      28.30902099609375,
      18.613210678100586,
      13.59510612487793,
      18.78667449951172,
      14.031086921691895,
      16.50447654724121,
      15.497686386108398,
      15.582385063171387,
      17.032140731811523,
      20.320531845092773,
      14.28019905090332,
      20.807615280151367,
      11.536101341247559,
      20.69230842590332,
      15.91602611541748,
      15.277466773986816
    ],
    [
      12.462570190429688,
      15.558388710021973,
      18.613210678100586,
      47.589542388916016,
      22.111724853515625,
      36.413551330566406,
      24.319250106811523,
      32.33501052856445,
      26.774211883544922,
      31.011768341064453,
      24.510128021240234,
      34.32151794433594,
      16.174659729003906,
      25.986682891845703,
      7.354698181152344,
      19.73395347595215,
      8.237342834472656,
      11.217402458190918
    ],
    [
      8.097173690795898,
      10.11193561553955,
      13.59510612487793,
      22.111724853515625,
      41.397865295410156,
      31.432613372802734,
      34.14116287231445,
      27.950847625732422,
      36.341880798339844,
      28.803552627563477,
      33.725914001464844,
      29.586977005004883,
      26.55784034729004,
      26.77923011779785,
      16.746522903442383,
      22.62036895751953,
      16.60304832458496,
      14.237072944641113
    ],
    [
      16.73908042907715,
      13.959733009338379,
      18.78667449951172,
      36.413551330566406,
      31.432613372802734,
      57.19804000854492,
      38.71595001220703,
      51.08932113647461,
      36.64365768432617,
      40.9847412109375,
      33.97411346435547,
      43.604888916015625,
      26.267248153686523,
      39.36955261230469,
      14.473679542541504,
      32.554195404052734,
      19.269031524658203,
      20.469257354736328
    ],
    [
      13.803180694580078,
      15.090551376342773,
      14.031086921691895,
      24.319250106811523,
      34.14116287231445,
      38.71595001220703,
      67.32022094726562,
      54.8665771484375,
      47.6200065612793,
      41.308353424072266,
      45.49188232421875,
      42.97551727294922,
      35.78170394897461,
      40.330718994140625,
      20.468711853027344,
      31.696884155273438,
      21.005046844482422,
      18.23556137084961
    ],
    [
      21.692476272583008,
      16.496992111206055,
      16.50447654724121,
      32.33501052856445,
      27.950847625732422,
      51.08932113647461,
      54.8665771484375,
      88.06633758544922,
      42.79377746582031,
      51.01012420654297,
      39.69621276855469,
      50.187782287597656,
      29.703466415405273,
      47.01375198364258,
      17.468502044677734,
      35.59374237060547,
      17.24442481994629,
      19.474088668823242
    ],
    [
      10.8688383102417,
      15.32715892791748,
      15.497686386108398,
      26.774211883544922,
      36.341880798339844,
      36.64365768432617,
      47.6200065612793,
      42.79377746582031,
      64.95569610595703,
      49.67164993286133,
      53.56549072265625,
      47.949581146240234,
      44.659610748291016,
      46.271453857421875,
      29.619630813598633,
      38.08544921875,
      27.449302673339844,
      23.407751083374023
    ],
    [
      12.667659759521484,
      15.82332706451416,
      15.582385063171387,
      31.011768341064453,
      28.803552627563477,
      40.9847412109375,
      41.308353424072266,
      51.01012420654297,
      49.67164993286133,
      65.00570678710938,
      43.58974075317383,
      53.72501754760742,
      38.68657302856445,
      52.290618896484375,
      28.74187660217285,
      42.55400848388672,
      27.56975746154785,
      28.762928009033203
    ],
    [
      17.06703758239746,
      13.66323471069336,
      17.032140731811523,
      24.510128021240234,
      33.725914001464844,
      33.97411346435547,
      45.49188232421875,
      39.69621276855469,
      53.56549072265625,
      43.58974075317383,
      67.66795349121094,
      56.75600814819336,
      58.75274658203125,
      60.33702087402344,
      44.60395812988281,
      53.0314826965332,
      40.120933532714844,
      33.944068908691406
    ],
    [
      21.022926330566406,
      14.89183235168457,
      20.320531845092773,
      34.32151794433594,
      29.586977005004883,
      43.604888916015625,
      42.97551727294922,
      50.187782287597656,
      47.949581146240234,
      53.72501754760742,
      56.75600814819336,
      72.72444152832031,
      53.16944122314453,
      72.2280502319336,
      41.72610092163086,
      63.24409484863281,
      41.389137268066406,
      42.21335983276367
    ],
    [
      18.146520614624023,
      9.191238403320312,
      14.28019905090332,
      16.174659729003906,
      26.55784034729004,
      26.267248153686523,
      35.78170394897461,
      29.703466415405273,
      44.659610748291016,
      38.68657302856445,
      58.75274658203125,
      53.16944122314453,
      82.42861938476562,
      72.59223175048828,
      72.06950378417969,
      71.17459106445312,
      64.33106231689453,
      52.655242919921875
    ],
    [
      26.286083221435547,
      11.922208786010742,
      20.807615280151367,
      25.986682891845703,
      26.77923011779785,
      39.36955261230469,
      40.330718994140625,
      47.01375198364258,
      46.271453857421875,
      52.290618896484375,
      60.33702087402344,
      72.2280502319336,
      72.59223175048828,
      96.33325958251953,
      67.65786743164062,
      91.28970336914062,
      69.50293731689453,
      67.47593688964844
    ],
    [
      15.318171501159668,
      4.324818134307861,
      11.536101341247559,
      7.354698181152344,
      16.746522903442383,
      14.473679542541504,
      20.468711853027344,
      17.468502044677734,
      29.619630813598633,
      28.74187660217285,
      44.60395812988281,
      41.72610092163086,
      72.06950378417969,
      67.65786743164062,
      93.8624038696289,
      79.4067153930664,
      80.5650863647461,
      67.1181640625
    ],
    [
      26.41434669494629,
      9.109365463256836,
      20.69230842590332,
      19.73395347595215,
      22.62036895751953,
      32.554195404052734,
      31.696884155273438,
      35.59374237060547,
      38.08544921875,
      42.55400848388672,
      53.0314826965332,
      63.24409484863281,
      71.17459106445312,
      91.28970336914062,
      79.4067153930664,
      104.83455657958984,
      88.00313568115234,
      84.11343383789062
    ],
    [
      18.42034339904785,
      5.027546405792236,
      15.91602611541748,
      8.237342834472656,
      16.60304832458496,
      19.269031524658203,
      21.005046844482422,
      17.24442481994629,
      27.449302673339844,
      27.56975746154785,
      40.120933532714844,
      41.389137268066406,
      64.33106231689453,
      69.50293731689453,
      80.5650863647461,
      88.00313568115234,
      95.44300842285156,
      81.80391693115234
    ],
    [
      17.54096221923828,
      6.018985748291016,
      15.277466773986816,
      11.217402458190918,
      14.237072944641113,
      20.469257354736328,
      18.23556137084961,
      19.474088668823242,
      23.407751083374023,
      28.762928009033203,
      33.944068908691406,
      42.21335983276367,
      52.655242919921875,
      67.47593688964844,
      67.1181640625,
      84.11343383789062,
      81.80391693115234,
      81.20780944824219
    ]
  ],
  "damage": -19.857927322387695,
  "diff_bandwidth": 655.4739379882812,
  "dissonance": 8.194661075036638,
  "drr": 14.434171676635742,
  "dynamics": 3.6381003856658936,
  "format": 1245190,
  "frames": 16633344,
  "freq_pan_to_db": [
    [
      -42.11037826538086,
      -42.4716911315918,
      -40.25047302246094,
      -35.420475006103516,
      -28.278478622436523,
      -24.18519401550293,
      -29.299829483032227,
      -34.3175048828125,
      -37.543853759765625,
      -41.21511459350586,
      -46.75323486328125
    ],
    [
      -43.823001861572266,
      -37.658199310302734,
      -34.67474365234375,
      -31.795169830322266,
      -26.37616539001465,
      -23.61391258239746,
      -26.896108627319336,
      -29.884498596191406,
      -33.31275177001953,
      -36.11323547363281,
      -42.707279205322266
    ],
    [
      -42.729854583740234,
      -36.86198806762695,
      -36.833740234375,
      -34.435787200927734,
      -28.745433807373047,
      -24.476720809936523,
      -27.565500259399414,
      -31.50583839416504,
      -33.97651672363281,
      -37.573482513427734,
      -44.29425048828125
    ],
    [
      -43.416954040527344,
      -39.47201156616211,
      -36.30697250366211,
      -32.447052001953125,
      -29.160932540893555,
      -26.972986221313477,
      -29.958436965942383,
      -32.731910705566406,
      -36.08065414428711,
      -38.39926528930664,
      -41.0202522277832
    ],
    [
      -37.22458267211914,
      -34.811126708984375,
      -32.73793029785156,
      -30.609939575195312,
      -28.34490203857422,
      -26.793575286865234,
      -27.79460334777832,
      -29.902362823486328,
      -31.483699798583984,
      -33.81764221191406,
      -35.257198333740234
    ],
    [
      -33.437904357910156,
      -32.178466796875,
      -30.960018157958984,
      -29.993438720703125,
      -28.613611221313477,
      -26.664276123046875,
      -27.650976181030273,
      -29.44123077392578,
      -30.825029373168945,
      -32.51258850097656,
      -33.10177230834961
    ],
    [
      -33.22036361694336,
      -32.597503662109375,
      -30.73487091064453,
      -30.081180572509766,
      -28.602664947509766,
      -26.150571823120117,
      -27.739612579345703,
      -29.744653701782227,
      -31.554637908935547,
      -32.780208587646484,
      -32.64253616333008
    ],
    [
      -32.59111785888672,
      -32.71010208129883,
      -31.51685905456543,
      -30.057825088500977,
      -27.39767074584961,
      -26.59471893310547,
      -28.503482818603516,
      -30.52907943725586,
      -30.949687957763672,
      -31.73601531982422,
      -32.26913070678711
    ],
    [
      -34.80630111694336,
      -34.52379608154297,
      -32.51688766479492,
      -30.567533493041992,
      -29.62665367126465,
      -29.73847007751465,
      -31.947782516479492,
      -33.74327850341797,
      -34.67560577392578,
      -35.08821105957031,
      -36.64833068847656
    ],
    [
      -32.05173110961914,
      -32.085575103759766,
      -31.641931533813477,
      -30.03069305419922,
      -27.524911880493164,
      -27.74689483642578,
      -30.452775955200195,
      -32.07056427001953,
      -31.40673065185547,
      -32.40684509277344,
      -34.2288932800293
    ],
    [
      -30.061601638793945,
      -31.53666877746582,
      -31.57354736328125,
      -30.072418212890625,
      -28.726354598999023,
      -27.56404685974121,
      -28.19782257080078,
      -30.590316772460938,
      -31.813425064086914,
      -32.61151123046875,
      -32.15769577026367
    ],
    [
      -29.631267547607422,
      -31.201793670654297,
      -30.718002319335938,
      -30.939002990722656,
      -30.680978775024414,
      -29.638948440551758,
      -30.432621002197266,
      -31.537818908691406,
      -32.079246520996094,
      -33.180908203125,
      -33.96925354003906
    ],
    [
      -31.830642700195312,
      -32.315731048583984,
      -32.86367416381836,
      -31.85953140258789,
      -31.883634567260742,
      -31.295860290527344,
      -31.96092414855957,
      -32.31768035888672,
      -32.493350982666016,
      -32.40208053588867,
      -33.84298324584961
    ],
    [
      -31.68984603881836,
      -32.30488967895508,
      -31.873912811279297,
      -31.849742889404297,
      -31.337451934814453,
      -28.890182495117188,
      -29.036911010742188,
      -30.09906578063965,
      -30.404382705688477,
      -31.766889572143555,
      -31.46327018737793
    ],
    [
      -31.4316349029541,
      -31.447797775268555,
      -30.841318130493164,
      -29.637020111083984,
      -29.65057945251465,
      -28.147396087646484,
      -29.032546997070312,
      -28.584150314331055,
      -28.65137481689453,
      -29.524864196777344,
      -27.30379295349121
    ],
    [
      -33.97625732421875,
      -31.65622329711914,
      -31.256608963012695,
      -30.20524787902832,
      -31.942033767700195,
      -29.88912010192871,
      -30.151029586791992,
      -29.947019577026367,
      -29.526498794555664,
      -30.009666442871094,
      -27.759090423583984
    ],
    [
      -37.910037994384766,
      -33.61310577392578,
      -32.49248123168945,
      -31.61676597595215,
      -35.03865051269531,
      -32.581722259521484,
      -31.940732955932617,
      -31.733543395996094,
      -33.01234817504883,
      -31.658992767333984,
      -30.35919189453125
    ],
    [
      -34.65556335449219,
      -31.412321090698242,
      -29.538599014282227,
      -28.587963104248047,
      -31.880022048950195,
      -31.684776306152344,
      -29.256742477416992,
      -28.677526473999023,
      -31.187885284423828,
      -29.327272415161133,
      -26.953697204589844
    ],
    [
      -39.93883514404297,
      -36.99750518798828,
      -35.2818717956543,
      -35.53696823120117,
      -36.4780158996582,
      -33.08121871948242,
      -35.28322219848633,
      -35.70259094238281,
      -34.132301330566406,
      -34.067527770996094,
      -31.236204147338867
    ],
    [
      -36.767948150634766,
      -40.191200256347656,
      -39.11436080932617,
      -39.04985046386719,
      -39.10826873779297,
      -37.203739166259766,
      -38.2745475769043,
      -39.43540573120117,
      -38.30117416381836,
      -36.41023254394531,
      -34.77408981323242
    ],
    [
      -42.430938720703125,
      -41.78313446044922,
      -40.36003875732422,
      -40.21883010864258,
      -38.35005569458008,
      -37.02320098876953,
      -41.671485900878906,
      -39.38848114013672,
      -40.495113372802734,
      -37.696372985839844,
      -33.52859878540039
    ],
    [
      -39.776939392089844,
      -42.2898063659668,
      -41.08205032348633,
      -40.68288040161133,
      -40.9592170715332,
      -39.4472541809082,
      -42.21290969848633,
      -41.87885284423828,
      -42.184974670410156,
      -41.61590576171875,
      -38.87063980102539
    ],
    [
      -40.732547760009766,
      -41.91522979736328,
      -42.06732177734375,
      -41.906131744384766,
      -41.41096878051758,
      -39.913204193115234,
      -42.869789123535156,
      -43.43391036987305,
      -42.656002044677734,
      -42.38657760620117,
      -44.118534088134766
    ],
    [
      -40.03235626220703,
      -41.8178596496582,
      -41.793601989746094,
      -41.432830810546875,
      -41.00094223022461,
      -39.054264068603516,
      -41.54771423339844,
      -42.716148376464844,
      -42.15571975708008,
      -41.817039489746094,
      -44.163578033447266
    ],
    [
      -42.05854797363281,
      -42.5847282409668,
      -42.29218673706055,
      -41.922210693359375,
      -41.37821578979492,
      -40.98297119140625,
      -42.18124771118164,
      -42.412437438964844,
      -42.92140579223633,
      -44.26334762573242,
      -48.4964485168457
    ],
    [
      -46.167701721191406,
      -44.00827407836914,
      -42.35895538330078,
      -41.888641357421875,
      -40.766632080078125,
      -38.86050796508789,
      -41.41435623168945,
      -42.186851501464844,
      -43.01578140258789,
      -44.0250129699707,
      -48.53158187866211
    ],
    [
      -45.941017150878906,
      -42.61439895629883,
      -41.679931640625,
      -41.49576187133789,
      -41.01411819458008,
      -38.27791213989258,
      -42.305450439453125,
      -42.2342529296875,
      -41.57762145996094,
      -41.4970817565918,
      -40.0504150390625
    ],
    [
      -48.57628631591797,
      -45.27972412109375,
      -43.1396598815918,
      -42.6585693359375,
      -42.93609619140625,
      -40.82138442993164,
      -44.36873245239258,
      -42.31378173828125,
      -42.28877639770508,
      -42.69192886352539,
      -47.31755065917969
    ],
    [
      -44.482177734375,
      -44.69539260864258,
      -42.970951080322266,
      -42.77642822265625,
      -42.675758361816406,
      -41.2845344543457,
      -43.925445556640625,
      -42.61037063598633,
      -42.65373611450195,
      -45.18221664428711,
      -54.31926727294922
    ],
    [
      -41.48896408081055,
      -42.87377166748047,
      -42.866397857666016,
      -42.772727966308594,
      -42.14424133300781,
      -40.9089241027832,
      -43.32255172729492,
      -42.69145965576172,
      -42.528804779052734,
      -43.49123764038086,
      -45.86671447753906
    ],
    [
      -47.61302185058594,
      -45.413002014160156,
      -44.708499908447266,
      -44.18819808959961,
      -42.96668243408203,
      -40.34865951538086,
      -44.23005676269531,
      -43.80430221557617,
      -43.04556655883789,
      -44.09336853027344,
      -52.31427001953125
    ],
    [
      -46.23339080810547,
      -47.80595397949219,
      -43.772613525390625,
      -43.26572799682617,
      -43.82771682739258,
      -42.06249237060547,
      -44.92008590698242,
      -44.81093978881836,
      -44.39950942993164,
      -40.63239288330078,
      -42.87726974487305
    ],
    [
      -47.70939636230469,
      -47.767581939697266,
      -46.95426940917969,
      -44.92523956298828,
      -45.6663703918457,
      -44.13628387451172,
      -45.88014221191406,
      -45.724666595458984,
      -45.31068801879883,
      -49.47706604003906,
      -370
    ],
    [
      -48.612098693847656,
      -47.973384857177734,
      -32.306053161621094,
      -42.39455795288086,
      -48.099273681640625,
      -45.884124755859375,
      -46.23351287841797,
      -44.90065002441406,
      -43.6418571472168,
      -44.835269927978516,
      -59.93288040161133
    ],
    [
      -41.015281677246094,
      -46.829776763916016,
      -37.19325256347656,
      -44.44284439086914,
      -48.0377311706543,
      -45.405208587646484,
      -45.871517181396484,
      -43.7824821472168,
      -42.40797424316406,
      -40.36688995361328,
      -370
    ],
    [
      -58.64498519897461,
      -50.61326599121094,
      -45.62200164794922,
      -47.07023620605469,
      -51.61814498901367,
      -48.15910720825195,
      -47.74371337890625,
      -44.536251068115234,
      -43.427223205566406,
      -45.831424713134766,
      -50.24699401855469
    ],
    [
      -51.683921813964844,
      -49.62827682495117,
      -47.8455696105957,
      -49.104862213134766,
      -52.82417678833008,
      -50.18120193481445,
      -48.25168991088867,
      -46.498741149902344,
      -45.51825714111328,
      -43.77574920654297,
      -57.9087028503418
    ],
    [
      -47.46871566772461,
      -47.83182144165039,
      -48.24139404296875,
      -49.541019439697266,
      -53.04911422729492,
      -50.850059509277344,
      -49.317386627197266,
      -47.996761322021484,
      -47.14582443237305,
      -47.67315673828125,
      -64.84974670410156
    ],
    [
      -47.4359130859375,
      -48.160091400146484,
      -49.82465362548828,
      -51.43920135498047,
      -53.511329650878906,
      -51.41299057006836,
      -48.763797760009766,
      -46.93910217285156,
      -46.14882278442383,
      -46.59165954589844,
      -60.07693862915039
    ],
    [
      -50.954986572265625,
      -54.93218994140625,
      -53.365814208984375,
      -54.44181823730469,
      -57.01660919189453,
      -56.352012634277344,
      -51.31596374511719,
      -47.4173698425293,
      -45.640037536621094,
      -45.44703674316406,
      -55.43759536743164
    ],
    [
      -61.35012435913086,
      -65.72176361083984,
      -66.41780853271484,
      -63.754093170166016,
      -64.4174575805664,
      -63.942054748535156,
      -60.06407928466797,
      -52.83940887451172,
      -48.149166107177734,
      -45.499061584472656,
      -47.58250427246094
    ],
    [
      -67.1052017211914,
      -68.70701599121094,
      -68.71991729736328,
      -70.2856674194336,
      -70.9066390991211,
      -69.59191131591797,
      -63.166263580322266,
      -56.298912048339844,
      -53.30265426635742,
      -52.0599250793457,
      -51.65523147583008
    ]
  ],
  "histogram": [
    {
      "db": -70,
      "frequency": 0
    },
    {
      "db": -69,
      "frequency": 0
    },
    {
      "db": -68,
      "frequency": 1
    },
    {
      "db": -67,
      "frequency": 0
    },
    {
      "db": -66,
      "frequency": 1
    },
    {
      "db": -65,
      "frequency": 0
    },
    {
      "db": -64,
      "frequency": 1
    },
    {
      "db": -63,
      "frequency": 0
    },
    {
      "db": -62,
      "frequency": 1
    },
    {
      "db": -61,
      "frequency": 0
    },
    {
      "db": -60,
      "frequency": 1
    },
    {
      "db": -59,
      "frequency": 1
    },
    {
      "db": -58,
      "frequency": 0
    },
    {
      "db": -57,
      "frequency": 1
    },
    {
      "db": -56,
      "frequency": 1
    },
    {
      "db": -55,
      "frequency": 1
    },
    {
      "db": -54,
      "frequency": 1
    },
    {
      "db": -53,
      "frequency": 1
    },
    {
      "db": -52,
      "frequency": 1
    },
    {
      "db": -51,
      "frequency": 1
    },
    {
      "db": -50,
      "frequency": 0
    },
    {
      "db": -49,
      "frequency": 1
    },
    {
      "db": -48,
      "frequency": 2
    },
    {
      "db": -47,
      "frequency": 1
    },
    {
      "db": -46,
      "frequency": 1
    },
    {
      "db": -45,
      "frequency": 1
    },
    {
      "db": -44,
      "frequency": 2
    },
    {
      "db": -43,
      "frequency": 2
    },
    {
      "db": -42,
      "frequency": 3
    },
    {
      "db": -41,
      "frequency": 16
    },
    {
      "db": -40,
      "frequency": 13
    },
    {
      "db": -39,
      "frequency": 29
    },
    {
      "db": -38,
      "frequency": 24
    },
    {
      "db": -37,
      "frequency": 41
    },
    {
      "db": -36,
      "frequency": 48
    },
    {
      "db": -35,
      "frequency": 39
    },
    {
      "db": -34,
      "frequency": 29
    },
    {
      "db": -33,
      "frequency": 38
    },
    {
      "db": -32,
      "frequency": 52
    },
    {
      "db": -31,
      "frequency": 61
    },
    {
      "db": -30,
      "frequency": 79
    },
    {
      "db": -29,
      "frequency": 112
    },
    {
      "db": -28,
      "frequency": 157
    },
    {
      "db": -27,
      "frequency": 270
    },
    {
      "db": -26,
      "frequency": 420
    },
    {
      "db": -25,
      "frequency": 484
    },
    {
      "db": -24,
      "frequency": 416
    },
    {
      "db": -23,
      "frequency": 253
    },
    {
      "db": -22,
      "frequency": 343
    },
    {
      "db": -21,
      "frequency": 426
    },
    {
      "db": -20,
      "frequency": 269
    },
    {
      "db": -19,
      "frequency": 59
    },
    {
      "db": -18,
      "frequency": 13
    },
    {
      "db": -17,
      "frequency": 0
    },
    {
      "db": -16,
      "frequency": 0
    },
    {
      "db": -15,
      "frequency": 0
    },
    {
      "db": -14,
      "frequency": 0
    },
    {
      "db": -13,
      "frequency": 0
    },
    {
      "db": -12,
      "frequency": 0
    },
    {
      "db": -11,
      "frequency": 0
    },
    {
      "db": -10,
      "frequency": 0
    },
    {
      "db": -9,
      "frequency": 0
    },
    {
      "db": -8,
      "frequency": 0
    },
    {
      "db": -7,
      "frequency": 0
    },
    {
      "db": -6,
      "frequency": 0
    },
    {
      "db": -5,
      "frequency": 0
    },
    {
      "db": -4,
      "frequency": 0
    },
    {
      "db": -3,
      "frequency": 0
    },
    {
      "db": -2,
      "frequency": 0
    },
    {
      "db": -1,
      "frequency": 0
    },
    {
      "db": 0,
      "frequency": 0
    },
    {
      "db": 1,
      "frequency": 0
    },
    {
      "db": 2,
      "frequency": 0
    },
    {
      "db": 3,
      "frequency": 0
    },
    {
      "db": 4,
      "frequency": 0
    },
    {
      "db": 5,
