{
  "acoustic_entropy": 199.76002502441406,
  "bands": [
    {
      "high_freq": 148.1999969482422,
      "loudness": -35.119564056396484,
      "loudness_range": 9.628210067749023,
      "mid_mean": -31.853973388671875,
      "mid_to_side_loudness": -13.84536075592041,
      "mid_to_side_loudness_range": 11.29475212097168,
      "side_mean": -45.706199645996094
    },
    {
      "high_freq": 392.3793640136719,
      "loudness": -34.61640930175781,
      "loudness_range": 8.047830581665039,
      "low_freq": 148.1999969482422,
      "mid_mean": -31.64409637451172,
      "mid_to_side_loudness": -8.691067695617676,
      "mid_to_side_loudness_range": 7.205166339874268,
      "side_mean": -40.1726188659668
    },
    {
      "high_freq": 794.6976318359375,
      "loudness": -35.006813049316406,
      "loudness_range": 10.196477890014648,
      "low_freq": 392.3793640136719,
      "mid_mean": -32.04901885986328,
      "mid_to_side_loudness": -8.070672988891602,
      "mid_to_side_loudness_range": 7.173550128936768,
      "side_mean": -40.186126708984375
    },
    {
      "high_freq": 1457.5709228515625,
      "loudness": -37.44658660888672,
      "loudness_range": 11.997966766357422,
      "low_freq": 794.6976318359375,
      "mid_mean": -34.46781539916992,
      "mid_to_side_loudness": -8.82152271270752,
      "mid_to_side_loudness_range": 8.31879997253418,
      "side_mean": -43.120121002197266
    },
    {
      "high_freq": 2549.74365234375,
      "loudness": -37.194557189941406,
      "loudness_range": 9.7591552734375,
      "low_freq": 1457.5709228515625,
      "mid_mean": -34.2852783203125,
      "mid_to_side_loudness": -8.52957820892334,
      "mid_to_side_loudness_range": 9.507583618164062,
      "side_mean": -42.59287643432617
    },
    {
      "high_freq": 4349.24462890625,
      "loudness": -39.13467788696289,
      "loudness_range": 10.388626098632812,
      "low_freq": 2549.74365234375,
      "mid_mean": -36.16999053955078,
      "mid_to_side_loudness": -8.443328857421875,
      "mid_to_side_loudness_range": 8.576595306396484,
      "side_mean": -44.615936279296875
    },
    {
      "high_freq": 7314.1640625,
      "loudness": -44.432857513427734,
      "loudness_range": 17.84158706665039,
      "low_freq": 4349.24462890625,
      "mid_mean": -41.6416130065918,
      "mid_to_side_loudness": -7.92340087890625,
      "mid_to_side_loudness_range": 8.793601989746094,
      "side_mean": -50.77330017089844
    },
    {
      "high_freq": 12199.2666015625,
      "loudness": -48.73942565917969,
      "loudness_range": 21.334930419921875,
      "low_freq": 7314.1640625,
      "mid_mean": -46.819435119628906,
      "mid_to_side_loudness": -8.465356826782227,
      "mid_to_side_loudness_range": 10.85467529296875,
      "side_mean": -55.94138717651367
    },
    {
      "loudness": -56.39036560058594,
      "loudness_range": 18.819995880126953,
      "low_freq": 12199.2666015625,
      "mid_mean": -55.144046783447266,
      "mid_to_side_loudness": -7.141746997833252,
      "mid_to_side_loudness_range": 8.864585876464844,
      "side_mean": -60.99176025390625
    }
  ],
  "bands_short": [
    {
      "high_freq": 148.1999969482422,
      "loudness": -39.71390914916992,
      "loudness_range": 20.184101104736328,
      "mid_mean": -36.552345275878906,
      "mid_to_side_loudness": -14.051440238952637,
      "mid_to_side_loudness_range": 19.873764038085938,
      "side_mean": -51.9749755859375
    },
    {
      "high_freq": 392.3793640136719,
      "loudness": -34.27149963378906,
      "loudness_range": 10.471578598022461,
      "low_freq": 148.1999969482422,
      "mid_mean": -31.281246185302734,
      "mid_to_side_loudness": -9.484050750732422,
      "mid_to_side_loudness_range": 11.623167037963867,
      "side_mean": -40.418827056884766
    },
    {
      "high_freq": 794.6976318359375,
      "loudness": -35.86739730834961,
      "loudness_range": 12.643667221069336,
      "low_freq": 392.3793640136719,
      "mid_mean": -33.03420639038086,
      "mid_to_side_loudness": -8.348106384277344,
      "mid_to_side_loudness_range": 11.389187812805176,
      "side_mean": -41.141021728515625
    },
    {
      "high_freq": 1457.5709228515625,
      "loudness": -37.57895278930664,
      "loudness_range": 14.460601806640625,
      "low_freq": 794.6976318359375,
      "mid_mean": -34.67544937133789,
      "mid_to_side_loudness": -9.418119430541992,
      "mid_to_side_loudness_range": 12.44408130645752,
      "side_mean": -43.75718688964844
    },
    {
      "high_freq": 2549.74365234375,
      "loudness": -37.86726760864258,
      "loudness_range": 13.206771850585938,
      "low_freq": 1457.5709228515625,
      "mid_mean": -34.983558654785156,
      "mid_to_side_loudness": -9.242513656616211,
      "mid_to_side_loudness_range": 12.404406547546387,
      "side_mean": -43.79568862915039
    },
    {
      "high_freq": 4349.24462890625,
      "loudness": -39.79644775390625,
      "loudness_range": 14.136390686035156,
      "low_freq": 2549.74365234375,
      "mid_mean": -36.88817596435547,
      "mid_to_side_loudness": -9.017024040222168,
      "mid_to_side_loudness_range": 11.400130271911621,
      "side_mean": -45.96039962768555
    },
    {
      "high_freq": 7314.1640625,
      "loudness": -46.10824966430664,
      "loudness_range": 22.55760955810547,
      "low_freq": 4349.24462890625,
      "mid_mean": -43.401939392089844,
      "mid_to_side_loudness": -8.338788986206055,
      "mid_to_side_loudness_range": 11.059433937072754,
      "side_mean": -52.751251220703125
    },
    {
      "high_freq": 12199.2666015625,
      "loudness": -50.043243408203125,
      "loudness_range": 25.176433563232422,
      "low_freq": 7314.1640625,
      "mid_mean": -50.64434814453125,
      "mid_to_side_loudness": -8.63740062713623,
      "mid_to_side_loudness_range": 12.2588472366333,
      "side_mean": -57.90957260131836
    },
    {
      "loudness": -58.25231170654297,
      "loudness_range": 24.253860473632812,
      "low_freq": 12199.2666015625,
      "mid_mean": -58.019901275634766,
      "mid_to_side_loudness": -7.717061519622803,
      "mid_to_side_loudness_range": 11.42577075958252,
      "side_mean": -63.348121643066406
    }
  ],
  "bandwidth": 646.0355224609375,
  "channels": 2,
  "covariance": [
    [
      22.700382232666016,
      15.409561157226562,
      11.550312995910645,
      12.465888977050781,
      9.22409725189209,
      12.866201400756836,
      8.93152904510498,
      11.211634635925293,
      7.7239885330200195,
      11.5134916305542,
      7.981163501739502,
      12.501689910888672,
      11.678236961364746,
      16.6370849609375,
      17.586687088012695,
      15.520269393920898,
      17.223371505737305,
      11.492786407470703
    ],
    [
      15.409561157226562,
      23.42380714416504,
      10.798508644104004,
      13.445053100585938,
      9.676793098449707,
      14.391357421875,
      8.720078468322754,
      12.328850746154785,
      7.517636299133301,
      12.49409294128418,
      8.068160057067871,
      13.645118713378906,
      12.145712852478027,
      16.078651428222656,
      15.84700870513916,
      14.078838348388672,
      14.501485824584961,
      9.018457412719727
    ],
    [
      11.550312995910645,
      10.798508644104004,
      16.281635284423828,
      13.336771965026855,
      9.510466575622559,
      12.58834171295166,
      10.062554359436035,
      13.037517547607422,
      6.650569915771484,
      12.007946968078613,
      8.683388710021973,
      13.714110374450684,
      14.05002498626709,
      19.191486358642578,
      17.898420333862305,
      16.619829177856445,
      16.313962936401367,
      10.456826210021973
    ],
    [
      12.465888977050781,
      13.445053100585938,
      13.336771965026855,
      19.69176483154297,
      11.973230361938477,
      15.889434814453125,
      12.562433242797852,
      17.7845516204834,
      9.069952964782715,
      15.242063522338867,
      9.6383695602417,
      16.73705291748047,
      16.225603103637695,
      20.118398666381836,
      20.085895538330078,
      17.05293846130371,
      16.257600784301758,
      10.508686065673828
    ],
    [
      9.22409725189209,
      9.676793098449707,
      9.510466575622559,
      11.973230361938477,
      18.34765625,
      15.768549919128418,
      13.35729694366455,
      15.37265396118164,
      9.443711280822754,
      12.509904861450195,
      11.770359992980957,
      14.232982635498047,
      15.937161445617676,
      17.253644943237305,
      19.991941452026367,
      15.409244537353516,
      14.661443710327148,
      8.48396110534668
    ],
    [
      12.866201400756836,
      14.391357421875,
      12.58834171295166,
      15.889434814453125,
      15.768549919128418,
      22.386585235595703,
      13.90637493133545,
      18.787139892578125,
      10.229406356811523,
      17.0241756439209,
      12.560650825500488,
      19.067270278930664,
      19.088029861450195,
      22.804641723632812,
      23.186498641967773,
      19.66855812072754,
      19.461566925048828,
      12.380120277404785
    ],
    [
      8.93152904510498,
      8.720078468322754,
      10.062554359436035,
      12.562433242797852,
      13.35729694366455,
      13.90637493133545,
      23.59271240234375,
      19.528491973876953,
      12.627845764160156,
      12.817806243896484,
      12.607078552246094,
      14.19288158416748,
      15.949545860290527,
      19.44612693786621,
      18.508960723876953,
      16.91708755493164,
      15.047426223754883,
      10.393277168273926
    ],
    [
      11.211634635925293,
      12.328850746154785,
      13.037517547607422,
      17.7845516204834,
      15.37265396118164,
      18.787139892578125,
      19.528491973876953,
      26.435924530029297,
      13.49751091003418,
      19.424055099487305,
      14.10440444946289,
      21.122987747192383,
      20.397436141967773,
      24.766387939453125,
      22.9284725189209,
      21.038572311401367,
      19.230195999145508,
      14.502050399780273
    ],
    [
      7.7239885330200195,
      7.517636299133301,
      6.650569915771484,
      9.069952964782715,
      9.443711280822754,
      10.229406356811523,
      12.627845764160156,
      13.49751091003418,
      19.38389015197754,
      13.281364440917969,
      13.136493682861328,
      12.25551700592041,
      12.811205863952637,
      16.422361373901367,
      13.703961372375488,
      14.28623104095459,
      13.727130889892578,
      10.11024284362793
    ],
    [
      11.5134916305542,
      12.49409294128418,
      12.007946968078613,
      15.242063522338867,
      12.509904861450195,
      17.0241756439209,
      12.817806243896484,
      19.424055099487305,
      13.281364440917969,
      21.124969482421875,
      13.543562889099121,
      21.24700355529785,
      18.182144165039062,
      23.205442428588867,
      20.186742782592773,
      19.488866806030273,
      18.572538375854492,
      13.941039085388184
    ],
    [
      7.981163501739502,
      8.068160057067871,
      8.683388710021973,
      9.6383695602417,
      11.770359992980957,
      12.560650825500488,
      12.607078552246094,
      14.10440444946289,
      13.136493682861328,
      13.543562889099121,
      20.603267669677734,
      16.866458892822266,
      19.300743103027344,
      18.851795196533203,
      20.87611198425293,
      17.378433227539062,
      17.354576110839844,
      11.156340599060059
    ],
    [
      12.501689910888672,
      13.645118713378906,
      13.714110374450684,
      16.73705291748047,
      14.232982635498047,
      19.067270278930664,
      14.19288158416748,
      21.122987747192383,
      12.25551700592041,
      21.24700355529785,
      16.866458892822266,
      26.15977668762207,
      24.36594009399414,
      29.552919387817383,
      27.130226135253906,
      25.525466918945312,
      23.1759090423584,
      16.902711868286133
    ],
    [
      11.678236961364746,
      12.145712852478027,
      14.05002498626709,
      16.225603103637695,
      15.937161445617676,
      19.088029861450195,
      15.949545860290527,
      20.397436141967773,
      12.811205863952637,
      18.182144165039062,
      19.300743103027344,
      24.36594009399414,
      44.738182067871094,
      38.96859359741211,
      52.088035583496094,
      38.29521942138672,
      39.05470275878906,
      22.508928298950195
    ],
    [
      16.6370849609375,
      16.078651428222656,
      19.191486358642578,
      20.118398666381836,
      17.253644943237305,
      22.804641723632812,
      19.44612693786621,
      24.766387939453125,
      16.422361373901367,
      23.205442428588867,
      18.851795196533203,
      29.552919387817383,
      38.96859359741211,
      67.33525848388672,
      45.363914489746094,
      57.746055603027344,
      54.205535888671875,
      37.95244216918945
    ],
    [
      17.586687088012695,
      15.84700870513916,
      17.898420333862305,
      20.085895538330078,
      19.991941452026367,
      23.186498641967773,
      18.508960723876953,
      22.9284725189209,
      13.703961372375488,
      20.186742782592773,
      20.87611198425293,
      27.130226135253906,
      52.088035583496094,
      45.363914489746094,
      76.02096557617188,
      49.032108306884766,
      55.32231903076172,
      29.03957176208496
    ],
    [
      15.520269393920898,
      14.078838348388672,
      16.619829177856445,
      17.05293846130371,
      15.409244537353516,
      19.66855812072754,
      16.91708755493164,
      21.038572311401367,
      14.28623104095459,
      19.488866806030273,
      17.378433227539062,
      25.525466918945312,
      38.29521942138672,
      57.746055603027344,
      49.032108306884766,
      53.58707046508789,
      52.287322998046875,
      35.95600509643555
    ],
    [
      17.223371505737305,
      14.501485824584961,
      16.313962936401367,
      16.257600784301758,
      14.661443710327148,
      19.461566925048828,
      15.047426223754883,
      19.230195999145508,
      13.727130889892578,
      18.572538375854492,
      17.354576110839844,
      23.1759090423584,
      39.05470275878906,
      54.205535888671875,
      55.32231903076172,
      52.287322998046875,
      62.74287414550781,
      39.340904235839844
    ],
    [
      11.492786407470703,
      9.018457412719727,
      10.456826210021973,
      10.508686065673828,
      8.48396110534668,
      12.380120277404785,
      10.393277168273926,
      14.502050399780273,
      10.11024284362793,
      13.941039085388184,
      11.156340599060059,
      16.902711868286133,
      22.508928298950195,
      37.95244216918945,
      29.03957176208496,
      35.95600509643555,
      39.340904235839844,
      32.45200729370117
    ]
  ],
  "covariance_short": [
    [
      51.96479034423828,
      22.17616081237793,
      14.201619148254395,
      16.838071823120117,
      11.834953308105469,
      16.15121078491211,
      10.637207984924316,
      15.502951622009277,
      9.438802719116211,
      15.680225372314453,
      10.633450508117676,
      19.071413040161133,
      18.24451446533203,
      22.3609676361084,
      27.246776580810547,
      19.68484115600586,
      21.558406829833984,
      13.384746551513672
    ],
    [
      22.17616081237793,
      57.45839309692383,
      14.879166603088379,
      18.064189910888672,
      13.59107494354248,
      17.270721435546875,
      12.678598403930664,
      15.850935935974121,
      12.96825885772705,
      16.71533966064453,
      11.622564315795898,
      20.379247665405273,
      17.8889102935791,
      40.67622375488281,
      45.44556427001953,
      31.15822982788086,
      30.3276309967041,
      17.141324996948242
    ],
    [
      14.201619148254395,
      14.879166603088379,
      21.532323837280273,
      15.63684368133545,
      12.145221710205078,
      14.455260276794434,
      10.493874549865723,
      15.572842597961426,
      7.9018049240112305,
      14.520132064819336,
      9.75564956665039,
      16.690122604370117,
      14.967384338378906,
      20.941463470458984,
      23.22913360595703,
      17.73200035095215,
      17.94346809387207,
      12.150995254516602
    ],
    [
      16.838071823120117,
      18.064189910888672,
      15.63684368133545,
      29.168350219726562,
      15.925954818725586,
      22.112350463867188,
      13.702411651611328,
      24.356569290161133,
      9.985404014587402,
      20.418853759765625,
      11.01933765411377,
      23.124059677124023,
      18.2176456451416,
      24.283538818359375,
      26.28569221496582,
      19.940414428710938,
      20.33658218383789,
      13.33145809173584
    ],
    [
      11.834953308105469,
      13.59107494354248,
      12.145221710205078,
      15.925954818725586,
      27.68488121032715,
      21.953933715820312,
      15.67646312713623,
      20.924083709716797,
      11.966490745544434,
      18.01805877685547,
      15.013955116271973,
      20.994319915771484,
      19.74442481994629,
      23.571794509887695,
      27.39829444885254,
      20.45867919921875,
      20.1765193939209,
      12.82803726196289
    ],
    [
      16.15121078491211,
      17.270721435546875,
      14.455260276794434,
      22.112350463867188,
      21.953933715820312,
      35.688236236572266,
      16.516870498657227,
      29.170955657958984,
      11.951295852661133,
      25.121553421020508,
      15.537165641784668,
      27.663185119628906,
      24.169904708862305,
      29.61743927001953,
      32.64567565917969,
      24.90531349182129,
      25.554277420043945,
      16.457950592041016
    ],
    [
      10.637207984924316,
      12.678598403930664,
      10.493874549865723,
      13.702411651611328,
      15.67646312713623,
      16.516870498657227,
      32.27633285522461,
      24.937381744384766,
      16.415115356445312,
      16.8394775390625,
      17.335046768188477,
      20.186466217041016,
      20.5548095703125,
      25.149883270263672,
      26.668386459350586,
      21.818784713745117,
      19.7563533782959,
      14.379915237426758
    ],
    [
      15.502951622009277,
      15.850935935974121,
      15.572842597961426,
      24.356569290161133,
      20.924083709716797,
      29.170955657958984,
      24.937381744384766,
      42.89739227294922,
      17.201732635498047,
      30.775304794311523,
      18.706369400024414,
      32.143497467041016,
      26.743505477905273,
      34.36022186279297,
      33.405635833740234,
      28.84427261352539,
      27.61399269104004,
      21.177268981933594
    ],
    [
      9.438802719116211,
      12.96825885772705,
      7.9018049240112305,
      9.985404014587402,
      11.966490745544434,
      11.951295852661133,
      16.415115356445312,
      17.201732635498047,
      27.81065559387207,
      19.715984344482422,
      18.57537841796875,
      18.693832397460938,
      18.20246696472168,
      22.36355972290039,
      23.112417221069336,
      19.021108627319336,
      18.05095100402832,
      13.84567928314209
    ],
    [
      15.680225372314453,
      16.71533966064453,
      14.520132064819336,
      20.418853759765625,
      18.01805877685547,
      25.121553421020508,
      16.8394775390625,
      30.775304794311523,
      19.715984344482422,
      36.667518615722656,
      19.442707061767578,
      33.56718444824219,
      27.107316970825195,
      33.76027297973633,
      31.612533569335938,
      27.86854362487793,
      26.910985946655273,
      21.21616554260254
    ],
    [
      10.633450508117676,
      11.622564315795898,
      9.75564956665039,
      11.01933765411377,
      15.013955116271973,
      15.537165641784668,
      17.335046768188477,
      18.706369400024414,
      18.57537841796875,
      19.442707061767578,
      31.296167373657227,
      25.64624786376953,
      27.298412322998047,
      27.56827735900879,
      31.509563446044922,
      24.40902328491211,
      24.5799503326416,
      16.471445083618164
    ],
    [
      19.071413040161133,
      20.379247665405273,
      16.690122604370117,
      23.124059677124023,
      20.994319915771484,
      27.663185119628906,
      20.186466217041016,
      32.143497467041016,
      18.693832397460938,
      33.56718444824219,
      25.64624786376953,
      44.44959259033203,
      36.642417907714844,
      45.55175018310547,
      43.61542510986328,
      38.4643669128418,
      35.612361907958984,
      27.114946365356445
    ],
    [
      18.24451446533203,
      17.8889102935791,
      14.967384338378906,
      18.2176456451416,
      19.74442481994629,
      24.169904708862305,
      20.5548095703125,
      26.743505477905273,
      18.20246696472168,
      27.107316970825195,
      27.298412322998047,
      36.642417907714844,
      65.21867370605469,
      58.904781341552734,
      74.57386016845703,
      55.98591232299805,
      59.40159225463867,
      36.96575164794922
    ],
    [
      22.3609676361084,
      40.67622375488281,
      20.941463470458984,
      24.283538818359375,
      23.571794509887695,
      29.61743927001953,
      25.149883270263672,
      34.36022186279297,
      22.36355972290039,
      33.76027297973633,
      27.56827735900879,
      45.55175018310547,
      58.904781341552734,
      87.7416000366211,
      87.69224548339844,
      75.29178619384766,
      68.42487335205078,
      51.106292724609375
    ],
    [
      27.246776580810547,
      45.44556427001953,
      23.22913360595703,
      26.28569221496582,
      27.39829444885254,
      32.64567565917969,
      26.668386459350586,
      33.405635833740234,
      23.112417221069336,
      31.612533569335938,
      31.509563446044922,
      43.61542510986328,
      74.57386016845703,
      87.69224548339844,
      127.52596282958984,
      84.03520965576172,
      94.03993225097656,
      52.08237838745117
    ],
    [
      19.68484115600586,
      31.15822982788086,
      17.73200035095215,
      19.940414428710938,
      20.45867919921875,
      24.90531349182129,
      21.818784713745117,
      28.84427261352539,
      19.021108627319336,
      27.86854362487793,
      24.40902328491211,
      38.4643669128418,
      55.98591232299805,
      75.29178619384766,
      84.03520965576172,
      71.53921508789062,
      67.4364242553711,
      49.4786262512207
    ],
    [
      21.558406829833984,
      30.3276309967041,
      17.94346809387207,
      20.33658218383789,
      20.1765193939209,
      25.554277420043945,
      19.7563533782959,
      27.61399269104004,
      18.05095100402832,
      26.910985946655273,
      24.5799503326416,
      35.612361907958984,
      59.40159225463867,
      68.42487335205078,
      94.03993225097656,
      67.4364242553711,
      82.39527893066406,
      51.558170318603516
    ],
    [
      13.384746551513672,
      17.141324996948242,
      12.150995254516602,
      13.33145809173584,
      12.82803726196289,
      16.457950592041016,
      14.379915237426758,
      21.177268981933594,
      13.84567928314209,
      21.21616554260254,
      16.471445083618164,
      27.114946365356445,
      36.96575164794922,
      51.106292724609375,
      52.08237838745117,
      49.4786262512207,
      51.558170318603516,
      44.39147186279297
    ]
  ],
  "damage": -20.34612464904785,
  "diff_bandwidth": 671.1305541992188,
  "dissonance": 9.433368704078028,
  "drr": 12.531747817993164,
  "dynamics": 2.5503017902374268,
  "format": 1245190,
  "frames": 13413456,
  "freq_pan_to_db": [
    [
      -37.76439666748047,
      -36.19008255004883,
      -33.49302291870117,
      -30.901119232177734,
      -29.1580867767334,
      -30.33699607849121,
      -32.29404067993164,
      -33.48939895629883,
      -34.62071228027344,
      -36.6690788269043,
      -37.62995147705078
    ],
    [
      -30.640975952148438,
      -29.15846824645996,
      -27.228879928588867,
      -25.632183074951172,
      -22.319562911987305,
      -22.448068618774414,
      -25.74342918395996,
      -26.941572189331055,
      -28.27737045288086,
      -29.924236297607422,
      -30.82207679748535
    ],
    [
      -28.72081756591797,
      -27.471742630004883,
      -26.038393020629883,
      -23.922561645507812,
      -23.262290954589844,
      -23.783815383911133,
      -24.912046432495117,
      -25.80950164794922,
      -26.396577835083008,
      -27.797971725463867,
      -28.596837997436523
    ],
    [
      -30.289518356323242,
      -29.398468017578125,
      -28.575328826904297,
      -27.419357299804688,
      -26.561161041259766,
      -26.454824447631836,
      -26.258453369140625,
      -27.233680725097656,
      -28.061159133911133,
      -29.55252456665039,
      -30.421171188354492
    ],
    [
      -31.621076583862305,
      -30.73414421081543,
      -30.534255981445312,
      -29.821949005126953,
      -29.168298721313477,
      -29.09710693359375,
      -27.948896408081055,
      -28.209360122680664,
      -29.369022369384766,
      -30.461259841918945,
      -30.947885513305664
    ],
    [
      -31.3188419342041,
      -30.17861557006836,
      -29.29796600341797,
      -28.2233943939209,
      -27.352497100830078,
      -27.936717987060547,
      -28.695022583007812,
      -30.02083396911621,
      -30.94782066345215,
      -32.06986999511719,
      -32.65734100341797
    ],
    [
      -31.777889251708984,
      -31.43033790588379,
      -30.14934730529785,
      -28.95113754272461,
      -27.98389434814453,
      -28.48917007446289,
      -28.687442779541016,
      -29.70124626159668,
      -31.311487197875977,
      -32.615440368652344,
      -33.14706039428711
    ],
    [
      -31.581018447875977,
      -31.429548263549805,
      -30.64216423034668,
      -29.898622512817383,
      -28.940881729125977,
      -28.251619338989258,
      -26.476821899414062,
      -27.885108947753906,
      -29.730030059814453,
      -30.38338279724121,
      -30.054712295532227
    ],
    [
      -31.166860580444336,
      -31.414012908935547,
      -30.165239334106445,
      -29.057872772216797,
      -28.09674072265625,
      -27.90073013305664,
      -26.78545570373535,
      -27.489498138427734,
      -29.716651916503906,
      -30.728364944458008,
      -30.813941955566406
    ],
    [
      -30.834611892700195,
      -31.298147201538086,
      -29.53003692626953,
      -27.590044021606445,
      -27.494218826293945,
      -28.437171936035156,
      -29.3763370513916,
      -30.545520782470703,
      -31.360153198242188,
      -32.53947448730469,
      -33.34064865112305
    ],
    [
      -32.82286071777344,
      -33.67774963378906,
      -33.10001754760742,
      -31.654903411865234,
      -30.004196166992188,
      -28.451847076416016,
      -30.13923454284668,
      -31.290864944458008,
      -32.70540237426758,
      -33.552223205566406,
      -32.857295989990234
    ],
    [
      -35.20415115356445,
      -34.57804870605469,
      -34.67471694946289,
      -34.4553108215332,
      -32.305763244628906,
      -31.191425323486328,
      -30.944917678833008,
      -31.765539169311523,
      -33.73253631591797,
      -35.17072296142578,
      -34.0368537902832
    ],
    [
      -35.05771255493164,
      -35.66598892211914,
      -35.561805725097656,
      -34.750572204589844,
      -31.32693862915039,
      -30.06917953491211,
      -31.512020111083984,
      -32.77157211303711,
      -34.252685546875,
      -34.40992736816406,
      -34.04636001586914
    ],
    [
      -31.875226974487305,
      -34.303890228271484,
      -35.34898376464844,
      -32.21337890625,
      -29.398813247680664,
      -29.058015823364258,
      -31.462690353393555,
      -33.578338623046875,
      -33.90612030029297,
      -34.75806427001953,
      -34.43015670776367
    ],
    [
      -31.426273345947266,
      -33.26256561279297,
      -33.544532775878906,
      -32.163394927978516,
      -30.571279525756836,
      -31.814260482788086,
      -33.43722152709961,
      -34.67815017700195,
      -33.669063568115234,
      -35.44308853149414,
      -33.85157775878906
    ],
    [
      -32.206295013427734,
      -33.140419006347656,
      -33.640838623046875,
      -32.086143493652344,
      -32.95909118652344,
      -32.722835540771484,
      -34.27571105957031,
      -34.08080291748047,
      -33.71908950805664,
      -33.98001480102539,
      -35.24956130981445
    ],
    [
      -31.66840934753418,
      -33.439701080322266,
      -35.524662017822266,
      -33.94239807128906,
      -34.388099670410156,
      -34.08052062988281,
      -35.75688171386719,
      -34.12485122680664,
      -33.92068862915039,
      -34.01539993286133,
      -35.58292007446289
    ],
    [
      -31.094127655029297,
      -32.57147216796875,
      -34.57449722290039,
      -34.490638732910156,
      -32.30615234375,
      -33.38376998901367,
      -34.592376708984375,
      -33.471439361572266,
      -33.06027603149414,
      -33.115234375,
      -34.606990814208984
    ],
    [
      -33.2537956237793,
      -33.10353469848633,
      -34.420372009277344,
      -34.46424102783203,
      -32.22986602783203,
      -33.55937194824219,
      -35.360877990722656,
      -33.807621002197266,
      -33.8739013671875,
      -35.17933654785156,
      -36.697608947753906
    ],
    [
      -36.00111770629883,
      -36.17435836791992,
      -36.69597625732422,
      -37.166812896728516,
      -34.70500564575195,
      -35.9708366394043,
      -37.61871337890625,
      -37.34341812133789,
      -36.842891693115234,
      -37.38199996948242,
      -35.40961837768555
    ],
    [
      -35.572540283203125,
      -36.80012512207031,
      -37.443485260009766,
      -37.769493103027344,
      -36.85973358154297,
      -37.05190658569336,
      -38.9843635559082,
      -37.79679489135742,
      -38.988067626953125,
      -39.299869537353516,
      -39.75471878051758
    ],
    [
      -36.974918365478516,
      -38.46973419189453,
      -36.87616729736328,
      -38.28960037231445,
      -36.80277633666992,
      -36.955360412597656,
      -39.98018264770508,
      -37.377830505371094,
      -39.39027786254883,
      -40.19606018066406,
      -42.332183837890625
    ],
    [
      -39.80494689941406,
      -37.93026351928711,
      -38.95633316040039,
      -39.74925231933594,
      -38.52086639404297,
      -37.22896194458008,
      -38.9897346496582,
      -39.68351364135742,
      -39.69640350341797,
      -39.1530647277832,
      -39.535911560058594
    ],
    [
      -40.652198791503906,
      -38.60348129272461,
      -38.68389892578125,
      -38.987342834472656,
      -38.55851745605469,
      -36.79494094848633,
      -38.7297248840332,
      -39.676475524902344,
      -39.493282318115234,
      -39.4520378112793,
      -40.07533645629883
    ],
    [
      -59.99888229370117,
      -40.979793548583984,
      -40.93635559082031,
      -40.274696350097656,
      -40.31610107421875,
      -39.46321487426758,
      -40.796905517578125,
      -40.8231201171875,
      -41.077152252197266,
      -41.654388427734375,
      -41.9423942565918
    ],
    [
      -42.570831298828125,
      -41.739627838134766,
      -42.17051696777344,
      -40.92131423950195,
      -40.900718688964844,
      -41.254486083984375,
      -41.8213996887207,
      -41.91304016113281,
      -41.84132385253906,
      -42.73575973510742,
      -41.015289306640625
    ],
    [
      -49.30433654785156,
      -42.81131362915039,
      -43.108863830566406,
      -43.09821701049805,
      -42.661014556884766,
      -42.18512725830078,
      -44.7325439453125,
      -44.32435607910156,
      -43.10002136230469,
      -44.123931884765625,
      -43.89607620239258
    ],
    [
      -50.913719177246094,
      -41.81678009033203,
      -42.69538497924805,
      -42.803955078125,
      -43.578033447265625,
      -43.830020904541016,
      -46.090721130371094,
      -44.61266326904297,
      -44.18993377685547,
      -44.01213455200195,
      -43.49116516113281
    ],
    [
      -46.625431060791016,
      -42.363121032714844,
      -42.79496383666992,
      -43.6224479675293,
      -44.028629302978516,
      -43.95619583129883,
      -46.1895637512207,
      -44.358612060546875,
      -43.58171081542969,
      -42.95551300048828,
      -47.63624954223633
    ],
    [
      -51.95868682861328,
      -45.011009216308594,
      -44.15919494628906,
      -44.66001510620117,
      -45.11174392700195,
      -43.47039794921875,
      -44.238590240478516,
      -45.4493293762207,
      -44.31067657470703,
      -43.99209213256836,
      -370
    ],
    [
      -50.341156005859375,
      -46.33406066894531,
      -44.72837829589844,
      -45.397010803222656,
      -45.337684631347656,
      -43.039180755615234,
      -42.95322036743164,
      -46.411094665527344,
      -46.008514404296875,
      -46.17023468017578,
      -42.734161376953125
    ],
    [
      -370,
      -46.53001022338867,
      -46.14622497558594,
      -46.12213897705078,
      -46.457210540771484,
      -42.925960540771484,
      -45.69247055053711,
      -48.584625244140625,
      -46.87381362915039,
      -46.320716857910156,
      -370
    ],
    [
      -47.98046112060547,
      -46.64202880859375,
      -46.05192184448242,
      -47.186885833740234,
      -46.996585845947266,
      -43.36428451538086,
      -47.63700866699219,
      -50.66034698486328,
      -48.34654235839844,
      -46.830265045166016,
      -370
    ],
    [
      -370,
      -54.747779846191406,
      -51.916927337646484,
      -50.00532531738281,
      -48.78356170654297,
      -43.63057327270508,
      -48.74348068237305,
      -54.0823974609375,
      -55.205753326416016,
      -51.266963958740234,
      -370
    ],
    [
      -72.1348876953125,
      -68.1251220703125,
      -53.890682220458984,
      -52.384666442871094,
      -50.27047348022461,
      -44.27836990356445,
      -47.410404205322266,
      -45.92531204223633,
      -49.69410705566406,
      -50.72888946533203,
      -370
    ],
    [
      -370,
      -60.3571662902832,
      -56.544925689697266,
      -54.898529052734375,
      -52.89799499511719,
      -46.616111755371094,
      -48.25466537475586,
      -44.2989387512207,
      -50.950904846191406,
      -46.37320327758789,
      -370
    ],
    [
      -370,
      -56.703094482421875,
      -57.559410095214844,
      -55.71794128417969,
      -54.005977630615234,
      -48.15591812133789,
      -51.52069854736328,
      -49.549095153808594,
      -50.78948974609375,
      -47.73408126831055,
      -63.631370544433594
    ],
    [
      -370,
      -57.165714263916016,
      -60.04324722290039,
      -57.82120132446289,
      -55.28784942626953,
      -50.654319763183594,
      -54.784732818603516,
      -53.23236083984375,
      -51.47944641113281,
      -47.1538200378418,
      -48.805450439453125
    ],
    [
      -370,
      -61.96613693237305,
      -60.444358825683594,
      -58.520042419433594,
      -56.875118255615234,
      -53.49137496948242,
      -55.95411682128906,
      -54.387210845947266,
      -51.341373443603516,
      -49.90074157714844,
      -370
    ],
    [
      -370,
      -61.571189880371094,
      -59.06062698364258,
      -59.895111083984375,
      -59.75886535644531,
      -55.2348518371582,
      -54.090187072753906,
      -50.5747184753418,
      -54.10597229003906,
      -50.762733459472656,
      -370
    ],
    [
      -64.97705841064453,
      -60.727081298828125,
      -59.46240234375,
      -59.834781646728516,
      -59.44919967651367,
      -57.854740142822266,
      -58.434425354003906,
      -56.17307662963867,
      -57.80768585205078,
      -54.653358459472656,
      -57.45808410644531
    ],
    [
      -370,
      -61.92755889892578,
      -60.272037506103516,
      -59.9989013671875,
      -60.291778564453125,
      -60.56059646606445,
      -62.04922866821289,
      -60.146156311035156,
      -57.928733825683594,
      -54.67723846435547,
      -55.6314811706543
    ]
  ],
  "histogram": [
    {
      "db": -70,
      "frequency": 4
    },
    {
      "db": -69,
      "frequency": 3
    },
    {
      "db": -68,
      "frequency": 2
    },
    {
      "db": -67,
      "frequency": 5
    },
    {
      "db": -66,
      "frequency": 4
    },
    {
      "db": -65,
      "frequency": 1
    },
    {
      "db": -64,
      "frequency": 5
    },
    {
      "db": -63,
      "frequency": 5
    },
    {
      "db": -62,
      "frequency": 5
    },
    {
      "db": -61,
      "frequency": 4
    },
    {
      "db": -60,
      "frequency": 4
    },
    {
      "db": -59,
      "frequency": 2
    },
    {
      "db": -58,
      "frequency": 4
    },
    {
      "db": -57,
      "frequency": 6
    },
    {
      "db": -56,
      "frequency": 5
    },
    {
      "db": -55,
      "frequency": 5
    },
    {
      "db": -54,
      "frequency": 5
    },
    {
      "db": -53,
      "frequency": 5
    },
    {
      "db": -52,
      "frequency": 6
    },
    {
      "db": -51,
      "frequency": 7
    },
    {
      "db": -50,
      "frequency": 12
    },
    {
      "db": -49,
      "frequency": 4
    },
    {
      "db": -48,
      "frequency": 1
    },
    {
      "db": -47,
      "frequency": 3
    },
    {
      "db": -46,
      "frequency": 1
    },
    {
      "db": -45,
      "frequency": 1
    },
    {
      "db": -44,
      "frequency": 5
    },
    {
      "db": -43,
      "frequency": 20
    },
    {
      "db": -42,
      "frequency": 11
    },
    {
      "db": -41,
      "frequency": 15
    },
    {
      "db": -40,
      "frequency": 6
    },
    {
      "db": -39,
      "frequency": 7
    },
    {
      "db": -38,
      "frequency": 4
    },
    {
      "db": -37,
      "frequency": 8
    },
    {
      "db": -36,
      "frequency": 6
    },
    {
      "db": -35,
      "frequency": 1
    },
    {
      "db": -34,
      "frequency": 5
    },
    {
      "db": -33,
      "frequency": 12
    },
    {
      "db": -32,
      "frequency": 16
    },
    {
      "db": -31,
      "frequency": 13
    },
    {
      "db": -30,
      "frequency": 19
    },
    {
      "db": -29,
      "frequency": 67
    },
    {
      "db": -28,
      "frequency": 79
    },
    {
      "db": -27,
      "frequency": 135
    },
    {
      "db": -26,
      "frequency": 451
    },
    {
      "db": -25,
      "frequency": 668
    },
    {
      "db": -24,
      "frequency": 434
    },
    {
      "db": -23,
      "frequency": 336
    },
    {
      "db": -22,
      "frequency": 251
    },
    {
      "db": -21,
      "frequency": 226
    },
    {
      "db": -20,
      "frequency": 59
    },
    {
      "db": -19,
      "frequency": 0
    },
    {
      "db": -18,
      "frequency": 0
    },
    {
      "db": -17,
      "frequency": 0
    },
    {
      "db": -16,
      "frequency": 0
    },
    {
      "db": -15,
      "frequency": 0
    },
    {
      "db": -14,
      "frequency": 0
    },
    {
      "db": -13,
      "frequency": 0
    },
    {
      "db": -12,
      "frequency": 0
    },
    {
      "db": -11,
      "frequency": 0
    },
    {
      "db": -10,
      "frequency": 0
    },
    {
      "db": -9,
      "frequency": 0
    },
    {
      "db": -8,
      "frequency": 0
    },
    {
      "db": -7,
      "frequency": 0
    },
    {
      "db": -6,
      "frequency": 0
    },
    {
      "db": -5,
      "frequency": 0
    },
    {
      "db": -4,
      "frequency": 0
    },
    {
      "db": -3,
      "frequency": 0
    },
    {
      "db": -2,
      "frequency": 0
    },
    {
      "db": -1,
      "frequency": 0
    },
    {
      "db": 0,
      "frequency": 0
    },
    {
      "db": 1,
      "frequency": 0
    },
    {
      "db": 2,
      "frequency": 0
    },
    {
      "db": 3,
      "frequency": 0
    },
    {
      "db": 4,
      "frequency": 0
    },
    {
      "db": 5,
      "frequency": 0
    },
    {
      "db": 6,
      "frequency": 0
    },
    {
      "db": 7,
      "frequency": 0
    },
    {
      "db": 8,
