{
  "acoustic_entropy": 189.2550506591797,
  "bands": [
    {
      "high_freq": 148.1999969482422,
      "loudness": -34.433895111083984,
      "loudness_range": 9.88844108581543,
      "mid_mean": -31.1008358001709,
      "mid_to_side_loudness": -15.184515953063965,
      "mid_to_side_loudness_range": 11.429743766784668,
      "side_mean": -46.35190963745117
    },
    {
      "high_freq": 392.3793640136719,
      "loudness": -34.222110748291016,
      "loudness_range": 8.299489974975586,
      "low_freq": 148.1999969482422,
      "mid_mean": -31.069639205932617,
      "mid_to_side_loudness": -10.214789390563965,
      "mid_to_side_loudness_range": 7.27115535736084,
      "side_mean": -41.133304595947266
    },
    {
      "high_freq": 794.6976318359375,
      "loudness": -35.33001708984375,
      "loudness_range": 10.705886840820312,
      "low_freq": 392.3793640136719,
      "mid_mean": -32.17536544799805,
      "mid_to_side_loudness": -9.523263931274414,
      "mid_to_side_loudness_range": 7.165585994720459,
      "side_mean": -41.76411437988281
    },
    {
      "high_freq": 1457.5709228515625,
      "loudness": -38.64067077636719,
      "loudness_range": 12.438640594482422,
      "low_freq": 794.6976318359375,
      "mid_mean": -35.60768127441406,
      "mid_to_side_loudness": -9.307315826416016,
      "mid_to_side_loudness_range": 8.424020767211914,
      "side_mean": -44.740623474121094
    },
    {
      "high_freq": 2549.74365234375,
      "loudness": -36.65200424194336,
      "loudness_range": 10.03087043762207,
      "low_freq": 1457.5709228515625,
      "mid_mean": -33.61794662475586,
      "mid_to_side_loudness": -9.352202415466309,
      "mid_to_side_loudness_range": 9.61015796661377,
      "side_mean": -42.76298904418945
    },
    {
      "high_freq": 4349.24462890625,
      "loudness": -39.53199005126953,
      "loudness_range": 10.622051239013672,
      "low_freq": 2549.74365234375,
      "mid_mean": -36.54688262939453,
      "mid_to_side_loudness": -8.557271003723145,
      "mid_to_side_loudness_range": 8.768791198730469,
      "side_mean": -45.13407516479492
    },
    {
      "high_freq": 7314.1640625,
      "loudness": -48.431793212890625,
      "loudness_range": 17.695091247558594,
      "low_freq": 4349.24462890625,
      "mid_mean": -46.01494598388672,
      "mid_to_side_loudness": -6.153397083282471,
      "mid_to_side_loudness_range": 8.793399810791016,
      "side_mean": -53.09787368774414
    },
    {
      "high_freq": 12199.2666015625,
      "loudness": -51.98112869262695,
      "loudness_range": 21.393001556396484,
      "low_freq": 7314.1640625,
      "mid_mean": -51.828521728515625,
      "mid_to_side_loudness": -5.458595275878906,
      "mid_to_side_loudness_range": 11.099761009216309,
      "side_mean": -56.680580139160156
    },
    {
      "loudness": -58.96670150756836,
      "loudness_range": 18.751827239990234,
      "low_freq": 12199.2666015625,
      "mid_mean": -57.9250602722168,
      "mid_to_side_loudness": -3.902606725692749,
      "mid_to_side_loudness_range": 9.37832260131836,
      "side_mean": -61.154911041259766
    }
  ],
  "bands_short": [
    {
      "high_freq": 148.1999969482422,
      "loudness": -39.205909729003906,
      "loudness_range": 20.933191299438477,
      "mid_mean": -35.960166931152344,
      "mid_to_side_loudness": -15.274866104125977,
      "mid_to_side_loudness_range": 19.880327224731445,
      "side_mean": -52.54572296142578
    },
    {
      "high_freq": 392.3793640136719,
      "loudness": -33.93330383300781,
      "loudness_range": 11.085155487060547,
      "low_freq": 148.1999969482422,
      "mid_mean": -30.78302001953125,
      "mid_to_side_loudness": -10.937015533447266,
      "mid_to_side_loudness_range": 11.658985137939453,
      "side_mean": -41.36396026611328
    },
    {
      "high_freq": 794.6976318359375,
      "loudness": -36.1583366394043,
      "loudness_range": 13.222249984741211,
      "low_freq": 392.3793640136719,
      "mid_mean": -33.115177154541016,
      "mid_to_side_loudness": -9.862034797668457,
      "mid_to_side_loudness_range": 11.458221435546875,
      "side_mean": -42.741756439208984
    },
    {
      "high_freq": 1457.5709228515625,
      "loudness": -38.802005767822266,
      "loudness_range": 14.903816223144531,
      "low_freq": 794.6976318359375,
      "mid_mean": -35.840965270996094,
      "mid_to_side_loudness": -9.958815574645996,
      "mid_to_side_loudness_range": 12.503846168518066,
      "side_mean": -45.4946403503418
    },
    {
      "high_freq": 2549.74365234375,
      "loudness": -37.353118896484375,
      "loudness_range": 13.418209075927734,
      "low_freq": 1457.5709228515625,
      "mid_mean": -34.35100173950195,
      "mid_to_side_loudness": -10.088424682617188,
      "mid_to_side_loudness_range": 12.407367706298828,
      "side_mean": -44.022029876708984
    },
    {
      "high_freq": 4349.24462890625,
      "loudness": -40.17036437988281,
      "loudness_range": 14.37417984008789,
      "low_freq": 2549.74365234375,
      "mid_mean": -37.25177001953125,
      "mid_to_side_loudness": -9.147831916809082,
      "mid_to_side_loudness_range": 11.585790634155273,
      "side_mean": -46.532005310058594
    },
    {
      "high_freq": 7314.1640625,
      "loudness": -50.06118392944336,
      "loudness_range": 22.423229217529297,
      "low_freq": 4349.24462890625,
      "mid_mean": -48.047576904296875,
      "mid_to_side_loudness": -6.582744598388672,
      "mid_to_side_loudness_range": 11.144351959228516,
      "side_mean": -54.947959899902344
    },
    {
      "high_freq": 12199.2666015625,
      "loudness": -52.971435546875,
      "loudness_range": 24.426010131835938,
      "low_freq": 7314.1640625,
      "mid_mean": -53.8399772644043,
      "mid_to_side_loudness": -5.600628852844238,
      "mid_to_side_loudness_range": 12.549548149108887,
      "side_mean": -58.575157165527344
    },
    {
      "loudness": -60.68095016479492,
      "loudness_range": 23.81580352783203,
      "low_freq": 12199.2666015625,
      "mid_mean": -60.352203369140625,
      "mid_to_side_loudness": -4.4490485191345215,
      "mid_to_side_loudness_range": 11.779040336608887,
      "side_mean": -63.46508026123047
    }
  ],
  "bandwidth": 574.963623046875,
  "channels": 2,
  "covariance": [
    [
      22.895177841186523,
      15.053468704223633,
      11.382512092590332,
      12.70313835144043,
      9.570605278015137,
      13.156167984008789,
      9.37700366973877,
      11.649857521057129,
      8.17036247253418,
      11.752443313598633,
      8.185280799865723,
      12.814628601074219,
      13.045339584350586,
      15.473346710205078,
      19.51760482788086,
      14.995675086975098,
      14.883848190307617,
      11.370981216430664
    ],
    [
      15.053468704223633,
      24.192829132080078,
      11.324081420898438,
      14.335817337036133,
      10.296258926391602,
      15.138724327087402,
      9.421360969543457,
      13.119823455810547,
      7.95447301864624,
      13.21563720703125,
      8.454817771911621,
      14.482223510742188,
      13.424246788024902,
      15.852921485900879,
      18.801877975463867,
      14.33327865600586,
      13.356447219848633,
      9.351166725158691
    ],
    [
      11.382512092590332,
      11.324081420898438,
      16.751060485839844,
      13.939247131347656,
      9.932860374450684,
      13.076957702636719,
      10.634847640991211,
      13.718382835388184,
      6.97697639465332,
      12.6306791305542,
      8.839884757995605,
      14.222644805908203,
      14.827929496765137,
      18.624723434448242,
      21.342023849487305,
      16.665508270263672,
      14.803452491760254,
      10.769771575927734
    ],
    [
      12.70313835144043,
      14.335817337036133,
      13.939247131347656,
      20.525957107543945,
      12.534915924072266,
      16.661476135253906,
      13.34848403930664,
      18.736648559570312,
      9.58356761932373,
      15.90770435333252,
      9.96931266784668,
      17.28396987915039,
      17.344144821166992,
      19.795164108276367,
      21.874256134033203,
      17.276899337768555,
      15.099506378173828,
      10.944323539733887
    ],
    [
      9.570605278015137,
      10.296258926391602,
      9.932860374450684,
      12.534915924072266,
      18.819374084472656,
      16.473892211914062,
      13.930915832519531,
      15.859042167663574,
      9.785611152648926,
      12.855851173400879,
      12.094232559204102,
      14.642227172851562,
      16.890718460083008,
      17.112083435058594,
      21.096805572509766,
      15.699224472045898,
      13.956235885620117,
      8.88581371307373
    ],
    [
      13.156167984008789,
      15.138724327087402,
      13.076957702636719,
      16.661476135253906,
      16.473892211914062,
      23.342893600463867,
      14.695233345031738,
      19.624990463256836,
      10.69990348815918,
      17.607194900512695,
      13.023300170898438,
      19.705846786499023,
      20.69139862060547,
      22.404865264892578,
      25.723129272460938,
      19.93100357055664,
      18.3029842376709,
      12.735871315002441
    ],
    [
      9.37700366973877,
      9.421360969543457,
      10.634847640991211,
      13.34848403930664,
      13.930915832519531,
      14.695233345031738,
      24.7031307220459,
      20.393648147583008,
      13.07744312286377,
      13.262331008911133,
      13.158763885498047,
      14.682557106018066,
      17.36443328857422,
      19.382638931274414,
      20.735475540161133,
      17.246061325073242,
      14.124208450317383,
      10.771604537963867
    ],
    [
      11.649857521057129,
      13.119823455810547,
      13.718382835388184,
      18.736648559570312,
      15.859042167663574,
      19.624990463256836,
      20.393648147583008,
      27.598764419555664,
      13.951215744018555,
      20.139854431152344,
      14.452726364135742,
      21.631139755249023,
      21.390657424926758,
      24.432331085205078,
      24.10662269592285,
      21.153095245361328,
      17.887582778930664,
      14.754617691040039
    ],
    [
      8.17036247253418,
      7.95447301864624,
      6.97697639465332,
      9.58356761932373,
      9.785611152648926,
      10.69990348815918,
      13.07744312286377,
      13.951215744018555,
      19.529129028320312,
      13.474112510681152,
      13.618133544921875,
      12.698921203613281,
      14.162568092346191,
      15.823511123657227,
      16.34208106994629,
      14.107900619506836,
      12.2754545211792,
      10.132476806640625
    ],
    [
      11.752443313598633,
      13.21563720703125,
      12.6306791305542,
      15.90770435333252,
      12.855851173400879,
      17.607194900512695,
      13.262331008911133,
      20.139854431152344,
      13.474112510681152,
      21.70995330810547,
      13.620266914367676,
      21.812469482421875,
      19.267196655273438,
      22.464859008789062,
      22.00477409362793,
      19.283918380737305,
      16.867902755737305,
      13.999265670776367
    ],
    [
      8.185280799865723,
      8.454817771911621,
      8.839884757995605,
      9.96931266784668,
      12.094232559204102,
      13.023300170898438,
      13.158763885498047,
      14.452726364135742,
      13.618133544921875,
      13.620266914367676,
      21.132482528686523,
      16.945192337036133,
      20.129796981811523,
      18.190576553344727,
      21.56797981262207,
      17.090932846069336,
      15.95663833618164,
      11.167222023010254
    ],
    [
      12.814628601074219,
      14.482223510742188,
      14.222644805908203,
      17.28396987915039,
      14.642227172851562,
      19.705846786499023,
      14.682557106018066,
      21.631139755249023,
      12.698921203613281,
      21.812469482421875,
      16.945192337036133,
      26.56833267211914,
      25.0161075592041,
      28.457544326782227,
      28.515098571777344,
      25.07110595703125,
      21.084468841552734,
      16.87052345275879
    ],
    [
      13.045339584350586,
      13.424246788024902,
      14.827929496765137,
      17.344144821166992,
      16.890718460083008,
      20.69139862060547,
      17.36443328857422,
      21.390657424926758,
      14.162568092346191,
      19.267196655273438,
      20.129796981811523,
      25.0161075592041,
      44.92333221435547,
      38.13439178466797,
      52.24280548095703,
      38.08050537109375,
      36.90044021606445,
      22.704086303710938
    ],
    [
      15.473346710205078,
      15.852921485900879,
      18.624723434448242,
      19.795164108276367,
      17.112083435058594,
      22.404865264892578,
      19.382638931274414,
      24.432331085205078,
      15.823511123657227,
      22.464859008789062,
      18.190576553344727,
      28.457544326782227,
      38.13439178466797,
      58.79642105102539,
      61.76597595214844,
      52.640079498291016,
      44.62187957763672,
      35.14649200439453
    ],
    [
      19.51760482788086,
      18.801877975463867,
      21.342023849487305,
      21.874256134033203,
      21.096805572509766,
      25.723129272460938,
      20.735475540161133,
      24.10662269592285,
      16.34208106994629,
      22.00477409362793,
      21.56797981262207,
      28.515098571777344,
      52.24280548095703,
      61.76597595214844,
      92.27287292480469,
      61.658451080322266,
      63.17605972290039,
      37.8048095703125
    ],
    [
      14.995675086975098,
      14.33327865600586,
      16.665508270263672,
      17.276899337768555,
      15.699224472045898,
      19.93100357055664,
      17.246061325073242,
      21.153095245361328,
      14.107900619506836,
      19.283918380737305,
      17.090932846069336,
      25.07110595703125,
      38.08050537109375,
      52.640079498291016,
      61.658451080322266,
      50.833518981933594,
      45.48432922363281,
      34.555702209472656
    ],
    [
      14.883848190307617,
      13.356447219848633,
      14.803452491760254,
      15.099506378173828,
      13.956235885620117,
      18.3029842376709,
      14.124208450317383,
      17.887582778930664,
      12.2754545211792,
      16.867902755737305,
      15.95663833618164,
      21.084468841552734,
      36.90044021606445,
      44.62187957763672,
      63.17605972290039,
      45.48432922363281,
      51.3046875,
      34.610382080078125
    ],
    [
      11.370981216430664,
      9.351166725158691,
      10.769771575927734,
      10.944323539733887,
      8.88581371307373,
      12.735871315002441,
      10.771604537963867,
      14.754617691040039,
      10.132476806640625,
      13.999265670776367,
      11.167222023010254,
      16.87052345275879,
      22.704086303710938,
      35.14649200439453,
      37.8048095703125,
      34.555702209472656,
      34.610382080078125,
      31.452917098999023
    ]
  ],
  "covariance_short": [
    [
      53.222755432128906,
      22.764564514160156,
      15.297576904296875,
      17.978343963623047,
      12.857131004333496,
      17.27579116821289,
      11.706893920898438,
      16.711828231811523,
      10.32502269744873,
      16.581403732299805,
      11.466804504394531,
      20.010114669799805,
      20.40021514892578,
      21.683977127075195,
      25.588485717773438,
      19.29053497314453,
      18.960220336914062,
      13.5134859085083
    ],
    [
      22.764564514160156,
      56.2874755859375,
      15.39948844909668,
      18.694673538208008,
      14.138736724853516,
      18.07540512084961,
      13.349996566772461,
      17.242341995239258,
      13.245382308959961,
      17.31464385986328,
      11.947208404541016,
      21.541057586669922,
      23.604557037353516,
      36.874385833740234,
      39.76268768310547,
      29.88858985900879,
      25.38411521911621,
      17.078201293945312
    ],
    [
      15.297576904296875,
      15.39948844909668,
      22.575193405151367,
      16.56974983215332,
      13.053865432739258,
      15.55860710144043,
      11.496397018432617,
      16.87171173095703,
      8.60760498046875,
      15.475127220153809,
      10.40778923034668,
      17.831884384155273,
      17.596590042114258,
      20.457128524780273,
      21.934907913208008,
      17.700998306274414,
      15.903951644897461,
      12.46717643737793
    ],
    [
      17.978343963623047,
      18.694673538208008,
      16.56974983215332,
      30.18313217163086,
      16.854074478149414,
      23.29652976989746,
      14.70942211151123,
      25.59870719909668,
      10.597875595092773,
      21.184097290039062,
      11.65255355834961,
      24.3109188079834,
      21.72025489807129,
      23.51904296875,
      24.705541610717773,
      19.851055145263672,
      17.957544326782227,
      13.683547973632812
    ],
    [
      12.857131004333496,
      14.138736724853516,
      13.053865432739258,
      16.854074478149414,
      28.8015193939209,
      23.206880569458008,
      16.472904205322266,
      22.14073371887207,
      12.53847599029541,
      18.78445053100586,
      15.695585250854492,
      22.12195587158203,
      22.747516632080078,
      23.159717559814453,
      26.318647384643555,
      20.593809127807617,
      18.152605056762695,
      13.279397964477539
    ],
    [
      17.27579116821289,
      18.07540512084961,
      15.55860710144043,
      23.29652976989746,
      23.206880569458008,
      37.24197006225586,
      17.710372924804688,
      30.644189834594727,
      12.78182315826416,
      26.001140594482422,
      16.352386474609375,
      29.121713638305664,
      27.630651473999023,
      29.03619384765625,
      31.498802185058594,
      25.05689239501953,
      23.132251739501953,
      16.9102783203125
    ],
    [
      11.706893920898438,
      13.349996566772461,
      11.496397018432617,
      14.70942211151123,
      16.472904205322266,
      17.710372924804688,
      33.642417907714844,
      26.476213455200195,
      17.08628273010254,
      17.536548614501953,
      18.106687545776367,
      21.09799575805664,
      24.16022300720215,
      24.745685577392578,
      25.347978591918945,
      21.827495574951172,
      17.6788387298584,
      14.68387508392334
    ],
    [
      16.711828231811523,
      17.242341995239258,
      16.87171173095703,
      25.59870719909668,
      22.14073371887207,
      30.644189834594727,
      26.476213455200195,
      44.789180755615234,
      18.374895095825195,
      31.798492431640625,
      19.604623794555664,
      33.67664337158203,
      30.3890438079834,
      33.886165618896484,
      32.102561950683594,
      28.899229049682617,
      24.8102970123291,
      21.50263023376465
    ],
    [
      10.32502269744873,
      13.245382308959961,
      8.60760498046875,
      10.597875595092773,
      12.53847599029541,
      12.78182315826416,
      17.08628273010254,
      18.374895095825195,
      28.233152389526367,
      20.226778030395508,
      19.336063385009766,
      19.654027938842773,
      22.318552017211914,
      21.52030372619629,
      21.172700881958008,
      18.700740814208984,
      15.772839546203613,
      13.91270637512207
    ],
    [
      16.581403732299805,
      17.31464385986328,
      15.475127220153809,
      21.184097290039062,
      18.78445053100586,
      26.001140594482422,
      17.536548614501953,
      31.798492431640625,
      20.226778030395508,
      37.26284408569336,
      19.83521270751953,
      34.33539581298828,
      29.659963607788086,
      32.32040023803711,
      29.27153968811035,
      27.181232452392578,
      23.555763244628906,
      21.076873779296875
    ],
    [
      11.466804504394531,
      11.947208404541016,
      10.40778923034668,
      11.65255355834961,
      15.695585250854492,
      16.352386474609375,
      18.106687545776367,
      19.604623794555664,
      19.336063385009766,
      19.83521270751953,
      32.10716247558594,
      26.261455535888672,
      28.810718536376953,
      26.285675048828125,
      29.276958465576172,
      23.681665420532227,
      21.620763778686523,
      16.318622589111328
    ],
    [
      20.010114669799805,
      21.541057586669922,
      17.831884384155273,
      24.3109188079834,
      22.12195587158203,
      29.121713638305664,
      21.09799575805664,
      33.67664337158203,
      19.654027938842773,
      34.33539581298828,
      26.261455535888672,
      45.673377990722656,
      40.255836486816406,
      43.87722396850586,
      40.91203689575195,
      37.72663879394531,
      31.348485946655273,
      27.04021453857422
    ],
    [
      20.40021514892578,
      23.604557037353516,
      17.596590042114258,
      21.72025489807129,
      22.747516632080078,
      27.630651473999023,
      24.16022300720215,
      30.3890438079834,
      22.318552017211914,
      29.659963607788086,
      28.810718536376953,
      40.255836486816406,
      69.81267547607422,
      60.41976547241211,
      74.46688842773438,
      57.117183685302734,
      55.09084701538086,
      37.82707595825195
    ],
    [
      21.683977127075195,
      36.874385833740234,
      20.457128524780273,
      23.51904296875,
      23.159717559814453,
      29.03619384765625,
      24.745685577392578,
      33.886165618896484,
      21.52030372619629,
      32.32040023803711,
      26.285675048828125,
      43.87722396850586,
      60.41976547241211,
      77.56006622314453,
      74.42379760742188,
      68.88862609863281,
      55.711875915527344,
      47.91497802734375
    ],
    [
      25.588485717773438,
      39.76268768310547,
      21.934907913208008,
      24.705541610717773,
      26.318647384643555,
      31.498802185058594,
      25.347978591918945,
      32.102561950683594,
      21.172700881958008,
      29.27153968811035,
      29.276958465576172,
      40.91203689575195,
      74.46688842773438,
      74.42379760742188,
      109.4334945678711,
      74.81940460205078,
      76.7188720703125,
      47.4012451171875
    ],
    [
      19.29053497314453,
      29.88858985900879,
      17.700998306274414,
      19.851055145263672,
      20.593809127807617,
      25.05689239501953,
      21.827495574951172,
      28.899229049682617,
      18.700740814208984,
      27.181232452392578,
      23.681665420532227,
      37.72663879394531,
      57.117183685302734,
      68.88862609863281,
      74.81940460205078,
      67.56498718261719,
      57.04725646972656,
      47.61442565917969
    ],
    [
      18.960220336914062,
      25.38411521911621,
      15.903951644897461,
      17.957544326782227,
      18.152605056762695,
      23.132251739501953,
      17.6788387298584,
      24.8102970123291,
      15.772839546203613,
      23.555763244628906,
      21.620763778686523,
      31.348485946655273,
      55.09084701538086,
      55.711875915527344,
      76.7188720703125,
      57.04725646972656,
      65.1152114868164,
      44.91862869262695
    ],
    [
      13.5134859085083,
      17.078201293945312,
      12.46717643737793,
      13.683547973632812,
      13.279397964477539,
      16.9102783203125,
      14.68387508392334,
      21.50263023376465,
      13.91270637512207,
      21.076873779296875,
      16.318622589111328,
      27.04021453857422,
      37.82707595825195,
      47.91497802734375,
      47.4012451171875,
      47.61442565917969,
      44.91862869262695,
      43.247920989990234
    ]
  ],
  "damage": -19.581283569335938,
  "diff_bandwidth": 590.05810546875,
  "dissonance": 8.937167410171057,
  "drr": 13.017332077026367,
  "dynamics": 2.60259747505188,
  "format": 1245190,
  "frames": 13413456,
  "freq_pan_to_db": [
    [
      -38.13080596923828,
      -36.620609283447266,
      -33.78666687011719,
      -30.826473236083984,
      -28.189712524414062,
      -29.611169815063477,
      -31.91368293762207,
      -33.318572998046875,
      -34.37886047363281,
      -36.424129486083984,
      -37.828739166259766
    ],
    [
      -30.87232780456543,
      -29.199155807495117,
      -27.231794357299805,
      -25.532136917114258,
      -21.771381378173828,
      -21.570425033569336,
      -25.180755615234375,
      -26.715791702270508,
      -28.25542449951172,
      -29.69821548461914,
      -30.919416427612305
    ],
    [
      -28.91170883178711,
      -27.613183975219727,
      -25.887676239013672,
      -23.79926300048828,
      -22.432899475097656,
      -22.787321090698242,
      -24.346494674682617,
      -25.377370834350586,
      -26.226604461669922,
      -27.80270767211914,
      -28.740488052368164
    ],
    [
      -30.319904327392578,
      -29.355260848999023,
      -28.221458435058594,
      -27.191484451293945,
      -25.801143646240234,
      -25.716760635375977,
      -25.69745445251465,
      -26.836294174194336,
      -28.236818313598633,
      -29.542695999145508,
      -30.46221923828125
    ],
    [
      -31.320838928222656,
      -31.194786071777344,
      -30.037811279296875,
      -29.372617721557617,
      -28.801589965820312,
      -28.53466796875,
      -27.139162063598633,
      -28.0801944732666,
      -29.151626586914062,
      -30.43385124206543,
      -30.84390640258789
    ],
    [
      -31.772319793701172,
      -30.949748992919922,
      -29.340808868408203,
      -28.087369918823242,
      -26.987407684326172,
      -27.39226722717285,
      -28.524402618408203,
      -30.04264259338379,
      -31.326353073120117,
      -32.40458297729492,
      -33.12858200073242
    ],
    [
      -32.76875686645508,
      -31.808191299438477,
      -30.616174697875977,
      -29.0994930267334,
      -27.54413414001465,
      -28.047853469848633,
      -28.47675895690918,
      -30.103761672973633,
      -31.914894104003906,
      -32.92957305908203,
      -33.9018440246582
    ],
    [
      -31.83587646484375,
      -32.09003829956055,
      -31.49340057373047,
      -30.16655731201172,
      -28.87244987487793,
      -27.81296730041504,
      -26.021129608154297,
      -28.33087158203125,
      -30.22981071472168,
      -30.531665802001953,
      -30.999713897705078
    ],
    [
      -32.44983673095703,
      -31.731706619262695,
      -31.288793563842773,
      -29.58026695251465,
      -28.198619842529297,
      -27.643688201904297,
      -26.35140037536621,
      -28.351882934570312,
      -30.6824951171875,
      -31.5794677734375,
      -31.90357208251953
    ],
    [
      -31.967470169067383,
      -32.909664154052734,
      -30.878860473632812,
      -28.300209045410156,
      -27.164352416992188,
      -28.484819412231445,
      -29.666156768798828,
      -30.922672271728516,
      -31.971576690673828,
      -33.972129821777344,
      -35.51108169555664
    ],
    [
      -34.109413146972656,
      -34.82691192626953,
      -34.38733673095703,
      -32.73474884033203,
      -30.45521354675293,
      -28.821186065673828,
      -30.657485961914062,
      -32.194644927978516,
      -34.05724334716797,
      -34.30002212524414,
      -34.89445495605469
    ],
    [
      -36.46357727050781,
      -36.113460540771484,
      -35.427669525146484,
      -35.13051223754883,
      -33.12789535522461,
      -31.6464900970459,
      -31.423734664916992,
      -33.007205963134766,
      -35.22966003417969,
      -35.91561508178711,
      -37.418609619140625
    ],
    [
      -34.700801849365234,
      -37.01549530029297,
      -37.85987091064453,
      -35.567909240722656,
      -32.290225982666016,
      -30.858657836914062,
      -32.39555740356445,
      -34.00819778442383,
      -35.38356399536133,
      -35.9462890625,
      -35.431610107421875
    ],
    [
      -33.33244323730469,
      -36.473594665527344,
      -34.957000732421875,
      -33.683650970458984,
      -30.231794357299805,
      -29.982097625732422,
      -32.503517150878906,
      -35.386375427246094,
      -35.48963165283203,
      -35.899009704589844,
      -36.77042007446289
    ],
    [
      -32.6015510559082,
      -34.19807434082031,
      -35.248287200927734,
      -33.524192810058594,
      -31.544921875,
      -33.008338928222656,
      -34.88154983520508,
      -36.36547088623047,
      -34.833431243896484,
      -37.049537658691406,
      -37.71543502807617
    ],
    [
      -33.02157974243164,
      -34.42708206176758,
      -35.23213577270508,
      -33.1145133972168,
      -34.279991149902344,
      -34.133140563964844,
      -35.66860580444336,
      -35.71335220336914,
      -35.11707305908203,
      -35.16900634765625,
      -37.48477554321289
    ],
    [
      -33.437625885009766,
      -34.61030197143555,
      -36.540401458740234,
      -35.01507568359375,
      -35.4337043762207,
      -35.380245208740234,
      -36.935935974121094,
      -35.04545974731445,
      -35.14126968383789,
      -35.259376525878906,
      -37.13591384887695
    ],
    [
      -31.48065185546875,
      -33.418216705322266,
      -35.01058578491211,
      -35.62591552734375,
      -32.851829528808594,
      -34.16826248168945,
      -35.47037887573242,
      -33.789127349853516,
      -33.85954284667969,
      -34.249717712402344,
      -35.474483489990234
    ],
    [
      -34.135467529296875,
      -33.100341796875,
      -34.45584487915039,
      -34.589622497558594,
      -32.31480407714844,
      -33.72135543823242,
      -35.790470123291016,
      -33.99674987792969,
      -34.008968353271484,
      -35.364986419677734,
      -37.21220779418945
    ],
    [
      -36.81466293334961,
      -35.85374069213867,
      -36.48358917236328,
      -36.65901184082031,
      -34.2724723815918,
      -35.50337219238281,
      -37.37245559692383,
      -36.656822204589844,
      -36.56004333496094,
      -36.791805267333984,
      -34.828651428222656
    ],
    [
      -38.56307601928711,
      -33.64551544189453,
      -36.60733413696289,
      -36.869930267333984,
      -35.83959197998047,
      -36.11765670776367,
      -38.2544059753418,
      -36.91664123535156,
      -37.99000930786133,
      -39.32047653198242,
      -39.35513687133789
    ],
    [
      -38.41801071166992,
      -37.18857955932617,
      -35.479400634765625,
      -37.44668197631836,
      -36.13597106933594,
      -35.92780685424805,
      -39.195030212402344,
      -36.14726638793945,
      -38.516090393066406,
      -39.506832122802734,
      -41.010162353515625
    ],
    [
      -38.98722457885742,
      -37.27255630493164,
      -38.752708435058594,
      -39.1400260925293,
      -37.599639892578125,
      -36.653934478759766,
      -38.56462860107422,
      -39.07331466674805,
      -39.28314971923828,
      -38.61484146118164,
      -38.673912048339844
    ],
    [
      -43.101993560791016,
      -38.48512649536133,
      -38.62982177734375,
      -39.13936233520508,
      -38.40422058105469,
      -36.758663177490234,
      -38.80693817138672,
      -39.41542053222656,
      -39.43504333496094,
      -39.41101837158203,
      -40.030120849609375
    ],
    [
      -44.49553680419922,
      -41.015682220458984,
      -41.24151611328125,
      -40.67015075683594,
      -40.71432113647461,
      -39.72917556762695,
      -41.23633575439453,
      -41.09788513183594,
      -41.59126663208008,
      -42.35508728027344,
      -45.24750518798828
    ],
    [
      -41.86070251464844,
      -42.049476623535156,
      -42.466670989990234,
      -41.597354888916016,
      -41.305206298828125,
      -41.66593933105469,
      -42.3890495300293,
      -42.48746109008789,
      -42.448822021484375,
      -43.04973602294922,
      -42.888370513916016
    ],
    [
      -50.637062072753906,
      -43.46288299560547,
      -43.520137786865234,
      -43.960655212402344,
      -43.24335861206055,
      -42.787967681884766,
      -45.40591812133789,
      -44.99730682373047,
      -43.982948303222656,
      -44.901268005371094,
      -43.22351837158203
    ],
    [
      -47.05592727661133,
      -43.85271453857422,
      -44.17137145996094,
      -44.58097839355469,
      -45.28355407714844,
      -45.64182662963867,
      -47.690040588378906,
      -46.35525894165039,
      -46.0014533996582,
      -46.09196853637695,
      -45.72781753540039
    ],
    [
      -48.88959503173828,
      -46.03646469116211,
      -46.4044303894043,
      -47.020668029785156,
      -47.689208984375,
      -47.44013977050781,
      -49.2164192199707,
      -48.632572174072266,
      -47.41949462890625,
      -47.545711517333984,
      -44.84379577636719
    ],
    [
      -51.8209342956543,
      -49.09907531738281,
      -48.31296920776367,
      -48.65430450439453,
      -49.527095794677734,
      -47.417415618896484,
      -48.28229522705078,
      -48.87040710449219,
      -48.7924919128418,
      -48.57249450683594,
      -370
    ],
    [
      -62.92451095581055,
      -49.949363708496094,
      -48.97893142700195,
      -49.37995147705078,
      -49.91938400268555,
      -46.985809326171875,
      -47.451141357421875,
      -47.87321090698242,
      -51.022216796875,
      -51.375362396240234,
      -53.38205337524414
    ],
    [
      -58.08709716796875,
      -49.963016510009766,
      -50.46092224121094,
      -50.50419235229492,
      -50.500858306884766,
      -46.81334686279297,
      -49.547645568847656,
      -51.75438690185547,
      -52.49432373046875,
      -49.72355651855469,
      -53.03913879394531
    ],
    [
      -47.69131088256836,
      -52.02174758911133,
      -50.8338623046875,
      -50.92950439453125,
      -50.676631927490234,
      -46.94734191894531,
      -50.983097076416016,
      -53.723907470703125,
      -54.84426498413086,
      -51.971519470214844,
      -370
    ],
    [
      -54.04082489013672,
      -56.610992431640625,
      -53.66916275024414,
      -52.486114501953125,
      -51.5606575012207,
      -46.55907440185547,
      -50.97178268432617,
      -55.31095886230469,
      -59.246055603027344,
      -56.696895599365234,
      -77.70057678222656
    ],
    [
      -71.98246002197266,
      -59.08683776855469,
      -56.15685272216797,
      -53.987369537353516,
      -52.866703033447266,
      -47.07278060913086,
      -51.055091857910156,
      -48.58214569091797,
      -50.28921127319336,
      -52.53629684448242,
      -52.17176818847656
    ],
    [
      -55.00263214111328,
      -59.99981689453125,
      -58.555137634277344,
      -56.80790328979492,
      -55.804664611816406,
      -49.4796142578125,
      -52.710609436035156,
      -47.92706298828125,
      -48.88717269897461,
      -51.64540100097656,
      -47.75434494018555
    ],
    [
      -88.434326171875,
      -59.46678924560547,
      -58.351749420166016,
      -58.03519058227539,
      -56.98564910888672,
      -51.023277282714844,
      -54.964576721191406,
      -52.589725494384766,
      -53.902469635009766,
      -52.19576644897461,
      -52.50901412963867
    ],
    [
      -370,
      -62.43166732788086,
      -61.369773864746094,
      -59.54123306274414,
      -57.57477569580078,
      -53.29827880859375,
      -57.411033630371094,
      -56.68073654174805,
      -55.038909912109375,
      -52.27445602416992,
      -47.46142578125
    ],
    [
      -55.82499694824219,
      -63.744014739990234,
      -61.87836456298828,
      -60.130924224853516,
      -59.18318176269531,
      -55.779197692871094,
      -58.656890869140625,
      -57.694313049316406,
      -56.04756164550781,
      -53.15974807739258,
      -50.813560485839844
    ],
    [
      -65.66014099121094,
      -60.73939514160156,
      -61.13217544555664,
      -62.63127136230469,
      -62.03242492675781,
      -57.541954040527344,
      -58.22294235229492,
      -53.71626281738281,
      -55.10805892944336,
      -53.64357376098633,
      -56.1436653137207
    ],
    [
      -62.818267822265625,
      -60.61930465698242,
      -62.15069580078125,
      -61.95076370239258,
      -61.94993591308594,
      -60.32840347290039,
      -61.43397903442383,
      -59.2613525390625,
      -59.20623016357422,
      -57.76509094238281,
      -58.15191650390625
    ],
    [
      -64.07012939453125,
      -62.60771942138672,
      -61.69120788574219,
      -62.151390075683594,
      -62.90961837768555,
      -63.210670471191406,
      -64.28056335449219,
      -63.11544418334961,
      -59.438907623291016,
      -56.74644470214844,
      -58.67123794555664
    ]
  ],
  "histogram": [
    {
      "db": -70,
      "frequency": 3
    },
    {
      "db": -69,
      "frequency": 5
    },
    {
      "db": -68,
      "frequency": 0
    },
    {
      "db": -67,
      "frequency": 5
    },
    {
      "db": -66,
      "frequency": 5
    },
    {
      "db": -65,
      "frequency": 1
    },
    {
      "db": -64,
      "frequency": 4
    },
    {
      "db": -63,
      "frequency": 5
    },
    {
      "db": -62,
      "frequency": 5
    },
    {
      "db": -61,
      "frequency": 5
    },
    {
      "db": -60,
      "frequency": 3
    },
    {
      "db": -59,
      "frequency": 2
    },
    {
      "db": -58,
      "frequency": 5
    },
    {
      "db": -57,
      "frequency": 5
    },
    {
      "db": -56,
      "frequency": 5
    },
    {
      "db": -55,
      "frequency": 5
    },
    {
      "db": -54,
      "frequency": 5
    },
    {
      "db": -53,
      "frequency": 5
    },
    {
      "db": -52,
      "frequency": 5
    },
    {
      "db": -51,
      "frequency": 8
    },
    {
      "db": -50,
      "frequency": 12
    },
    {
      "db": -49,
      "frequency": 3
    },
    {
      "db": -48,
      "frequency": 2
    },
    {
      "db": -47,
      "frequency": 3
    },
    {
      "db": -46,
      "frequency": 1
    },
    {
      "db": -45,
      "frequency": 1
    },
    {
      "db": -44,
      "frequency": 5
    },
    {
      "db": -43,
      "frequency": 19
    },
    {
      "db": -42,
      "frequency": 13
    },
    {
      "db": -41,
      "frequency": 13
    },
    {
      "db": -40,
      "frequency": 7
    },
    {
      "db": -39,
      "frequency": 6
    },
    {
      "db": -38,
      "frequency": 5
    },
    {
      "db": -37,
      "frequency": 8
    },
    {
      "db": -36,
      "frequency": 6
    },
    {
      "db": -35,
      "frequency": 1
    },
    {
      "db": -34,
      "frequency": 7
    },
    {
      "db": -33,
      "frequency": 14
    },
    {
      "db": -32,
      "frequency": 14
    },
    {
      "db": -31,
      "frequency": 14
    },
    {
      "db": -30,
      "frequency": 22
    },
    {
      "db": -29,
      "frequency": 81
    },
    {
      "db": -28,
      "frequency": 68
    },
    {
      "db": -27,
      "frequency": 130
    },
    {
      "db": -26,
      "frequency": 413
    },
    {
      "db": -25,
      "frequency": 729
    },
    {
      "db": -24,
      "frequency": 452
    },
    {
      "db": -23,
      "frequency": 322
    },
    {
      "db": -22,
      "frequency": 227
    },
    {
      "db": -21,
      "frequency": 215
    },
    {
      "db": -20,
      "frequency": 48
    },
    {
      "db": -19,
      "frequency": 15
    },
    {
      "db": -18,
      "frequency": 0
    },
    {
      "db": -17,
      "frequency": 0
    },
    {
      "db": -16,
      "frequency": 0
    },
    {
      "db": -15,
      "frequency": 0
    },
    {
      "db": -14,
      "frequency": 0
    },
    {
      "db": -13,
      "frequency": 0
    },
    {
      "db": -12,
      "frequency": 0
    },
    {
      "db": -11,
      "frequency": 0
    },
    {
      "db": -10,
      "frequency": 0
    },
    {
      "db": -9,
      "frequency": 0
    },
    {
      "db": -8,
      "frequency": 0
    },
    {
      "db": -7,
      "frequency": 0
    },
    {
      "db": -6,
      "frequency": 0
    },
    {
      "db": -5,
      "frequency": 0
    },
    {
      "db": -4,
      "frequency": 0
    },
    {
      "db": -3,
      "frequency": 0
    },
    {
      "db": -2,
      "frequency": 0
    },
    {
      "db": -1,
      "frequency": 0
    },
    {
      "db": 0,
      "frequency": 0
    },
    {
      "db": 1,
      "frequency": 0
    },
    {
      "db": 2,
      "frequency": 0
    },
    {
      "db": 3,
      "frequency": 0
    },
    {
      "db": 4,
