{
  "acoustic_entropy": 189.4078369140625,
  "bands": [
    {
      "high_freq": 148.1999969482422,
      "loudness": -34.43915939331055,
      "loudness_range": 9.83364486694336,
      "mid_mean": -31.092073440551758,
      "mid_to_side_loudness": -15.153776168823242,
      "mid_to_side_loudness_range": 11.403717041015625,
      "side_mean": -46.29584884643555
    },
    {
      "high_freq": 392.3793640136719,
      "loudness": -34.19784927368164,
      "loudness_range": 8.21809196472168,
      "low_freq": 148.1999969482422,
      "mid_mean": -31.053606033325195,
      "mid_to_side_loudness": -10.209477424621582,
      "mid_to_side_loudness_range": 7.234223365783691,
      "side_mean": -41.104469299316406
    },
    {
      "high_freq": 794.6976318359375,
      "loudness": -35.28538131713867,
      "loudness_range": 10.603572845458984,
      "low_freq": 392.3793640136719,
      "mid_mean": -32.139129638671875,
      "mid_to_side_loudness": -9.520003318786621,
      "mid_to_side_loudness_range": 7.185145378112793,
      "side_mean": -41.71680450439453
    },
    {
      "high_freq": 1457.5709228515625,
      "loudness": -38.589332580566406,
      "loudness_range": 12.366264343261719,
      "low_freq": 794.6976318359375,
      "mid_mean": -35.55716323852539,
      "mid_to_side_loudness": -9.298184394836426,
      "mid_to_side_loudness_range": 8.417482376098633,
      "side_mean": -44.680938720703125
    },
    {
      "high_freq": 2549.74365234375,
      "loudness": -36.60007095336914,
      "loudness_range": 9.96341323852539,
      "low_freq": 1457.5709228515625,
      "mid_mean": -33.56626510620117,
      "mid_to_side_loudness": -9.348799705505371,
      "mid_to_side_loudness_range": 9.592594146728516,
      "side_mean": -42.70774459838867
    },
    {
      "high_freq": 4349.24462890625,
      "loudness": -39.47728729248047,
      "loudness_range": 10.569812774658203,
      "low_freq": 2549.74365234375,
      "mid_mean": -36.493858337402344,
      "mid_to_side_loudness": -8.545190811157227,
      "mid_to_side_loudness_range": 8.742198944091797,
      "side_mean": -45.068538665771484
    },
    {
      "high_freq": 7314.1640625,
      "loudness": -48.36275100708008,
      "loudness_range": 17.64297866821289,
      "low_freq": 4349.24462890625,
      "mid_mean": -45.94284439086914,
      "mid_to_side_loudness": -6.136966705322266,
      "mid_to_side_loudness_range": 8.789823532104492,
      "side_mean": -53.02347946166992
    },
    {
      "high_freq": 12199.2666015625,
      "loudness": -51.910743713378906,
      "loudness_range": 21.379932403564453,
      "low_freq": 7314.1640625,
      "mid_mean": -51.77067184448242,
      "mid_to_side_loudness": -5.43871545791626,
      "mid_to_side_loudness_range": 11.047975540161133,
      "side_mean": -56.606727600097656
    },
    {
      "loudness": -58.89095687866211,
      "loudness_range": 18.725780487060547,
      "low_freq": 12199.2666015625,
      "mid_mean": -57.869415283203125,
      "mid_to_side_loudness": -3.8822684288024902,
      "mid_to_side_loudness_range": 9.30534839630127,
      "side_mean": -61.08711624145508
    }
  ],
  "bands_short": [
    {
      "high_freq": 148.1999969482422,
      "loudness": -39.15056610107422,
      "loudness_range": 20.82235336303711,
      "mid_mean": -35.90498733520508,
      "mid_to_side_loudness": -15.271339416503906,
      "mid_to_side_loudness_range": 19.900436401367188,
      "side_mean": -52.49349594116211
    },
    {
      "high_freq": 392.3793640136719,
      "loudness": -33.88133239746094,
      "loudness_range": 10.928657531738281,
      "low_freq": 148.1999969482422,
      "mid_mean": -30.727975845336914,
      "mid_to_side_loudness": -10.93901252746582,
      "mid_to_side_loudness_range": 11.655266761779785,
      "side_mean": -41.31247329711914
    },
    {
      "high_freq": 794.6976318359375,
      "loudness": -36.10242462158203,
      "loudness_range": 13.136566162109375,
      "low_freq": 392.3793640136719,
      "mid_mean": -33.0588493347168,
      "mid_to_side_loudness": -9.858304977416992,
      "mid_to_side_loudness_range": 11.45870304107666,
      "side_mean": -42.680747985839844
    },
    {
      "high_freq": 1457.5709228515625,
      "loudness": -38.74234390258789,
      "loudness_range": 14.815048217773438,
      "low_freq": 794.6976318359375,
      "mid_mean": -35.783714294433594,
      "mid_to_side_loudness": -9.948907852172852,
      "mid_to_side_loudness_range": 12.487506866455078,
      "side_mean": -45.42261505126953
    },
    {
      "high_freq": 2549.74365234375,
      "loudness": -37.29545211791992,
      "loudness_range": 13.34956169128418,
      "low_freq": 1457.5709228515625,
      "mid_mean": -34.296165466308594,
      "mid_to_side_loudness": -10.082075119018555,
      "mid_to_side_loudness_range": 12.424907684326172,
      "side_mean": -43.95748519897461
    },
    {
      "high_freq": 4349.24462890625,
      "loudness": -40.110172271728516,
      "loudness_range": 14.310806274414062,
      "low_freq": 2549.74365234375,
      "mid_mean": -37.19124221801758,
      "mid_to_side_loudness": -9.136590957641602,
      "mid_to_side_loudness_range": 11.594175338745117,
      "side_mean": -46.44929122924805
    },
    {
      "high_freq": 7314.1640625,
      "loudness": -49.98833465576172,
      "loudness_range": 22.382808685302734,
      "low_freq": 4349.24462890625,
      "mid_mean": -47.965118408203125,
      "mid_to_side_loudness": -6.564790725708008,
      "mid_to_side_loudness_range": 11.113197326660156,
      "side_mean": -54.87266540527344
    },
    {
      "high_freq": 12199.2666015625,
      "loudness": -52.90922546386719,
      "loudness_range": 24.427974700927734,
      "low_freq": 7314.1640625,
      "mid_mean": -53.783267974853516,
      "mid_to_side_loudness": -5.5886311531066895,
      "mid_to_side_loudness_range": 12.522089958190918,
      "side_mean": -58.504024505615234
    },
    {
      "loudness": -60.614139556884766,
      "loudness_range": 23.823455810546875,
      "low_freq": 12199.2666015625,
      "mid_mean": -60.3034782409668,
      "mid_to_side_loudness": -4.436066627502441,
      "mid_to_side_loudness_range": 11.75357437133789,
      "side_mean": -63.40902328491211
    }
  ],
  "bandwidth": 577.0045166015625,
  "channels": 2,
  "covariance": [
    [
      22.689939498901367,
      15.03396224975586,
      11.447749137878418,
      12.45533275604248,
      9.350920677185059,
      12.945446014404297,
      9.128763198852539,
      11.459900856018066,
      7.968184471130371,
      11.582015037536621,
      7.97665548324585,
      12.647496223449707,
      12.661399841308594,
      15.423739433288574,
      19.429229736328125,
      14.965211868286133,
      14.839598655700684,
      11.381985664367676
    ],
    [
      15.03396224975586,
      23.920387268066406,
      11.167449951171875,
      14.195910453796387,
      10.005684852600098,
      14.882452011108398,
      9.154809951782227,
      12.85351276397705,
      7.739847183227539,
      12.99112606048584,
      8.196340560913086,
      14.257403373718262,
      13.015488624572754,
      15.652624130249023,
      18.568361282348633,
      14.192774772644043,
      13.225198745727539,
      9.288508415222168
    ],
    [
      11.447749137878418,
      11.167449951171875,
      16.68686866760254,
      13.743586540222168,
      9.919147491455078,
      13.021425247192383,
      10.57162094116211,
      13.663723945617676,
      6.923093318939209,
      12.574384689331055,
      8.80810260772705,
      14.179708480834961,
      14.781136512756348,
      18.575109481811523,
      21.293964385986328,
      16.64096450805664,
      14.769274711608887,
      10.76199722290039
    ],
    [
      12.45533275604248,
      14.195910453796387,
      13.743586540222168,
      20.37115478515625,
      12.36792278289795,
      16.501697540283203,
      13.166821479797363,
      18.579721450805664,
      9.42939567565918,
      15.766692161560059,
      9.825848579406738,
      17.149227142333984,
      17.177576065063477,
      19.648269653320312,
      21.709897994995117,
      17.17037010192871,
      14.98910140991211,
      10.885607719421387
    ],
    [
      9.350920677185059,
      10.005684852600098,
      9.919147491455078,
      12.36792278289795,
      18.799409866333008,
      16.275484085083008,
      13.740799903869629,
      15.672462463378906,
      9.631587982177734,
      12.704283714294434,
      11.932912826538086,
      14.494524002075195,
      16.616483688354492,
      17.093358993530273,
      21.063640594482422,
      15.695525169372559,
      13.937477111816406,
      8.91014289855957
    ],
    [
      12.945446014404297,
      14.882452011108398,
      13.021425247192383,
      16.501697540283203,
      16.275484085083008,
      23.149728775024414,
      14.50212574005127,
      19.451168060302734,
      10.54610824584961,
      17.4642391204834,
      12.857126235961914,
      19.565584182739258,
      20.360252380371094,
      22.276134490966797,
      25.561967849731445,
      19.83841896057129,
      18.209850311279297,
      12.719420433044434
    ],
    [
      9.128763198852539,
      9.154809951782227,
      10.57162094116211,
      13.166821479797363,
      13.740799903869629,
      14.50212574005127,
      24.489093780517578,
      20.203685760498047,
      12.914290428161621,
      13.118966102600098,
      12.995777130126953,
      14.557393074035645,
      17.070117950439453,
      19.258214950561523,
      20.58991813659668,
      17.164281845092773,
      14.039737701416016,
      10.743874549865723
    ],
    [
      11.459900856018066,
      12.85351276397705,
      13.663723945617676,
      18.579721450805664,
      15.672462463378906,
      19.451168060302734,
      20.203685760498047,
      27.402301788330078,
      13.80053997039795,
      20.009660720825195,
      14.309191703796387,
      21.532140731811523,
      21.26266098022461,
      24.34987449645996,
      24.016651153564453,
      21.11427879333496,
      17.841920852661133,
      14.7566556930542
    ],
    [
      7.968184471130371,
      7.739847183227539,
      6.923093318939209,
      9.42939567565918,
      9.631587982177734,
      10.54610824584961,
      12.914290428161621,
      13.80053997039795,
      19.3881893157959,
      13.343335151672363,
      13.480707168579102,
      12.585843086242676,
      13.918089866638184,
      15.715563774108887,
      16.222030639648438,
      14.033207893371582,
      12.202166557312012,
      10.1088228225708
    ],
    [
      11.582015037536621,
      12.99112606048584,
      12.574384689331055,
      15.766692161560059,
      12.704283714294434,
      17.4642391204834,
      13.118966102600098,
      20.009660720825195,
      13.343335151672363,
      21.574111938476562,
      13.503504753112793,
      21.709442138671875,
      19.156770706176758,
      22.391246795654297,
      21.924827575683594,
      19.24193000793457,
      16.825613021850586,
      14.004935264587402
    ],
    [
      7.97665548324585,
      8.196340560913086,
      8.80810260772705,
      9.825848579406738,
      11.932912826538086,
      12.857126235961914,
      12.995777130126953,
      14.309191703796387,
      13.480707168579102,
      13.503504753112793,
      20.991241455078125,
      16.838272094726562,
      19.85533332824707,
      18.097923278808594,
      21.455881118774414,
      17.039396286010742,
      15.90076732635498,
      11.167914390563965
    ],
    [
      12.647496223449707,
      14.257403373718262,
      14.179708480834961,
      17.149227142333984,
      14.494524002075195,
      19.565584182739258,
      14.557393074035645,
      21.532140731811523,
      12.585843086242676,
      21.709442138671875,
      16.838272094726562,
      26.482372283935547,
      24.934783935546875,
      28.4362850189209,
      28.475109100341797,
      25.081850051879883,
      21.08510971069336,
      16.921642303466797
    ],
    [
      12.661399841308594,
      13.015488624572754,
      14.781136512756348,
      17.177576065063477,
      16.616483688354492,
      20.360252380371094,
      17.070117950439453,
      21.26266098022461,
      13.918089866638184,
      19.156770706176758,
      19.85533332824707,
      24.934783935546875,
      44.67457962036133,
      37.9891471862793,
      52.053245544433594,
      38.03263473510742,
      36.82449722290039,
      22.755109786987305
    ],
    [
      15.423739433288574,
      15.652624130249023,
      18.575109481811523,
      19.648269653320312,
      17.093358993530273,
      22.276134490966797,
      19.258214950561523,
      24.34987449645996,
      15.715563774108887,
      22.391246795654297,
      18.097923278808594,
      28.4362850189209,
      37.9891471862793,
      58.98488235473633,
      61.96524429321289,
      52.86165237426758,
      44.81145095825195,
      35.384056091308594
    ],
    [
      19.429229736328125,
      18.568361282348633,
      21.293964385986328,
      21.709897994995117,
      21.063640594482422,
      25.561967849731445,
      20.58991813659668,
      24.016651153564453,
      16.222030639648438,
      21.924827575683594,
      21.455881118774414,
      28.475109100341797,
      52.053245544433594,
      61.96524429321289,
      92.4168701171875,
      61.94868087768555,
      63.37008285522461,
      38.1209831237793
    ],
    [
      14.965211868286133,
      14.192774772644043,
      16.64096450805664,
      17.17037010192871,
      15.695525169372559,
      19.83841896057129,
      17.164281845092773,
      21.11427879333496,
      14.033207893371582,
      19.24193000793457,
      17.039396286010742,
      25.081850051879883,
      38.03263473510742,
      52.86165237426758,
      61.94868087768555,
      51.10540771484375,
      45.7386360168457,
      34.81904602050781
    ],
    [
      14.839598655700684,
      13.225198745727539,
      14.769274711608887,
      14.98910140991211,
      13.937477111816406,
      18.209850311279297,
      14.039737701416016,
      17.841920852661133,
      12.202166557312012,
      16.825613021850586,
      15.90076732635498,
      21.08510971069336,
      36.82449722290039,
      44.81145095825195,
      63.37008285522461,
      45.7386360168457,
      51.51959228515625,
      34.898258209228516
    ],
    [
      11.381985664367676,
      9.288508415222168,
      10.76199722290039,
      10.885607719421387,
      8.91014289855957,
      12.719420433044434,
      10.743874549865723,
      14.7566556930542,
      10.1088228225708,
      14.004935264587402,
      11.167914390563965,
      16.921642303466797,
      22.755109786987305,
      35.384056091308594,
      38.1209831237793,
      34.81904602050781,
      34.898258209228516,
      31.714319229125977
    ]
  ],
  "covariance_short": [
    [
      52.877620697021484,
      22.552248001098633,
      14.997466087341309,
      17.679574966430664,
      12.576655387878418,
      17.000911712646484,
      11.439549446105957,
      16.475833892822266,
      10.047576904296875,
      16.37650489807129,
      11.20258903503418,
      19.8420467376709,
      20.203067779541016,
      21.599794387817383,
      25.46039390563965,
      19.309879302978516,
      18.903806686401367,
      13.550933837890625
    ],
    [
      22.552248001098633,
      56.30921173095703,
      15.237911224365234,
      18.545948028564453,
      13.968937873840332,
      17.91063117980957,
      13.205643653869629,
      17.00901222229004,
      13.137296676635742,
      17.17803382873535,
      11.792438507080078,
      21.30451202392578,
      23.256839752197266,
      36.91649627685547,
      39.77204513549805,
      29.9661808013916,
      25.403356552124023,
      17.146316528320312
    ],
    [
      14.997466087341309,
      15.237911224365234,
      22.29282569885254,
      16.32088279724121,
      12.805889129638672,
      15.302794456481934,
      11.284507751464844,
      16.630409240722656,
      8.398429870605469,
      15.253023147583008,
      10.189990997314453,
      17.612272262573242,
      17.33053207397461,
      20.31566619873047,
      21.77536392211914,
      17.637710571289062,
      15.805506706237793,
      12.428691864013672
    ],
    [
      17.679574966430664,
      18.545948028564453,
      16.32088279724121,
      29.959218978881836,
      16.639230728149414,
      23.0728759765625,
      14.50496768951416,
      25.369108200073242,
      10.413470268249512,
      21.032760620117188,
      11.458322525024414,
      24.123485565185547,
      21.48351287841797,
      23.377349853515625,
      24.568668365478516,
      19.79052734375,
      17.87491226196289,
      13.65241527557373
    ],
    [
      12.576655387878418,
      13.968937873840332,
      12.805889129638672,
      16.639230728149414,
      28.542797088623047,
      22.92996597290039,
      16.256284713745117,
      21.906211853027344,
      12.36303424835205,
      18.623754501342773,
      15.486098289489746,
      21.893632888793945,
      22.504405975341797,
      22.993589401245117,
      26.144264221191406,
      20.493309020996094,
      18.04330825805664,
      13.227326393127441
    ],
    [
      17.000911712646484,
      17.91063117980957,
      15.302794456481934,
      23.0728759765625,
      22.92996597290039,
      36.949058532714844,
      17.490859985351562,
      30.372217178344727,
      12.583025932312012,
      25.839950561523438,
      16.139297485351562,
      28.84394073486328,
      27.375619888305664,
      28.877397537231445,
      31.30968475341797,
      24.96866226196289,
      23.02656364440918,
      16.892032623291016
    ],
    [
      11.439549446105957,
      13.205643653869629,
      11.284507751464844,
      14.50496768951416,
      16.256284713745117,
      17.490859985351562,
      33.42416000366211,
      26.210403442382812,
      16.894773483276367,
      17.394760131835938,
      17.936277389526367,
      20.915714263916016,
      23.96534538269043,
      24.634281158447266,
      25.2391357421875,
      21.770532608032227,
      17.617366790771484,
      14.668391227722168
    ],
    [
      16.475833892822266,
      17.00901222229004,
      16.630409240722656,
      25.369108200073242,
      21.906211853027344,
      30.372217178344727,
      26.210403442382812,
      44.4359016418457,
      18.161540985107422,
      31.609050750732422,
      19.40069580078125,
      33.41121292114258,
      30.108583450317383,
      33.741153717041016,
      31.959402084350586,
      28.83629035949707,
      24.751895904541016,
      21.51044273376465
    ],
    [
      10.047576904296875,
      13.137296676635742,
      8.398429870605469,
      10.413470268249512,
      12.36303424835205,
      12.583025932312012,
      16.894773483276367,
      18.161540985107422,
      28.091798782348633,
      20.10175895690918,
      19.161487579345703,
      19.470552444458008,
      22.100984573364258,
      21.419414520263672,
      21.077438354492188,
      18.64078712463379,
      15.705848693847656,
      13.88961124420166
    ],
    [
      16.37650489807129,
      17.17803382873535,
      15.253023147583008,
      21.032760620117188,
      18.623754501342773,
      25.839950561523438,
      17.394760131835938,
      31.609050750732422,
      20.10175895690918,
      37.127925872802734,
      19.692363739013672,
      34.20604705810547,
      29.537254333496094,
      32.289310455322266,
      29.251108169555664,
      27.19512176513672,
      23.55866241455078,
      21.129121780395508
    ],
    [
      11.20258903503418,
      11.792438507080078,
      10.189990997314453,
      11.458322525024414,
      15.486098289489746,
      16.139297485351562,
      17.936277389526367,
      19.40069580078125,
      19.161487579345703,
      19.692363739013672,
      31.90312385559082,
      26.029273986816406,
      28.62628746032715,
      26.181337356567383,
      29.153350830078125,
      23.640785217285156,
      21.562358856201172,
      16.328109741210938
    ],
    [
      19.8420467376709,
      21.30451202392578,
      17.612272262573242,
      24.123485565185547,
      21.893632888793945,
      28.84394073486328,
      20.915714263916016,
      33.41121292114258,
      19.470552444458008,
      34.20604705810547,
      26.029273986816406,
      45.39332962036133,
      40.04756164550781,
      43.75902557373047,
      40.789798736572266,
      37.691688537597656,
      31.329328536987305,
      27.099197387695312
    ],
    [
      20.203067779541016,
      23.256839752197266,
      17.33053207397461,
      21.48351287841797,
      22.504405975341797,
      27.375619888305664,
      23.96534538269043,
      30.108583450317383,
      22.100984573364258,
      29.537254333496094,
      28.62628746032715,
      40.04756164550781,
      69.48468780517578,
      60.27880859375,
      74.29873657226562,
      57.1706657409668,
      55.08990478515625,
      38.006019592285156
    ],
    [
      21.599794387817383,
      36.91649627685547,
      20.31566619873047,
      23.377349853515625,
      22.993589401245117,
      28.877397537231445,
      24.634281158447266,
      33.741153717041016,
      21.419414520263672,
      32.289310455322266,
      26.181337356567383,
      43.75902557373047,
      60.27880859375,
      77.75390625,
      74.6969985961914,
      69.15605926513672,
      55.98147964477539,
      48.22235870361328
    ],
    [
      25.46039390563965,
      39.77204513549805,
      21.77536392211914,
      24.568668365478516,
      26.144264221191406,
      31.30968475341797,
      25.2391357421875,
      31.959402084350586,
      21.077438354492188,
      29.251108169555664,
      29.153350830078125,
      40.789798736572266,
      74.29873657226562,
      74.6969985961914,
      109.7175064086914,
      75.29391479492188,
      77.0409164428711,
      47.85284423828125
    ],
    [
      19.309879302978516,
      29.9661808013916,
      17.637710571289062,
      19.79052734375,
      20.493309020996094,
      24.96866226196289,
      21.770532608032227,
      28.83629035949707,
      18.64078712463379,
      27.19512176513672,
      23.640785217285156,
      37.691688537597656,
      57.1706657409668,
      69.15605926513672,
      75.29391479492188,
      67.92263793945312,
      57.461181640625,
      47.969356536865234
    ],
    [
      18.903806686401367,
      25.403356552124023,
      15.805506706237793,
      17.87491226196289,
      18.04330825805664,
      23.02656364440918,
      17.617366790771484,
      24.751895904541016,
      15.705848693847656,
      23.55866241455078,
      21.562358856201172,
      31.329328536987305,
      55.08990478515625,
      55.98147964477539,
      77.0409164428711,
      57.461181640625,
      65.45622253417969,
      45.345970153808594
    ],
    [
      13.550933837890625,
      17.146316528320312,
      12.428691864013672,
      13.65241527557373,
      13.227326393127441,
      16.892032623291016,
      14.668391227722168,
      21.51044273376465,
      13.88961124420166,
      21.129121780395508,
      16.328109741210938,
      27.099197387695312,
      38.006019592285156,
      48.22235870361328,
      47.85284423828125,
      47.969356536865234,
      45.345970153808594,
      43.60883331298828
    ]
  ],
  "damage": -19.600322723388672,
  "diff_bandwidth": 593.3128051757812,
  "dissonance": 8.938434479788235,
  "drr": 14.616373062133789,
  "dynamics": 2.5664865970611572,
  "format": 1245190,
  "frames": 13413456,
  "freq_pan_to_db": [
    [
      -38.077049255371094,
      -36.314998626708984,
      -33.714210510253906,
      -31.011146545410156,
      -28.31079864501953,
      -29.472900390625,
      -31.874225616455078,
      -33.32825469970703,
      -34.275856018066406,
      -36.3654899597168,
      -37.76338195800781
    ],
    [
      -30.8131103515625,
      -29.23396873474121,
      -27.1380672454834,
      -25.360397338867188,
      -21.930994033813477,
      -21.566200256347656,
      -25.20068359375,
      -26.618627548217773,
      -28.295276641845703,
      -29.638362884521484,
      -30.846078872680664
    ],
    [
      -28.85902214050293,
      -27.427135467529297,
      -25.89409637451172,
      -23.768234252929688,
      -22.482120513916016,
      -22.890562057495117,
      -24.318138122558594,
      -25.34288215637207,
      -26.160945892333984,
      -27.71221160888672,
      -28.669036865234375
    ],
    [
      -30.301950454711914,
      -29.234329223632812,
      -28.236825942993164,
      -27.17988395690918,
      -25.864274978637695,
      -25.723848342895508,
      -25.69426918029785,
      -26.81765365600586,
      -28.200515747070312,
      -29.472558975219727,
      -30.408395767211914
    ],
    [
      -31.262693405151367,
      -31.227319717407227,
      -30.062164306640625,
      -29.341571807861328,
      -28.761770248413086,
      -28.49578857421875,
      -27.175569534301758,
      -28.083892822265625,
      -29.154544830322266,
      -30.472217559814453,
      -30.855194091796875
    ],
    [
      -31.823333740234375,
      -30.86964988708496,
      -29.338281631469727,
      -28.088071823120117,
      -26.951637268066406,
      -27.389028549194336,
      -28.501953125,
      -29.99881362915039,
      -31.28351402282715,
      -32.33061599731445,
      -33.036834716796875
    ],
    [
      -32.71216583251953,
      -31.8438663482666,
      -30.551231384277344,
      -29.08197593688965,
      -27.5601863861084,
      -27.999055862426758,
      -28.484800338745117,
      -30.085874557495117,
      -31.800464630126953,
      -32.86726760864258,
      -33.90467834472656
    ],
    [
      -31.739011764526367,
      -32.04558181762695,
      -31.338529586791992,
      -30.1967716217041,
      -28.81719398498535,
      -27.790908813476562,
      -26.094877243041992,
      -28.31019401550293,
      -30.283859252929688,
      -30.43757438659668,
      -30.94631004333496
    ],
    [
      -32.4495735168457,
      -31.671728134155273,
      -31.20319366455078,
      -29.567161560058594,
      -28.183494567871094,
      -27.617450714111328,
      -26.38625717163086,
      -28.357004165649414,
      -30.71722984313965,
      -31.456348419189453,
      -31.926271438598633
    ],
    [
      -31.58646583557129,
      -32.967041015625,
      -30.888568878173828,
      -28.27730941772461,
      -27.208293914794922,
      -28.450342178344727,
      -29.624553680419922,
      -30.958900451660156,
      -32.101749420166016,
      -34.00950622558594,
      -35.494571685791016
    ],
    [
      -34.05046844482422,
      -34.88759994506836,
      -34.12852096557617,
      -32.69326400756836,
      -30.40131187438965,
      -28.780200958251953,
      -30.63536262512207,
      -32.17218780517578,
      -33.899688720703125,
      -34.47922897338867,
      -34.16019821166992
    ],
    [
      -36.044776916503906,
      -36.20088577270508,
      -35.61186981201172,
      -34.969696044921875,
      -33.09306716918945,
      -31.607332229614258,
      -31.411773681640625,
      -32.833282470703125,
      -35.322479248046875,
      -35.8305549621582,
      -38.09428405761719
    ],
    [
      -35.2283935546875,
      -37.51409912109375,
      -37.819889068603516,
      -35.48052215576172,
      -32.28163528442383,
      -30.838916778564453,
      -32.362972259521484,
      -34.01496887207031,
      -35.198856353759766,
      -35.79729461669922,
      -35.40108108520508
    ],
    [
      -33.377681732177734,
      -36.49034881591797,
      -35.48804473876953,
      -33.467811584472656,
      -30.3188533782959,
      -29.944570541381836,
      -32.60226058959961,
      -35.13020324707031,
      -35.74348831176758,
      -36.264892578125,
      -36.45232391357422
    ],
    [
      -32.40102005004883,
      -34.140724182128906,
      -35.246803283691406,
      -33.296966552734375,
      -31.607013702392578,
      -32.971683502197266,
      -34.850765228271484,
      -36.362125396728516,
      -34.69046401977539,
      -36.877769470214844,
      -37.51097869873047
    ],
    [
      -33.02336883544922,
      -34.265647888183594,
      -35.211177825927734,
      -33.02952194213867,
      -34.25632095336914,
      -34.09511947631836,
      -35.67347717285156,
      -35.52437973022461,
      -35.1230583190918,
      -35.18312072753906,
      -37.25224304199219
    ],
    [
      -33.11705017089844,
      -34.56080627441406,
      -36.65493392944336,
      -35.10177993774414,
      -35.45644760131836,
      -35.34609603881836,
      -36.91379928588867,
      -34.87839126586914,
      -35.12558364868164,
      -35.23344421386719,
      -36.85923385620117
    ],
    [
      -31.604991912841797,
      -33.349525451660156,
      -34.99126434326172,
      -35.6474609375,
      -32.891868591308594,
      -34.15232467651367,
      -35.42220687866211,
      -33.81902313232422,
      -33.735355377197266,
      -34.172584533691406,
      -35.42889404296875
    ],
    [
      -34.16153335571289,
      -33.05721664428711,
      -34.47403335571289,
      -34.73020553588867,
      -32.375125885009766,
      -33.67706298828125,
      -35.67182540893555,
      -33.91414260864258,
      -34.019439697265625,
      -35.28688049316406,
      -37.24044418334961
    ],
    [
      -36.43402862548828,
      -35.768253326416016,
      -36.418148040771484,
      -36.618995666503906,
      -34.27166748046875,
      -35.466346740722656,
      -37.314186096191406,
      -36.74542999267578,
      -36.521705627441406,
      -36.76492691040039,
      -35.135318756103516
    ],
    [
      -38.46208190917969,
      -35.05858612060547,
      -36.504638671875,
      -36.87342071533203,
      -35.856712341308594,
      -36.07593536376953,
      -38.15386199951172,
      -36.894046783447266,
      -38.0389289855957,
      -38.878746032714844,
      -37.895790100097656
    ],
    [
      -38.48087692260742,
      -37.318790435791016,
      -35.44316864013672,
      -37.3922004699707,
      -36.186038970947266,
      -35.882408142089844,
      -39.11845397949219,
      -36.11457061767578,
      -38.46849822998047,
      -39.28274154663086,
      -41.00484848022461
    ],
    [
      -38.20583724975586,
      -37.44728088378906,
      -38.626380920410156,
      -39.222412109375,
      -37.69322204589844,
      -36.60542678833008,
      -38.49703598022461,
      -39.03509521484375,
      -39.16309356689453,
      -38.472965240478516,
      -38.83056640625
    ],
    [
      -43.100196838378906,
      -38.325321197509766,
      -38.5727424621582,
      -39.04451370239258,
      -38.37007522583008,
      -36.739524841308594,
      -38.751930236816406,
      -39.354698181152344,
      -39.5107307434082,
      -39.178123474121094,
      -40.03892517089844
    ],
    [
      -45.74476623535156,
      -41.00126647949219,
      -41.401676177978516,
      -40.4427375793457,
      -40.64774703979492,
      -39.70595169067383,
      -41.206722259521484,
      -41.00654602050781,
      -41.453575134277344,
      -42.5870475769043,
      -43.93669128417969
    ],
    [
      -41.36158752441406,
      -41.828369140625,
      -42.52910232543945,
      -41.4483528137207,
      -41.294681549072266,
      -41.6417350769043,
      -42.31269836425781,
      -42.503353118896484,
      -42.356224060058594,
      -42.86808776855469,
      -42.833778381347656
    ],
    [
      -51.00791931152344,
      -43.59577941894531,
      -43.37915802001953,
      -43.94465255737305,
      -43.17795944213867,
      -42.754180908203125,
      -45.301273345947266,
      -45.02066421508789,
      -43.99605178833008,
      -44.742820739746094,
      -43.13447189331055
    ],
    [
      -45.7608757019043,
      -43.718727111816406,
      -44.06962585449219,
      -44.4923095703125,
      -45.26438903808594,
      -45.60686111450195,
      -47.625667572021484,
      -46.318824768066406,
      -45.85000228881836,
      -46.038909912109375,
      -46.9322624206543
    ],
    [
      -47.815670013427734,
      -45.728675842285156,
      -46.38685989379883,
      -46.98677062988281,
      -47.612403869628906,
      -47.380802154541016,
      -49.20217514038086,
      -48.50548553466797,
      -47.37391662597656,
      -47.408363342285156,
      -40.95191192626953
    ],
    [
      -54.30524826049805,
      -48.854331970214844,
      -48.21822738647461,
      -48.56047821044922,
      -49.4128532409668,
      -47.371639251708984,
      -48.23853302001953,
      -48.75507736206055,
      -48.8466796875,
      -48.47945022583008,
      -48.59006881713867
    ],
    [
      -57.22056198120117,
      -49.719932556152344,
      -48.97938537597656,
      -49.413780212402344,
      -49.78660202026367,
      -46.95109176635742,
      -47.391639709472656,
      -47.792057037353516,
      -50.688602447509766,
      -51.493194580078125,
      -49.6976203918457
    ],
    [
      -65.54965209960938,
      -50.23981475830078,
      -50.33720779418945,
      -50.521846771240234,
      -50.50625228881836,
      -46.755348205566406,
      -49.522361755371094,
      -51.56100082397461,
      -52.42184066772461,
      -49.963233947753906,
      -66.83763122558594
    ],
    [
      -64.1308822631836,
      -52.32914352416992,
      -50.703922271728516,
      -50.97870635986328,
      -50.592559814453125,
      -46.889503479003906,
      -50.95408248901367,
      -53.62313461303711,
      -54.805023193359375,
      -51.748870849609375,
      -370
    ],
    [
      -370,
      -55.85078048706055,
      -53.697479248046875,
      -52.3380241394043,
      -51.62934875488281,
      -46.51556396484375,
      -50.83486557006836,
      -55.311866760253906,
      -58.87477493286133,
      -57.181480407714844,
      -50.072288513183594
    ],
    [
      -59.02975082397461,
      -59.91337203979492,
      -56.102535247802734,
      -53.94548416137695,
      -52.79426956176758,
      -47.02301788330078,
      -51.009010314941406,
      -48.547489166259766,
      -50.98322296142578,
      -52.77591323852539,
      -52.08705520629883
    ],
    [
      -370,
      -59.87667465209961,
      -58.3536262512207,
      -56.79133987426758,
      -55.74022674560547,
      -49.43914794921875,
      -52.56147384643555,
      -48.00559616088867,
      -47.74486541748047,
      -51.96915054321289,
      -47.71652603149414
    ],
    [
      -370,
      -59.99363327026367,
      -58.280399322509766,
      -57.968894958496094,
      -56.93593978881836,
      -50.953975677490234,
      -54.90201950073242,
      -52.53041458129883,
      -53.928627014160156,
      -52.05436706542969,
      -52.51563262939453
    ],
    [
      -370,
      -62.48911666870117,
      -61.415157318115234,
      -59.37453079223633,
      -57.49410629272461,
      -53.22736358642578,
      -57.345603942871094,
      -56.588829040527344,
      -54.95827102661133,
      -52.08448791503906,
      -47.28492736816406
    ],
    [
      -55.73775863647461,
      -62.6800537109375,
      -61.83552169799805,
      -60.06647491455078,
      -59.10888671875,
      -55.727481842041016,
      -58.517086029052734,
      -57.667259216308594,
      -55.56583786010742,
      -53.465511322021484,
      -47.85518264770508
    ],
    [
      -65.17513275146484,
      -60.37998962402344,
      -61.38026428222656,
      -62.420318603515625,
      -61.89700698852539,
      -57.47029495239258,
      -58.12301254272461,
      -53.7431640625,
      -54.101226806640625,
      -53.35036849975586,
      -56.71794509887695
    ],
    [
      -63.016448974609375,
      -60.774471282958984,
      -61.9444694519043,
      -61.86829376220703,
      -61.9322509765625,
      -60.2318229675293,
      -61.421871185302734,
      -59.165794372558594,
      -59.200801849365234,
      -57.64333724975586,
      -58.56035232543945
    ],
    [
      -64.30252838134766,
      -62.51474380493164,
      -61.57973098754883,
      -62.04026794433594,
      -62.816349029541016,
      -63.14814376831055,
      -64.19204711914062,
      -63.126399993896484,
      -59.182525634765625,
      -56.61476516723633,
      -58.5842170715332
    ]
  ],
  "histogram": [
    {
      "db": -70,
      "frequency": 4
    },
    {
      "db": -69,
      "frequency": 4
    },
    {
      "db": -68,
      "frequency": 1
    },
    {
      "db": -67,
      "frequency": 5
    },
    {
      "db": -66,
      "frequency": 5
    },
    {
      "db": -65,
      "frequency": 0
    },
    {
      "db": -64,
      "frequency": 5
    },
    {
      "db": -63,
      "frequency": 5
    },
    {
      "db": -62,
      "frequency": 5
    },
    {
      "db": -61,
      "frequency": 5
    },
    {
      "db": -60,
      "frequency": 2
    },
    {
      "db": -59,
      "frequency": 3
    },
    {
      "db": -58,
      "frequency": 5
    },
    {
      "db": -57,
      "frequency": 5
    },
    {
      "db": -56,
      "frequency": 5
    },
    {
      "db": -55,
      "frequency": 5
    },
    {
      "db": -54,
      "frequency": 5
    },
    {
      "db": -53,
      "frequency": 5
    },
    {
      "db": -52,
      "frequency": 5
    },
    {
      "db": -51,
      "frequency": 8
    },
    {
      "db": -50,
      "frequency": 10
    },
    {
      "db": -49,
      "frequency": 3
    },
    {
      "db": -48,
      "frequency": 4
    },
    {
      "db": -47,
      "frequency": 2
    },
    {
      "db": -46,
      "frequency": 2
    },
    {
      "db": -45,
      "frequency": 1
    },
    {
      "db": -44,
      "frequency": 5
    },
    {
      "db": -43,
      "frequency": 17
    },
    {
      "db": -42,
      "frequency": 14
    },
    {
      "db": -41,
      "frequency": 11
    },
    {
      "db": -40,
      "frequency": 10
    },
    {
      "db": -39,
      "frequency": 6
    },
    {
      "db": -38,
      "frequency": 4
    },
    {
      "db": -37,
      "frequency": 9
    },
    {
      "db": -36,
      "frequency": 6
    },
    {
      "db": -35,
      "frequency": 1
    },
    {
      "db": -34,
      "frequency": 6
    },
    {
      "db": -33,
      "frequency": 13
    },
    {
      "db": -32,
      "frequency": 15
    },
    {
      "db": -31,
      "frequency": 14
    },
    {
      "db": -30,
      "frequency": 17
    },
    {
      "db": -29,
      "frequency": 78
    },
    {
      "db": -28,
      "frequency": 73
    },
    {
      "db": -27,
      "frequency": 117
    },
    {
      "db": -26,
      "frequency": 403
    },
    {
      "db": -25,
      "frequency": 731
    },
    {
      "db": -24,
      "frequency": 471
    },
    {
      "db": -23,
      "frequency": 327
    },
    {
      "db": -22,
      "frequency": 228
    },
    {
      "db": -21,
      "frequency": 224
    },
    {
      "db": -20,
      "frequency": 49
    },
    {
      "db": -19,
      "frequency": 5
    },
    {
      "db": -18,
      "frequency": 0
    },
    {
      "db": -17,
      "frequency": 0
    },
    {
      "db": -16,
      "frequency": 0
    },
    {
      "db": -15,
      "frequency": 0
    },
    {
      "db": -14,
      "frequency": 0
    },
    {
      "db": -13,
      "frequency": 0
    },
    {
      "db": -12,
      "frequency": 0
    },
    {
      "db": -11,
      "frequency": 0
    },
    {
      "db": -10,
      "frequency": 0
    },
    {
      "db": -9,
      "frequency": 0
    },
    {
      "db": -8,
      "frequency": 0
    },
    {
      "db": -7,
      "frequency": 0
    },
    {
      "db": -6,
      "frequency": 0
    },
    {
      "db": -5,
      "frequency": 0
    },
    {
      "db": -4,
      "frequency": 0
    },
    {
      "db": -3,
      "frequency": 0
    },
    {
      "db": -2,
      "frequency": 0
    },
    {
      "db": -1,
      "frequency": 0
    },
    {
      "db": 0,
      "frequency": 0
    },
    {
      "db": 1,
      "frequency": 0
    },
    {
      "db": 2,
      "frequency": 0
    },
    {
      "db": 3,
      "frequency": 0
    },
    {
      "db": 4,
      "frequency": 0
    },
    {
      "db": 5,
