{
  "acoustic_entropy": 194.68508911132812,
  "bands": [
    {
      "high_freq": 148.1999969482422,
      "loudness": -34.71631622314453,
      "loudness_range": 9.87653923034668,
      "mid_mean": -31.391061782836914,
      "mid_to_side_loudness": -14.642912864685059,
      "mid_to_side_loudness_range": 11.388528823852539,
      "side_mean": -46.07950973510742
    },
    {
      "high_freq": 392.3793640136719,
      "loudness": -34.368350982666016,
      "loudness_range": 8.195211410522461,
      "low_freq": 148.1999969482422,
      "mid_mean": -31.294292449951172,
      "mid_to_side_loudness": -9.534232139587402,
      "mid_to_side_loudness_range": 7.230076313018799,
      "side_mean": -40.67189025878906
    },
    {
      "high_freq": 794.6976318359375,
      "loudness": -35.14605712890625,
      "loudness_range": 10.539329528808594,
      "low_freq": 392.3793640136719,
      "mid_mean": -32.077816009521484,
      "mid_to_side_loudness": -8.805771827697754,
      "mid_to_side_loudness_range": 7.153141021728516,
      "side_mean": -40.954261779785156
    },
    {
      "high_freq": 1457.5709228515625,
      "loudness": -38.021148681640625,
      "loudness_range": 12.356510162353516,
      "low_freq": 794.6976318359375,
      "mid_mean": -35.01203918457031,
      "mid_to_side_loudness": -9.053023338317871,
      "mid_to_side_loudness_range": 8.326351165771484,
      "side_mean": -43.898197174072266
    },
    {
      "high_freq": 2549.74365234375,
      "loudness": -36.919090270996094,
      "loudness_range": 9.965293884277344,
      "low_freq": 1457.5709228515625,
      "mid_mean": -33.940120697021484,
      "mid_to_side_loudness": -8.928791999816895,
      "mid_to_side_loudness_range": 9.594846725463867,
      "side_mean": -42.65460968017578
    },
    {
      "high_freq": 4349.24462890625,
      "loudness": -39.32012176513672,
      "loudness_range": 10.574665069580078,
      "low_freq": 2549.74365234375,
      "mid_mean": -36.341400146484375,
      "mid_to_side_loudness": -8.504216194152832,
      "mid_to_side_loudness_range": 8.67990779876709,
      "side_mean": -44.85968017578125
    },
    {
      "high_freq": 7314.1640625,
      "loudness": -46.418338775634766,
      "loudness_range": 17.798328399658203,
      "low_freq": 4349.24462890625,
      "mid_mean": -43.79280471801758,
      "mid_to_side_loudness": -7.056329250335693,
      "mid_to_side_loudness_range": 8.812134742736816,
      "side_mean": -51.931907653808594
    },
    {
      "high_freq": 12199.2666015625,
      "loudness": -50.343528747558594,
      "loudness_range": 21.420997619628906,
      "low_freq": 7314.1640625,
      "mid_mean": -50.08304977416992,
      "mid_to_side_loudness": -7.01889705657959,
      "mid_to_side_loudness_range": 11.001201629638672,
      "side_mean": -56.31129455566406
    },
    {
      "loudness": -57.662559509277344,
      "loudness_range": 18.830524444580078,
      "low_freq": 12199.2666015625,
      "mid_mean": -56.495792388916016,
      "mid_to_side_loudness": -5.5840935707092285,
      "mid_to_side_loudness_range": 9.2999267578125,
      "side_mean": -61.069087982177734
    }
  ],
  "bands_short": [
    {
      "high_freq": 148.1999969482422,
      "loudness": -39.41902160644531,
      "loudness_range": 20.65767478942871,
      "mid_mean": -36.21115493774414,
      "mid_to_side_loudness": -14.774142265319824,
      "mid_to_side_loudness_range": 19.920875549316406,
      "side_mean": -52.31728744506836
    },
    {
      "high_freq": 392.3793640136719,
      "loudness": -34.07213592529297,
      "loudness_range": 10.928577423095703,
      "low_freq": 148.1999969482422,
      "mid_mean": -30.99125862121582,
      "mid_to_side_loudness": -10.294212341308594,
      "mid_to_side_loudness_range": 11.668266296386719,
      "side_mean": -40.92692184448242
    },
    {
      "high_freq": 794.6976318359375,
      "loudness": -35.99763870239258,
      "loudness_range": 13.050243377685547,
      "low_freq": 392.3793640136719,
      "mid_mean": -33.04566192626953,
      "mid_to_side_loudness": -9.123636245727539,
      "mid_to_side_loudness_range": 11.428934097290039,
      "side_mean": -41.933170318603516
    },
    {
      "high_freq": 1457.5709228515625,
      "loudness": -38.181331634521484,
      "loudness_range": 14.77138900756836,
      "low_freq": 794.6976318359375,
      "mid_mean": -35.2508659362793,
      "mid_to_side_loudness": -9.677657127380371,
      "mid_to_side_loudness_range": 12.468609809875488,
      "side_mean": -44.6013298034668
    },
    {
      "high_freq": 2549.74365234375,
      "loudness": -37.6078987121582,
      "loudness_range": 13.387636184692383,
      "low_freq": 1457.5709228515625,
      "mid_mean": -34.664466857910156,
      "mid_to_side_loudness": -9.657805442810059,
      "mid_to_side_loudness_range": 12.376501083374023,
      "side_mean": -43.902957916259766
    },
    {
      "high_freq": 4349.24462890625,
      "loudness": -39.977413177490234,
      "loudness_range": 14.316497802734375,
      "low_freq": 2549.74365234375,
      "mid_mean": -37.06053161621094,
      "mid_to_side_loudness": -9.08915901184082,
      "mid_to_side_loudness_range": 11.494196891784668,
      "side_mean": -46.24442672729492
    },
    {
      "high_freq": 7314.1640625,
      "loudness": -48.081077575683594,
      "loudness_range": 22.55862808227539,
      "low_freq": 4349.24462890625,
      "mid_mean": -45.604427337646484,
      "mid_to_side_loudness": -7.473909854888916,
      "mid_to_side_loudness_range": 11.147884368896484,
      "side_mean": -53.85894012451172
    },
    {
      "high_freq": 12199.2666015625,
      "loudness": -51.492923736572266,
      "loudness_range": 24.87647247314453,
      "low_freq": 7314.1640625,
      "mid_mean": -52.219234466552734,
      "mid_to_side_loudness": -7.1734771728515625,
      "mid_to_side_loudness_range": 12.520002365112305,
      "side_mean": -58.2490234375
    },
    {
      "loudness": -59.453460693359375,
      "loudness_range": 24.103107452392578,
      "low_freq": 12199.2666015625,
      "mid_mean": -59.16825485229492,
      "mid_to_side_loudness": -6.150343894958496,
      "mid_to_side_loudness_range": 11.734793663024902,
      "side_mean": -63.40925979614258
    }
  ],
  "bandwidth": 604.6435546875,
  "channels": 2,
  "covariance": [
    [
      22.728229522705078,
      15.057090759277344,
      11.456560134887695,
      12.437371253967285,
      9.35754680633545,
      12.951053619384766,
      9.008453369140625,
      11.457931518554688,
      7.950310230255127,
      11.388768196105957,
      7.998576641082764,
      12.490189552307129,
      12.38792896270752,
      15.965757369995117,
      20.48150634765625,
      15.1655912399292,
      16.090673446655273,
      11.387611389160156
    ],
    [
      15.057090759277344,
      23.78281021118164,
      11.0577974319458,
      13.962688446044922,
      9.95879077911377,
      14.841400146484375,
      9.072153091430664,
      12.726819038391113,
      7.721949577331543,
      12.681127548217773,
      8.228354454040527,
      13.983959197998047,
      12.739045143127441,
      16.019222259521484,
      19.21805191040039,
      14.202800750732422,
      14.03530216217041,
      9.158801078796387
    ],
    [
      11.456560134887695,
      11.0577974319458,
      16.68352508544922,
      13.718399047851562,
      9.795774459838867,
      13.027381896972656,
      10.43677806854248,
      13.517510414123535,
      6.889122009277344,
      12.403908729553223,
      8.841631889343262,
      14.06688404083252,
      14.62125015258789,
      19.140972137451172,
      22.223186492919922,
      16.79515266418457,
      15.840691566467285,
      10.715276718139648
    ],
    [
      12.437371253967285,
      13.962688446044922,
      13.718399047851562,
      20.292510986328125,
      12.347557067871094,
      16.472278594970703,
      13.005228996276855,
      18.383146286010742,
      9.391504287719727,
      15.720240592956543,
      9.869135856628418,
      17.16626739501953,
      16.861095428466797,
      20.178733825683594,
      22.515365600585938,
      17.288766860961914,
      15.944314956665039,
      10.798439979553223
    ],
    [
      9.35754680633545,
      9.95879077911377,
      9.795774459838867,
      12.347557067871094,
      18.685916900634766,
      16.26605224609375,
      13.706721305847168,
      15.759191513061523,
      9.7188081741333,
      12.716934204101562,
      11.972986221313477,
      14.514447212219238,
      16.581558227539062,
      17.334447860717773,
      21.467182159423828,
      15.612936973571777,
      14.525586128234863,
      8.661664009094238
    ],
    [
      12.951053619384766,
      14.841400146484375,
      13.027381896972656,
      16.472278594970703,
      16.26605224609375,
      23.104915618896484,
      14.42605209350586,
      19.39076805114746,
      10.567089080810547,
      17.350143432617188,
      12.908855438232422,
      19.498910903930664,
      20.032608032226562,
      22.853164672851562,
      26.335546493530273,
      19.924278259277344,
      19.17758560180664,
      12.576148986816406
    ],
    [
      9.008453369140625,
      9.072153091430664,
      10.43677806854248,
      13.005228996276855,
      13.706721305847168,
      14.42605209350586,
      24.146514892578125,
      20.0654296875,
      12.945218086242676,
      12.966713905334473,
      12.98794937133789,
      14.438714027404785,
      16.6976375579834,
      19.461803436279297,
      21.090269088745117,
      17.073333740234375,
      14.725020408630371,
      10.52580738067627
    ],
    [
      11.457931518554688,
      12.726819038391113,
      13.517510414123535,
      18.383146286010742,
      15.759191513061523,
      19.39076805114746,
      20.0654296875,
      27.141677856445312,
      13.820134162902832,
      19.887866973876953,
      14.37923526763916,
      21.46687126159668,
      21.013965606689453,
      24.712011337280273,
      24.628786087036133,
      21.125532150268555,
      18.766611099243164,
      14.613982200622559
    ],
    [
      7.950310230255127,
      7.721949577331543,
      6.889122009277344,
      9.391504287719727,
      9.7188081741333,
      10.567089080810547,
      12.945218086242676,
      13.820134162902832,
      19.43488311767578,
      13.356722831726074,
      13.436477661132812,
      12.429004669189453,
      13.461461067199707,
      16.15935707092285,
      17.053876876831055,
      14.21791934967041,
      13.117255210876465,
      10.114660263061523
    ],
    [
      11.388768196105957,
      12.681127548217773,
      12.403908729553223,
      15.720240592956543,
      12.716934204101562,
      17.350143432617188,
      12.966713905334473,
      19.887866973876953,
      13.356722831726074,
      21.402179718017578,
      13.543060302734375,
      21.576435089111328,
      18.846923828125,
      22.888484954833984,
      22.69799041748047,
      19.37577247619629,
      17.868703842163086,
      13.9445161819458
    ],
    [
      7.998576641082764,
      8.228354454040527,
      8.841631889343262,
      9.869135856628418,
      11.972986221313477,
      12.908855438232422,
      12.98794937133789,
      14.37923526763916,
      13.436477661132812,
      13.543060302734375,
      20.938385009765625,
      16.942604064941406,
      19.845232009887695,
      18.610572814941406,
      22.24795150756836,
      17.258880615234375,
      16.829782485961914,
      11.126317977905273
    ],
    [
      12.490189552307129,
      13.983959197998047,
      14.06688404083252,
      17.16626739501953,
      14.514447212219238,
      19.498910903930664,
      14.438714027404785,
      21.46687126159668,
      12.429004669189453,
      21.576435089111328,
      16.942604064941406,
      26.337886810302734,
      24.80199432373047,
      29.045679092407227,
      29.347084045410156,
      25.265222549438477,
      22.281042098999023,
      16.815502166748047
    ],
    [
      12.38792896270752,
      12.739045143127441,
      14.62125015258789,
      16.861095428466797,
      16.581558227539062,
      20.032608032226562,
      16.6976375579834,
      21.013965606689453,
      13.461461067199707,
      18.846923828125,
      19.845232009887695,
      24.80199432373047,
      45.05209732055664,
      38.70685958862305,
      53.02329635620117,
      38.19509506225586,
      38.27887725830078,
      22.490026473999023
    ],
    [
      15.965757369995117,
      16.019222259521484,
      19.140972137451172,
      20.178733825683594,
      17.334447860717773,
      22.853164672851562,
      19.461803436279297,
      24.712011337280273,
      16.15935707092285,
      22.888484954833984,
      18.610572814941406,
      29.045679092407227,
      38.70685958862305,
      63.21849060058594,
      67.31526184082031,
      55.3005485534668,
      49.652889251708984,
      36.58565902709961
    ],
    [
      20.48150634765625,
      19.21805191040039,
      22.223186492919922,
      22.515365600585938,
      21.467182159423828,
      26.335546493530273,
      21.090269088745117,
      24.628786087036133,
      17.053876876831055,
      22.69799041748047,
      22.24795150756836,
      29.347084045410156,
      53.02329635620117,
      67.31526184082031,
      98.94189453125,
      64.90203094482422,
      69.36285400390625,
      39.543418884277344
    ],
    [
      15.1655912399292,
      14.202800750732422,
      16.79515266418457,
      17.288766860961914,
      15.612936973571777,
      19.924278259277344,
      17.073333740234375,
      21.125532150268555,
      14.21791934967041,
      19.37577247619629,
      17.258880615234375,
      25.265222549438477,
      38.19509506225586,
      55.3005485534668,
      64.90203094482422,
      52.219024658203125,
      49.04647445678711,
      35.24885559082031
    ],
    [
      16.090673446655273,
      14.03530216217041,
      15.840691566467285,
      15.944314956665039,
      14.525586128234863,
      19.17758560180664,
      14.725020408630371,
      18.766611099243164,
      13.117255210876465,
      17.868703842163086,
      16.829782485961914,
      22.281042098999023,
      38.27887725830078,
      49.652889251708984,
      69.36285400390625,
      49.04647445678711,
      57.329978942871094,
      37.09135437011719
    ],
    [
      11.387611389160156,
      9.158801078796387,
      10.715276718139648,
      10.798439979553223,
      8.661664009094238,
      12.576148986816406,
      10.52580738067627,
      14.613982200622559,
      10.114660263061523,
      13.9445161819458,
      11.126317977905273,
      16.815502166748047,
      22.490026473999023,
      36.58565902709961,
      39.543418884277344,
      35.24885559082031,
      37.09135437011719,
      32.05009078979492
    ]
  ],
  "covariance_short": [
    [
      52.89460754394531,
      22.65545082092285,
      14.991615295410156,
      17.650962829589844,
      12.476025581359863,
      16.939786911010742,
      11.438390731811523,
      16.30098533630371,
      10.030863761901855,
      16.32296371459961,
      11.225529670715332,
      19.725492477416992,
      19.389556884765625,
      22.260421752929688,
      26.793392181396484,
      19.5661563873291,
      20.55374526977539,
      13.495601654052734
    ],
    [
      22.65545082092285,
      56.82090377807617,
      15.307732582092285,
      18.475780487060547,
      13.955767631530762,
      17.833303451538086,
      13.151461601257324,
      16.577865600585938,
      13.166165351867676,
      17.162649154663086,
      11.863655090332031,
      21.064830780029297,
      19.343204498291016,
      38.918975830078125,
      42.842044830322266,
      30.603736877441406,
      28.05713653564453,
      17.159452438354492
    ],
    [
      14.991615295410156,
      15.307732582092285,
      22.319589614868164,
      16.303550720214844,
      12.764973640441895,
      15.255520820617676,
      11.285021781921387,
      16.481260299682617,
      8.405085563659668,
      15.22245979309082,
      10.288382530212402,
      17.52989959716797,
      16.071674346923828,
      21.01439666748047,
      22.9974365234375,
      17.90284538269043,
      17.258264541625977,
      12.446276664733887
    ],
    [
      17.650962829589844,
      18.475780487060547,
      16.303550720214844,
      29.876068115234375,
      16.492534637451172,
      22.922517776489258,
      14.445881843566895,
      25.16790771484375,
      10.400625228881836,
      20.99142837524414,
      11.530374526977539,
      23.91209602355957,
      19.516870498657227,
      24.180212020874023,
      25.83576202392578,
      20.041648864746094,
      19.441383361816406,
      13.633102416992188
    ],
    [
      12.476025581359863,
      13.955767631530762,
      12.764973640441895,
      16.492534637451172,
      28.392976760864258,
      22.757722854614258,
      16.330339431762695,
      21.72395133972168,
      12.361477851867676,
      18.509593963623047,
      15.49678897857666,
      21.684654235839844,
      21.057090759277344,
      23.586475372314453,
      27.187700271606445,
      20.629011154174805,
      19.460824966430664,
      13.111778259277344
    ],
    [
      16.939786911010742,
      17.833303451538086,
      15.255520820617676,
      22.922517776489258,
      22.757722854614258,
      36.7397346496582,
      17.405641555786133,
      30.098228454589844,
      12.488848686218262,
      25.720205307006836,
      16.160486221313477,
      28.59766960144043,
      25.64351463317871,
      29.623245239257812,
      32.49156188964844,
      25.118614196777344,
      24.7048282623291,
      16.757516860961914
    ],
    [
      11.438390731811523,
      13.151461601257324,
      11.285021781921387,
      14.445881843566895,
      16.330339431762695,
      17.405641555786133,
      33.251102447509766,
      25.936363220214844,
      16.920454025268555,
      17.409069061279297,
      17.938459396362305,
      20.816259384155273,
      22.008691787719727,
      25.226686477661133,
      26.417388916015625,
      21.97138786315918,
      19.056880950927734,
      14.61095905303955
    ],
    [
      16.30098533630371,
      16.577865600585938,
      16.481260299682617,
      25.16790771484375,
      21.72395133972168,
      30.098228454589844,
      25.936363220214844,
      44.02621078491211,
      17.881263732910156,
      31.421083450317383,
      19.349592208862305,
      32.94903564453125,
      28.042682647705078,
      34.286163330078125,
      33.04058837890625,
      28.90886878967285,
      26.49387550354004,
      21.37106704711914
    ],
    [
      10.030863761901855,
      13.166165351867676,
      8.405085563659668,
      10.400625228881836,
      12.361477851867676,
      12.488848686218262,
      16.920454025268555,
      17.881263732910156,
      28.1345157623291,
      20.110599517822266,
      19.088502883911133,
      19.219995498657227,
      19.591154098510742,
      22.12887191772461,
      22.413158416748047,
      18.983440399169922,
      17.154876708984375,
      13.973470687866211
    ],
    [
      16.32296371459961,
      17.162649154663086,
      15.22245979309082,
      20.99142837524414,
      18.509593963623047,
      25.720205307006836,
      17.409069061279297,
      31.421083450317383,
      20.110599517822266,
      37.128700256347656,
      19.794525146484375,
      34.09814453125,
      28.118337631225586,
      33.241214752197266,
      30.748985290527344,
      27.607553482055664,
      25.499935150146484,
      21.211767196655273
    ],
    [
      11.225529670715332,
      11.863655090332031,
      10.288382530212402,
      11.530374526977539,
      15.49678897857666,
      16.160486221313477,
      17.938459396362305,
      19.349592208862305,
      19.088502883911133,
      19.794525146484375,
      31.863876342773438,
      26.046478271484375,
      28.209440231323242,
      27.10130500793457,
      30.673402786254883,
      24.115354537963867,
      23.347597122192383,
      16.415969848632812
    ],
    [
      19.725492477416992,
      21.064830780029297,
      17.52989959716797,
      23.91209602355957,
      21.684654235839844,
      28.59766960144043,
      20.816259384155273,
      32.94903564453125,
      19.219995498657227,
      34.09814453125,
      26.046478271484375,
      45.159420013427734,
      37.8156852722168,
      44.898643493652344,
      42.58571243286133,
      38.14323425292969,
      33.75240707397461,
      27.09661102294922
    ],
    [
      19.389556884765625,
      19.343204498291016,
      16.071674346923828,
      19.516870498657227,
      21.057090759277344,
      25.64351463317871,
      22.008691787719727,
      28.042682647705078,
      19.591154098510742,
      28.118337631225586,
      28.209440231323242,
      37.8156852722168,
      66.15421295166016,
      58.67403793334961,
      73.76995086669922,
      55.712486267089844,
      56.987606048583984,
      36.86834716796875
    ],
    [
      22.260421752929688,
      38.918975830078125,
      21.01439666748047,
      24.180212020874023,
      23.586475372314453,
      29.623245239257812,
      25.226686477661133,
      34.286163330078125,
      22.12887191772461,
      33.241214752197266,
      27.10130500793457,
      44.898643493652344,
      58.67403793334961,
      82.91758728027344,
      81.41695404052734,
      72.28205108642578,
      62.34822463989258,
      49.6314811706543
    ],
    [
      26.793392181396484,
      42.842044830322266,
      22.9974365234375,
      25.83576202392578,
      27.187700271606445,
      32.49156188964844,
      26.417388916015625,
      33.04058837890625,
      22.413158416748047,
      30.748985290527344,
      30.673402786254883,
      42.58571243286133,
      73.76995086669922,
      81.41695404052734,
      119.14295196533203,
      79.58311462402344,
      85.83396911621094,
      49.803199768066406
    ],
    [
      19.5661563873291,
      30.603736877441406,
      17.90284538269043,
      20.041648864746094,
      20.629011154174805,
      25.118614196777344,
      21.97138786315918,
      28.90886878967285,
      18.983440399169922,
      27.607553482055664,
      24.115354537963867,
      38.14323425292969,
      55.712486267089844,
      72.28205108642578,
      79.58311462402344,
      69.6280288696289,
      62.414466857910156,
      48.606651306152344
    ],
    [
      20.55374526977539,
      28.05713653564453,
      17.258264541625977,
      19.441383361816406,
      19.460824966430664,
      24.7048282623291,
      19.056880950927734,
      26.49387550354004,
      17.154876708984375,
      25.499935150146484,
      23.347597122192383,
      33.75240707397461,
      56.987606048583984,
      62.34822463989258,
      85.83396911621094,
      62.414466857910156,
      74.0929946899414,
      48.37874984741211
    ],
    [
      13.495601654052734,
      17.159452438354492,
      12.446276664733887,
      13.633102416992188,
      13.111778259277344,
      16.757516860961914,
      14.61095905303955,
      21.37106704711914,
      13.973470687866211,
      21.211767196655273,
      16.415969848632812,
      27.09661102294922,
      36.86834716796875,
      49.6314811706543,
      49.803199768066406,
      48.606651306152344,
      48.37874984741211,
      43.930564880371094
    ]
  ],
  "damage": -19.879396438598633,
  "diff_bandwidth": 623.3568725585938,
  "dissonance": 9.144008674543606,
  "drr": 13.117926597595215,
  "dynamics": 2.5970964431762695,
  "format": 1245190,
  "frames": 13413456,
  "freq_pan_to_db": [
    [
      -38.04777908325195,
      -36.28457260131836,
      -33.677852630615234,
      -30.85370635986328,
      -28.61623764038086,
      -29.806753158569336,
      -32.095767974853516,
      -33.32263946533203,
      -34.56208038330078,
      -36.51359939575195,
      -37.823326110839844
    ],
    [
      -30.816818237304688,
      -29.104787826538086,
      -27.250322341918945,
      -25.473403930664062,
      -21.989770889282227,
      -21.84136390686035,
      -25.49321746826172,
      -26.770709991455078,
      -28.16864776611328,
      -30.008434295654297,
      -30.852521896362305
    ],
    [
      -28.778682708740234,
      -27.665851593017578,
      -25.868913650512695,
      -23.760379791259766,
      -22.794965744018555,
      -23.164283752441406,
      -24.45885467529297,
      -25.589651107788086,
      -26.367788314819336,
      -27.71044921875,
      -28.70359230041504
    ],
    [
      -30.37342643737793,
      -29.265527725219727,
      -28.316648483276367,
      -27.27031707763672,
      -26.12259292602539,
      -25.929367065429688,
      -25.966869354248047,
      -26.968124389648438,
      -28.197242736816406,
      -29.54745864868164,
      -30.396120071411133
    ],
    [
      -31.32741355895996,
      -31.08745574951172,
      -30.33121681213379,
      -29.533838272094727,
      -28.8971004486084,
      -28.720895767211914,
      -27.505800247192383,
      -28.03801727294922,
      -29.31082534790039,
      -30.398332595825195,
      -30.990293502807617
    ],
    [
      -31.630401611328125,
      -30.51024055480957,
      -29.2723388671875,
      -28.13182830810547,
      -27.067745208740234,
      -27.62879180908203,
      -28.57757568359375,
      -30.031034469604492,
      -31.185503005981445,
      -32.192508697509766,
      -32.94381332397461
    ],
    [
      -32.22481155395508,
      -31.669286727905273,
      -30.239526748657227,
      -28.929563522338867,
      -27.772247314453125,
      -28.17971420288086,
      -28.550302505493164,
      -29.915287017822266,
      -31.521629333496094,
      -33.01848602294922,
      -33.48795700073242
    ],
    [
      -31.77362823486328,
      -31.78847885131836,
      -31.08448028564453,
      -30.000757217407227,
      -28.820749282836914,
      -28.002620697021484,
      -26.109268188476562,
      -28.030494689941406,
      -30.205814361572266,
      -30.233333587646484,
      -30.621204376220703
    ],
    [
      -31.3835391998291,
      -31.920467376708984,
      -30.57372283935547,
      -29.25472640991211,
      -28.131174087524414,
      -27.70205307006836,
      -26.476457595825195,
      -27.801958084106445,
      -30.154441833496094,
      -31.205093383789062,
      -31.458635330200195
    ],
    [
      -31.59375,
      -31.735219955444336,
      -30.563203811645508,
      -27.55042839050293,
      -27.30628204345703,
      -28.430950164794922,
      -29.46750259399414,
      -30.576438903808594,
      -31.824138641357422,
      -33.23405075073242,
      -33.583412170410156
    ],
    [
      -33.850440979003906,
      -34.29236602783203,
      -33.62541580200195,
      -32.08019256591797,
      -30.228023529052734,
      -28.593935012817383,
      -30.344030380249023,
      -31.744266510009766,
      -33.21781539916992,
      -33.98015213012695,
      -33.355045318603516
    ],
    [
      -35.18807601928711,
      -35.0723762512207,
      -35.00835037231445,
      -34.804779052734375,
      -32.59065628051758,
      -31.37654685974121,
      -31.163436889648438,
      -32.32392501831055,
      -34.30845260620117,
      -35.62653732299805,
      -34.82246398925781
    ],
    [
      -34.69955062866211,
      -36.29838943481445,
      -36.58250045776367,
      -35.53965759277344,
      -31.709491729736328,
      -30.40228271484375,
      -31.9045467376709,
      -33.313377380371094,
      -34.80511474609375,
      -34.4095573425293,
      -34.01560592651367
    ],
    [
      -32.92966842651367,
      -35.14136505126953,
      -35.71241760253906,
      -32.67958068847656,
      -29.55820655822754,
      -29.45997428894043,
      -31.96628189086914,
      -34.53883361816406,
      -34.38908004760742,
      -35.51514434814453,
      -35.10165023803711
    ],
    [
      -32.5220832824707,
      -33.62487030029297,
      -34.07400131225586,
      -32.66229248046875,
      -30.896739959716797,
      -32.353599548339844,
      -34.12725067138672,
      -35.66651153564453,
      -34.63232421875,
      -36.270355224609375,
      -36.375770568847656
    ],
    [
      -32.63756561279297,
      -33.622737884521484,
      -34.38998794555664,
      -32.68904113769531,
      -33.59282302856445,
      -33.378665924072266,
      -34.947513580322266,
      -34.809993743896484,
      -33.87735366821289,
      -34.558963775634766,
      -36.4228630065918
    ],
    [
      -32.20969009399414,
      -33.905357360839844,
      -36.126487731933594,
      -34.30720138549805,
      -34.957008361816406,
      -34.724090576171875,
      -36.26899337768555,
      -34.614349365234375,
      -34.45109939575195,
      -34.46959686279297,
      -36.29637908935547
    ],
    [
      -31.15546417236328,
      -32.947540283203125,
      -34.851051330566406,
      -34.861873626708984,
      -32.49295425415039,
      -33.739173889160156,
      -35.078330993652344,
      -33.83739471435547,
      -33.574825286865234,
      -33.532615661621094,
      -35.20149230957031
    ],
    [
      -33.74226760864258,
      -33.105411529541016,
      -34.438201904296875,
      -34.396148681640625,
      -32.10200500488281,
      -33.664581298828125,
      -35.568992614746094,
      -33.922698974609375,
      -33.8757209777832,
      -35.228271484375,
      -37.11343002319336
    ],
    [
      -36.61774444580078,
      -35.89817428588867,
      -36.55241012573242,
      -36.934024810791016,
      -34.463417053222656,
      -35.72970962524414,
      -37.464454650878906,
      -37.092769622802734,
      -36.68748092651367,
      -37.08003234863281,
      -35.346656799316406
    ],
    [
      -37.38556671142578,
      -34.916725158691406,
      -37.14433670043945,
      -37.264163970947266,
      -36.30967712402344,
      -36.56172561645508,
      -38.55845260620117,
      -37.343868255615234,
      -38.59405517578125,
      -38.987388610839844,
      -38.973114013671875
    ],
    [
      -36.7576789855957,
      -38.471214294433594,
      -36.204795837402344,
      -37.79838180541992,
      -36.4373893737793,
      -36.38368606567383,
      -39.55699920654297,
      -36.75299072265625,
      -39.010009765625,
      -39.75444412231445,
      -42.11854553222656
    ],
    [
      -36.951534271240234,
      -37.642860412597656,
      -38.80842590332031,
      -39.45036697387695,
      -38.00681686401367,
      -36.90614318847656,
      -38.799537658691406,
      -39.32151794433594,
      -39.51775360107422,
      -38.80696487426758,
      -39.23767852783203
    ],
    [
      -40.98912048339844,
      -38.445648193359375,
      -38.68521499633789,
      -38.8687744140625,
      -38.558494567871094,
      -36.723175048828125,
      -38.74747848510742,
      -39.54531478881836,
      -39.55364227294922,
      -39.34129333496094,
      -41.19261932373047
    ],
    [
      -370,
      -41.34860610961914,
      -41.0842399597168,
      -40.53707504272461,
      -40.3614387512207,
      -39.55411911010742,
      -41.00386047363281,
      -40.93767547607422,
      -41.28335189819336,
      -41.96401596069336,
      -42.19865417480469
    ],
    [
      -42.74628448486328,
      -42.05852508544922,
      -42.16440200805664,
      -41.256839752197266,
      -41.056026458740234,
      -41.419124603271484,
      -42.067813873291016,
      -42.21182632446289,
      -42.04874801635742,
      -43.17731475830078,
      -40.89300537109375
    ],
    [
      -49.68659973144531,
      -43.308258056640625,
      -43.20406723022461,
      -43.50137710571289,
      -42.94382095336914,
      -42.43064498901367,
      -45.11265563964844,
      -44.638431549072266,
      -43.570472717285156,
      -44.58576583862305,
      -45.11190414428711
    ],
    [
      -47.45191955566406,
      -43.03477478027344,
      -43.36003875732422,
      -43.84588623046875,
      -44.39616775512695,
      -44.710906982421875,
      -46.894229888916016,
      -45.64536666870117,
      -45.17557144165039,
      -45.165164947509766,
      -44.29488754272461
    ],
    [
      -44.42427444458008,
      -44.007144927978516,
      -44.545982360839844,
      -45.458168029785156,
      -45.85261535644531,
      -45.66417694091797,
      -47.76406478881836,
      -46.47563552856445,
      -45.56100845336914,
      -45.3707160949707,
      -42.1328010559082
    ],
    [
      -45.925594329833984,
      -46.70669174194336,
      -45.845985412597656,
      -46.68262481689453,
      -47.17763137817383,
      -45.44581985473633,
      -46.073646545410156,
      -47.536258697509766,
      -46.5397834777832,
      -46.800880432128906,
      -56.10981369018555
    ],
    [
      -51.746952056884766,
      -48.39250183105469,
      -47.172306060791016,
      -47.281219482421875,
      -47.596397399902344,
      -44.978172302246094,
      -45.01316452026367,
      -47.0398063659668,
      -48.51959991455078,
      -48.234779357910156,
      -45.18522644042969
    ],
    [
      -370,
      -46.83291244506836,
      -48.35456466674805,
      -48.315643310546875,
      -48.566429138183594,
      -44.80043411254883,
      -47.58980941772461,
      -50.1613655090332,
      -49.429054260253906,
      -49.08062744140625,
      -370
    ],
    [
      -104.14525604248047,
      -50.51997375488281,
      -48.336143493652344,
      -48.94388198852539,
      -48.91460418701172,
      -45.074920654296875,
      -49.26725769042969,
      -52.37851333618164,
      -51.58324432373047,
      -47.46150588989258,
      -58.070899963378906
    ],
    [
      -48.81177520751953,
      -55.68212890625,
      -52.80002975463867,
      -51.08219909667969,
      -50.14923858642578,
      -45.00901412963867,
      -49.9746208190918,
      -54.23012924194336,
      -57.083763122558594,
      -56.01953125,
      -370
    ],
    [
      -370,
      -61.30963897705078,
      -55.189178466796875,
      -52.82175827026367,
      -51.37317657470703,
      -45.60842514038086,
      -49.497955322265625,
      -46.765525817871094,
      -52.18569564819336,
      -52.31715774536133,
      -49.577430725097656
    ],
    [
      -370,
      -59.09398651123047,
      -57.25773239135742,
      -55.66816329956055,
      -54.46678161621094,
      -47.98268127441406,
      -50.78200912475586,
      -45.79927444458008,
      -51.540164947509766,
      -49.762962341308594,
      -43.12757873535156
    ],
    [
      -370,
      -59.772857666015625,
      -57.552982330322266,
      -56.759151458740234,
      -55.46134567260742,
      -49.507606506347656,
      -53.42628479003906,
      -50.87638854980469,
      -53.06861877441406,
      -50.16241455078125,
      -50.796756744384766
    ],
    [
      -370,
      -61.57545471191406,
      -60.669700622558594,
      -58.429168701171875,
      -56.42292022705078,
      -51.9189338684082,
      -56.17491912841797,
      -55.00290298461914,
      -53.04155731201172,
      -49.67741012573242,
      -45.586673736572266
    ],
    [
      -370,
      -61.66840362548828,
      -60.9583740234375,
      -59.20383071899414,
      -57.974239349365234,
      -54.5994758605957,
      -57.32392501831055,
      -56.15712356567383,
      -54.137813568115234,
      -49.8937873840332,
      -60.332496643066406
    ],
    [
      -67.17738342285156,
      -60.95879364013672,
      -59.80097198486328,
      -61.07981872558594,
      -60.84701919555664,
      -56.36509704589844,
      -56.49098205566406,
      -51.977813720703125,
      -55.676387786865234,
      -52.20328903198242,
      -57.723426818847656
    ],
    [
      -62.91624450683594,
      -60.395896911621094,
      -60.72043991088867,
      -60.78101348876953,
      -60.70627975463867,
      -59.06759262084961,
      -60.062721252441406,
      -57.646175384521484,
      -59.67144012451172,
      -55.40441131591797,
      -56.77091598510742
    ],
    [
      -62.30030059814453,
      -62.606666564941406,
      -60.78874206542969,
      -60.91896438598633,
      -61.64524841308594,
      -61.90077209472656,
      -63.13518524169922,
      -61.47154998779297,
      -59.47675704956055,
      -55.67699432373047,
      -57.521568298339844
    ]
  ],
  "histogram": [
    {
      "db": -70,
      "frequency": 3
    },
    {
      "db": -69,
      "frequency": 4
    },
    {
      "db": -68,
      "frequency": 1
    },
    {
      "db": -67,
      "frequency": 5
    },
    {
      "db": -66,
      "frequency": 5
    },
    {
      "db": -65,
      "frequency": 1
    },
    {
      "db": -64,
      "frequency": 4
    },
    {
      "db": -63,
      "frequency": 5
    },
    {
      "db": -62,
      "frequency": 5
    },
    {
      "db": -61,
      "frequency": 5
    },
    {
      "db": -60,
      "frequency": 4
    },
    {
      "db": -59,
      "frequency": 1
    },
    {
      "db": -58,
      "frequency": 5
    },
    {
      "db": -57,
      "frequency": 5
    },
    {
      "db": -56,
      "frequency": 5
    },
    {
      "db": -55,
      "frequency": 5
    },
    {
      "db": -54,
      "frequency": 5
    },
    {
      "db": -53,
      "frequency": 5
    },
    {
      "db": -52,
      "frequency": 5
    },
    {
      "db": -51,
      "frequency": 8
    },
    {
      "db": -50,
      "frequency": 12
    },
    {
      "db": -49,
      "frequency": 4
    },
    {
      "db": -48,
      "frequency": 1
    },
    {
      "db": -47,
      "frequency": 3
    },
    {
      "db": -46,
      "frequency": 1
    },
    {
      "db": -45,
      "frequency": 1
    },
    {
      "db": -44,
      "frequency": 5
    },
    {
      "db": -43,
      "frequency": 21
    },
    {
      "db": -42,
      "frequency": 11
    },
    {
      "db": -41,
      "frequency": 14
    },
    {
      "db": -40,
      "frequency": 6
    },
    {
      "db": -39,
      "frequency": 7
    },
    {
      "db": -38,
      "frequency": 4
    },
    {
      "db": -37,
      "frequency": 8
    },
    {
      "db": -36,
      "frequency": 7
    },
    {
      "db": -35,
      "frequency": 0
    },
    {
      "db": -34,
      "frequency": 6
    },
    {
      "db": -33,
      "frequency": 13
    },
    {
      "db": -32,
      "frequency": 15
    },
    {
      "db": -31,
      "frequency": 13
    },
    {
      "db": -30,
      "frequency": 21
    },
    {
      "db": -29,
      "frequency": 73
    },
    {
      "db": -28,
      "frequency": 72
    },
    {
      "db": -27,
      "frequency": 130
    },
    {
      "db": -26,
      "frequency": 423
    },
    {
      "db": -25,
      "frequency": 710
    },
    {
      "db": -24,
      "frequency": 451
    },
    {
      "db": -23,
      "frequency": 315
    },
    {
      "db": -22,
      "frequency": 233
    },
    {
      "db": -21,
      "frequency": 225
    },
    {
      "db": -20,
      "frequency": 56
    },
    {
      "db": -19,
      "frequency": 15
    },
    {
      "db": -18,
      "frequency": 0
    },
    {
      "db": -17,
      "frequency": 0
    },
    {
      "db": -16,
      "frequency": 0
    },
    {
      "db": -15,
      "frequency": 0
    },
    {
      "db": -14,
      "frequency": 0
    },
    {
      "db": -13,
      "frequency": 0
    },
    {
      "db": -12,
      "frequency": 0
    },
    {
      "db": -11,
      "frequency": 0
    },
    {
      "db": -10,
      "frequency": 0
    },
    {
      "db": -9,
      "frequency": 0
    },
    {
      "db": -8,
      "frequency": 0
    },
    {
      "db": -7,
      "frequency": 0
    },
    {
      "db": -6,
      "frequency": 0
    },
    {
      "db": -5,
      "frequency": 0
    },
    {
      "db": -4,
      "frequency": 0
    },
    {
      "db": -3,
      "frequency": 0
    },
    {
      "db": -2,
      "frequency": 0
    },
    {
      "db": -1,
      "frequency": 0
    },
    {
      "db": 0,
      "frequency": 0
    },
    {
      "db": 1,
      "frequency": 0
    },
    {
      "db": 2,
      "frequency": 0
    },
    {
      "db": 3,
      "frequency": 0
    },
    {
      "db": 4,
      "frequency": 0
    },
    {
      "db": 5,
      "frequency": 0
    },
