{
  "acoustic_entropy": 194.57839965820312,
  "bands": [
    {
      "high_freq": 148.1999969482422,
      "loudness": -34.7071647644043,
      "loudness_range": 9.895820617675781,
      "mid_mean": -31.388504028320312,
      "mid_to_side_loudness": -14.669731140136719,
      "mid_to_side_loudness_range": 11.401219367980957,
      "side_mean": -46.113162994384766
    },
    {
      "high_freq": 392.3793640136719,
      "loudness": -34.37971878051758,
      "loudness_range": 8.273723602294922,
      "low_freq": 148.1999969482422,
      "mid_mean": -31.305217742919922,
      "mid_to_side_loudness": -9.537755012512207,
      "mid_to_side_loudness_range": 7.220824241638184,
      "side_mean": -40.68663024902344
    },
    {
      "high_freq": 794.6976318359375,
      "loudness": -35.17463684082031,
      "loudness_range": 10.621725082397461,
      "low_freq": 392.3793640136719,
      "mid_mean": -32.10604476928711,
      "mid_to_side_loudness": -8.806758880615234,
      "mid_to_side_loudness_range": 7.117478370666504,
      "side_mean": -40.983619689941406
    },
    {
      "high_freq": 1457.5709228515625,
      "loudness": -38.054039001464844,
      "loudness_range": 12.440731048583984,
      "low_freq": 794.6976318359375,
      "mid_mean": -35.044456481933594,
      "mid_to_side_loudness": -9.058759689331055,
      "mid_to_side_loudness_range": 8.363866806030273,
      "side_mean": -43.93671798706055
    },
    {
      "high_freq": 2549.74365234375,
      "loudness": -36.95585250854492,
      "loudness_range": 10.032150268554688,
      "low_freq": 1457.5709228515625,
      "mid_mean": -33.9768180847168,
      "mid_to_side_loudness": -8.932398796081543,
      "mid_to_side_loudness_range": 9.620105743408203,
      "side_mean": -42.69450378417969
    },
    {
      "high_freq": 4349.24462890625,
      "loudness": -39.351524353027344,
      "loudness_range": 10.653827667236328,
      "low_freq": 2549.74365234375,
      "mid_mean": -36.378623962402344,
      "mid_to_side_loudness": -8.515551567077637,
      "mid_to_side_loudness_range": 8.694856643676758,
      "side_mean": -44.908973693847656
    },
    {
      "high_freq": 7314.1640625,
      "loudness": -46.466026306152344,
      "loudness_range": 17.835582733154297,
      "low_freq": 4349.24462890625,
      "mid_mean": -43.83628463745117,
      "mid_to_side_loudness": -7.077339172363281,
      "mid_to_side_loudness_range": 8.823057174682617,
      "side_mean": -51.991756439208984
    },
    {
      "high_freq": 12199.2666015625,
      "loudness": -50.39426803588867,
      "loudness_range": 21.432003021240234,
      "low_freq": 7314.1640625,
      "mid_mean": -50.124176025390625,
      "mid_to_side_loudness": -7.048433780670166,
      "mid_to_side_loudness_range": 11.060194969177246,
      "side_mean": -56.37763595581055
    },
    {
      "loudness": -57.71956253051758,
      "loudness_range": 18.861576080322266,
      "low_freq": 12199.2666015625,
      "mid_mean": -56.53651428222656,
      "mid_to_side_loudness": -5.619588375091553,
      "mid_to_side_loudness_range": 9.37795639038086,
      "side_mean": -61.13400650024414
    }
  ],
  "bands_short": [
    {
      "high_freq": 148.1999969482422,
      "loudness": -39.46064376831055,
      "loudness_range": 20.816940307617188,
      "mid_mean": -36.24962615966797,
      "mid_to_side_loudness": -14.776322364807129,
      "mid_to_side_loudness_range": 19.928272247314453,
      "side_mean": -52.356754302978516
    },
    {
      "high_freq": 392.3793640136719,
      "loudness": -34.110626220703125,
      "loudness_range": 11.052120208740234,
      "low_freq": 148.1999969482422,
      "mid_mean": -31.03145408630371,
      "mid_to_side_loudness": -10.290800094604492,
      "mid_to_side_loudness_range": 11.659266471862793,
      "side_mean": -40.96348571777344
    },
    {
      "high_freq": 794.6976318359375,
      "loudness": -36.037776947021484,
      "loudness_range": 13.14068603515625,
      "low_freq": 392.3793640136719,
      "mid_mean": -33.0848388671875,
      "mid_to_side_loudness": -9.125321388244629,
      "mid_to_side_loudness_range": 11.42896842956543,
      "side_mean": -41.97392654418945
    },
    {
      "high_freq": 1457.5709228515625,
      "loudness": -38.221920013427734,
      "loudness_range": 14.870601654052734,
      "low_freq": 794.6976318359375,
      "mid_mean": -35.29072189331055,
      "mid_to_side_loudness": -9.684520721435547,
      "mid_to_side_loudness_range": 12.462821960449219,
      "side_mean": -44.65166473388672
    },
    {
      "high_freq": 2549.74365234375,
      "loudness": -37.65058898925781,
      "loudness_range": 13.469928741455078,
      "low_freq": 1457.5709228515625,
      "mid_mean": -34.704444885253906,
      "mid_to_side_loudness": -9.667654037475586,
      "mid_to_side_loudness_range": 12.367036819458008,
      "side_mean": -43.95409393310547
    },
    {
      "high_freq": 4349.24462890625,
      "loudness": -40.021324157714844,
      "loudness_range": 14.380718231201172,
      "low_freq": 2549.74365234375,
      "mid_mean": -37.10414123535156,
      "mid_to_side_loudness": -9.098381996154785,
      "mid_to_side_loudness_range": 11.514480590820312,
      "side_mean": -46.3104362487793
    },
    {
      "high_freq": 7314.1640625,
      "loudness": -48.13416290283203,
      "loudness_range": 22.604293823242188,
      "low_freq": 4349.24462890625,
      "mid_mean": -45.65740203857422,
      "mid_to_side_loudness": -7.492185592651367,
      "mid_to_side_loudness_range": 11.184226989746094,
      "side_mean": -53.920692443847656
    },
    {
      "high_freq": 12199.2666015625,
      "loudness": -51.54074478149414,
      "loudness_range": 24.857357025146484,
      "low_freq": 7314.1640625,
      "mid_mean": -52.26180648803711,
      "mid_to_side_loudness": -7.197275638580322,
      "mid_to_side_loudness_range": 12.561870574951172,
      "side_mean": -58.31315994262695
    },
    {
      "loudness": -59.50193786621094,
      "loudness_range": 24.092010498046875,
      "low_freq": 12199.2666015625,
      "mid_mean": -59.20590591430664,
      "mid_to_side_loudness": -6.176161289215088,
      "mid_to_side_loudness_range": 11.786412239074707,
      "side_mean": -63.46293640136719
    }
  ],
  "bandwidth": 602.9508056640625,
  "channels": 2,
  "covariance": [
    [
      22.898923873901367,
      15.06222152709961,
      11.526594161987305,
      12.666743278503418,
      9.57359790802002,
      13.157459259033203,
      9.25216007232666,
      11.654651641845703,
      8.141539573669434,
      11.55057144165039,
      8.197720527648926,
      12.650703430175781,
      12.628551483154297,
      16.014699935913086,
      20.57828712463379,
      15.190107345581055,
      16.147804260253906,
      11.362622261047363
    ],
    [
      15.06222152709961,
      23.897445678710938,
      11.197112083435059,
      14.093710899353027,
      10.101276397705078,
      14.958324432373047,
      9.223373413085938,
      12.85937786102295,
      7.849050045013428,
      12.784810066223145,
      8.355278015136719,
      14.082244873046875,
      12.882804870605469,
      16.12510871887207,
      19.35000991821289,
      14.251635551452637,
      14.10834789276123,
      9.159149169921875
    ],
    [
      11.526594161987305,
      11.197112083435059,
      16.903079986572266,
      13.90747356414795,
      10.001575469970703,
      13.227716445922852,
      10.646036148071289,
      13.721338272094727,
      7.050438404083252,
      12.585508346557617,
      9.00790786743164,
      14.245376586914062,
      14.833734512329102,
      19.326955795288086,
      22.43315315246582,
      16.91868782043457,
      15.993475914001465,
      10.77447509765625
    ],
    [
      12.666743278503418,
      14.093710899353027,
      13.90747356414795,
      20.446868896484375,
      12.519465446472168,
      16.639158248901367,
      13.19479751586914,
      18.55486297607422,
      9.544303894042969,
      15.863582611083984,
      10.01517391204834,
      17.303264617919922,
      17.047428131103516,
      20.343299865722656,
      22.71041488647461,
      17.396230697631836,
      16.085134506225586,
      10.844794273376465
    ],
    [
      9.57359790802002,
      10.101276397705078,
      10.001575469970703,
      12.519465446472168,
      18.880393981933594,
      16.473608016967773,
      13.908281326293945,
      15.962247848510742,
      9.878288269042969,
      12.870698928833008,
      12.142508506774902,
      14.664849281311035,
      16.78508186340332,
      17.502498626708984,
      21.672422409057617,
      15.71678638458252,
      14.670475959777832,
      8.684553146362305
    ],
    [
      13.157459259033203,
      14.958324432373047,
      13.227716445922852,
      16.639158248901367,
      16.473608016967773,
      23.311752319335938,
      14.63167953491211,
      19.584613800048828,
      10.724337577819824,
      17.498817443847656,
      13.08310604095459,
      19.647443771362305,
      20.23715591430664,
      23.00577163696289,
      26.535015106201172,
      20.017780303955078,
      19.309581756591797,
      12.578377723693848
    ],
    [
      9.25216007232666,
      9.223373413085938,
      10.646036148071289,
      13.19479751586914,
      13.908281326293945,
      14.63167953491211,
      24.372419357299805,
      20.2760066986084,
      13.114134788513184,
      13.1144380569458,
      13.162281036376953,
      14.570276260375977,
      16.88785171508789,
      19.60808563232422,
      21.271486282348633,
      17.15903663635254,
      14.847386360168457,
      10.54595947265625
    ],
    [
      11.654651641845703,
      12.85937786102295,
      13.721338272094727,
      18.55486297607422,
      15.962247848510742,
      19.584613800048828,
      20.2760066986084,
      27.3648681640625,
      13.981127738952637,
      20.032596588134766,
      14.540793418884277,
      21.58357810974121,
      21.18570327758789,
      24.831281661987305,
      24.77210235595703,
      21.179489135742188,
      18.86297035217285,
      14.61135196685791
    ],
    [
      8.141539573669434,
      7.849050045013428,
      7.050438404083252,
      9.544303894042969,
      9.878288269042969,
      10.724337577819824,
      13.114134788513184,
      13.981127738952637,
      19.577495574951172,
      13.482474327087402,
      13.57712459564209,
      12.53934097290039,
      13.609596252441406,
      16.27678680419922,
      17.196060180664062,
      14.29139232635498,
      13.21340274810791,
      10.12708854675293
    ],
    [
      11.55057144165039,
      12.784810066223145,
      12.585508346557617,
      15.863582611083984,
      12.870698928833008,
      17.498817443847656,
      13.1144380569458,
      20.032596588134766,
      13.482474327087402,
      21.539030075073242,
      13.659504890441895,
      21.682037353515625,
      18.97515296936035,
      22.975393295288086,
      22.804166793823242,
      19.413232803344727,
      17.938833236694336,
      13.925270080566406
    ],
    [
      8.197720527648926,
      8.355278015136719,
      9.00790786743164,
      10.01517391204834,
      12.142508506774902,
      13.08310604095459,
      13.162281036376953,
      14.540793418884277,
      13.57712459564209,
      13.659504890441895,
      21.08709716796875,
      17.049787521362305,
      19.988452911376953,
      18.716205596923828,
      22.38735008239746,
      17.30953025817871,
      16.91375732421875,
      11.111047744750977
    ],
    [
      12.650703430175781,
      14.082244873046875,
      14.245376586914062,
      17.303264617919922,
      14.664849281311035,
      19.647443771362305,
      14.570276260375977,
      21.58357810974121,
      12.53934097290039,
      21.682037353515625,
      17.049787521362305,
      26.425981521606445,
      24.906085968017578,
      29.084720611572266,
      29.420969009399414,
      25.254711151123047,
      22.31710433959961,
      16.75084686279297
    ],
    [
      12.628551483154297,
      12.882804870605469,
      14.833734512329102,
      17.047428131103516,
      16.78508186340332,
      20.23715591430664,
      16.88785171508789,
      21.18570327758789,
      13.609596252441406,
      18.97515296936035,
      19.988452911376953,
      24.906085968017578,
      45.20437240600586,
      38.77437210083008,
      53.14916229248047,
      38.16199493408203,
      38.333953857421875,
      22.35986328125
    ],
    [
      16.014699935913086,
      16.12510871887207,
      19.326955795288086,
      20.343299865722656,
      17.502498626708984,
      23.00577163696289,
      19.60808563232422,
      24.831281661987305,
      16.27678680419922,
      22.975393295288086,
      18.716205596923828,
      29.084720611572266,
      38.77437210083008,
      63.08662033081055,
      67.19171142578125,
      55.109764099121094,
      49.5314826965332,
      36.34696960449219
    ],
    [
      20.57828712463379,
      19.35000991821289,
      22.43315315246582,
      22.71041488647461,
      21.672422409057617,
      26.535015106201172,
      21.271486282348633,
      24.77210235595703,
      17.196060180664062,
      22.804166793823242,
      22.38735008239746,
      29.420969009399414,
      53.14916229248047,
      67.19171142578125,
      98.9100112915039,
      64.64463806152344,
      69.26736450195312,
      39.2187385559082
    ],
    [
      15.190107345581055,
      14.251635551452637,
      16.91868782043457,
      17.396230697631836,
      15.71678638458252,
      20.017780303955078,
      17.15903663635254,
      21.179489135742188,
      14.29139232635498,
      19.413232803344727,
      17.30953025817871,
      25.254711151123047,
      38.16199493408203,
      55.109764099121094,
      64.64463806152344,
      51.963199615478516,
      48.83232116699219,
      34.989593505859375
    ],
    [
      16.147804260253906,
      14.10834789276123,
      15.993475914001465,
      16.085134506225586,
      14.670475959777832,
      19.309581756591797,
      14.847386360168457,
      18.86297035217285,
      13.21340274810791,
      17.938833236694336,
      16.91375732421875,
      22.31710433959961,
      38.333953857421875,
      49.5314826965332,
      69.26736450195312,
      48.83232116699219,
      57.198646545410156,
      36.81549072265625
    ],
    [
      11.362622261047363,
      9.159149169921875,
      10.77447509765625,
      10.844794273376465,
      8.684553146362305,
      12.578377723693848,
      10.54595947265625,
      14.61135196685791,
      10.12708854675293,
      13.925270080566406,
      11.111047744750977,
      16.75084686279297,
      22.35986328125,
      36.34696960449219,
      39.2187385559082,
      34.989593505859375,
      36.81549072265625,
      31.812740325927734
    ]
  ],
  "covariance_short": [
    [
      53.188995361328125,
      22.81730079650879,
      15.283039093017578,
      17.94813346862793,
      12.75357723236084,
      17.221479415893555,
      11.691841125488281,
      16.54254722595215,
      10.279838562011719,
      16.518592834472656,
      11.478039741516113,
      19.926082611083984,
      19.650678634643555,
      22.339611053466797,
      26.940059661865234,
      19.518278121948242,
      20.63553237915039,
      13.428369522094727
    ],
    [
      22.81730079650879,
      56.83516311645508,
      15.468260765075684,
      18.61722755432129,
      14.105879783630371,
      17.979331970214844,
      13.290522575378418,
      16.75130271911621,
      13.280959129333496,
      17.310022354125977,
      12.004328727722168,
      21.298809051513672,
      19.544658660888672,
      38.91267395019531,
      42.88095474243164,
      30.53740882873535,
      28.077499389648438,
      17.084026336669922
    ],
    [
      15.283039093017578,
      15.468260765075684,
      22.59543800354004,
      16.549222946166992,
      13.004377365112305,
      15.503750801086426,
      11.520267486572266,
      16.718069076538086,
      8.590435981750488,
      15.438441276550293,
      10.497099876403809,
      17.777379989624023,
      16.3173828125,
      21.174528121948242,
      23.19647789001465,
      17.967761993408203,
      17.394508361816406,
      12.475117683410645
    ],
    [
      17.94813346862793,
      18.61722755432129,
      16.549222946166992,
      30.10350227355957,
      16.7001895904541,
      23.140825271606445,
      14.671496391296387,
      25.399057388305664,
      10.600543022155762,
      21.180025100708008,
      11.71741771697998,
      24.153972625732422,
      19.78209114074707,
      24.346588134765625,
      26.013486862182617,
      20.111038208007812,
      19.565671920776367,
      13.659746170043945
    ],
    [
      12.75357723236084,
      14.105879783630371,
      13.004377365112305,
      16.7001895904541,
      28.63172721862793,
      22.998390197753906,
      16.55301856994629,
      21.957359313964844,
      12.5328369140625,
      18.683635711669922,
      15.706154823303223,
      21.89373779296875,
      21.32506561279297,
      23.7576961517334,
      27.383634567260742,
      20.719785690307617,
      19.598907470703125,
      13.142038345336914
    ],
    [
      17.221479415893555,
      17.979331970214844,
      15.503750801086426,
      23.140825271606445,
      22.998390197753906,
      36.99411392211914,
      17.652843475341797,
      30.368824005126953,
      12.691802978515625,
      25.899776458740234,
      16.350692749023438,
      28.830917358398438,
      25.919597625732422,
      29.78837776184082,
      32.70054626464844,
      25.190086364746094,
      24.838638305664062,
      16.754594802856445
    ],
    [
      11.691841125488281,
      13.290522575378418,
      11.520267486572266,
      14.671496391296387,
      16.55301856994629,
      17.652843475341797,
      33.483482360839844,
      26.1947021484375,
      17.103219985961914,
      17.571882247924805,
      18.11798095703125,
      20.977622985839844,
      22.22616195678711,
      25.36326789855957,
      26.567838668823242,
      22.030864715576172,
      19.16017723083496,
      14.618813514709473
    ],
    [
      16.54254722595215,
      16.75130271911621,
      16.718069076538086,
      25.399057388305664,
      21.957359313964844,
      30.368824005126953,
      26.1947021484375,
      44.35964584350586,
      18.086116790771484,
      31.606035232543945,
      19.554149627685547,
      33.18793487548828,
      28.294748306274414,
      34.44977569580078,
      33.215518951416016,
      28.964181900024414,
      26.593584060668945,
      21.352251052856445
    ],
    [
      10.279838562011719,
      13.280959129333496,
      8.590435981750488,
      10.600543022155762,
      12.5328369140625,
      12.691802978515625,
      17.103219985961914,
      18.086116790771484,
      28.28719139099121,
      20.264934539794922,
      19.262012481689453,
      19.437847137451172,
      19.828319549560547,
      22.250770568847656,
      22.544288635253906,
      19.050439834594727,
      17.253679275512695,
      13.989749908447266
    ],
    [
      16.518592834472656,
      17.310022354125977,
      15.438441276550293,
      21.180025100708008,
      18.683635711669922,
      25.899776458740234,
      17.571882247924805,
      31.606035232543945,
      20.264934539794922,
      37.310508728027344,
      19.914535522460938,
      34.22248840332031,
      28.302227020263672,
      33.330562591552734,
      30.844696044921875,
      27.615890502929688,
      25.553556442260742,
      21.16219139099121
    ],
    [
      11.478039741516113,
      12.004328727722168,
      10.497099876403809,
      11.71741771697998,
      15.706154823303223,
      16.350692749023438,
      18.11798095703125,
      19.554149627685547,
      19.262012481689453,
      19.914535522460938,
      32.0527229309082,
      26.239381790161133,
      28.432220458984375,
      27.2093563079834,
      30.81687355041504,
      24.14668083190918,
      23.433103561401367,
      16.388607025146484
    ],
    [
      19.926082611083984,
      21.298809051513672,
      17.777379989624023,
      24.153972625732422,
      21.89373779296875,
      28.830917358398438,
      20.977622985839844,
      33.18793487548828,
      19.437847137451172,
      34.22248840332031,
      26.239381790161133,
      45.43470001220703,
      38.003971099853516,
      45.053138732910156,
      42.761810302734375,
      38.182376861572266,
      33.826107025146484,
      27.031558990478516
    ],
    [
      19.650678634643555,
      19.544658660888672,
      16.3173828125,
      19.78209114074707,
      21.32506561279297,
      25.919597625732422,
      22.22616195678711,
      28.294748306274414,
      19.828319549560547,
      28.302227020263672,
      28.432220458984375,
      38.003971099853516,
      66.37884521484375,
      58.75711441040039,
      73.90625762939453,
      55.60442352294922,
      57.01398468017578,
      36.650115966796875
    ],
    [
      22.339611053466797,
      38.91267395019531,
      21.174528121948242,
      24.346588134765625,
      23.7576961517334,
      29.78837776184082,
      25.36326789855957,
      34.44977569580078,
      22.250770568847656,
      33.330562591552734,
      27.2093563079834,
      45.053138732910156,
      58.75711441040039,
      82.80017852783203,
      81.23603057861328,
      72.06034851074219,
      62.15782165527344,
      49.34104919433594
    ],
    [
      26.940059661865234,
      42.88095474243164,
      23.19647789001465,
      26.013486862182617,
      27.383634567260742,
      32.70054626464844,
      26.567838668823242,
      33.215518951416016,
      22.544288635253906,
      30.844696044921875,
      30.81687355041504,
      42.761810302734375,
      73.90625762939453,
      81.23603057861328,
      119.00657653808594,
      79.1584243774414,
      85.63557434082031,
      49.36064529418945
    ],
    [
      19.518278121948242,
      30.53740882873535,
      17.967761993408203,
      20.111038208007812,
      20.719785690307617,
      25.190086364746094,
      22.030864715576172,
      28.964181900024414,
      19.050439834594727,
      27.615890502929688,
      24.14668083190918,
      38.182376861572266,
      55.60442352294922,
      72.06034851074219,
      79.1584243774414,
      69.30693817138672,
      62.049102783203125,
      48.26897048950195
    ],
    [
      20.63553237915039,
      28.077499389648438,
      17.394508361816406,
      19.565671920776367,
      19.598907470703125,
      24.838638305664062,
      19.16017723083496,
      26.593584060668945,
      17.253679275512695,
      25.553556442260742,
      23.433103561401367,
      33.826107025146484,
      57.01398468017578,
      62.15782165527344,
      85.63557434082031,
      62.049102783203125,
      73.85845947265625,
      47.97215270996094
    ],
    [
      13.428369522094727,
      17.084026336669922,
      12.475117683410645,
      13.659746170043945,
      13.142038345336914,
      16.754594802856445,
      14.618813514709473,
      21.352251052856445,
      13.989749908447266,
      21.16219139099121,
      16.388607025146484,
      27.031558990478516,
      36.650115966796875,
      49.34104919433594,
      49.36064529418945,
      48.26897048950195,
      47.97215270996094,
      43.59797668457031
    ]
  ],
  "damage": -19.852819442749023,
  "diff_bandwidth": 620.5523071289062,
  "dissonance": 9.141608533943026,
  "drr": 14.365339279174805,
  "dynamics": 2.6322522163391113,
  "format": 1245190,
  "frames": 13413456,
  "freq_pan_to_db": [
    [
      -38.11265182495117,
      -36.591678619384766,
      -33.99742889404297,
      -30.74844741821289,
      -28.497211456298828,
      -29.89592933654785,
      -32.098819732666016,
      -33.296112060546875,
      -34.666481018066406,
      -36.57594680786133,
      -37.860408782958984
    ],
    [
      -30.887874603271484,
      -29.134178161621094,
      -27.251550674438477,
      -25.558977127075195,
      -21.883968353271484,
      -21.795141220092773,
      -25.4835205078125,
      -26.83903694152832,
      -28.114877700805664,
      -30.056011199951172,
      -30.90174674987793
    ],
    [
      -28.885051727294922,
      -27.689693450927734,
      -25.755725860595703,
      -23.8521728515625,
      -22.685976028442383,
      -23.129478454589844,
      -24.390193939208984,
      -25.66824722290039,
      -26.3759822845459,
      -27.779842376708984,
      -28.753952026367188
    ],
    [
      -30.336380004882812,
      -29.320100784301758,
      -28.381301879882812,
      -27.24431610107422,
      -26.055994033813477,
      -25.93437385559082,
      -25.895017623901367,
      -27.022037506103516,
      -28.17751121520996,
      -29.55291175842285,
      -30.48436737060547
    ],
    [
      -31.273590087890625,
      -31.255233764648438,
      -30.096296310424805,
      -29.629451751708984,
      -28.890052795410156,
      -28.783397674560547,
      -27.464502334594727,
      -27.943347930908203,
      -29.308313369750977,
      -30.486024856567383,
      -30.933000564575195
    ],
    [
      -31.657817840576172,
      -30.5085506439209,
      -29.28233528137207,
      -28.116926193237305,
      -27.091520309448242,
      -27.615385055541992,
      -28.613101959228516,
      -30.01512336730957,
      -31.298564910888672,
      -32.2155876159668,
      -33.00985336303711
    ],
    [
      -32.13779067993164,
      -31.693666458129883,
      -30.262798309326172,
      -28.930479049682617,
      -27.774259567260742,
      -28.184640884399414,
      -28.52882194519043,
      -29.974565505981445,
      -31.58660125732422,
      -33.086002349853516,
      -33.60731887817383
    ],
    [
      -31.792341232299805,
      -31.851682662963867,
      -31.112340927124023,
      -30.004863739013672,
      -28.854549407958984,
      -28.01974868774414,
      -26.035402297973633,
      -27.98408317565918,
      -30.10331153869629,
      -30.285701751708984,
      -30.637767791748047
    ],
    [
      -31.884902954101562,
      -31.882431030273438,
      -30.562541961669922,
      -29.252248764038086,
      -28.18385124206543,
      -27.710922241210938,
      -26.401695251464844,
      -27.77984046936035,
      -30.187108993530273,
      -31.227590560913086,
      -31.45496940612793
    ],
    [
      -31.555036544799805,
      -31.779932022094727,
      -30.620441436767578,
      -27.63066291809082,
      -27.24068832397461,
      -28.446094512939453,
      -29.471559524536133,
      -30.530981063842773,
      -31.870332717895508,
      -33.2281608581543,
      -33.9575309753418
    ],
    [
      -33.80854797363281,
      -34.25959396362305,
      -33.66876220703125,
      -32.157100677490234,
      -30.22922706604004,
      -28.62278938293457,
      -30.34939956665039,
      -31.775108337402344,
      -33.290199279785156,
      -33.98682403564453,
      -33.3984489440918
    ],
    [
      -35.177711486816406,
      -34.99137878417969,
      -34.84967041015625,
      -34.912689208984375,
      -32.58684158325195,
      -31.411020278930664,
      -31.14984893798828,
      -32.348663330078125,
      -34.12129211425781,
      -35.78436279296875,
      -34.679893493652344
    ],
    [
      -34.93703842163086,
      -36.3443603515625,
      -36.80936050415039,
      -35.545867919921875,
      -31.660137176513672,
      -30.39324188232422,
      -31.952455520629883,
      -33.35502243041992,
      -34.81474304199219,
      -34.724395751953125,
      -33.68268966674805
    ],
    [
      -32.64167785644531,
      -35.215065002441406,
      -35.38533020019531,
      -32.55928421020508,
      -29.55514907836914,
      -29.453001022338867,
      -31.88681411743164,
      -34.55109405517578,
      -34.61485290527344,
      -35.313262939453125,
      -35.472412109375
    ],
    [
      -32.34564208984375,
      -33.61250305175781,
      -33.959468841552734,
      -32.414024353027344,
      -30.84970474243164,
      -32.3626594543457,
      -34.16912078857422,
      -35.65160369873047,
      -34.57890701293945,
      -36.34841537475586,
      -36.7554931640625
    ],
    [
      -32.78432083129883,
      -33.66152572631836,
      -34.39029312133789,
      -32.747432708740234,
      -33.66077423095703,
      -33.38353729248047,
      -34.96377182006836,
      -34.73026657104492,
      -33.78459548950195,
      -34.610565185546875,
      -36.471771240234375
    ],
    [
      -32.28813171386719,
      -33.85146713256836,
      -35.999603271484375,
      -34.482845306396484,
      -34.95293426513672,
      -34.737205505371094,
      -36.26869583129883,
      -34.61214828491211,
      -34.53678512573242,
      -34.4942512512207,
      -36.601070404052734
    ],
    [
      -31.31178855895996,
      -32.962764739990234,
      -34.93193817138672,
      -34.9228515625,
      -32.45878601074219,
      -33.738319396972656,
      -35.05940628051758,
      -33.98714065551758,
      -33.45298385620117,
      -33.65518569946289,
      -35.02578353881836
    ],
    [
      -33.73212814331055,
      -33.11012649536133,
      -34.39112091064453,
      -34.30506896972656,
      -32.10581970214844,
      -33.682918548583984,
      -35.64835739135742,
      -34.00133514404297,
      -33.85499954223633,
      -35.210533142089844,
      -37.437381744384766
    ],
    [
      -36.781761169433594,
      -36.103179931640625,
      -36.56596755981445,
      -36.88632583618164,
      -34.429054260253906,
      -35.75820541381836,
      -37.50151824951172,
      -37.131813049316406,
      -36.737545013427734,
      -36.96989440917969,
      -35.05532455444336
    ],
    [
      -38.698429107666016,
      -34.54609298706055,
      -37.12581253051758,
      -37.305049896240234,
      -36.29479217529297,
      -36.58651351928711,
      -38.6007194519043,
      -37.3050651550293,
      -38.611061096191406,
      -39.419189453125,
      -39.08462905883789
    ],
    [
      -36.68315124511719,
      -38.259117126464844,
      -36.013267517089844,
      -37.805625915527344,
      -36.52091598510742,
      -36.42097854614258,
      -39.578922271728516,
      -36.803550720214844,
      -39.11030960083008,
      -39.75513458251953,
      -42.22036361694336
    ],
    [
      -38.070762634277344,
      -38.011722564697266,
      -38.91806411743164,
      -39.38031005859375,
      -37.94073486328125,
      -36.93325424194336,
      -38.84281539916992,
      -39.31066131591797,
      -39.51278305053711,
      -38.878822326660156,
      -39.36038589477539
    ],
    [
      -37.65158462524414,
      -38.537261962890625,
      -38.74874496459961,
      -39.1455192565918,
      -38.43712615966797,
      -36.730690002441406,
      -38.796783447265625,
      -39.56319808959961,
      -39.68770980834961,
      -39.38389587402344,
      -40.6175537109375
    ],
    [
      -112.1107177734375,
      -41.26156997680664,
      -41.08232498168945,
      -40.477413177490234,
      -40.47242736816406,
      -39.56167221069336,
      -41.03926086425781,
      -40.88905715942383,
      -41.26188659667969,
      -42.126075744628906,
      -42.27062225341797
    ],
    [
      -42.75143814086914,
      -41.7093505859375,
      -42.3271369934082,
      -41.30803680419922,
      -41.019439697265625,
      -41.44572830200195,
      -42.09873580932617,
      -42.304691314697266,
      -42.03397750854492,
      -43.421485900878906,
      -41.673667907714844
    ],
    [
      -49.37608337402344,
      -43.215858459472656,
      -43.27728271484375,
      -43.574607849121094,
      -42.89962387084961,
      -42.48714065551758,
      -45.09183120727539,
      -44.614139556884766,
      -43.731624603271484,
      -44.51044845581055,
      -46.70258331298828
    ],
    [
      -48.96015167236328,
      -42.9734992980957,
      -43.35550308227539,
      -43.92329406738281,
      -44.441802978515625,
      -44.74906921386719,
      -46.89153289794922,
      -45.67731475830078,
      -45.21073913574219,
      -45.23219680786133,
      -45.27290344238281
    ],
    [
      -46.02134323120117,
      -44.25630569458008,
      -44.534053802490234,
      -45.38875198364258,
      -45.86648941040039,
      -45.73599624633789,
      -47.778465270996094,
      -46.5128288269043,
      -45.58800506591797,
      -45.54884338378906,
      -47.40983581542969
    ],
    [
      -49.31576156616211,
      -47.11773681640625,
      -45.957820892333984,
      -46.76676940917969,
      -47.2379035949707,
      -45.4619255065918,
      -46.12566375732422,
      -47.41204071044922,
      -46.72620391845703,
      -46.7073860168457,
      -48.10915756225586
    ],
    [
      -50.0633544921875,
      -48.45246887207031,
      -47.300994873046875,
      -47.30731201171875,
      -47.69969177246094,
      -44.979774475097656,
      -45.096031188964844,
      -46.93901062011719,
      -48.5309944152832,
      -48.43360900878906,
      -46.31974792480469
    ],
    [
      -370,
      -47.948768615722656,
      -48.399871826171875,
      -48.33540344238281,
      -48.52113723754883,
      -44.8380241394043,
      -47.6085205078125,
      -50.23127365112305,
      -49.50461959838867,
      -49.430301666259766,
      -370
    ],
    [
      -103.91746520996094,
      -51.723575592041016,
      -48.30760955810547,
      -48.975677490234375,
      -48.92893600463867,
      -45.08429718017578,
      -49.47032165527344,
      -52.49192428588867,
      -51.939273834228516,
      -47.14040756225586,
      -51.81908416748047
    ],
    [
      -69.1519775390625,
      -55.74405288696289,
      -52.76154708862305,
      -51.077388763427734,
      -50.21205139160156,
      -45.01392364501953,
      -50.163883209228516,
      -54.42970275878906,
      -56.180381774902344,
      -57.22496032714844,
      -44.297401428222656
    ],
    [
      -370,
      -59.93207550048828,
      -54.97528839111328,
      -52.92372131347656,
      -51.45054626464844,
      -45.6323356628418,
      -49.57640075683594,
      -46.661407470703125,
      -54.00788497924805,
      -52.534488677978516,
      -49.64601135253906
    ],
    [
      -370,
      -58.819149017333984,
      -57.30054473876953,
      -55.744873046875,
      -54.518043518066406,
      -47.98588562011719,
      -51.00600814819336,
      -45.71857833862305,
      -52.894100189208984,
      -49.91196823120117,
      -43.121253967285156
    ],
    [
      -370,
      -59.85039520263672,
      -57.52296829223633,
      -56.80440139770508,
      -55.492801666259766,
      -49.55244445800781,
      -53.48961639404297,
      -50.87107849121094,
      -53.36463165283203,
      -50.33924865722656,
      -49.14027404785156
    ],
    [
      -89.99153137207031,
      -61.57914352416992,
      -60.59330368041992,
      -58.60144805908203,
      -56.40803527832031,
      -51.94908905029297,
      -56.37997817993164,
      -55.05958938598633,
      -53.04773712158203,
      -49.684059143066406,
      -45.994998931884766
    ],
    [
      -370,
      -61.86137771606445,
      -61.26884841918945,
      -59.14668273925781,
      -58.03398132324219,
      -54.62705993652344,
      -57.476234436035156,
      -56.19279479980469,
      -54.15563201904297,
      -50.076622009277344,
      -60.3961296081543
    ],
    [
      -66.67909240722656,
      -60.56134033203125,
      -59.69160842895508,
      -61.259437561035156,
      -60.914371490478516,
      -56.41908264160156,
      -56.508567810058594,
      -52.0543098449707,
      -54.108802795410156,
      -52.21772766113281,
      -60.6640510559082
    ],
    [
      -62.9835319519043,
      -60.610511779785156,
      -60.57862854003906,
      -60.781036376953125,
      -60.78110885620117,
      -59.118621826171875,
      -60.14406204223633,
      -57.66316223144531,
      -59.674835205078125,
      -55.94934844970703,
      -56.877079010009766
    ],
    [
      -62.3673210144043,
      -62.55995559692383,
      -60.8708610534668,
      -61.028892517089844,
      -61.71756362915039,
      -61.928314208984375,
      -63.256195068359375,
      -61.520668029785156,
      -59.34378433227539,
      -55.92182159423828,
      -56.345272064208984
    ]
  ],
  "histogram": [
    {
      "db": -70,
      "frequency": 3
    },
    {
      "db": -69,
      "frequency": 5
    },
    {
      "db": -68,
      "frequency": 0
    },
    {
      "db": -67,
      "frequency": 5
    },
    {
      "db": -66,
      "frequency": 5
    },
    {
      "db": -65,
      "frequency": 1
    },
    {
      "db": -64,
      "frequency": 4
    },
    {
      "db": -63,
      "frequency": 5
    },
    {
      "db": -62,
      "frequency": 5
    },
    {
      "db": -61,
      "frequency": 5
    },
    {
      "db": -60,
      "frequency": 4
    },
    {
      "db": -59,
      "frequency": 1
    },
    {
      "db": -58,
      "frequency": 5
    },
    {
      "db": -57,
      "frequency": 5
    },
    {
      "db": -56,
      "frequency": 5
    },
    {
      "db": -55,
      "frequency": 5
    },
    {
      "db": -54,
      "frequency": 5
    },
    {
      "db": -53,
      "frequency": 5
    },
    {
      "db": -52,
      "frequency": 6
    },
    {
      "db": -51,
      "frequency": 7
    },
    {
      "db": -50,
      "frequency": 12
    },
    {
      "db": -49,
      "frequency": 4
    },
    {
      "db": -48,
      "frequency": 1
    },
    {
      "db": -47,
      "frequency": 3
    },
    {
      "db": -46,
      "frequency": 1
    },
    {
      "db": -45,
      "frequency": 1
    },
    {
      "db": -44,
      "frequency": 5
    },
    {
      "db": -43,
      "frequency": 22
    },
    {
      "db": -42,
      "frequency": 11
    },
    {
      "db": -41,
      "frequency": 14
    },
    {
      "db": -40,
      "frequency": 7
    },
    {
      "db": -39,
      "frequency": 5
    },
    {
      "db": -38,
      "frequency": 4
    },
    {
      "db": -37,
      "frequency": 8
    },
    {
      "db": -36,
      "frequency": 7
    },
    {
      "db": -35,
      "frequency": 1
    },
    {
      "db": -34,
      "frequency": 6
    },
    {
      "db": -33,
      "frequency": 12
    },
    {
      "db": -32,
      "frequency": 16
    },
    {
      "db": -31,
      "frequency": 14
    },
    {
      "db": -30,
      "frequency": 22
    },
    {
      "db": -29,
      "frequency": 83
    },
    {
      "db": -28,
      "frequency": 65
    },
    {
      "db": -27,
      "frequency": 143
    },
    {
      "db": -26,
      "frequency": 434
    },
    {
      "db": -25,
      "frequency": 691
    },
    {
      "db": -24,
      "frequency": 444
    },
    {
      "db": -23,
      "frequency": 317
    },
    {
      "db": -22,
      "frequency": 227
    },
    {
      "db": -21,
      "frequency": 219
    },
    {
      "db": -20,
      "frequency": 58
    },
    {
      "db": -19,
      "frequency": 19
    },
    {
      "db": -18,
      "frequency": 0
    },
    {
      "db": -17,
      "frequency": 0
    },
    {
      "db": -16,
      "frequency": 0
    },
    {
      "db": -15,
      "frequency": 0
    },
    {
      "db": -14,
      "frequency": 0
    },
    {
      "db": -13,
      "frequency": 0
    },
    {
      "db": -12,
      "frequency": 0
    },
    {
      "db": -11,
      "frequency": 0
    },
    {
      "db": -10,
      "frequency": 0
    },
    {
      "db": -9,
      "frequency": 0
    },
    {
      "db": -8,
      "frequency": 0
    },
    {
      "db": -7,
      "frequency": 0
    },
    {
      "db": -6,
      "frequency": 0
    },
    {
      "db": -5,
      "frequency": 0
    },
    {
      "db": -4,
      "frequency": 0
    },
    {
      "db": -3,
      "frequency": 0
    },
    {
      "db": -2,
      "frequency": 0
    },
    {
      "db": -1,
      "frequency": 0
    },
    {
      "db": 0,
      "frequency": 0
    },
    {
      "db": 1,
      "frequency": 0
    },
    {
      "db": 2,
      "frequency": 0
    },
    {
      "db": 3,
      "frequency": 0
    },
    {
      "db": 4,
      "frequency": 0
    },
    {
