{
  "acoustic_entropy": 199.6492462158203,
  "bands": [
    {
      "high_freq": 148.1999969482422,
      "loudness": -35.07899475097656,
      "loudness_range": 9.84271240234375,
      "mid_mean": -31.787744522094727,
      "mid_to_side_loudness": -13.923728942871094,
      "mid_to_side_loudness_range": 11.305948257446289,
      "side_mean": -45.76092529296875
    },
    {
      "high_freq": 392.3793640136719,
      "loudness": -34.597259521484375,
      "loudness_range": 8.198266983032227,
      "low_freq": 148.1999969482422,
      "mid_mean": -31.63001823425293,
      "mid_to_side_loudness": -8.70860767364502,
      "mid_to_side_loudness_range": 7.210381507873535,
      "side_mean": -40.17611312866211
    },
    {
      "high_freq": 794.6976318359375,
      "loudness": -35.03877639770508,
      "loudness_range": 10.486297607421875,
      "low_freq": 392.3793640136719,
      "mid_mean": -32.07265090942383,
      "mid_to_side_loudness": -8.070199012756348,
      "mid_to_side_loudness_range": 7.118149280548096,
      "side_mean": -40.20920181274414
    },
    {
      "high_freq": 1457.5709228515625,
      "loudness": -37.4769172668457,
      "loudness_range": 12.316293716430664,
      "low_freq": 794.6976318359375,
      "mid_mean": -34.48099136352539,
      "mid_to_side_loudness": -8.835925102233887,
      "mid_to_side_loudness_range": 8.277376174926758,
      "side_mean": -43.1483268737793
    },
    {
      "high_freq": 2549.74365234375,
      "loudness": -37.252891540527344,
      "loudness_range": 9.963804244995117,
      "low_freq": 1457.5709228515625,
      "mid_mean": -34.33675003051758,
      "mid_to_side_loudness": -8.538270950317383,
      "mid_to_side_loudness_range": 9.575081825256348,
      "side_mean": -42.65290069580078
    },
    {
      "high_freq": 4349.24462890625,
      "loudness": -39.19626998901367,
      "loudness_range": 10.563770294189453,
      "low_freq": 2549.74365234375,
      "mid_mean": -36.21887969970703,
      "mid_to_side_loudness": -8.485490798950195,
      "mid_to_side_loudness_range": 8.585942268371582,
      "side_mean": -44.716896057128906
    },
    {
      "high_freq": 7314.1640625,
      "loudness": -44.49610900878906,
      "loudness_range": 17.959789276123047,
      "low_freq": 4349.24462890625,
      "mid_mean": -41.69288635253906,
      "mid_to_side_loudness": -7.995917320251465,
      "mid_to_side_loudness_range": 8.844012260437012,
      "side_mean": -50.89751052856445
    },
    {
      "high_freq": 12199.2666015625,
      "loudness": -48.82984924316406,
      "loudness_range": 21.439533233642578,
      "low_freq": 7314.1640625,
      "mid_mean": -46.90850830078125,
      "mid_to_side_loudness": -8.588150024414062,
      "mid_to_side_loudness_range": 10.997579574584961,
      "side_mean": -56.1202392578125
    },
    {
      "loudness": -56.49502182006836,
      "loudness_range": 18.85366439819336,
      "low_freq": 12199.2666015625,
      "mid_mean": -55.21955490112305,
      "mid_to_side_loudness": -7.280510902404785,
      "mid_to_side_loudness_range": 9.168587684631348,
      "side_mean": -61.16905975341797
    }
  ],
  "bands_short": [
    {
      "high_freq": 148.1999969482422,
      "loudness": -39.77058792114258,
      "loudness_range": 20.54324722290039,
      "mid_mean": -36.61688232421875,
      "mid_to_side_loudness": -14.06160831451416,
      "mid_to_side_loudness_range": 19.909706115722656,
      "side_mean": -52.039798736572266
    },
    {
      "high_freq": 392.3793640136719,
      "loudness": -34.32428741455078,
      "loudness_range": 10.837217330932617,
      "low_freq": 148.1999969482422,
      "mid_mean": -31.34335708618164,
      "mid_to_side_loudness": -9.480979919433594,
      "mid_to_side_loudness_range": 11.619863510131836,
      "side_mean": -40.47353744506836
    },
    {
      "high_freq": 794.6976318359375,
      "loudness": -35.92723846435547,
      "loudness_range": 12.932136535644531,
      "low_freq": 392.3793640136719,
      "mid_mean": -33.08773422241211,
      "mid_to_side_loudness": -8.353358268737793,
      "mid_to_side_loudness_range": 11.377033233642578,
      "side_mean": -41.19796371459961
    },
    {
      "high_freq": 1457.5709228515625,
      "loudness": -37.64280319213867,
      "loudness_range": 14.731277465820312,
      "low_freq": 794.6976318359375,
      "mid_mean": -34.7392578125,
      "mid_to_side_loudness": -9.437474250793457,
      "mid_to_side_loudness_range": 12.445623397827148,
      "side_mean": -43.8409309387207
    },
    {
      "high_freq": 2549.74365234375,
      "loudness": -37.93740463256836,
      "loudness_range": 13.403358459472656,
      "low_freq": 1457.5709228515625,
      "mid_mean": -35.04930877685547,
      "mid_to_side_loudness": -9.268769264221191,
      "mid_to_side_loudness_range": 12.386069297790527,
      "side_mean": -43.89403533935547
    },
    {
      "high_freq": 4349.24462890625,
      "loudness": -39.87614059448242,
      "loudness_range": 14.327156066894531,
      "low_freq": 2549.74365234375,
      "mid_mean": -36.96169662475586,
      "mid_to_side_loudness": -9.062406539916992,
      "mid_to_side_loudness_range": 11.454026222229004,
      "side_mean": -46.097476959228516
    },
    {
      "high_freq": 7314.1640625,
      "loudness": -46.19753646850586,
      "loudness_range": 22.689815521240234,
      "low_freq": 4349.24462890625,
      "mid_mean": -43.48912048339844,
      "mid_to_side_loudness": -8.405976295471191,
      "mid_to_side_loudness_range": 11.156011581420898,
      "side_mean": -52.890846252441406
    },
    {
      "high_freq": 12199.2666015625,
      "loudness": -50.11648178100586,
      "loudness_range": 25.217376708984375,
      "low_freq": 7314.1640625,
      "mid_mean": -50.72439956665039,
      "mid_to_side_loudness": -8.749099731445312,
      "mid_to_side_loudness_range": 12.50869369506836,
      "side_mean": -58.083946228027344
    },
    {
      "loudness": -58.3572998046875,
      "loudness_range": 24.294513702392578,
      "low_freq": 12199.2666015625,
      "mid_mean": -58.09638214111328,
      "mid_to_side_loudness": -7.855683326721191,
      "mid_to_side_loudness_range": 11.687054634094238,
      "side_mean": -63.49565887451172
    }
  ],
  "bandwidth": 642.0972900390625,
  "channels": 2,
  "covariance": [
    [
      22.75349235534668,
      15.089646339416504,
      11.608186721801758,
      12.4169340133667,
      9.347253799438477,
      12.768037796020508,
      8.969761848449707,
      11.034489631652832,
      7.920008659362793,
      11.327582359313965,
      8.009054183959961,
      12.454056739807129,
      12.008218765258789,
      16.38350486755371,
      17.941669464111328,
      15.25571060180664,
      17.12156105041504,
      11.257670402526855
    ],
    [
      15.089646339416504,
      23.712331771850586,
      11.162008285522461,
      13.789960861206055,
      9.88241958618164,
      14.575100898742676,
      9.02810001373291,
      12.230813980102539,
      7.818383693695068,
      12.61495590209961,
      8.255128860473633,
      13.936566352844238,
      12.455660820007324,
      16.40450668334961,
      16.405113220214844,
      14.248106956481934,
      14.78917407989502,
      9.027236938476562
    ],
    [
      11.608186721801758,
      11.162008285522461,
      16.824100494384766,
      13.817768096923828,
      9.876474380493164,
      12.977252960205078,
      10.49359130859375,
      13.297961235046387,
      7.044398307800293,
      12.492368698120117,
      9.019721031188965,
      14.206059455871582,
      14.584487915039062,
      19.730573654174805,
      18.53158950805664,
      16.966291427612305,
      16.825958251953125,
      10.638811111450195
    ],
    [
      12.4169340133667,
      13.789960861206055,
      13.817768096923828,
      20.113128662109375,
      12.292137145996094,
      16.353395462036133,
      12.938922882080078,
      17.881759643554688,
      9.474726676940918,
      15.628365516662598,
      9.898862838745117,
      17.124418258666992,
      16.60669708251953,
      20.566944122314453,
      20.613689422607422,
      17.322710037231445,
      16.702674865722656,
      10.632256507873535
    ],
    [
      9.347253799438477,
      9.88241958618164,
      9.876474380493164,
      12.292137145996094,
      18.7408504486084,
      16.223464965820312,
      13.8167724609375,
      15.632131576538086,
      9.81944751739502,
      12.722916603088379,
      12.006402969360352,
      14.519498825073242,
      16.337270736694336,
      17.631481170654297,
      20.498388290405273,
      15.610767364501953,
      15.054832458496094,
      8.45961856842041
    ],
    [
      12.768037796020508,
      14.575100898742676,
      12.977252960205078,
      16.353395462036133,
      16.223464965820312,
      22.835914611816406,
      14.415143013000488,
      19.102956771850586,
      10.693319320678711,
      17.3237361907959,
      12.941241264343262,
      19.512508392333984,
      19.74567413330078,
      23.154525756835938,
      23.830408096313477,
      19.842803955078125,
      19.8270263671875,
      12.301467895507812
    ],
    [
      8.969761848449707,
      9.02810001373291,
      10.49359130859375,
      12.938922882080078,
      13.8167724609375,
      14.415143013000488,
      23.783397674560547,
      19.788768768310547,
      12.95828914642334,
      12.96395492553711,
      12.96846866607666,
      14.450413703918457,
      16.470182418823242,
      19.54317855834961,
      19.008358001708984,
      16.909452438354492,
      15.180566787719727,
      10.248443603515625
    ],
    [
      11.034489631652832,
      12.230813980102539,
      13.297961235046387,
      17.881759643554688,
      15.632131576538086,
      19.102956771850586,
      19.788768768310547,
      26.6851863861084,
      13.784965515136719,
      19.446941375732422,
      14.176715850830078,
      21.073881149291992,
      20.700946807861328,
      24.808815002441406,
      23.33080291748047,
      20.959257125854492,
      19.328449249267578,
      14.326016426086426
    ],
    [
      7.920008659362793,
      7.818383693695068,
      7.044398307800293,
      9.474726676940918,
      9.81944751739502,
      10.693319320678711,
      12.95828914642334,
      13.784965515136719,
      19.650611877441406,
      13.528101921081543,
      13.377433776855469,
      12.563078880310059,
      13.145162582397461,
      16.679227828979492,
      14.27220344543457,
      14.447296142578125,
      13.978708267211914,
      10.10299301147461
    ],
    [
      11.327582359313965,
      12.61495590209961,
      12.492368698120117,
      15.628365516662598,
      12.722916603088379,
      17.3237361907959,
      12.96395492553711,
      19.446941375732422,
      13.528101921081543,
      21.384265899658203,
      13.577378273010254,
      21.584182739257812,
      18.47738265991211,
      23.40337562561035,
      20.72083854675293,
      19.531505584716797,
      18.76508331298828,
      13.841706275939941
    ],
    [
      8.009054183959961,
      8.255128860473633,
      9.019721031188965,
      9.898862838745117,
      12.006402969360352,
      12.941241264343262,
      12.96846866607666,
      14.176715850830078,
      13.377433776855469,
      13.577378273010254,
      20.872068405151367,
      17.041120529174805,
      19.653438568115234,
      19.07790756225586,
      21.39459228515625,
      17.46198272705078,
      17.608312606811523,
      11.044248580932617
    ],
    [
      12.454056739807129,
      13.936566352844238,
      14.206059455871582,
      17.124418258666992,
      14.519498825073242,
      19.512508392333984,
      14.450413703918457,
      21.073881149291992,
      12.563078880310059,
      21.584182739257812,
      17.041120529174805,
      26.473377227783203,
      24.612384796142578,
      29.774694442749023,
      27.61370849609375,
      25.553096771240234,
      23.378223419189453,
      16.713735580444336
    ],
    [
      12.008218765258789,
      12.455660820007324,
      14.584487915039062,
      16.60669708251953,
      16.337270736694336,
      19.74567413330078,
      16.470182418823242,
      20.700946807861328,
      13.145162582397461,
      18.47738265991211,
      19.653438568115234,
      24.612384796142578,
      45.16583251953125,
      39.18213653564453,
      52.67137908935547,
      38.20769119262695,
      39.315452575683594,
      22.10189437866211
    ],
    [
      16.38350486755371,
      16.40450668334961,
      19.730573654174805,
      20.566944122314453,
      17.631481170654297,
      23.154525756835938,
      19.54317855834961,
      24.808815002441406,
      16.679227828979492,
      23.40337562561035,
      19.07790756225586,
      29.774694442749023,
      39.18213653564453,
      67.18035125732422,
      45.750431060791016,
      57.33149719238281,
      54.07299041748047,
      37.316162109375
    ],
    [
      17.941669464111328,
      16.405113220214844,
      18.53158950805664,
      20.613689422607422,
      20.498388290405273,
      23.830408096313477,
      19.008358001708984,
      23.33080291748047,
      14.27220344543457,
      20.72083854675293,
      21.39459228515625,
      27.61370849609375,
      52.67137908935547,
      45.750431060791016,
      76.74278259277344,
      48.921531677246094,
      55.709571838378906,
      28.530715942382812
    ],
    [
      15.25571060180664,
      14.248106956481934,
      16.966291427612305,
      17.322710037231445,
      15.610767364501953,
      19.842803955078125,
      16.909452438354492,
      20.959257125854492,
      14.447296142578125,
      19.531505584716797,
      17.46198272705078,
      25.553096771240234,
      38.20769119262695,
      57.33149719238281,
      48.921531677246094,
      52.927879333496094,
      51.804473876953125,
      35.22096252441406
    ],
    [
      17.12156105041504,
      14.78917407989502,
      16.825958251953125,
      16.702674865722656,
      15.054832458496094,
      19.8270263671875,
      15.180566787719727,
      19.328449249267578,
      13.978708267211914,
      18.76508331298828,
      17.608312606811523,
      23.378223419189453,
      39.315452575683594,
      54.07299041748047,
      55.709571838378906,
      51.804473876953125,
      62.63579177856445,
      38.6142463684082
    ],
    [
      11.257670402526855,
      9.027236938476562,
      10.638811111450195,
      10.632256507873535,
      8.45961856842041,
      12.301467895507812,
      10.248443603515625,
      14.326016426086426,
      10.10299301147461,
      13.841706275939941,
      11.044248580932617,
      16.713735580444336,
      22.10189437866211,
      37.316162109375,
      28.530715942382812,
      35.22096252441406,
      38.6142463684082,
      31.81903648376465
    ]
  ],
  "covariance_short": [
    [
      52.936676025390625,
      22.794382095336914,
      15.018983840942383,
      17.65081024169922,
      12.536696434020996,
      16.858266830444336,
      11.423730850219727,
      16.20849609375,
      10.076818466186523,
      16.252700805664062,
      11.300688743591309,
      19.60292625427246,
      18.90842628479004,
      22.810894012451172,
      27.872217178344727,
      19.71187400817871,
      21.99234390258789,
      13.300698280334473
    ],
    [
      22.794382095336914,
      57.621883392333984,
      15.354663848876953,
      18.443130493164062,
      13.946304321289062,
      17.62470245361328,
      13.144673347473145,
      16.30431365966797,
      13.23682975769043,
      17.1319522857666,
      11.968836784362793,
      20.911924362182617,
      18.39302635192871,
      40.859222412109375,
      45.74675750732422,
      31.1075439453125,
      30.548919677734375,
      16.977909088134766
    ],
    [
      15.018983840942383,
      15.354663848876953,
      22.291187286376953,
      16.323091506958008,
      12.713598251342773,
      15.100550651550293,
      11.235895156860352,
      16.283432006835938,
      8.41185474395752,
      15.146448135375977,
      10.321544647216797,
      17.353614807128906,
      15.73109245300293,
      21.551345825195312,
      23.938676834106445,
      18.031625747680664,
      18.48374366760254,
      12.302668571472168
    ],
    [
      17.65081024169922,
      18.443130493164062,
      16.323091506958008,
      29.803115844726562,
      16.45275115966797,
      22.65793800354004,
      14.388127326965332,
      25.05451011657715,
      10.484176635742188,
      20.930923461914062,
      11.598969459533691,
      23.660839080810547,
      18.93828773498535,
      24.868196487426758,
      26.90425682067871,
      20.20314598083496,
      20.829790115356445,
      13.4708251953125
    ],
    [
      12.536696434020996,
      13.946304321289062,
      12.713598251342773,
      16.45275115966797,
      28.27007484436035,
      22.53871726989746,
      16.38528060913086,
      21.590404510498047,
      12.43664836883545,
      18.413293838500977,
      15.549089431762695,
      21.48277473449707,
      20.473299026489258,
      24.098613739013672,
      28.022470474243164,
      20.707611083984375,
      20.668598175048828,
      12.888069152832031
    ],
    [
      16.858266830444336,
      17.62470245361328,
      15.100550651550293,
      22.65793800354004,
      22.53871726989746,
      36.3365364074707,
      17.26324462890625,
      29.87643051147461,
      12.443755149841309,
      25.566608428955078,
      16.071428298950195,
      28.199771881103516,
      24.91503143310547,
      30.112611770629883,
      33.27864456176758,
      25.085174560546875,
      26.031400680541992,
      16.42679786682129
    ],
    [
      11.423730850219727,
      13.144673347473145,
      11.235895156860352,
      14.388127326965332,
      16.38528060913086,
      17.26324462890625,
      33.14602279663086,
      25.805818557739258,
      17.037452697753906,
      17.424442291259766,
      17.925634384155273,
      20.740970611572266,
      21.341032028198242,
      25.772462844848633,
      27.395000457763672,
      22.123411178588867,
      20.304019927978516,
      14.452496528625488
    ],
    [
      16.20849609375,
      16.30431365966797,
      16.283432006835938,
      25.05451011657715,
      21.590404510498047,
      29.87643051147461,
      25.805818557739258,
      43.87039566040039,
      17.794832229614258,
      31.327850341796875,
      19.33358383178711,
      32.62742614746094,
      27.487762451171875,
      34.890960693359375,
      34.01652526855469,
      29.02029037475586,
      28.050931930541992,
      21.13456916809082
    ],
    [
      10.076818466186523,
      13.23682975769043,
      8.41185474395752,
      10.484176635742188,
      12.43664836883545,
      12.443755149841309,
      17.037452697753906,
      17.794832229614258,
      28.24881935119629,
      20.183074951171875,
      19.050474166870117,
      19.190773010253906,
      18.802349090576172,
      22.799911499023438,
      23.59048843383789,
      19.265628814697266,
      18.448759078979492,
      13.9362211227417
    ],
    [
      16.252700805664062,
      17.1319522857666,
      15.146448135375977,
      20.930923461914062,
      18.413293838500977,
      25.566608428955078,
      17.424442291259766,
      31.327850341796875,
      20.183074951171875,
      37.18720245361328,
      19.862934112548828,
      34.002891540527344,
      27.63669776916504,
      34.10451889038086,
      32.00064468383789,
      27.92891502380371,
      27.192832946777344,
      21.113107681274414
    ],
    [
      11.300688743591309,
      11.968836784362793,
      10.321544647216797,
      11.598969459533691,
      15.549089431762695,
      16.071428298950195,
      17.925634384155273,
      19.33358383178711,
      19.050474166870117,
      19.862934112548828,
      31.82936668395996,
      26.13353157043457,
      27.86273193359375,
      27.973669052124023,
      32.024085998535156,
      24.551105499267578,
      24.95600128173828,
      16.398469924926758
    ],
    [
      19.60292625427246,
      20.911924362182617,
      17.353614807128906,
      23.660839080810547,
      21.48277473449707,
      28.199771881103516,
      20.740970611572266,
      32.62742614746094,
      19.190773010253906,
      34.002891540527344,
      26.13353157043457,
      45.00593185424805,
      37.133140563964844,
      45.92211151123047,
      44.045650482177734,
      38.48725509643555,
      35.846317291259766,
      26.87246322631836
    ],
    [
      18.90842628479004,
      18.39302635192871,
      15.73109245300293,
      18.93828773498535,
      20.473299026489258,
      24.91503143310547,
      21.341032028198242,
      27.487762451171875,
      18.802349090576172,
      27.63669776916504,
      27.86273193359375,
      37.133140563964844,
      65.94577026367188,
      59.28276824951172,
      75.13285827636719,
      55.834774017333984,
      59.702754974365234,
      36.40396499633789
    ],
    [
      22.810894012451172,
      40.859222412109375,
      21.551345825195312,
      24.868196487426758,
      24.098613739013672,
      30.112611770629883,
      25.772462844848633,
      34.890960693359375,
      22.799911499023438,
      34.10451889038086,
      27.973669052124023,
      45.92211151123047,
      59.28276824951172,
      87.70630645751953,
      87.53121185302734,
      74.85679626464844,
      68.19026184082031,
      50.372135162353516
    ],
    [
      27.872217178344727,
      45.74675750732422,
      23.938676834106445,
      26.90425682067871,
      28.022470474243164,
      33.27864456176758,
      27.395000457763672,
      34.01652526855469,
      23.59048843383789,
      32.00064468383789,
      32.024085998535156,
      44.045650482177734,
      75.13285827636719,
      87.53121185302734,
      127.62714385986328,
      83.07823944091797,
      93.88644409179688,
      50.92728042602539
    ],
    [
      19.71187400817871,
      31.1075439453125,
      18.031625747680664,
      20.20314598083496,
      20.707611083984375,
      25.085174560546875,
      22.123411178588867,
      29.02029037475586,
      19.265628814697266,
      27.92891502380371,
      24.551105499267578,
      38.48725509643555,
      55.834774017333984,
      74.85679626464844,
      83.07823944091797,
      70.74154663085938,
      66.63833618164062,
      48.575286865234375
    ],
    [
      21.99234390258789,
      30.548919677734375,
      18.48374366760254,
      20.829790115356445,
      20.668598175048828,
      26.031400680541992,
      20.304019927978516,
      28.050931930541992,
      18.448759078979492,
      27.192832946777344,
      24.95600128173828,
      35.846317291259766,
      59.702754974365234,
      68.19026184082031,
      93.88644409179688,
      66.63833618164062,
      82.09940338134766,
      50.52387619018555
    ],
    [
      13.300698280334473,
      16.977909088134766,
      12.302668571472168,
      13.4708251953125,
      12.888069152832031,
      16.42679786682129,
      14.452496528625488,
      21.13456916809082,
      13.9362211227417,
      21.113107681274414,
      16.398469924926758,
      26.87246322631836,
      36.40396499633789,
      50.372135162353516,
      50.92728042602539,
      48.575286865234375,
      50.52387619018555,
      43.50297546386719
    ]
  ],
  "damage": -20.24479866027832,
  "diff_bandwidth": 664.7415771484375,
  "dissonance": 9.420645665496165,
  "drr": 13.229344367980957,
  "dynamics": 2.6413166522979736,
  "format": 1245190,
  "frames": 13413456,
  "freq_pan_to_db": [
    [
      -37.94858932495117,
      -36.60184097290039,
      -33.617088317871094,
      -30.83258056640625,
      -28.865922927856445,
      -30.29644775390625,
      -32.37334442138672,
      -33.50739288330078,
      -34.82258224487305,
      -36.840335845947266,
      -37.6872444152832
    ],
    [
      -30.71649742126465,
      -29.25202751159668,
      -27.28811264038086,
      -25.556211471557617,
      -22.11282730102539,
      -22.210540771484375,
      -25.78491973876953,
      -27.020965576171875,
      -28.235511779785156,
      -29.99283790588379,
      -30.920724868774414
    ],
    [
      -28.80014991760254,
      -27.573104858398438,
      -25.929800033569336,
      -23.923553466796875,
      -23.07809829711914,
      -23.594768524169922,
      -24.730619430541992,
      -25.857589721679688,
      -26.432907104492188,
      -27.935461044311523,
      -28.64065170288086
    ],
    [
      -30.251623153686523,
      -29.443012237548828,
      -28.553260803222656,
      -27.334754943847656,
      -26.441741943359375,
      -26.375465393066406,
      -26.1629638671875,
      -27.212371826171875,
      -28.084789276123047,
      -29.623600006103516,
      -30.470949172973633
    ],
    [
      -31.557710647583008,
      -30.803813934326172,
      -30.50653839111328,
      -29.77235984802246,
      -29.18089485168457,
      -29.093278884887695,
      -27.840686798095703,
      -28.159963607788086,
      -29.242780685424805,
      -30.48958969116211,
      -30.82856559753418
    ],
    [
      -31.34731101989746,
      -30.20636749267578,
      -29.353382110595703,
      -28.140417098999023,
      -27.328458786010742,
      -27.901918411254883,
      -28.73960304260254,
      -30.021745681762695,
      -31.029193878173828,
      -32.186710357666016,
      -32.74176025390625
    ],
    [
      -31.756359100341797,
      -31.45744514465332,
      -30.18524742126465,
      -28.906335830688477,
      -27.940574645996094,
      -28.458791732788086,
      -28.69732666015625,
      -29.6829891204834,
      -31.35271453857422,
      -32.72514343261719,
      -33.21636962890625
    ],
    [
      -31.62581443786621,
      -31.456605911254883,
      -30.682796478271484,
      -29.922990798950195,
      -28.93668556213379,
      -28.231632232666016,
      -26.236406326293945,
      -27.82058334350586,
      -29.666852951049805,
      -30.323793411254883,
      -30.111419677734375
    ],
    [
      -31.24821662902832,
      -31.456256866455078,
      -30.17020606994629,
      -29.035724639892578,
      -28.154111862182617,
      -27.876874923706055,
      -26.613624572753906,
      -27.334882736206055,
      -29.66356086730957,
      -30.903921127319336,
      -30.861129760742188
    ],
    [
      -30.49531364440918,
      -31.53398323059082,
      -29.60015296936035,
      -27.37067413330078,
      -27.409423828125,
      -28.45580291748047,
      -29.314563751220703,
      -30.448850631713867,
      -31.373010635375977,
      -32.52283477783203,
      -33.453853607177734
    ],
    [
      -33.0321159362793,
      -33.567710876464844,
      -33.21347427368164,
      -31.676422119140625,
      -29.987083435058594,
      -28.470314025878906,
      -30.13706398010254,
      -31.315563201904297,
      -32.8525390625,
      -33.350311279296875,
      -32.80669403076172
    ],
    [
      -34.93037414550781,
      -34.68231201171875,
      -34.724021911621094,
      -34.423309326171875,
      -32.25481033325195,
      -31.178115844726562,
      -30.93276023864746,
      -31.70768165588379,
      -33.697566986083984,
      -35.46099090576172,
      -33.6089973449707
    ],
    [
      -35.30992126464844,
      -35.824134826660156,
      -35.855194091796875,
      -34.69765853881836,
      -31.18951416015625,
      -30.001649856567383,
      -31.473413467407227,
      -32.801605224609375,
      -34.33325958251953,
      -34.67205810546875,
      -33.630027770996094
    ],
    [
      -30.938282012939453,
      -34.55039596557617,
      -34.81120681762695,
      -32.040016174316406,
      -29.08203125,
      -28.980178833007812,
      -31.351274490356445,
      -33.698585510253906,
      -33.855953216552734,
      -34.77594757080078,
      -34.65449905395508
    ],
    [
      -31.553346633911133,
      -33.08781051635742,
      -33.620445251464844,
      -32.01247787475586,
      -30.2686710357666,
      -31.769826889038086,
      -33.51300048828125,
      -34.43144989013672,
      -33.52928924560547,
      -35.43809509277344,
      -34.984344482421875
    ],
    [
      -32.11494064331055,
      -33.052947998046875,
      -33.58811569213867,
      -32.09817886352539,
      -32.875946044921875,
      -32.714073181152344,
      -34.247093200683594,
      -33.99803924560547,
      -33.19529724121094,
      -34.033172607421875,
      -35.49075698852539
    ],
    [
      -31.607425689697266,
      -33.358821868896484,
      -35.66719055175781,
      -33.75547790527344,
      -34.335044860839844,
      -34.09532928466797,
      -35.61519241333008,
      -34.0207405090332,
      -33.922889709472656,
      -33.91915512084961,
      -35.624053955078125
    ],
    [
      -30.80367660522461,
      -32.5329475402832,
      -34.49589920043945,
      -34.369991302490234,
      -32.137733459472656,
      -33.35759735107422,
      -34.61878204345703,
      -33.62348175048828,
      -33.09046936035156,
      -33.10336685180664,
      -34.81032943725586
    ],
    [
      -32.81919860839844,
      -32.9654655456543,
      -34.39938735961914,
      -34.36058807373047,
      -32.06412887573242,
      -33.59573745727539,
      -35.42673873901367,
      -33.73489761352539,
      -33.75017547607422,
      -35.1528205871582,
      -37.15497970581055
    ],
    [
      -36.10984802246094,
      -36.082183837890625,
      -36.74992752075195,
      -37.128177642822266,
      -34.69424057006836,
      -35.99675750732422,
      -37.6356201171875,
      -37.3577880859375,
      -36.8302116394043,
      -37.32917785644531,
      -35.6168098449707
    ],
    [
      -35.74749755859375,
      -35.700565338134766,
      -37.59767532348633,
      -37.79569625854492,
      -36.71316909790039,
      -37.089576721191406,
      -39.00529479980469,
      -37.990013122558594,
      -39.108604431152344,
      -39.68498611450195,
      -40.09840393066406
    ],
    [
      -37.03129196166992,
      -38.56304168701172,
      -36.732444763183594,
      -38.330162048339844,
      -36.901214599609375,
      -36.95991897583008,
      -40.028663635253906,
      -37.388179779052734,
      -39.51502227783203,
      -40.054054260253906,
      -42.14680480957031
    ],
    [
      -39.91663360595703,
      -37.95878982543945,
      -38.928688049316406,
      -39.89288330078125,
      -38.28646469116211,
      -37.26264190673828,
      -39.09019088745117,
      -39.65073776245117,
      -39.850582122802734,
      -39.18503189086914,
      -39.47590637207031
    ],
    [
      -41.109107971191406,
      -38.64259719848633,
      -38.795650482177734,
      -38.973968505859375,
      -38.56684875488281,
      -36.77573776245117,
      -38.794273376464844,
      -39.61520767211914,
      -39.650211334228516,
      -39.39824295043945,
      -40.548789978027344
    ],
    [
      -370,
      -41.2056770324707,
      -41.04606628417969,
      -40.36942672729492,
      -40.27433395385742,
      -39.45161056518555,
      -40.85678482055664,
      -40.849586486816406,
      -41.171817779541016,
      -41.888893127441406,
      -41.62198257446289
    ],
    [
      -42.55707931518555,
      -41.74056625366211,
      -42.00136947631836,
      -41.120182037353516,
      -40.887027740478516,
      -41.24090576171875,
      -41.90028762817383,
      -41.99108123779297,
      -41.87858963012695,
      -42.994651794433594,
      -40.733543395996094
    ],
    [
      -49.0987434387207,
      -42.86368179321289,
      -43.011722564697266,
      -43.29985809326172,
      -42.63856887817383,
      -42.19102478027344,
      -44.84111404418945,
      -44.45942687988281,
      -43.224491119384766,
      -44.21804428100586,
      -44.521209716796875
    ],
    [
      -49.650081634521484,
      -42.10331726074219,
      -42.62065505981445,
      -42.97559356689453,
      -43.46432876586914,
      -43.88787841796875,
      -46.083091735839844,
      -44.7086067199707,
      -44.298301696777344,
      -44.13148880004883,
      -43.15564727783203
    ],
    [
      -47.34774398803711,
      -42.55253601074219,
      -42.8656005859375,
      -43.71235275268555,
      -44.0782470703125,
      -43.94523239135742,
      -46.243839263916016,
      -44.42459487915039,
      -43.674068450927734,
      -42.89676284790039,
      -370
    ],
    [
      -40.10651779174805,
      -45.52298355102539,
      -44.036766052246094,
      -44.67659378051758,
      -45.128875732421875,
      -43.514713287353516,
      -44.2078857421875,
      -45.4905891418457,
      -44.48322677612305,
      -44.40578079223633,
      -43.638580322265625
    ],
    [
      -370,
      -46.686553955078125,
      -44.61289596557617,
      -45.540977478027344,
      -45.413970947265625,
      -43.06693649291992,
      -42.888389587402344,
      -46.877689361572266,
      -45.94208526611328,
      -46.2401123046875,
      -43.67636489868164
    ],
    [
      -49.45183181762695,
      -47.349609375,
      -46.27035903930664,
      -46.2323112487793,
      -46.391326904296875,
      -42.929039001464844,
      -45.84934997558594,
      -48.691226959228516,
      -47.112911224365234,
      -45.858558654785156,
      -370
    ],
    [
      -370,
      -46.59998321533203,
      -46.07913589477539,
      -47.21102523803711,
      -47.0440788269043,
      -43.36653137207031,
      -47.89944076538086,
      -50.738197326660156,
      -48.57499313354492,
      -43.52265548706055,
      -370
    ],
    [
      -370,
      -55.01570129394531,
      -52.440494537353516,
      -50.00556182861328,
      -48.81278991699219,
      -43.66036605834961,
      -48.99649429321289,
      -54.08244705200195,
      -54.48469543457031,
      -53.52001953125,
      -370
    ],
    [
      -70.00332641601562,
      -67.65347290039062,
      -54.34665298461914,
      -52.22075653076172,
      -50.24077606201172,
      -44.29133224487305,
      -47.70090103149414,
      -45.56718444824219,
      -49.72870635986328,
      -50.876197814941406,
      -370
    ],
    [
      -370,
      -65.47801208496094,
      -56.710960388183594,
      -54.97325897216797,
      -52.98314666748047,
      -46.64559555053711,
      -48.482635498046875,
      -43.9544792175293,
      -51.31574249267578,
      -46.09710693359375,
      -370
    ],
    [
      -370,
      -57.098228454589844,
      -57.525577545166016,
      -55.71027755737305,
      -54.105735778808594,
      -48.2291145324707,
      -51.64133834838867,
      -49.41713333129883,
      -50.888221740722656,
      -47.65690612792969,
      -370
    ],
    [
      -370,
      -57.896217346191406,
      -59.498321533203125,
      -58.025115966796875,
      -55.313751220703125,
      -50.724422454833984,
      -54.97944259643555,
      -53.41239929199219,
      -51.282875061035156,
      -47.06074142456055,
      -50.214813232421875
    ],
    [
      -370,
      -61.988487243652344,
      -60.22344970703125,
      -58.608062744140625,
      -56.931007385253906,
      -53.57427215576172,
      -56.1613655090332,
      -54.32478332519531,
      -51.5860595703125,
      -49.324798583984375,
      -370
    ],
    [
      -370,
      -59.624900817871094,
      -58.9931755065918,
      -59.95756912231445,
      -59.960968017578125,
      -55.330379486083984,
      -54.25722885131836,
      -50.469390869140625,
      -54.68593978881836,
      -50.795372009277344,
      -370
    ],
    [
      -65.132568359375,
      -60.903133392333984,
      -59.411128997802734,
      -59.862552642822266,
      -59.504981994628906,
      -57.978084564208984,
      -58.53438186645508,
      -56.18421173095703,
      -57.95244598388672,
      -54.530765533447266,
      -57.59435272216797
    ],
    [
      -58.846099853515625,
      -62.04254150390625,
      -60.228904724121094,
      -60.192955017089844,
      -60.37821960449219,
      -60.65764617919922,
      -62.267601013183594,
      -60.064456939697266,
      -57.678985595703125,
      -54.65231704711914,
      -55.78377151489258
    ]
  ],
  "histogram": [
    {
      "db": -70,
      "frequency": 2
    },
    {
      "db": -69,
      "frequency": 4
    },
    {
      "db": -68,
      "frequency": 1
    },
    {
      "db": -67,
      "frequency": 5
    },
    {
      "db": -66,
      "frequency": 5
    },
    {
      "db": -65,
      "frequency": 1
    },
    {
      "db": -64,
      "frequency": 4
    },
    {
      "db": -63,
      "frequency": 5
    },
    {
      "db": -62,
      "frequency": 5
    },
    {
      "db": -61,
      "frequency": 5
    },
    {
      "db": -60,
      "frequency": 4
    },
    {
      "db": -59,
      "frequency": 1
    },
    {
      "db": -58,
      "frequency": 5
    },
    {
      "db": -57,
      "frequency": 5
    },
    {
      "db": -56,
      "frequency": 5
    },
    {
      "db": -55,
      "frequency": 5
    },
    {
      "db": -54,
      "frequency": 5
    },
    {
      "db": -53,
      "frequency": 5
    },
    {
      "db": -52,
      "frequency": 7
    },
    {
      "db": -51,
      "frequency": 6
    },
    {
      "db": -50,
      "frequency": 12
    },
    {
      "db": -49,
      "frequency": 4
    },
    {
      "db": -48,
      "frequency": 1
    },
    {
      "db": -47,
      "frequency": 3
    },
    {
      "db": -46,
      "frequency": 1
    },
    {
      "db": -45,
      "frequency": 2
    },
    {
      "db": -44,
      "frequency": 4
    },
    {
      "db": -43,
      "frequency": 22
    },
    {
      "db": -42,
      "frequency": 12
    },
    {
      "db": -41,
      "frequency": 13
    },
    {
      "db": -40,
      "frequency": 10
    },
    {
      "db": -39,
      "frequency": 2
    },
    {
      "db": -38,
      "frequency": 5
    },
    {
      "db": -37,
      "frequency": 8
    },
    {
      "db": -36,
      "frequency": 6
    },
    {
      "db": -35,
      "frequency": 1
    },
    {
      "db": -34,
      "frequency": 5
    },
    {
      "db": -33,
      "frequency": 13
    },
    {
      "db": -32,
      "frequency": 15
    },
    {
      "db": -31,
      "frequency": 14
    },
    {
      "db": -30,
      "frequency": 21
    },
    {
      "db": -29,
      "frequency": 77
    },
    {
      "db": -28,
      "frequency": 70
    },
    {
      "db": -27,
      "frequency": 145
    },
    {
      "db": -26,
      "frequency": 452
    },
    {
      "db": -25,
      "frequency": 661
    },
    {
      "db": -24,
      "frequency": 426
    },
    {
      "db": -23,
      "frequency": 323
    },
    {
      "db": -22,
      "frequency": 232
    },
    {
      "db": -21,
      "frequency": 231
    },
    {
      "db": -20,
      "frequency": 64
    },
    {
      "db": -19,
      "frequency": 21
    },
    {
      "db": -18,
      "frequency": 0
    },
    {
      "db": -17,
      "frequency": 0
    },
    {
      "db": -16,
      "frequency": 0
    },
    {
      "db": -15,
      "frequency": 0
    },
    {
      "db": -14,
      "frequency": 0
    },
    {
      "db": -13,
      "frequency": 0
    },
    {
      "db": -12,
      "frequency": 0
    },
    {
      "db": -11,
      "frequency": 0
    },
    {
      "db": -10,
      "frequency": 0
    },
    {
      "db": -9,
      "frequency": 0
    },
    {
      "db": -8,
      "frequency": 0
    },
    {
      "db": -7,
      "frequency": 0
    },
    {
      "db": -6,
      "frequency": 0
    },
    {
      "db": -5,
      "frequency": 0
    },
    {
      "db": -4,
      "frequency": 0
    },
    {
      "db": -3,
      "frequency": 0
    },
    {
      "db": -2,
      "frequency": 0
    },
    {
      "db": -1,
      "frequency": 0
    },
    {
      "db": 0,
      "frequency": 0
    },
    {
      "db": 1,
      "frequency": 0
    },
    {
      "db": 2,
      "frequency": 0
    },
    {
      "db": 3,
      "frequency": 0
    },
    {
      "db": 4,
      "frequency": 0
    },
    {
      "db": 5,
      "frequency": 0
    },
    {
      "db": 6,
      "frequency": 0
    },
    {
      "db": 7,
      "frequency": 0
    },
    {
      "db": 8,
      "frequency": 0
