{
  "acoustic_entropy": 199.60043334960938,
  "bands": [
    {
      "high_freq": 148.1999969482422,
      "loudness": -35.058223724365234,
      "loudness_range": 9.881839752197266,
      "mid_mean": -31.781280517578125,
      "mid_to_side_loudness": -13.947305679321289,
      "mid_to_side_loudness_range": 11.36914348602295,
      "side_mean": -45.77170944213867
    },
    {
      "high_freq": 392.3793640136719,
      "loudness": -34.59564208984375,
      "loudness_range": 8.255256652832031,
      "low_freq": 148.1999969482422,
      "mid_mean": -31.620407104492188,
      "mid_to_side_loudness": -8.711624145507812,
      "mid_to_side_loudness_range": 7.200413703918457,
      "side_mean": -40.16865158081055
    },
    {
      "high_freq": 794.6976318359375,
      "loudness": -35.05112838745117,
      "loudness_range": 10.58310317993164,
      "low_freq": 392.3793640136719,
      "mid_mean": -32.08503341674805,
      "mid_to_side_loudness": -8.068662643432617,
      "mid_to_side_loudness_range": 7.10035514831543,
      "side_mean": -40.2124137878418
    },
    {
      "high_freq": 1457.5709228515625,
      "loudness": -37.49155044555664,
      "loudness_range": 12.411266326904297,
      "low_freq": 794.6976318359375,
      "mid_mean": -34.495391845703125,
      "mid_to_side_loudness": -8.839548110961914,
      "mid_to_side_loudness_range": 8.335060119628906,
      "side_mean": -43.166751861572266
    },
    {
      "high_freq": 2549.74365234375,
      "loudness": -37.274784088134766,
      "loudness_range": 10.034893035888672,
      "low_freq": 1457.5709228515625,
      "mid_mean": -34.358795166015625,
      "mid_to_side_loudness": -8.539995193481445,
      "mid_to_side_loudness_range": 9.611466407775879,
      "side_mean": -42.677127838134766
    },
    {
      "high_freq": 4349.24462890625,
      "loudness": -39.212318420410156,
      "loudness_range": 10.682819366455078,
      "low_freq": 2549.74365234375,
      "mid_mean": -36.24082946777344,
      "mid_to_side_loudness": -8.497084617614746,
      "mid_to_side_loudness_range": 8.615753173828125,
      "side_mean": -44.75103759765625
    },
    {
      "high_freq": 7314.1640625,
      "loudness": -44.522708892822266,
      "loudness_range": 18.025188446044922,
      "low_freq": 4349.24462890625,
      "mid_mean": -41.707794189453125,
      "mid_to_side_loudness": -8.02150821685791,
      "mid_to_side_loudness_range": 8.860846519470215,
      "side_mean": -50.94329071044922
    },
    {
      "high_freq": 12199.2666015625,
      "loudness": -48.854190826416016,
      "loudness_range": 21.447818756103516,
      "low_freq": 7314.1640625,
      "mid_mean": -46.94233322143555,
      "mid_to_side_loudness": -8.631607055664062,
      "mid_to_side_loudness_range": 11.053190231323242,
      "side_mean": -56.18411636352539
    },
    {
      "loudness": -56.53428268432617,
      "loudness_range": 18.883628845214844,
      "low_freq": 12199.2666015625,
      "mid_mean": -55.245487213134766,
      "mid_to_side_loudness": -7.337127208709717,
      "mid_to_side_loudness_range": 9.3597412109375,
      "side_mean": -61.237144470214844
    }
  ],
  "bands_short": [
    {
      "high_freq": 148.1999969482422,
      "loudness": -39.794490814208984,
      "loudness_range": 20.659955978393555,
      "mid_mean": -36.63829040527344,
      "mid_to_side_loudness": -14.063798904418945,
      "mid_to_side_loudness_range": 19.918197631835938,
      "side_mean": -52.06499099731445
    },
    {
      "high_freq": 392.3793640136719,
      "loudness": -34.34718704223633,
      "loudness_range": 10.97065544128418,
      "low_freq": 148.1999969482422,
      "mid_mean": -31.367250442504883,
      "mid_to_side_loudness": -9.477901458740234,
      "mid_to_side_loudness_range": 11.613029479980469,
      "side_mean": -40.493675231933594
    },
    {
      "high_freq": 794.6976318359375,
      "loudness": -35.95022964477539,
      "loudness_range": 13.031244277954102,
      "low_freq": 392.3793640136719,
      "mid_mean": -33.10908889770508,
      "mid_to_side_loudness": -8.353795051574707,
      "mid_to_side_loudness_range": 11.380532264709473,
      "side_mean": -41.2195930480957
    },
    {
      "high_freq": 1457.5709228515625,
      "loudness": -37.66607666015625,
      "loudness_range": 14.846960067749023,
      "low_freq": 794.6976318359375,
      "mid_mean": -34.76274108886719,
      "mid_to_side_loudness": -9.441474914550781,
      "mid_to_side_loudness_range": 12.45103645324707,
      "side_mean": -43.87020492553711
    },
    {
      "high_freq": 2549.74365234375,
      "loudness": -37.96548843383789,
      "loudness_range": 13.466005325317383,
      "low_freq": 1457.5709228515625,
      "mid_mean": -35.073326110839844,
      "mid_to_side_loudness": -9.272872924804688,
      "mid_to_side_loudness_range": 12.35629653930664,
      "side_mean": -43.92878723144531
    },
    {
      "high_freq": 4349.24462890625,
      "loudness": -39.90659713745117,
      "loudness_range": 14.40341567993164,
      "low_freq": 2549.74365234375,
      "mid_mean": -36.9897346496582,
      "mid_to_side_loudness": -9.074492454528809,
      "mid_to_side_loudness_range": 11.451828002929688,
      "side_mean": -46.1426887512207
    },
    {
      "high_freq": 7314.1640625,
      "loudness": -46.227935791015625,
      "loudness_range": 22.759784698486328,
      "low_freq": 4349.24462890625,
      "mid_mean": -43.52005386352539,
      "mid_to_side_loudness": -8.426985740661621,
      "mid_to_side_loudness_range": 11.192646026611328,
      "side_mean": -52.939697265625
    },
    {
      "high_freq": 12199.2666015625,
      "loudness": -50.143863677978516,
      "loudness_range": 25.20891571044922,
      "low_freq": 7314.1640625,
      "mid_mean": -50.75279235839844,
      "mid_to_side_loudness": -8.781153678894043,
      "mid_to_side_loudness_range": 12.553327560424805,
      "side_mean": -58.14476776123047
    },
    {
      "loudness": -58.39132308959961,
      "loudness_range": 24.28830337524414,
      "low_freq": 12199.2666015625,
      "mid_mean": -58.12260437011719,
      "mid_to_side_loudness": -7.896943092346191,
      "mid_to_side_loudness_range": 11.78304386138916,
      "side_mean": -63.55058670043945
    }
  ],
  "bandwidth": 640.7811889648438,
  "channels": 2,
  "covariance": [
    [
      23.058622360229492,
      15.086716651916504,
      11.665117263793945,
      12.629617691040039,
      9.560725212097168,
      12.972519874572754,
      9.211889266967773,
      11.233441352844238,
      8.102798461914062,
      11.48363208770752,
      8.200798988342285,
      12.610407829284668,
      12.17929458618164,
      16.581371307373047,
      18.318647384643555,
      15.375751495361328,
      17.303075790405273,
      11.281519889831543
    ],
    [
      15.086716651916504,
      23.671550750732422,
      11.012960433959961,
      13.648706436157227,
      10.029441833496094,
      14.425521850585938,
      9.184362411499023,
      12.36981201171875,
      7.872103691101074,
      12.584542274475098,
      8.238462448120117,
      13.891968727111816,
      12.35958194732666,
      16.383527755737305,
      16.605642318725586,
      14.186936378479004,
      14.774218559265137,
      8.946965217590332
    ],
    [
      11.665117263793945,
      11.012960433959961,
      16.873859405517578,
      13.722574234008789,
      9.969819068908691,
      12.876204490661621,
      10.599076271057129,
      13.365351676940918,
      7.093027114868164,
      12.520606994628906,
      9.037103652954102,
      14.228561401367188,
      14.752960205078125,
      19.78879165649414,
      18.853296279907227,
      16.97621726989746,
      16.89289665222168,
      10.604029655456543
    ],
    [
      12.629617691040039,
      13.648706436157227,
      13.722574234008789,
      20.107709884643555,
      12.470511436462402,
      16.241588592529297,
      13.139429092407227,
      18.0667724609375,
      9.626144409179688,
      15.632033348083496,
      10.047872543334961,
      17.119863510131836,
      16.69829750061035,
      20.611766815185547,
      20.901391983032227,
      17.319305419921875,
      16.759521484375,
      10.586377143859863
    ],
    [
      9.560725212097168,
      10.029441833496094,
      9.969819068908691,
      12.470511436462402,
      18.9487247467041,
      16.448238372802734,
      14.036456108093262,
      15.854314804077148,
      9.985997200012207,
      12.88270378112793,
      12.187113761901855,
      14.672475814819336,
      16.476409912109375,
      17.811603546142578,
      20.806264877319336,
      15.693212509155273,
      15.226463317871094,
      8.43507194519043
    ],
    [
      12.972519874572754,
      14.425521850585938,
      12.876204490661621,
      16.241588592529297,
      16.448238372802734,
      22.90796661376953,
      14.498260498046875,
      19.206926345825195,
      10.790926933288574,
      17.370548248291016,
      12.97715950012207,
      19.534339904785156,
      19.690937042236328,
      23.196306228637695,
      24.115249633789062,
      19.824460983276367,
      19.885555267333984,
      12.203157424926758
    ],
    [
      9.211889266967773,
      9.184362411499023,
      10.599076271057129,
      13.139429092407227,
      14.036456108093262,
      14.498260498046875,
      24.029573440551758,
      20.026935577392578,
      13.136420249938965,
      13.123498916625977,
      13.157419204711914,
      14.59217357635498,
      16.57929801940918,
      19.711393356323242,
      19.28966522216797,
      16.984580993652344,
      15.338927268981934,
      10.241271018981934
    ],
    [
      11.233441352844238,
      12.36981201171875,
      13.365351676940918,
      18.0667724609375,
      15.854314804077148,
      19.206926345825195,
      20.026935577392578,
      26.94145965576172,
      13.957242965698242,
      19.609031677246094,
      14.35568618774414,
      21.207420349121094,
      20.796255111694336,
      24.960620880126953,
      23.573318481445312,
      21.0113582611084,
      19.468902587890625,
      14.30006217956543
    ],
    [
      8.102798461914062,
      7.872103691101074,
      7.093027114868164,
      9.626144409179688,
      9.985997200012207,
      10.790926933288574,
      13.136420249938965,
      13.957242965698242,
      19.7974910736084,
      13.656980514526367,
      13.522293090820312,
      12.673134803771973,
      13.176467895507812,
      16.803424835205078,
      14.48953628540039,
      14.507406234741211,
      14.093960762023926,
      10.092069625854492
    ],
    [
      11.48363208770752,
      12.584542274475098,
      12.520606994628906,
      15.632033348083496,
      12.88270378112793,
      17.370548248291016,
      13.123498916625977,
      19.609031677246094,
      13.656980514526367,
      21.528011322021484,
      13.698213577270508,
      21.694896697998047,
      18.50139617919922,
      23.504844665527344,
      20.890661239624023,
      19.555368423461914,
      18.862600326538086,
      13.793425559997559
    ],
    [
      8.200798988342285,
      8.238462448120117,
      9.037103652954102,
      10.047872543334961,
      12.187113761901855,
      12.97715950012207,
      13.157419204711914,
      14.35568618774414,
      13.522293090820312,
      13.698213577270508,
      21.030357360839844,
      17.15188217163086,
      19.695247650146484,
      19.193546295166016,
      21.60104751586914,
      17.496305465698242,
      17.715944290161133,
      10.99463176727295
    ],
    [
      12.610407829284668,
      13.891968727111816,
      14.228561401367188,
      17.119863510131836,
      14.672475814819336,
      19.534339904785156,
      14.59217357635498,
      21.207420349121094,
      12.673134803771973,
      21.694896697998047,
      17.15188217163086,
      26.564861297607422,
      24.608959197998047,
      29.82342529296875,
      27.750518798828125,
      25.52337646484375,
      23.440439224243164,
      16.61012840270996
    ],
    [
      12.17929458618164,
      12.35958194732666,
      14.752960205078125,
      16.69829750061035,
      16.476409912109375,
      19.690937042236328,
      16.57929801940918,
      20.796255111694336,
      13.176467895507812,
      18.50139617919922,
      19.695247650146484,
      24.608959197998047,
      45.220367431640625,
      39.15842819213867,
      52.79851150512695,
      38.063846588134766,
      39.32416915893555,
      21.854299545288086
    ],
    [
      16.581371307373047,
      16.383527755737305,
      19.78879165649414,
      20.611766815185547,
      17.811603546142578,
      23.196306228637695,
      19.711393356323242,
      24.960620880126953,
      16.803424835205078,
      23.504844665527344,
      19.193546295166016,
      29.82342529296875,
      39.15842819213867,
      67.09496307373047,
      45.87968826293945,
      57.14113998413086,
      54.015541076660156,
      37.040706634521484
    ],
    [
      18.318647384643555,
      16.605642318725586,
      18.853296279907227,
      20.901391983032227,
      20.806264877319336,
      24.115249633789062,
      19.28966522216797,
      23.573318481445312,
      14.48953628540039,
      20.890661239624023,
      21.60104751586914,
      27.750518798828125,
      52.79851150512695,
      45.87968826293945,
      77.04689025878906,
      48.858482360839844,
      55.879817962646484,
      28.306106567382812
    ],
    [
      15.375751495361328,
      14.186936378479004,
      16.97621726989746,
      17.319305419921875,
      15.693212509155273,
      19.824460983276367,
      16.984580993652344,
      21.0113582611084,
      14.507406234741211,
      19.555368423461914,
      17.496305465698242,
      25.52337646484375,
      38.063846588134766,
      57.14113998413086,
      48.858482360839844,
      52.638790130615234,
      51.59891128540039,
      34.92161178588867
    ],
    [
      17.303075790405273,
      14.774218559265137,
      16.89289665222168,
      16.759521484375,
      15.226463317871094,
      19.885555267333984,
      15.338927268981934,
      19.468902587890625,
      14.093960762023926,
      18.862600326538086,
      17.715944290161133,
      23.440439224243164,
      39.32416915893555,
      54.015541076660156,
      55.879817962646484,
      51.59891128540039,
      62.5891227722168,
      38.31074905395508
    ],
    [
      11.281519889831543,
      8.946965217590332,
      10.604029655456543,
      10.586377143859863,
      8.43507194519043,
      12.203157424926758,
      10.241271018981934,
      14.30006217956543,
      10.092069625854492,
      13.793425559997559,
      10.99463176727295,
      16.61012840270996,
      21.854299545288086,
      37.040706634521484,
      28.306106567382812,
      34.92161178588867,
      38.31074905395508,
      31.57506561279297
    ]
  ],
  "covariance_short": [
    [
      53.17229080200195,
      22.92738151550293,
      15.237662315368652,
      17.896207809448242,
      12.756219863891602,
      17.077598571777344,
      11.67896556854248,
      16.420129776000977,
      10.283050537109375,
      16.417068481445312,
      11.50934886932373,
      19.758007049560547,
      19.117237091064453,
      22.86800193786621,
      28.012062072753906,
      19.613975524902344,
      22.08165740966797,
      13.18896770477295
    ],
    [
      22.92738151550293,
      57.67243957519531,
      15.50362777709961,
      18.575151443481445,
      14.081777572631836,
      17.75379753112793,
      13.30439567565918,
      16.462997436523438,
      13.33696460723877,
      17.27267837524414,
      12.113004684448242,
      21.092023849487305,
      18.575342178344727,
      40.89568328857422,
      45.84745407104492,
      31.05170440673828,
      30.618999481201172,
      16.889705657958984
    ],
    [
      15.237662315368652,
      15.50362777709961,
      22.53107452392578,
      16.536579132080078,
      12.914551734924316,
      15.339703559875488,
      11.486222267150879,
      16.51943016052246,
      8.580231666564941,
      15.34865665435791,
      10.51671028137207,
      17.57832908630371,
      15.962725639343262,
      21.70779037475586,
      24.148345947265625,
      18.070383071899414,
      18.639751434326172,
      12.301718711853027
    ],
    [
      17.896207809448242,
      18.575151443481445,
      16.536579132080078,
      30.008813858032227,
      16.601930618286133,
      22.8629150390625,
      14.623608589172363,
      25.274686813354492,
      10.63875675201416,
      21.099929809570312,
      11.769050598144531,
      23.840978622436523,
      19.168909072875977,
      25.04420280456543,
      27.103986740112305,
      20.259544372558594,
      20.98053550720215,
      13.475217819213867
    ],
    [
      12.756219863891602,
      14.081777572631836,
      12.914551734924316,
      16.601930618286133,
      28.476665496826172,
      22.739749908447266,
      16.605300903320312,
      21.810558319091797,
      12.59659194946289,
      18.58577537536621,
      15.725874900817871,
      21.651973724365234,
      20.68622398376465,
      24.263856887817383,
      28.226533889770508,
      20.768024444580078,
      20.824424743652344,
      12.877673149108887
    ],
    [
      17.077598571777344,
      17.75379753112793,
      15.339703559875488,
      22.8629150390625,
      22.739749908447266,
      36.57413101196289,
      17.534324645996094,
      30.14626693725586,
      12.626415252685547,
      25.765790939331055,
      16.278472900390625,
      28.385509490966797,
      25.185157775878906,
      30.275293350219727,
      33.493927001953125,
      25.127946853637695,
      26.191524505615234,
      16.387357711791992
    ],
    [
      11.67896556854248,
      13.30439567565918,
      11.486222267150879,
      14.623608589172363,
      16.605300903320312,
      17.534324645996094,
      33.41791534423828,
      26.095964431762695,
      17.222505569458008,
      17.620689392089844,
      18.16069984436035,
      20.906938552856445,
      21.597017288208008,
      25.93665313720703,
      27.598918914794922,
      22.175498962402344,
      20.45701789855957,
      14.43934154510498
    ],
    [
      16.420129776000977,
      16.462997436523438,
      16.51943016052246,
      25.274686813354492,
      21.810558319091797,
      30.14626693725586,
      26.095964431762695,
      44.19264221191406,
      17.994348526000977,
      31.516355514526367,
      19.53577995300293,
      32.819175720214844,
      27.733938217163086,
      35.051673889160156,
      34.20410919189453,
      29.042984008789062,
      28.180814743041992,
      21.08038330078125
    ],
    [
      10.283050537109375,
      13.33696460723877,
      8.580231666564941,
      10.63875675201416,
      12.59659194946289,
      12.626415252685547,
      17.222505569458008,
      17.994348526000977,
      28.38445281982422,
      20.33739471435547,
      19.230966567993164,
      19.353700637817383,
      19.008623123168945,
      22.914169311523438,
      23.72739601135254,
      19.309782028198242,
      18.56032371520996,
      13.92645263671875
    ],
    [
      16.417068481445312,
      17.27267837524414,
      15.34865665435791,
      21.099929809570312,
      18.58577537536621,
      25.765790939331055,
      17.620689392089844,
      31.516355514526367,
      20.33739471435547,
      37.36473846435547,
      19.98281478881836,
      34.069149017333984,
      27.798070907592773,
      34.206390380859375,
      32.12519454956055,
      27.917104721069336,
      27.279115676879883,
      21.037057876586914
    ],
    [
      11.50934886932373,
      12.113004684448242,
      10.51671028137207,
      11.769050598144531,
      15.725874900817871,
      16.278472900390625,
      18.16069984436035,
      19.53577995300293,
      19.230966567993164,
      19.98281478881836,
      32.02168655395508,
      26.292245864868164,
      28.04215431213379,
      28.090906143188477,
      32.19559097290039,
      24.563335418701172,
      25.07123374938965,
      16.343202590942383
    ],
    [
      19.758007049560547,
      21.092023849487305,
      17.57832908630371,
      23.840978622436523,
      21.651973724365234,
      28.385509490966797,
      20.906938552856445,
      32.819175720214844,
      19.353700637817383,
      34.069149017333984,
      26.292245864868164,
      45.17840576171875,
      37.20949172973633,
      46.01818084716797,
      44.181312561035156,
      38.453006744384766,
      35.91245651245117,
      26.749588012695312
    ],
    [
      19.117237091064453,
      18.575342178344727,
      15.962725639343262,
      19.168909072875977,
      20.68622398376465,
      25.185157775878906,
      21.597017288208008,
      27.733938217163086,
      19.008623123168945,
      27.798070907592773,
      28.04215431213379,
      37.20949172973633,
      66.16950988769531,
      59.36312484741211,
      75.29985809326172,
      55.69340896606445,
      59.78260040283203,
      36.137264251708984
    ],
    [
      22.86800193786621,
      40.89568328857422,
      21.70779037475586,
      25.04420280456543,
      24.263856887817383,
      30.275293350219727,
      25.93665313720703,
      35.051673889160156,
      22.914169311523438,
      34.206390380859375,
      28.090906143188477,
      46.01818084716797,
      59.36312484741211,
      87.64989471435547,
      87.42730712890625,
      74.6500244140625,
      68.07240295410156,
      50.06754684448242
    ],
    [
      28.012062072753906,
      45.84745407104492,
      24.148345947265625,
      27.103986740112305,
      28.226533889770508,
      33.493927001953125,
      27.598918914794922,
      34.20410919189453,
      23.72739601135254,
      32.12519454956055,
      32.19559097290039,
      44.181312561035156,
      75.29985809326172,
      87.42730712890625,
      127.6328353881836,
      82.66046142578125,
      93.8123550415039,
      50.44492721557617
    ],
    [
      19.613975524902344,
      31.05170440673828,
      18.070383071899414,
      20.259544372558594,
      20.768024444580078,
      25.127946853637695,
      22.175498962402344,
      29.042984008789062,
      19.309782028198242,
      27.917104721069336,
      24.563335418701172,
      38.453006744384766,
      55.69340896606445,
      74.6500244140625,
      82.66046142578125,
      70.40971374511719,
      66.29102325439453,
      48.212928771972656
    ],
    [
      22.08165740966797,
      30.618999481201172,
      18.639751434326172,
      20.98053550720215,
      20.824424743652344,
      26.191524505615234,
      20.45701789855957,
      28.180814743041992,
      18.56032371520996,
      27.279115676879883,
      25.07123374938965,
      35.91245651245117,
      59.78260040283203,
      68.07240295410156,
      93.8123550415039,
      66.29102325439453,
      81.97590637207031,
      50.0970344543457
    ],
    [
      13.18896770477295,
      16.889705657958984,
      12.301718711853027,
      13.475217819213867,
      12.877673149108887,
      16.387357711791992,
      14.43934154510498,
      21.08038330078125,
      13.92645263671875,
      21.037057876586914,
      16.343202590942383,
      26.749588012695312,
      36.137264251708984,
      50.06754684448242,
      50.44492721557617,
      48.212928771972656,
      50.0970344543457,
      43.16292190551758
    ]
  ],
  "damage": -20.209590911865234,
  "diff_bandwidth": 662.4177856445312,
  "dissonance": 9.417030654598236,
  "drr": 13.482664108276367,
  "dynamics": 2.675852060317993,
  "format": 1245190,
  "frames": 13413456,
  "freq_pan_to_db": [
    [
      -38.03828811645508,
      -36.49624252319336,
      -33.890655517578125,
      -30.6816463470459,
      -28.760236740112305,
      -30.359947204589844,
      -32.43121337890625,
      -33.48802185058594,
      -34.84855651855469,
      -36.8102912902832,
      -37.761871337890625
    ],
    [
      -30.739013671875,
      -29.259510040283203,
      -27.32693862915039,
      -25.608964920043945,
      -22.014556884765625,
      -22.18268585205078,
      -25.699098587036133,
      -27.07276725769043,
      -28.216243743896484,
      -30.027799606323242,
      -30.953760147094727
    ],
    [
      -28.83901596069336,
      -27.654834747314453,
      -25.944530487060547,
      -23.943931579589844,
      -22.96030044555664,
      -23.549070358276367,
      -24.71467399597168,
      -25.775272369384766,
      -26.471778869628906,
      -27.993379592895508,
      -28.667808532714844
    ],
    [
      -30.255645751953125,
      -29.414037704467773,
      -28.504796981811523,
      -27.273509979248047,
      -26.405160903930664,
      -26.3231143951416,
      -26.18199920654297,
      -27.175996780395508,
      -28.119731903076172,
      -29.57950210571289,
      -30.509979248046875
    ],
    [
      -31.429523468017578,
      -30.96470832824707,
      -30.312450408935547,
      -29.761720657348633,
      -29.231508255004883,
      -29.09832763671875,
      -27.824678421020508,
      -28.029203414916992,
      -29.256364822387695,
      -30.573915481567383,
      -30.820066452026367
    ],
    [
      -31.337900161743164,
      -30.253421783447266,
      -29.386573791503906,
      -28.09731101989746,
      -27.29361915588379,
      -27.91609764099121,
      -28.735551834106445,
      -30.08529281616211,
      -31.054115295410156,
      -32.17863082885742,
      -32.73070526123047
    ],
    [
      -31.77432632446289,
      -31.433359146118164,
      -30.205942153930664,
      -28.894786834716797,
      -27.912275314331055,
      -28.4531307220459,
      -28.711793899536133,
      -29.64031410217285,
      -31.36896324157715,
      -32.6737174987793,
      -33.354183197021484
    ],
    [
      -31.6080322265625,
      -31.51235008239746,
      -30.728919982910156,
      -29.956880569458008,
      -28.907806396484375,
      -28.25665855407715,
      -26.14137840270996,
      -27.714244842529297,
      -29.749494552612305,
      -30.37415885925293,
      -30.033275604248047
    ],
    [
      -31.53925132751465,
      -31.49642562866211,
      -30.153656005859375,
      -29.043386459350586,
      -28.194007873535156,
      -27.865245819091797,
      -26.52000617980957,
      -27.29810905456543,
      -29.731042861938477,
      -30.878515243530273,
      -30.847503662109375
    ],
    [
      -30.445772171020508,
      -31.544248580932617,
      -29.5199031829834,
      -27.36244010925293,
      -27.32495880126953,
      -28.46255874633789,
      -29.319801330566406,
      -30.393857955932617,
      -31.28639793395996,
      -32.59626007080078,
      -33.456809997558594
    ],
    [
      -32.79447937011719,
      -33.456172943115234,
      -33.22349166870117,
      -31.69489288330078,
      -29.974328994750977,
      -28.480636596679688,
      -30.139705657958984,
      -31.27982521057129,
      -32.911556243896484,
      -33.456695556640625,
      -32.9369010925293
    ],
    [
      -34.71998596191406,
      -34.60063171386719,
      -34.874473571777344,
      -34.42332458496094,
      -32.258792877197266,
      -31.177148818969727,
      -30.923641204833984,
      -31.71001434326172,
      -33.587425231933594,
      -35.26544952392578,
      -34.242733001708984
    ],
    [
      -35.50483703613281,
      -35.651710510253906,
      -35.85706329345703,
      -34.86636734008789,
      -31.116422653198242,
      -29.972671508789062,
      -31.493755340576172,
      -32.7557258605957,
      -34.31894302368164,
      -34.54595947265625,
      -33.83953094482422
    ],
    [
      -30.6087703704834,
      -34.34931182861328,
      -34.83895492553711,
      -31.76958465576172,
      -28.94490623474121,
      -28.97235679626465,
      -31.239070892333984,
      -33.72745895385742,
      -34.00739288330078,
      -34.616966247558594,
      -34.685359954833984
    ],
    [
      -30.898418426513672,
      -33.12113952636719,
      -33.44446563720703,
      -31.769712448120117,
      -30.181732177734375,
      -31.765459060668945,
      -33.49504470825195,
      -34.554561614990234,
      -33.78339385986328,
      -35.806663513183594,
      -34.8518180847168
    ],
    [
      -32.07429122924805,
      -33.077110290527344,
      -33.666893005371094,
      -32.09878158569336,
      -32.88957595825195,
      -32.703697204589844,
      -34.219234466552734,
      -34.020870208740234,
      -33.15424728393555,
      -34.04072952270508,
      -35.51240921020508
    ],
    [
      -31.781787872314453,
      -33.254852294921875,
      -35.52449035644531,
      -33.845176696777344,
      -34.285011291503906,
      -34.08269500732422,
      -35.627845764160156,
      -34.01814651489258,
      -33.94397735595703,
      -33.945472717285156,
      -35.86838150024414
    ],
    [
      -30.76653289794922,
      -32.526023864746094,
      -34.538291931152344,
      -34.33087158203125,
      -32.114845275878906,
      -33.3465461730957,
      -34.604652404785156,
      -33.50239181518555,
      -32.904693603515625,
      -33.189510345458984,
      -34.6030158996582
    ],
    [
      -32.900413513183594,
      -32.999237060546875,
      -34.32587814331055,
      -34.17293167114258,
      -32.11001968383789,
      -33.58302307128906,
      -35.493228912353516,
      -33.730247497558594,
      -33.727149963378906,
      -35.105045318603516,
      -37.214263916015625
    ],
    [
      -36.20787048339844,
      -36.168209075927734,
      -36.716312408447266,
      -37.09270095825195,
      -34.62565612792969,
      -36.0052490234375,
      -37.6554069519043,
      -37.367794036865234,
      -36.916873931884766,
      -37.33959197998047,
      -36.10684585571289
    ],
    [
      -36.28498077392578,
      -35.42819595336914,
      -37.468021392822266,
      -37.89663314819336,
      -36.682865142822266,
      -37.104698181152344,
      -39.03675079345703,
      -37.96931838989258,
      -39.050811767578125,
      -39.690616607666016,
      -39.88387680053711
    ],
    [
      -37.47697448730469,
      -38.646087646484375,
      -36.71099090576172,
      -38.30826950073242,
      -36.91153335571289,
      -36.975364685058594,
      -40.076969146728516,
      -37.40266036987305,
      -39.4976921081543,
      -40.18730163574219,
      -42.028167724609375
    ],
    [
      -39.565181732177734,
      -38.05812072753906,
      -39.11030960083008,
      -39.82579040527344,
      -38.195404052734375,
      -37.279022216796875,
      -39.10230255126953,
      -39.753421783447266,
      -39.76753616333008,
      -39.21535873413086,
      -39.565696716308594
    ],
    [
      -37.681068420410156,
      -38.624412536621094,
      -38.87540817260742,
      -39.058712005615234,
      -38.47379684448242,
      -36.76791763305664,
      -38.82033920288086,
      -39.549068450927734,
      -39.67460632324219,
      -39.457210540771484,
      -40.59372329711914
    ],
    [
      -370,
      -41.20587158203125,
      -41.039188385009766,
      -40.32624816894531,
      -40.376808166503906,
      -39.43586349487305,
      -40.86592483520508,
      -40.830806732177734,
      -41.16544723510742,
      -41.90113830566406,
      -42.674808502197266
    ],
    [
      -42.56182861328125,
      -41.565345764160156,
      -42.2108154296875,
      -41.1224365234375,
      -40.83518600463867,
      -41.24490737915039,
      -41.913814544677734,
      -42.09397506713867,
      -41.85054397583008,
      -43.24058532714844,
      -41.48781204223633
    ],
    [
      -49.521995544433594,
      -43.14902114868164,
      -43.02072525024414,
      -43.29302215576172,
      -42.59935760498047,
      -42.221771240234375,
      -44.843833923339844,
      -44.342716217041016,
      -43.389686584472656,
      -44.27546310424805,
      -46.45009994506836
    ],
    [
      -47.66493225097656,
      -41.98745346069336,
      -42.64985275268555,
      -43.06920623779297,
      -43.454105377197266,
      -43.902854919433594,
      -46.15610122680664,
      -44.59059143066406,
      -44.31340408325195,
      -43.89459991455078,
      -43.41749572753906
    ],
    [
      -44.9647331237793,
      -42.58680725097656,
      -42.9146842956543,
      -43.64395523071289,
      -44.06869125366211,
      -43.959171295166016,
      -46.2369270324707,
      -44.55080795288086,
      -43.736392974853516,
      -43.07332992553711,
      -41.04944610595703
    ],
    [
      -370,
      -45.458858489990234,
      -44.07863998413086,
      -44.67593002319336,
      -45.093387603759766,
      -43.52833557128906,
      -44.19709777832031,
      -45.57562255859375,
      -44.53666305541992,
      -44.869667053222656,
      -43.687931060791016
    ],
    [
      -40.722816467285156,
      -46.7794075012207,
      -44.652008056640625,
      -45.52703857421875,
      -45.466529846191406,
      -43.06988525390625,
      -42.900421142578125,
      -46.85719680786133,
      -46.01337814331055,
      -46.00794982910156,
      -40.443016052246094
    ],
    [
      -370,
      -46.604591369628906,
      -46.35301971435547,
      -46.30134963989258,
      -46.38264083862305,
      -42.914756774902344,
      -45.92425537109375,
      -48.75518035888672,
      -47.190982818603516,
      -45.71613311767578,
      -370
    ],
    [
      -46.116737365722656,
      -46.52187728881836,
      -46.323726654052734,
      -47.17075729370117,
      -47.049903869628906,
      -43.35735321044922,
      -48.07693862915039,
      -50.76400375366211,
      -48.650550842285156,
      -44.732818603515625,
      -370
    ],
    [
      -370,
      -55.33659744262695,
      -52.44346237182617,
      -50.10453414916992,
      -48.79636001586914,
      -43.64982223510742,
      -49.1896858215332,
      -54.28421401977539,
      -54.548675537109375,
      -51.48004913330078,
      -370
    ],
    [
      -66.73070526123047,
      -68.0291976928711,
      -54.14552307128906,
      -52.27296447753906,
      -50.294315338134766,
      -44.27850341796875,
      -47.907562255859375,
      -45.138004302978516,
      -50.0343132019043,
      -51.711124420166016,
      -370
    ],
    [
      -370,
      -61.17341613769531,
      -56.79154968261719,
      -55.01353454589844,
      -53.01947021484375,
      -46.6527099609375,
      -48.69436264038086,
      -43.691951751708984,
      -51.20048522949219,
      -46.364742279052734,
      -370
    ],
    [
      -370,
      -57.16221237182617,
      -57.50952911376953,
      -55.70289993286133,
      -54.17844772338867,
      -48.24711990356445,
      -51.690467834472656,
      -49.36705017089844,
      -50.96940231323242,
      -47.32866287231445,
      -60.69249725341797
    ],
    [
      -370,
      -57.94469451904297,
      -59.58937454223633,
      -57.97724151611328,
      -55.39577865600586,
      -50.738670349121094,
      -55.09925842285156,
      -53.43556594848633,
      -50.99083709716797,
      -46.94442367553711,
      -48.974185943603516
    ],
    [
      -370,
      -60.53289794921875,
      -60.36621856689453,
      -58.68949508666992,
      -56.96099853515625,
      -53.59466552734375,
      -56.21257400512695,
      -54.3455810546875,
      -51.68207550048828,
      -49.00215530395508,
      -370
    ],
    [
      -67.52068328857422,
      -59.699588775634766,
      -58.598304748535156,
      -60.14167785644531,
      -60.060752868652344,
      -55.37235641479492,
      -54.3235969543457,
      -50.37355041503906,
      -54.67802047729492,
      -50.894798278808594,
      -370
    ],
    [
      -65.18067932128906,
      -60.702911376953125,
      -59.30305862426758,
      -59.90099334716797,
      -59.57019805908203,
      -58.01186752319336,
      -58.58916091918945,
      -56.138893127441406,
      -58.10152816772461,
      -54.50901412963867,
      -57.65153121948242
    ],
    [
      -58.89376449584961,
      -62.08433151245117,
      -60.4050407409668,
      -60.22050094604492,
      -60.448123931884766,
      -60.68233108520508,
      -62.30030059814453,
      -60.20597457885742,
      -57.164363861083984,
      -55.01434326171875,
      -55.83430099487305
    ]
  ],
  "histogram": [
    {
      "db": -70,
      "frequency": 2
    },
    {
      "db": -69,
      "frequency": 4
    },
    {
      "db": -68,
      "frequency": 1
    },
    {
      "db": -67,
      "frequency": 5
    },
    {
      "db": -66,
      "frequency": 5
    },
    {
      "db": -65,
      "frequency": 1
    },
    {
      "db": -64,
      "frequency": 4
    },
    {
      "db": -63,
      "frequency": 5
    },
    {
      "db": -62,
      "frequency": 5
    },
    {
      "db": -61,
      "frequency": 5
    },
    {
      "db": -60,
      "frequency": 4
    },
    {
      "db": -59,
      "frequency": 1
    },
    {
      "db": -58,
      "frequency": 5
    },
    {
      "db": -57,
      "frequency": 5
    },
    {
      "db": -56,
      "frequency": 5
    },
    {
      "db": -55,
      "frequency": 5
    },
    {
      "db": -54,
      "frequency": 5
    },
    {
      "db": -53,
      "frequency": 5
    },
    {
      "db": -52,
      "frequency": 8
    },
    {
      "db": -51,
      "frequency": 5
    },
    {
      "db": -50,
      "frequency": 12
    },
    {
      "db": -49,
      "frequency": 5
    },
    {
      "db": -48,
      "frequency": 0
    },
    {
      "db": -47,
      "frequency": 3
    },
    {
      "db": -46,
      "frequency": 1
    },
    {
      "db": -45,
      "frequency": 2
    },
    {
      "db": -44,
      "frequency": 4
    },
    {
      "db": -43,
      "frequency": 23
    },
    {
      "db": -42,
      "frequency": 11
    },
    {
      "db": -41,
      "frequency": 13
    },
    {
      "db": -40,
      "frequency": 10
    },
    {
      "db": -39,
      "frequency": 2
    },
    {
      "db": -38,
      "frequency": 6
    },
    {
      "db": -37,
      "frequency": 7
    },
    {
      "db": -36,
      "frequency": 6
    },
    {
      "db": -35,
      "frequency": 1
    },
    {
      "db": -34,
      "frequency": 5
    },
    {
      "db": -33,
      "frequency": 13
    },
    {
      "db": -32,
      "frequency": 16
    },
    {
      "db": -31,
      "frequency": 14
    },
    {
      "db": -30,
      "frequency": 23
    },
    {
      "db": -29,
      "frequency": 84
    },
    {
      "db": -28,
      "frequency": 66
    },
    {
      "db": -27,
      "frequency": 158
    },
    {
      "db": -26,
      "frequency": 445
    },
    {
      "db": -25,
      "frequency": 661
    },
    {
      "db": -24,
      "frequency": 418
    },
    {
      "db": -23,
      "frequency": 317
    },
    {
      "db": -22,
      "frequency": 232
    },
    {
      "db": -21,
      "frequency": 219
    },
    {
      "db": -20,
      "frequency": 77
    },
    {
      "db": -19,
      "frequency": 22
    },
    {
      "db": -18,
      "frequency": 0
    },
    {
      "db": -17,
      "frequency": 0
    },
    {
      "db": -16,
      "frequency": 0
    },
    {
      "db": -15,
      "frequency": 0
    },
    {
      "db": -14,
      "frequency": 0
    },
    {
      "db": -13,
      "frequency": 0
    },
    {
      "db": -12,
      "frequency": 0
    },
    {
      "db": -11,
      "frequency": 0
    },
    {
      "db": -10,
      "frequency": 0
    },
    {
      "db": -9,
      "frequency": 0
    },
    {
      "db": -8,
      "frequency": 0
    },
    {
      "db": -7,
      "frequency": 0
    },
    {
      "db": -6,
      "frequency": 0
    },
    {
      "db": -5,
      "frequency": 0
    },
    {
      "db": -4,
      "frequency": 0
    },
    {
      "db": -3,
      "frequency": 0
    },
    {
      "db": -2,
      "frequency": 0
    },
    {
      "db": -1,
      "frequency": 0
    },
    {
      "db": 0,
      "frequency": 0
    },
    {
      "db": 1,
      "frequency": 0
    },
    {
      "db": 2,
      "frequency": 0
    },
    {
      "db": 3,
      "frequency": 0
    },
    {
      "db": 4,
      "frequency": 0
    },
    {
      "db": 5,
      "frequency": 0
    },
    {
      "db": 6,
      "frequency": 0
