{
  "acoustic_entropy": 189.77960205078125,
  "bands": [
    {
      "high_freq": 148.1999969482422,
      "loudness": -34.48172378540039,
      "loudness_range": 9.557733535766602,
      "mid_mean": -31.144371032714844,
      "mid_to_side_loudness": -15.064547538757324,
      "mid_to_side_loudness_range": 11.29213809967041,
      "side_mean": -46.23897171020508
    },
    {
      "high_freq": 392.3793640136719,
      "loudness": -34.222007751464844,
      "loudness_range": 8.069446563720703,
      "low_freq": 148.1999969482422,
      "mid_mean": -31.073251724243164,
      "mid_to_side_loudness": -10.184102058410645,
      "mid_to_side_loudness_range": 7.255201816558838,
      "side_mean": -41.09855270385742
    },
    {
      "high_freq": 794.6976318359375,
      "loudness": -35.23613357543945,
      "loudness_range": 10.349857330322266,
      "low_freq": 392.3793640136719,
      "mid_mean": -32.099342346191406,
      "mid_to_side_loudness": -9.511321067810059,
      "mid_to_side_loudness_range": 7.194113254547119,
      "side_mean": -41.659732818603516
    },
    {
      "high_freq": 1457.5709228515625,
      "loudness": -38.52474594116211,
      "loudness_range": 12.122745513916016,
      "low_freq": 794.6976318359375,
      "mid_mean": -35.4942741394043,
      "mid_to_side_loudness": -9.279484748840332,
      "mid_to_side_loudness_range": 8.34979248046875,
      "side_mean": -44.59929656982422
    },
    {
      "high_freq": 2549.74365234375,
      "loudness": -36.52986145019531,
      "loudness_range": 9.824823379516602,
      "low_freq": 1457.5709228515625,
      "mid_mean": -33.5113525390625,
      "mid_to_side_loudness": -9.337675094604492,
      "mid_to_side_loudness_range": 9.507810592651367,
      "side_mean": -42.62644958496094
    },
    {
      "high_freq": 4349.24462890625,
      "loudness": -39.403438568115234,
      "loudness_range": 10.514350891113281,
      "low_freq": 2549.74365234375,
      "mid_mean": -36.43239212036133,
      "mid_to_side_loudness": -8.506260871887207,
      "mid_to_side_loudness_range": 8.668834686279297,
      "side_mean": -44.94367218017578
    },
    {
      "high_freq": 7314.1640625,
      "loudness": -48.26521301269531,
      "loudness_range": 17.545299530029297,
      "low_freq": 4349.24462890625,
      "mid_mean": -45.84212112426758,
      "mid_to_side_loudness": -6.092147350311279,
      "mid_to_side_loudness_range": 8.716285705566406,
      "side_mean": -52.88998031616211
    },
    {
      "high_freq": 12199.2666015625,
      "loudness": -51.797096252441406,
      "loudness_range": 21.336536407470703,
      "low_freq": 7314.1640625,
      "mid_mean": -51.67561340332031,
      "mid_to_side_loudness": -5.382696628570557,
      "mid_to_side_loudness_range": 11.02721881866455,
      "side_mean": -56.46409606933594
    },
    {
      "loudness": -58.75371170043945,
      "loudness_range": 18.698017120361328,
      "low_freq": 12199.2666015625,
      "mid_mean": -57.77212905883789,
      "mid_to_side_loudness": -3.8303463459014893,
      "mid_to_side_loudness_range": 9.12756633758545,
      "side_mean": -60.955841064453125
    }
  ],
  "bands_short": [
    {
      "high_freq": 148.1999969482422,
      "loudness": -39.07984924316406,
      "loudness_range": 20.410343170166016,
      "mid_mean": -35.830196380615234,
      "mid_to_side_loudness": -15.266341209411621,
      "mid_to_side_loudness_range": 19.834308624267578,
      "side_mean": -52.41891098022461
    },
    {
      "high_freq": 392.3793640136719,
      "loudness": -33.81287384033203,
      "loudness_range": 10.532709121704102,
      "low_freq": 148.1999969482422,
      "mid_mean": -30.65474510192871,
      "mid_to_side_loudness": -10.941120147705078,
      "mid_to_side_loudness_range": 11.628822326660156,
      "side_mean": -41.24712371826172
    },
    {
      "high_freq": 794.6976318359375,
      "loudness": -36.02721405029297,
      "loudness_range": 12.856801986694336,
      "low_freq": 392.3793640136719,
      "mid_mean": -32.98591995239258,
      "mid_to_side_loudness": -9.846674919128418,
      "mid_to_side_loudness_range": 11.464384078979492,
      "side_mean": -42.59984588623047
    },
    {
      "high_freq": 1457.5709228515625,
      "loudness": -38.65943145751953,
      "loudness_range": 14.552682876586914,
      "low_freq": 794.6976318359375,
      "mid_mean": -35.703819274902344,
      "mid_to_side_loudness": -9.927117347717285,
      "mid_to_side_loudness_range": 12.49330997467041,
      "side_mean": -45.306941986083984
    },
    {
      "high_freq": 2549.74365234375,
      "loudness": -37.212799072265625,
      "loudness_range": 13.194543838500977,
      "low_freq": 1457.5709228515625,
      "mid_mean": -34.21438980102539,
      "mid_to_side_loudness": -10.054177284240723,
      "mid_to_side_loudness_range": 12.440208435058594,
      "side_mean": -43.8459358215332
    },
    {
      "high_freq": 4349.24462890625,
      "loudness": -40.02037811279297,
      "loudness_range": 14.129920959472656,
      "low_freq": 2549.74365234375,
      "mid_mean": -37.10089874267578,
      "mid_to_side_loudness": -9.089664459228516,
      "mid_to_side_loudness_range": 11.53918743133545,
      "side_mean": -46.29448318481445
    },
    {
      "high_freq": 7314.1640625,
      "loudness": -49.86394500732422,
      "loudness_range": 22.27869415283203,
      "low_freq": 4349.24462890625,
      "mid_mean": -47.8170166015625,
      "mid_to_side_loudness": -6.515232086181641,
      "mid_to_side_loudness_range": 11.014528274536133,
      "side_mean": -54.72727966308594
    },
    {
      "high_freq": 12199.2666015625,
      "loudness": -52.800987243652344,
      "loudness_range": 24.356395721435547,
      "low_freq": 7314.1640625,
      "mid_mean": -53.68563461303711,
      "mid_to_side_loudness": -5.536584377288818,
      "mid_to_side_loudness_range": 12.402565002441406,
      "side_mean": -58.363182067871094
    },
    {
      "loudness": -60.490726470947266,
      "loudness_range": 23.844581604003906,
      "low_freq": 12199.2666015625,
      "mid_mean": -60.21476745605469,
      "mid_to_side_loudness": -4.392242431640625,
      "mid_to_side_loudness_range": 11.602287292480469,
      "side_mean": -63.29833221435547
    }
  ],
  "bandwidth": 582.1372680664062,
  "channels": 2,
  "covariance": [
    [
      22.212949752807617,
      15.011445045471191,
      11.34028434753418,
      12.318829536437988,
      9.108338356018066,
      12.763415336608887,
      8.9132719039917,
      11.319272994995117,
      7.6535115242004395,
      11.474191665649414,
      7.8057451248168945,
      12.390181541442871,
      12.322493553161621,
      15.390666007995605,
      19.31227684020996,
      14.942848205566406,
      14.739856719970703,
      11.376091003417969
    ],
    [
      15.011445045471191,
      23.785188674926758,
      11.06897258758545,
      13.837042808532715,
      9.96485710144043,
      14.717769622802734,
      8.911270141601562,
      12.681069374084473,
      7.65690279006958,
      12.848306655883789,
      8.142857551574707,
      13.973214149475098,
      12.773666381835938,
      15.48389720916748,
      18.363801956176758,
      14.08583927154541,
      13.104559898376465,
      9.27014446258545
    ],
    [
      11.34028434753418,
      11.06897258758545,
      16.30832862854004,
      13.58422565460205,
      9.68966007232666,
      12.650927543640137,
      10.191794395446777,
      13.286046981811523,
      6.725217819213867,
      12.243602752685547,
      8.62890625,
      13.719169616699219,
      14.415431022644043,
      18.21581268310547,
      20.90714454650879,
      16.352622985839844,
      14.447072982788086,
      10.537284851074219
    ],
    [
      12.318829536437988,
      13.837042808532715,
      13.58422565460205,
      20.119598388671875,
      12.197876930236816,
      16.077983856201172,
      12.80860424041748,
      18.285531997680664,
      9.252175331115723,
      15.54162311553955,
      9.71065616607666,
      16.932153701782227,
      16.900487899780273,
      19.388193130493164,
      21.426118850708008,
      16.967073440551758,
      14.748297691345215,
      10.728828430175781
    ],
    [
      9.108338356018066,
      9.96485710144043,
      9.68966007232666,
      12.197876930236816,
      18.47345542907715,
      15.887367248535156,
      13.209099769592285,
      15.290316581726074,
      9.290580749511719,
      12.429766654968262,
      11.742032051086426,
      14.217942237854004,
      16.219097137451172,
      16.746362686157227,
      20.66745948791504,
      15.420494079589844,
      13.646102905273438,
      8.782736778259277
    ],
    [
      12.763415336608887,
      14.717769622802734,
      12.650927543640137,
      16.077983856201172,
      15.887367248535156,
      22.62270736694336,
      13.966174125671387,
      18.947187423706055,
      10.241004943847656,
      17.06155776977539,
      12.525494575500488,
      19.03767204284668,
      19.83477783203125,
      21.858379364013672,
      25.06092643737793,
      19.51012420654297,
      17.87540054321289,
      12.597142219543457
    ],
    [
      8.9132719039917,
      8.911270141601562,
      10.191794395446777,
      12.80860424041748,
      13.209099769592285,
      13.966174125671387,
      23.902055740356445,
      19.627567291259766,
      12.608945846557617,
      12.730572700500488,
      12.689892768859863,
      14.19115161895752,
      16.56903076171875,
      18.84208106994629,
      20.104764938354492,
      16.820762634277344,
      13.707488059997559,
      10.575400352478027
    ],
    [
      11.319272994995117,
      12.681069374084473,
      13.286046981811523,
      18.285531997680664,
      15.290316581726074,
      18.947187423706055,
      19.627567291259766,
      26.80014419555664,
      13.495598793029785,
      19.599340438842773,
      14.025870323181152,
      21.18372344970703,
      20.83681869506836,
      24.01982307434082,
      23.65739631652832,
      20.87275505065918,
      17.617708206176758,
      14.65301513671875
    ],
    [
      7.6535115242004395,
      7.65690279006958,
      6.725217819213867,
      9.252175331115723,
      9.290580749511719,
      10.241004943847656,
      12.608945846557617,
      13.495598793029785,
      19.309450149536133,
      13.153997421264648,
      13.257737159729004,
      12.289400100708008,
      13.511932373046875,
      15.611169815063477,
      16.103891372680664,
      13.938851356506348,
      12.099472045898438,
      10.091100692749023
    ],
    [
      11.474191665649414,
      12.848306655883789,
      12.243602752685547,
      15.54162311553955,
      12.429766654968262,
      17.06155776977539,
      12.730572700500488,
      19.599340438842773,
      13.153997421264648,
      21.18482208251953,
      13.336446762084961,
      21.232860565185547,
      18.8104305267334,
      22.11581802368164,
      21.646787643432617,
      19.05571937561035,
      16.637697219848633,
      13.925017356872559
    ],
    [
      7.8057451248168945,
      8.142857551574707,
      8.62890625,
      9.71065616607666,
      11.742032051086426,
      12.525494575500488,
      12.689892768859863,
      14.025870323181152,
      13.257737159729004,
      13.336446762084961,
      20.753639221191406,
      16.670703887939453,
      19.630210876464844,
      17.90308952331543,
      21.201881408691406,
      16.897808074951172,
      15.727628707885742,
      11.139843940734863
    ],
    [
      12.390181541442871,
      13.973214149475098,
      13.719169616699219,
      16.932153701782227,
      14.217942237854004,
      19.03767204284668,
      14.19115161895752,
      21.18372344970703,
      12.289400100708008,
      21.232860565185547,
      16.670703887939453,
      25.8665714263916,
      24.64507484436035,
      28.01141929626465,
      27.998279571533203,
      24.791059494018555,
      20.79951286315918,
      16.824687957763672
    ],
    [
      12.322493553161621,
      12.773666381835938,
      14.415431022644043,
      16.900487899780273,
      16.219097137451172,
      19.83477783203125,
      16.56903076171875,
      20.83681869506836,
      13.511932373046875,
      18.8104305267334,
      19.630210876464844,
      24.64507484436035,
      44.322017669677734,
      37.80105972290039,
      51.769859313964844,
      37.99013137817383,
      36.701332092285156,
      22.903547286987305
    ],
    [
      15.390666007995605,
      15.48389720916748,
      18.21581268310547,
      19.388193130493164,
      16.746362686157227,
      21.858379364013672,
      18.84208106994629,
      24.01982307434082,
      15.611169815063477,
      22.11581802368164,
      17.90308952331543,
      28.01141929626465,
      37.80105972290039,
      59.20222091674805,
      62.191734313964844,
      53.16952896118164,
      45.061912536621094,
      35.77040100097656
    ],
    [
      19.31227684020996,
      18.363801956176758,
      20.90714454650879,
      21.426118850708008,
      20.66745948791504,
      25.06092643737793,
      20.104764938354492,
      23.65739631652832,
      16.103891372680664,
      21.646787643432617,
      21.201881408691406,
      27.998279571533203,
      51.769859313964844,
      62.191734313964844,
      92.4916763305664,
      62.38764190673828,
      63.59382247924805,
      38.67496871948242
    ],
    [
      14.942848205566406,
      14.08583927154541,
      16.352622985839844,
      16.967073440551758,
      15.420494079589844,
      19.51012420654297,
      16.820762634277344,
      20.87275505065918,
      13.938851356506348,
      19.05571937561035,
      16.897808074951172,
      24.791059494018555,
      37.99013137817383,
      53.16952896118164,
      62.38764190673828,
      51.54606246948242,
      46.13913345336914,
      35.28864288330078
    ],
    [
      14.739856719970703,
      13.104559898376465,
      14.447072982788086,
      14.748297691345215,
      13.646102905273438,
      17.87540054321289,
      13.707488059997559,
      17.617708206176758,
      12.099472045898438,
      16.637697219848633,
      15.727628707885742,
      20.79951286315918,
      36.701332092285156,
      45.061912536621094,
      63.59382247924805,
      46.13913345336914,
      51.81776809692383,
      35.39569091796875
    ],
    [
      11.376091003417969,
      9.27014446258545,
      10.537284851074219,
      10.728828430175781,
      8.782736778259277,
      12.597142219543457,
      10.575400352478027,
      14.65301513671875,
      10.091100692749023,
      13.925017356872559,
      11.139843940734863,
      16.824687957763672,
      22.903547286987305,
      35.77040100097656,
      38.67496871948242,
      35.28864288330078,
      35.39569091796875,
      32.165008544921875
    ]
  ],
  "covariance_short": [
    [
      51.841575622558594,
      21.88324737548828,
      14.127656936645508,
      16.780380249023438,
      11.824433326721191,
      16.302412033081055,
      10.709010124206543,
      15.815191268920898,
      9.3420991897583,
      15.802484512329102,
      10.479196548461914,
      19.178987503051758,
      19.586719512939453,
      21.198440551757812,
      25.006216049194336,
      19.157569885253906,
      18.606958389282227,
      13.463798522949219
    ],
    [
      21.88324737548828,
      56.14336395263672,
      14.741388320922852,
      18.18634796142578,
      13.576744079589844,
      17.546972274780273,
      12.867252349853516,
      16.530372619628906,
      12.795013427734375,
      16.775978088378906,
      11.369148254394531,
      20.666709899902344,
      22.318635940551758,
      36.75806427001953,
      39.57802200317383,
      29.915061950683594,
      25.26647186279297,
      17.155729293823242
    ],
    [
      14.127656936645508,
      14.741388320922852,
      21.49758529663086,
      15.653665542602539,
      12.146858215332031,
      14.693138122558594,
      10.644415855407715,
      15.957486152648926,
      7.840892791748047,
      14.629002571105957,
      9.58278751373291,
      16.894411087036133,
      16.509592056274414,
      19.756175994873047,
      21.206132888793945,
      17.26983070373535,
      15.389789581298828,
      12.17624282836914
    ],
    [
      16.780380249023438,
      18.18634796142578,
      15.653665542602539,
      29.35762596130371,
      16.047452926635742,
      22.566354751586914,
      13.93655014038086,
      24.69942855834961,
      9.875155448913574,
      20.576932907104492,
      10.905535697937012,
      23.483963012695312,
      20.74606704711914,
      22.882369995117188,
      24.135343551635742,
      19.48752784729004,
      17.53120231628418,
      13.424921035766602
    ],
    [
      11.824433326721191,
      13.576744079589844,
      12.146858215332031,
      16.047452926635742,
      27.928438186645508,
      22.337461471557617,
      15.668858528137207,
      21.235830307006836,
      11.87433910369873,
      18.20170021057129,
      14.917654037475586,
      21.33944320678711,
      21.741361618041992,
      22.470935821533203,
      25.61916732788086,
      20.127269744873047,
      17.655290603637695,
      13.012370109558105
    ],
    [
      16.302412033081055,
      17.546972274780273,
      14.693138122558594,
      22.566354751586914,
      22.337461471557617,
      36.34709548950195,
      16.832700729370117,
      29.71476173400879,
      12.025457382202148,
      25.414209365844727,
      15.556375503540039,
      28.243202209472656,
      26.62369155883789,
      28.43349266052246,
      30.82942008972168,
      24.69915771484375,
      22.71079444885254,
      16.77835464477539
    ],
    [
      10.709010124206543,
      12.867252349853516,
      10.644415855407715,
      13.93655014038086,
      15.668858528137207,
      16.832700729370117,
      32.78398132324219,
      25.43303108215332,
      16.37664031982422,
      16.891523361206055,
      17.389854431152344,
      20.454858779907227,
      23.316654205322266,
      24.177356719970703,
      24.789840698242188,
      21.454654693603516,
      17.296533584594727,
      14.507851600646973
    ],
    [
      15.815191268920898,
      16.530372619628906,
      15.957486152648926,
      24.69942855834961,
      21.235830307006836,
      29.71476173400879,
      25.43303108215332,
      43.492820739746094,
      17.464414596557617,
      31.10594940185547,
      18.783668518066406,
      32.759765625,
      29.34421157836914,
      33.25324630737305,
      31.478086471557617,
      28.540788650512695,
      24.466447830200195,
      21.398115158081055
    ],
    [
      9.3420991897583,
      12.795013427734375,
      7.840892791748047,
      9.875155448913574,
      11.87433910369873,
      12.025457382202148,
      16.37664031982422,
      17.464414596557617,
      27.58967399597168,
      19.595064163208008,
      18.630760192871094,
      18.893667221069336,
      21.368438720703125,
      20.945791244506836,
      20.61941146850586,
      18.292217254638672,
      15.355500221252441,
      13.670844078063965
    ],
    [
      15.802484512329102,
      16.775978088378906,
      14.629002571105957,
      20.576932907104492,
      18.20170021057129,
      25.414209365844727,
      16.891523361206055,
      31.10594940185547,
      19.595064163208008,
      36.6528434753418,
      19.232175827026367,
      33.75065612792969,
      29.030975341796875,
      32.03362274169922,
      29.032386779785156,
      27.081613540649414,
      23.41989517211914,
      21.104171752929688
    ],
    [
      10.479196548461914,
      11.369148254394531,
      9.58278751373291,
      10.905535697937012,
      14.917654037475586,
      15.556375503540039,
      17.389854431152344,
      18.783668518066406,
      18.630760192871094,
      19.232175827026367,
      31.305339813232422,
      25.489294052124023,
      28.07489776611328,
      25.746862411499023,
      28.68488121032715,
      23.36666488647461,
      21.25933265686035,
      16.213397979736328
    ],
    [
      19.178987503051758,
      20.666709899902344,
      16.894411087036133,
      23.483963012695312,
      21.33944320678711,
      28.243202209472656,
      20.454858779907227,
      32.759765625,
      18.893667221069336,
      33.75065612792969,
      25.489294052124023,
      44.68996047973633,
      39.438777923583984,
      43.36211013793945,
      40.40340042114258,
      37.503299713134766,
      31.16384506225586,
      27.125864028930664
    ],
    [
      19.586719512939453,
      22.318635940551758,
      16.509592056274414,
      20.74606704711914,
      21.741361618041992,
      26.62369155883789,
      23.316654205322266,
      29.34421157836914,
      21.368438720703125,
      29.030975341796875,
      28.07489776611328,
      39.438777923583984,
      68.5385513305664,
      59.745567321777344,
      73.6812744140625,
      57.023902893066406,
      54.87807083129883,
      38.2003059387207
    ],
    [
      21.198440551757812,
      36.75806427001953,
      19.756175994873047,
      22.882369995117188,
      22.470935821533203,
      28.43349266052246,
      24.177356719970703,
      33.25324630737305,
      20.945791244506836,
      32.03362274169922,
      25.746862411499023,
      43.36211013793945,
      59.745567321777344,
      77.90994262695312,
      75.02838897705078,
      69.50830841064453,
      56.35776138305664,
      48.7171745300293
    ],
    [
      25.006216049194336,
      39.57802200317383,
      21.206132888793945,
      24.135343551635742,
      25.61916732788086,
      30.82942008972168,
      24.789840698242188,
      31.478086471557617,
      20.61941146850586,
      29.032386779785156,
      28.68488121032715,
      40.40340042114258,
      73.6812744140625,
      75.02838897705078,
      109.99681091308594,
      76.02873992919922,
      77.4808349609375,
      48.620025634765625
    ],
    [
      19.157569885253906,
      29.915061950683594,
      17.26983070373535,
      19.48752784729004,
      20.127269744873047,
      24.69915771484375,
      21.454654693603516,
      28.540788650512695,
      18.292217254638672,
      27.081613540649414,
      23.36666488647461,
      37.503299713134766,
      57.023902893066406,
      69.50830841064453,
      76.02873992919922,
      68.50448608398438,
      58.12321090698242,
      48.603397369384766
    ],
    [
      18.606958389282227,
      25.26647186279297,
      15.389789581298828,
      17.53120231628418,
      17.655290603637695,
      22.71079444885254,
      17.296533584594727,
      24.466447830200195,
      15.355500221252441,
      23.41989517211914,
      21.25933265686035,
      31.16384506225586,
      54.87807083129883,
      56.35776138305664,
      77.4808349609375,
      58.12321090698242,
      65.97867584228516,
      46.0731086730957
    ],
    [
      13.463798522949219,
      17.155729293823242,
      12.17624282836914,
      13.424921035766602,
      13.012370109558105,
      16.77835464477539,
      14.507851600646973,
      21.398115158081055,
      13.670844078063965,
      21.104171752929688,
      16.213397979736328,
      27.125864028930664,
      38.2003059387207,
      48.7171745300293,
      48.620025634765625,
      48.603397369384766,
      46.0731086730957,
      44.26388168334961
    ]
  ],
  "damage": -19.71303939819336,
  "diff_bandwidth": 601.0839233398438,
  "dissonance": 8.942863540858276,
  "drr": 13.542158126831055,
  "dynamics": 2.4773826599121094,
  "format": 1245190,
  "frames": 13413456,
  "freq_pan_to_db": [
    [
      -37.8179931640625,
      -36.39238357543945,
      -33.151607513427734,
      -31.02106475830078,
      -28.62206268310547,
      -29.591157913208008,
      -31.79569435119629,
      -33.036373138427734,
      -34.1637077331543,
      -36.282371520996094,
      -37.616111755371094
    ],
    [
      -30.705120086669922,
      -29.139446258544922,
      -27.06508445739746,
      -25.341596603393555,
      -22.16161346435547,
      -21.807819366455078,
      -25.21416664123535,
      -26.58092498779297,
      -28.13288116455078,
      -29.574377059936523,
      -30.71820831298828
    ],
    [
      -28.78353500366211,
      -27.288860321044922,
      -25.773069381713867,
      -23.877986907958984,
      -22.710233688354492,
      -23.0635929107666,
      -24.461074829101562,
      -25.258075714111328,
      -26.057592391967773,
      -27.612051010131836,
      -28.55047607421875
    ],
    [
      -30.266860961914062,
      -29.1937198638916,
      -28.23381805419922,
      -27.29829978942871,
      -25.978897094726562,
      -25.797954559326172,
      -25.807435989379883,
      -26.840444564819336,
      -28.006420135498047,
      -29.450660705566406,
      -30.32481575012207
    ],
    [
      -31.354461669921875,
      -31.17776870727539,
      -30.245330810546875,
      -29.401248931884766,
      -28.692052841186523,
      -28.509294509887695,
      -27.287363052368164,
      -28.146474838256836,
      -29.340036392211914,
      -30.3924617767334,
      -30.858118057250977
    ],
    [
      -31.720449447631836,
      -30.90362548828125,
      -29.304906845092773,
      -28.135705947875977,
      -26.983783721923828,
      -27.422122955322266,
      -28.480976104736328,
      -29.937131881713867,
      -31.183849334716797,
      -32.24768829345703,
      -32.887535095214844
    ],
    [
      -32.71049118041992,
      -31.9227237701416,
      -30.515047073364258,
      -29.089492797851562,
      -27.604543685913086,
      -28.02852439880371,
      -28.459531784057617,
      -30.060653686523438,
      -31.685049057006836,
      -32.8555793762207,
      -33.74127960205078
    ],
    [
      -31.621667861938477,
      -31.919893264770508,
      -31.302770614624023,
      -30.01934242248535,
      -28.84633445739746,
      -27.832569122314453,
      -26.2971248626709,
      -28.361835479736328,
      -30.276226043701172,
      -30.394695281982422,
      -31.057376861572266
    ],
    [
      -32.223838806152344,
      -31.637372970581055,
      -31.164520263671875,
      -29.551008224487305,
      -28.135454177856445,
      -27.61458969116211,
      -26.588762283325195,
      -28.31024932861328,
      -30.58094024658203,
      -31.3585262298584,
      -31.888031005859375
    ],
    [
      -32.00208282470703,
      -32.82749557495117,
      -30.932723999023438,
      -28.283018112182617,
      -27.315874099731445,
      -28.422903060913086,
      -29.669870376586914,
      -30.950380325317383,
      -32.187992095947266,
      -33.85623550415039,
      -35.45836639404297
    ],
    [
      -34.085968017578125,
      -34.72304916381836,
      -33.970787048339844,
      -32.61471176147461,
      -30.426082611083984,
      -28.7359676361084,
      -30.58867645263672,
      -32.235084533691406,
      -33.817298889160156,
      -34.36753845214844,
      -34.00187301635742
    ],
    [
      -36.50479507446289,
      -36.398353576660156,
      -35.438018798828125,
      -34.90256881713867,
      -33.151126861572266,
      -31.571107864379883,
      -31.426156997680664,
      -32.90044403076172,
      -35.27070236206055,
      -35.59456253051758,
      -37.55901336669922
    ],
    [
      -35.059818267822266,
      -37.4958381652832,
      -37.871280670166016,
      -35.3802375793457,
      -32.437381744384766,
      -30.852373123168945,
      -32.35798263549805,
      -33.936214447021484,
      -34.931236267089844,
      -35.80324172973633,
      -35.570552825927734
    ],
    [
      -33.04122543334961,
      -36.30647277832031,
      -35.74619674682617,
      -33.80929183959961,
      -30.595006942749023,
      -29.976999282836914,
      -32.627071380615234,
      -35.10579299926758,
      -35.39642333984375,
      -36.486236572265625,
      -35.93822479248047
    ],
    [
      -32.63274002075195,
      -34.128448486328125,
      -35.04392623901367,
      -33.35348892211914,
      -31.788835525512695,
      -32.98758316040039,
      -34.765899658203125,
      -36.08354187011719,
      -34.803714752197266,
      -36.84651184082031,
      -35.99333572387695
    ],
    [
      -33.50160598754883,
      -34.45043182373047,
      -35.1999397277832,
      -33.13730239868164,
      -34.280635833740234,
      -34.06559371948242,
      -35.63657760620117,
      -35.501739501953125,
      -35.08989715576172,
      -34.96977996826172,
      -37.1961784362793
    ],
    [
      -33.01205062866211,
      -34.62351608276367,
      -36.77243423461914,
      -35.13078689575195,
      -35.61048889160156,
      -35.28915023803711,
      -36.94440460205078,
      -35.09391403198242,
      -35.05764389038086,
      -35.25924301147461,
      -36.87006378173828
    ],
    [
      -31.629974365234375,
      -33.375244140625,
      -35.194374084472656,
      -35.537872314453125,
      -32.94834518432617,
      -34.14149475097656,
      -35.359519958496094,
      -34.04179382324219,
      -33.98630142211914,
      -34.03169631958008,
      -35.228145599365234
    ],
    [
      -34.70732498168945,
      -33.142189025878906,
      -34.46139907836914,
      -34.665611267089844,
      -32.4798469543457,
      -33.67023468017578,
      -35.63264465332031,
      -33.866268157958984,
      -33.895957946777344,
      -35.25200271606445,
      -37.30732727050781
    ],
    [
      -36.495452880859375,
      -35.78413009643555,
      -36.416175842285156,
      -36.669105529785156,
      -34.42576217651367,
      -35.40853500366211,
      -37.21873092651367,
      -36.72300720214844,
      -36.46098327636719,
      -36.82414627075195,
      -37.89643478393555
    ],
    [
      -34.46479415893555,
      -35.49103546142578,
      -36.51125717163086,
      -36.96662139892578,
      -35.90214157104492,
      -36.025230407714844,
      -38.13741683959961,
      -36.8626823425293,
      -37.89104461669922,
      -38.46577453613281,
      -37.754005432128906
    ],
    [
      -39.64487075805664,
      -37.41459655761719,
      -35.58903884887695,
      -37.264503479003906,
      -36.159637451171875,
      -35.84356689453125,
      -39.039241790771484,
      -36.216827392578125,
      -38.406253814697266,
      -39.36308288574219,
      -40.98548889160156
    ],
    [
      -39.700897216796875,
      -37.38984680175781,
      -38.45701599121094,
      -39.215702056884766,
      -37.862709045410156,
      -36.56351852416992,
      -38.404571533203125,
      -38.983558654785156,
      -39.15366744995117,
      -38.48933029174805,
      -38.87956619262695
    ],
    [
      -43.07820129394531,
      -38.36738967895508,
      -38.515804290771484,
      -39.0458984375,
      -38.3443717956543,
      -36.72483444213867,
      -38.73041915893555,
      -39.18924331665039,
      -39.50666046142578,
      -39.17524337768555,
      -39.87730407714844
    ],
    [
      -45.65605163574219,
      -40.94676971435547,
      -41.37887954711914,
      -40.395931243896484,
      -40.513187408447266,
      -39.70732498168945,
      -41.13252258300781,
      -41.019325256347656,
      -41.53159713745117,
      -41.98772048950195,
      -43.61587142944336
    ],
    [
      -41.1605110168457,
      -41.95671081542969,
      -42.498046875,
      -41.37929916381836,
      -41.335609436035156,
      -41.595211029052734,
      -42.26117706298828,
      -42.36716842651367,
      -42.32551193237305,
      -42.706886291503906,
      -45.692813873291016
    ],
    [
      -51.13272476196289,
      -43.13847351074219,
      -43.397064208984375,
      -43.607112884521484,
      -43.199764251708984,
      -42.72357177734375,
      -45.2849235534668,
      -44.75458526611328,
      -43.94139099121094,
      -44.73314666748047,
      -43.221614837646484
    ],
    [
      -47.03590393066406,
      -43.51421356201172,
      -44.028812408447266,
      -44.49880599975586,
      -45.21678161621094,
      -45.529048919677734,
      -47.58563232421875,
      -46.265541076660156,
      -45.7722282409668,
      -45.59489059448242,
      -46.173187255859375
    ],
    [
      -47.99367904663086,
      -45.955013275146484,
      -46.289161682128906,
      -46.856693267822266,
      -47.65678405761719,
      -47.27948760986328,
      -49.11217498779297,
      -48.427032470703125,
      -47.15171432495117,
      -47.42680740356445,
      -41.41203308105469
    ],
    [
      -51.04130935668945,
      -48.783634185791016,
      -48.185394287109375,
      -48.5859375,
      -49.24455261230469,
      -47.28971862792969,
      -48.136898040771484,
      -48.75893783569336,
      -48.74968719482422,
      -48.30491638183594,
      -49.12899398803711
    ],
    [
      -61.14385986328125,
      -49.33903121948242,
      -48.747249603271484,
      -49.23814392089844,
      -49.6405029296875,
      -46.858009338378906,
      -47.36363220214844,
      -47.7249755859375,
      -50.66145706176758,
      -51.30043411254883,
      -56.46755599975586
    ],
    [
      -59.20198440551758,
      -51.10016632080078,
      -50.151153564453125,
      -50.32887268066406,
      -50.409053802490234,
      -46.71931076049805,
      -49.36762237548828,
      -51.428688049316406,
      -52.080440521240234,
      -50.25934982299805,
      -370
    ],
    [
      -104.73495483398438,
      -52.581275939941406,
      -50.499603271484375,
      -50.92161178588867,
      -50.5910758972168,
      -46.84651565551758,
      -50.60647964477539,
      -53.49298095703125,
      -55.05278396606445,
      -50.54719543457031,
      -370
    ],
    [
      -370,
      -57.326114654541016,
      -53.65617752075195,
      -52.275978088378906,
      -51.43415451049805,
      -46.4556884765625,
      -50.713191986083984,
      -54.54632568359375,
      -58.41020202636719,
      -55.720760345458984,
      -66.91556549072266
    ],
    [
      -71.72805786132812,
      -62.15781021118164,
      -56.02958679199219,
      -53.85352325439453,
      -52.72352981567383,
      -46.96646499633789,
      -50.81378936767578,
      -48.63018035888672,
      -50.1317024230957,
      -53.12513732910156,
      -51.900238037109375
    ],
    [
      -54.75034713745117,
      -60.04526138305664,
      -58.41862869262695,
      -56.64112091064453,
      -55.63902282714844,
      -49.310665130615234,
      -52.416046142578125,
      -47.98640060424805,
      -48.54194641113281,
      -52.694602966308594,
      -46.91424560546875
    ],
    [
      -69.89030456542969,
      -59.35393142700195,
      -58.23902893066406,
      -57.96278762817383,
      -56.788421630859375,
      -50.86845016479492,
      -54.715606689453125,
      -52.57472610473633,
      -53.24812316894531,
      -52.2418212890625,
      -52.03648376464844
    ],
    [
      -57.34312057495117,
      -61.65558624267578,
      -61.40398025512695,
      -59.273651123046875,
      -57.4251823425293,
      -53.12864685058594,
      -57.164031982421875,
      -56.35660171508789,
      -54.795677185058594,
      -52.1700325012207,
      -46.96113204956055
    ],
    [
      -55.56070327758789,
      -63.688629150390625,
      -61.69107437133789,
      -59.91667175292969,
      -59.03705978393555,
      -55.60140609741211,
      -58.39740753173828,
      -57.51322937011719,
      -55.78761291503906,
      -52.70073699951172,
      -71.34449005126953
    ],
    [
      -64.63835144042969,
      -60.21143341064453,
      -61.30000305175781,
      -62.329833984375,
      -61.721824645996094,
      -57.342681884765625,
      -57.98822021484375,
      -53.73075866699219,
      -53.67784118652344,
      -53.491519927978516,
      -57.03288269042969
    ],
    [
      -62.12237548828125,
      -61.109405517578125,
      -61.7852783203125,
      -61.70441818237305,
      -61.74650192260742,
      -60.11741638183594,
      -61.306819915771484,
      -59.07575607299805,
      -58.971832275390625,
      -57.489158630371094,
      -58.23321533203125
    ],
    [
      -64.63078308105469,
      -62.159664154052734,
      -61.55601501464844,
      -61.83074188232422,
      -62.693851470947266,
      -63.0136833190918,
      -64.00208282470703,
      -63.13431167602539,
      -58.96742630004883,
      -56.84362030029297,
      -57.39236831665039
    ]
  ],
  "histogram": [
    {
      "db": -70,
      "frequency": 4
    },
    {
      "db": -69,
      "frequency": 3
    },
    {
      "db": -68,
      "frequency": 2
    },
    {
      "db": -67,
      "frequency": 5
    },
    {
      "db": -66,
      "frequency": 4
    },
    {
      "db": -65,
      "frequency": 1
    },
    {
      "db": -64,
      "frequency": 4
    },
    {
      "db": -63,
      "frequency": 5
    },
    {
      "db": -62,
      "frequency": 5
    },
    {
      "db": -61,
      "frequency": 6
    },
    {
      "db": -60,
      "frequency": 0
    },
    {
      "db": -59,
      "frequency": 5
    },
    {
      "db": -58,
      "frequency": 4
    },
    {
      "db": -57,
      "frequency": 6
    },
    {
      "db": -56,
      "frequency": 5
    },
    {
      "db": -55,
      "frequency": 4
    },
    {
      "db": -54,
      "frequency": 5
    },
    {
      "db": -53,
      "frequency": 3
    },
    {
      "db": -52,
      "frequency": 8
    },
    {
      "db": -51,
      "frequency": 6
    },
    {
      "db": -50,
      "frequency": 9
    },
    {
      "db": -49,
      "frequency": 6
    },
    {
      "db": -48,
      "frequency": 4
    },
    {
      "db": -47,
      "frequency": 2
    },
    {
      "db": -46,
      "frequency": 2
    },
    {
      "db": -45,
      "frequency": 1
    },
    {
      "db": -44,
      "frequency": 4
    },
    {
      "db": -43,
      "frequency": 16
    },
    {
      "db": -42,
      "frequency": 16
    },
    {
      "db": -41,
      "frequency": 10
    },
    {
      "db": -40,
      "frequency": 10
    },
    {
      "db": -39,
      "frequency": 7
    },
    {
      "db": -38,
      "frequency": 3
    },
    {
      "db": -37,
      "frequency": 9
    },
    {
      "db": -36,
      "frequency": 7
    },
    {
      "db": -35,
      "frequency": 1
    },
    {
      "db": -34,
      "frequency": 3
    },
    {
      "db": -33,
      "frequency": 13
    },
    {
      "db": -32,
      "frequency": 16
    },
    {
      "db": -31,
      "frequency": 13
    },
    {
      "db": -30,
      "frequency": 13
    },
    {
      "db": -29,
      "frequency": 64
    },
    {
      "db": -28,
      "frequency": 78
    },
    {
      "db": -27,
      "frequency": 108
    },
    {
      "db": -26,
      "frequency": 401
    },
    {
      "db": -25,
      "frequency": 743
    },
    {
      "db": -24,
      "frequency": 477
    },
    {
      "db": -23,
      "frequency": 340
    },
    {
      "db": -22,
      "frequency": 251
    },
    {
      "db": -21,
      "frequency": 214
    },
    {
      "db": -20,
      "frequency": 37
    },
    {
      "db": -19,
      "frequency": 0
    },
    {
      "db": -18,
      "frequency": 0
    },
    {
      "db": -17,
      "frequency": 0
    },
    {
      "db": -16,
      "frequency": 0
    },
    {
      "db": -15,
      "frequency": 0
    },
    {
      "db": -14,
      "frequency": 0
    },
    {
      "db": -13,
      "frequency": 0
    },
    {
      "db": -12,
      "frequency": 0
    },
    {
      "db": -11,
      "frequency": 0
    },
    {
      "db": -10,
      "frequency": 0
    },
    {
      "db": -9,
      "frequency": 0
    },
    {
      "db": -8,
      "frequency": 0
    },
    {
      "db": -7,
      "frequency": 0
    },
    {
      "db": -6,
      "frequency": 0
    },
    {
      "db": -5,
      "frequency": 0
    },
    {
      "db": -4,
      "frequency": 0
    },
    {
      "db": -3,
      "frequency": 0
    },
    {
      "db": -2,
      "frequency": 0
    },
    {
      "db": -1,
      "frequency": 0
    },
    {
      "db": 0,
      "frequency": 0
    },
    {
      "db": 1,
      "frequency": 0
    },
    {
      "db": 2,
      "frequency": 0
    },
    {
      "db": 3,
      "frequency": 0
    },
    {
      "db": 4,
      "frequency": 0
