{
  "acoustic_entropy": 194.9396209716797,
  "bands": [
    {
      "high_freq": 148.1999969482422,
      "loudness": -34.75602722167969,
      "loudness_range": 9.601608276367188,
      "mid_mean": -31.44070053100586,
      "mid_to_side_loudness": -14.557299613952637,
      "mid_to_side_loudness_range": 11.343252182006836,
      "side_mean": -46.015872955322266
    },
    {
      "high_freq": 392.3793640136719,
      "loudness": -34.38435363769531,
      "loudness_range": 8.036380767822266,
      "low_freq": 148.1999969482422,
      "mid_mean": -31.312929153442383,
      "mid_to_side_loudness": -9.513216972351074,
      "mid_to_side_loudness_range": 7.264277458190918,
      "side_mean": -40.66172409057617
    },
    {
      "high_freq": 794.6976318359375,
      "loudness": -35.102622985839844,
      "loudness_range": 10.302711486816406,
      "low_freq": 392.3793640136719,
      "mid_mean": -32.04335021972656,
      "mid_to_side_loudness": -8.802456855773926,
      "mid_to_side_loudness_range": 7.1757283210754395,
      "side_mean": -40.90790939331055
    },
    {
      "high_freq": 1457.5709228515625,
      "loudness": -37.974945068359375,
      "loudness_range": 12.070585250854492,
      "low_freq": 794.6976318359375,
      "mid_mean": -34.97545623779297,
      "mid_to_side_loudness": -9.035663604736328,
      "mid_to_side_loudness_range": 8.325628280639648,
      "side_mean": -43.83634948730469
    },
    {
      "high_freq": 2549.74365234375,
      "loudness": -36.852806091308594,
      "loudness_range": 9.809503555297852,
      "low_freq": 1457.5709228515625,
      "mid_mean": -33.88871383666992,
      "mid_to_side_loudness": -8.919587135314941,
      "mid_to_side_loudness_range": 9.5110502243042,
      "side_mean": -42.58609390258789
    },
    {
      "high_freq": 4349.24462890625,
      "loudness": -39.25102615356445,
      "loudness_range": 10.43099594116211,
      "low_freq": 2549.74365234375,
      "mid_mean": -36.28483200073242,
      "mid_to_side_loudness": -8.463647842407227,
      "mid_to_side_loudness_range": 8.60494613647461,
      "side_mean": -44.75289535522461
    },
    {
      "high_freq": 7314.1640625,
      "loudness": -46.32439422607422,
      "loudness_range": 17.682071685791016,
      "low_freq": 4349.24462890625,
      "mid_mean": -43.70986557006836,
      "mid_to_side_loudness": -7.000316619873047,
      "mid_to_side_loudness_range": 8.780157089233398,
      "side_mean": -51.802940368652344
    },
    {
      "high_freq": 12199.2666015625,
      "loudness": -50.234222412109375,
      "loudness_range": 21.297245025634766,
      "low_freq": 7314.1640625,
      "mid_mean": -49.990821838378906,
      "mid_to_side_loudness": -6.935259819030762,
      "mid_to_side_loudness_range": 10.972574234008789,
      "side_mean": -56.15293884277344
    },
    {
      "loudness": -57.546749114990234,
      "loudness_range": 18.777225494384766,
      "low_freq": 12199.2666015625,
      "mid_mean": -56.40494155883789,
      "mid_to_side_loudness": -5.495765686035156,
      "mid_to_side_loudness_range": 8.997224807739258,
      "side_mean": -60.91654586791992
    }
  ],
  "bands_short": [
    {
      "high_freq": 148.1999969482422,
      "loudness": -39.353397369384766,
      "loudness_range": 20.283716201782227,
      "mid_mean": -36.13847351074219,
      "mid_to_side_loudness": -14.764985084533691,
      "mid_to_side_loudness_range": 19.89691925048828,
      "side_mean": -52.243831634521484
    },
    {
      "high_freq": 392.3793640136719,
      "loudness": -34.008689880371094,
      "loudness_range": 10.527706146240234,
      "low_freq": 148.1999969482422,
      "mid_mean": -30.92074203491211,
      "mid_to_side_loudness": -10.296869277954102,
      "mid_to_side_loudness_range": 11.667095184326172,
      "side_mean": -40.86675262451172
    },
    {
      "high_freq": 794.6976318359375,
      "loudness": -35.92841720581055,
      "loudness_range": 12.767745971679688,
      "low_freq": 392.3793640136719,
      "mid_mean": -32.98321533203125,
      "mid_to_side_loudness": -9.115886688232422,
      "mid_to_side_loudness_range": 11.430622100830078,
      "side_mean": -41.85477066040039
    },
    {
      "high_freq": 1457.5709228515625,
      "loudness": -38.10826873779297,
      "loudness_range": 14.526708602905273,
      "low_freq": 794.6976318359375,
      "mid_mean": -35.176090240478516,
      "mid_to_side_loudness": -9.655341148376465,
      "mid_to_side_loudness_range": 12.479071617126465,
      "side_mean": -44.49984359741211
    },
    {
      "high_freq": 2549.74365234375,
      "loudness": -37.52848815917969,
      "loudness_range": 13.185171127319336,
      "low_freq": 1457.5709228515625,
      "mid_mean": -34.58806228637695,
      "mid_to_side_loudness": -9.632795333862305,
      "mid_to_side_loudness_range": 12.396059036254883,
      "side_mean": -43.79623031616211
    },
    {
      "high_freq": 4349.24462890625,
      "loudness": -39.89015579223633,
      "loudness_range": 14.130157470703125,
      "low_freq": 2549.74365234375,
      "mid_mean": -36.97723388671875,
      "mid_to_side_loudness": -9.042396545410156,
      "mid_to_side_loudness_range": 11.470169067382812,
      "side_mean": -46.093753814697266
    },
    {
      "high_freq": 7314.1640625,
      "loudness": -47.96990203857422,
      "loudness_range": 22.403038024902344,
      "low_freq": 4349.24462890625,
      "mid_mean": -45.49384307861328,
      "mid_to_side_loudness": -7.4166412353515625,
      "mid_to_side_loudness_range": 11.04196834564209,
      "side_mean": -53.71617126464844
    },
    {
      "high_freq": 12199.2666015625,
      "loudness": -51.404319763183594,
      "loudness_range": 24.809036254882812,
      "low_freq": 7314.1640625,
      "mid_mean": -52.12729263305664,
      "mid_to_side_loudness": -7.098869323730469,
      "mid_to_side_loudness_range": 12.350258827209473,
      "side_mean": -58.092899322509766
    },
    {
      "loudness": -59.33493423461914,
      "loudness_range": 24.071109771728516,
      "low_freq": 12199.2666015625,
      "mid_mean": -59.08194351196289,
      "mid_to_side_loudness": -6.064141273498535,
      "mid_to_side_loudness_range": 11.481165885925293,
      "side_mean": -63.28156280517578
    }
  ],
  "bandwidth": 609.24853515625,
  "channels": 2,
  "covariance": [
    [
      22.29181480407715,
      15.059115409851074,
      11.36982250213623,
      12.312695503234863,
      9.103153228759766,
      12.75818157196045,
      8.88206958770752,
      11.301840782165527,
      7.637731075286865,
      11.432291984558105,
      7.829246997833252,
      12.3941650390625,
      11.855194091796875,
      15.924159049987793,
      20.3438663482666,
      15.169784545898438,
      15.977094650268555,
      11.425551414489746
    ],
    [
      15.059115409851074,
      23.490022659301758,
      10.824530601501465,
      13.61376667022705,
      9.760421752929688,
      14.518583297729492,
      8.777199745178223,
      12.538965225219727,
      7.550907611846924,
      12.560688972473145,
      8.039629936218262,
      13.694341659545898,
      12.336878776550293,
      15.70871639251709,
      18.838232040405273,
      14.007490158081055,
      13.783913612365723,
      9.102466583251953
    ],
    [
      11.36982250213623,
      10.824530601501465,
      16.301794052124023,
      13.398821830749512,
      9.552902221679688,
      12.638800621032715,
      10.133145332336426,
      13.234437942504883,
      6.68964958190918,
      12.069786071777344,
      8.655044555664062,
      13.726029396057129,
      14.222416877746582,
      18.75189971923828,
      21.786697387695312,
      16.519628524780273,
      15.478240013122559,
      10.531335830688477
    ],
    [
      12.312695503234863,
      13.61376667022705,
      13.398821830749512,
      19.87799835205078,
      12.040488243103027,
      16.02602195739746,
      12.649346351623535,
      18.074092864990234,
      9.123613357543945,
      15.340200424194336,
      9.611858367919922,
      16.782081604003906,
      16.4017276763916,
      19.754344940185547,
      22.027324676513672,
      16.99138069152832,
      15.555920600891113,
      10.610086441040039
    ],
    [
      9.103153228759766,
      9.760421752929688,
      9.552902221679688,
      12.040488243103027,
      18.329710006713867,
      15.84351921081543,
      13.28989315032959,
      15.34061050415039,
      9.359892845153809,
      12.513848304748535,
      11.757722854614258,
      14.229585647583008,
      16.13207244873047,
      16.96323013305664,
      21.009626388549805,
      15.356559753417969,
      14.184765815734863,
      8.5896577835083
    ],
    [
      12.75818157196045,
      14.518583297729492,
      12.638800621032715,
      16.02602195739746,
      15.84351921081543,
      22.534828186035156,
      13.961050033569336,
      18.96742057800293,
      10.24367618560791,
      17.068052291870117,
      12.548162460327148,
      19.06935691833496,
      19.435611724853516,
      22.386028289794922,
      25.750455856323242,
      19.59971046447754,
      18.773136138916016,
      12.497363090515137
    ],
    [
      8.88206958770752,
      8.777199745178223,
      10.133145332336426,
      12.649346351623535,
      13.28989315032959,
      13.961050033569336,
      23.838809967041016,
      19.591445922851562,
      12.617025375366211,
      12.840195655822754,
      12.652379035949707,
      14.193354606628418,
      16.125988006591797,
      19.248592376708984,
      20.814407348632812,
      16.933349609375,
      14.531370162963867,
      10.53172779083252
    ],
    [
      11.301840782165527,
      12.538965225219727,
      13.234437942504883,
      18.074092864990234,
      15.34061050415039,
      18.96742057800293,
      19.591445922851562,
      26.6365909576416,
      13.4995698928833,
      19.585113525390625,
      14.06828498840332,
      21.231006622314453,
      20.495973587036133,
      24.443723678588867,
      24.315475463867188,
      20.977127075195312,
      18.557241439819336,
      14.604870796203613
    ],
    [
      7.637731075286865,
      7.550907611846924,
      6.68964958190918,
      9.123613357543945,
      9.359892845153809,
      10.24367618560791,
      12.617025375366211,
      13.4995698928833,
      19.343448638916016,
      13.270525932312012,
      13.202852249145508,
      12.269139289855957,
      13.02017593383789,
      16.041255950927734,
      16.91295623779297,
      14.132855415344238,
      12.996052742004395,
      10.134786605834961
    ],
    [
      11.432291984558105,
      12.560688972473145,
      12.069786071777344,
      15.340200424194336,
      12.513848304748535,
      17.068052291870117,
      12.840195655822754,
      19.585113525390625,
      13.270525932312012,
      21.14750099182129,
      13.514741897583008,
      21.236745834350586,
      18.438785552978516,
      22.69900131225586,
      22.501358032226562,
      19.293718338012695,
      17.7230224609375,
      13.970257759094238
    ],
    [
      7.829246997833252,
      8.039629936218262,
      8.655044555664062,
      9.611858367919922,
      11.757722854614258,
      12.548162460327148,
      12.652379035949707,
      14.06828498840332,
      13.202852249145508,
      13.514741897583008,
      20.6840763092041,
      16.76616668701172,
      19.411409378051758,
      18.391878128051758,
      21.94851303100586,
      17.133747100830078,
      16.616233825683594,
      11.149843215942383
    ],
    [
      12.3941650390625,
      13.694341659545898,
      13.726029396057129,
      16.782081604003906,
      14.229585647583008,
      19.06935691833496,
      14.193354606628418,
      21.231006622314453,
      12.269139289855957,
      21.236745834350586,
      16.76616668701172,
      26.015499114990234,
      24.45172882080078,
      28.825368881225586,
      29.080379486083984,
      25.18238639831543,
      22.126008987426758,
      16.903635025024414
    ],
    [
      11.855194091796875,
      12.336878776550293,
      14.222416877746582,
      16.4017276763916,
      16.13207244873047,
      19.435611724853516,
      16.125988006591797,
      20.495973587036133,
      13.02017593383789,
      18.438785552978516,
      19.411409378051758,
      24.45172882080078,
      44.572940826416016,
      38.42720031738281,
      52.60626983642578,
      38.14308166503906,
      38.044315338134766,
      22.700023651123047
    ],
    [
      15.924159049987793,
      15.70871639251709,
      18.75189971923828,
      19.754344940185547,
      16.96323013305664,
      22.386028289794922,
      19.248592376708984,
      24.443723678588867,
      16.041255950927734,
      22.69900131225586,
      18.391878128051758,
      28.825368881225586,
      38.42720031738281,
      63.38838577270508,
      67.36986541748047,
      55.6369743347168,
      49.853511810302734,
      37.06777572631836
    ],
    [
      20.3438663482666,
      18.838232040405273,
      21.786697387695312,
      22.027324676513672,
      21.009626388549805,
      25.750455856323242,
      20.814407348632812,
      24.315475463867188,
      16.91295623779297,
      22.501358032226562,
      21.94851303100586,
      29.080379486083984,
      52.60626983642578,
      67.36986541748047,
      98.7671127319336,
      65.33138275146484,
      69.42060852050781,
      40.18281173706055
    ],
    [
      15.169784545898438,
      14.007490158081055,
      16.519628524780273,
      16.99138069152832,
      15.356559753417969,
      19.59971046447754,
      16.933349609375,
      20.977127075195312,
      14.132855415344238,
      19.293718338012695,
      17.133747100830078,
      25.18238639831543,
      38.14308166503906,
      55.6369743347168,
      65.33138275146484,
      52.73980712890625,
      49.48115539550781,
      35.82444763183594
    ],
    [
      15.977094650268555,
      13.783913612365723,
      15.478240013122559,
      15.555920600891113,
      14.184765815734863,
      18.773136138916016,
      14.531370162963867,
      18.557241439819336,
      12.996052742004395,
      17.7230224609375,
      16.616233825683594,
      22.126008987426758,
      38.044315338134766,
      49.853511810302734,
      69.42060852050781,
      49.48115539550781,
      57.55370330810547,
      37.68177795410156
    ],
    [
      11.425551414489746,
      9.102466583251953,
      10.531335830688477,
      10.610086441040039,
      8.5896577835083,
      12.497363090515137,
      10.53172779083252,
      14.604870796203613,
      10.134786605834961,
      13.970257759094238,
      11.149843215942383,
      16.903635025024414,
      22.700023651123047,
      37.06777572631836,
      40.18281173706055,
      35.82444763183594,
      37.68177795410156,
      32.580970764160156
    ]
  ],
  "covariance_short": [
    [
      51.87204360961914,
      22.017793655395508,
      14.119458198547363,
      16.789827346801758,
      11.797237396240234,
      16.20595359802246,
      10.639460563659668,
      15.625218391418457,
      9.325926780700684,
      15.704445838928223,
      10.516972541809082,
      19.057579040527344,
      18.66686248779297,
      21.81747817993164,
      26.243562698364258,
      19.453712463378906,
      20.18060874938965,
      13.476707458496094
    ],
    [
      22.017793655395508,
      56.677696228027344,
      14.826924324035645,
      18.150665283203125,
      13.638211250305176,
      17.408658981323242,
      12.741476058959961,
      16.134492874145508,
      12.854564666748047,
      16.76137924194336,
      11.485601425170898,
      20.48830795288086,
      18.79172706604004,
      38.758419036865234,
      42.61445236206055,
      30.608314514160156,
      27.89944839477539,
      17.242706298828125
    ],
    [
      14.119458198547363,
      14.826924324035645,
      21.535539627075195,
      15.64905071258545,
      12.217141151428223,
      14.552046775817871,
      10.559687614440918,
      15.77452278137207,
      7.8495988845825195,
      14.592669486999512,
      9.693584442138672,
      16.803848266601562,
      15.344886779785156,
      20.418283462524414,
      22.354473114013672,
      17.55945587158203,
      16.782201766967773,
      12.236433029174805
    ],
    [
      16.789827346801758,
      18.150665283203125,
      15.64905071258545,
      29.29692268371582,
      16.067363739013672,
      22.331199645996094,
      13.816962242126465,
      24.492826461791992,
      9.912116050720215,
      20.50950813293457,
      10.980925559997559,
      23.252145767211914,
      18.84259796142578,
      23.663284301757812,
      25.34075355529785,
      19.771413803100586,
      19.049907684326172,
      13.452930450439453
    ],
    [
      11.797237396240234,
      13.638211250305176,
      12.217141151428223,
      16.067363739013672,
      27.866716384887695,
      22.18874168395996,
      15.718819618225098,
      21.125715255737305,
      11.912764549255371,
      18.147193908691406,
      15.029560089111328,
      21.13942527770996,
      20.38812828063965,
      23.094879150390625,
      26.658517837524414,
      20.340225219726562,
      19.05169105529785,
      12.976593017578125
    ],
    [
      16.20595359802246,
      17.408658981323242,
      14.552046775817871,
      22.331199645996094,
      22.18874168395996,
      35.96875,
      16.67406463623047,
      29.358150482177734,
      11.958429336547852,
      25.258316040039062,
      15.560226440429688,
      27.891590118408203,
      24.9227294921875,
      29.053415298461914,
      31.828554153442383,
      24.79832649230957,
      24.239152908325195,
      16.656139373779297
    ],
    [
      10.639460563659668,
      12.741476058959961,
      10.559687614440918,
      13.816962242126465,
      15.718819618225098,
      16.67406463623047,
      32.489967346191406,
      25.143341064453125,
      16.310646057128906,
      16.851436614990234,
      17.327964782714844,
      20.294767379760742,
      21.27327537536621,
      24.67070960998535,
      25.82021713256836,
      21.635467529296875,
      18.627544403076172,
      14.477203369140625
    ],
    [
      15.625218391418457,
      16.134492874145508,
      15.77452278137207,
      24.492826461791992,
      21.125715255737305,
      29.358150482177734,
      25.143341064453125,
      43.08917236328125,
      17.255271911621094,
      30.89476776123047,
      18.742597579956055,
      32.27231979370117,
      27.372314453125,
      33.78473663330078,
      32.51192855834961,
      28.667709350585938,
      26.150997161865234,
      21.327978134155273
    ],
    [
      9.325926780700684,
      12.854564666748047,
      7.8495988845825195,
      9.912116050720215,
      11.912764549255371,
      11.958429336547852,
      16.310646057128906,
      17.255271911621094,
      27.654870986938477,
      19.61868667602539,
      18.581571578979492,
      18.72740936279297,
      18.93291473388672,
      21.657310485839844,
      21.929941177368164,
      18.667070388793945,
      16.77289390563965,
      13.805956840515137
    ],
    [
      15.704445838928223,
      16.76137924194336,
      14.592669486999512,
      20.50950813293457,
      18.147193908691406,
      25.258316040039062,
      16.851436614990234,
      30.89476776123047,
      19.61868667602539,
      36.629268646240234,
      19.358417510986328,
      33.61278533935547,
      27.602088928222656,
      32.934539794921875,
      30.44655418395996,
      27.504249572753906,
      25.297271728515625,
      21.238677978515625
    ],
    [
      10.516972541809082,
      11.485601425170898,
      9.693584442138672,
      10.980925559997559,
      15.029560089111328,
      15.560226440429688,
      17.327964782714844,
      18.742597579956055,
      18.581571578979492,
      19.358417510986328,
      31.299020767211914,
      25.531652450561523,
      27.59347915649414,
      26.67388343811035,
      30.17702865600586,
      23.892011642456055,
      23.008657455444336,
      16.377626419067383
    ],
    [
      19.057579040527344,
      20.48830795288086,
      16.803848266601562,
      23.252145767211914,
      21.13942527770996,
      27.891590118408203,
      20.294767379760742,
      32.27231979370117,
      18.72740936279297,
      33.61278533935547,
      25.531652450561523,
      44.460723876953125,
      37.31938171386719,
      44.458553314208984,
      42.12027359008789,
      37.98555374145508,
      33.525978088378906,
      27.195863723754883
    ],
    [
      18.66686248779297,
      18.79172706604004,
      15.344886779785156,
      18.84259796142578,
      20.38812828063965,
      24.9227294921875,
      21.27327537536621,
      27.372314453125,
      18.93291473388672,
      27.602088928222656,
      27.59347915649414,
      37.31938171386719,
      65.47055053710938,
      58.31147384643555,
      73.29170227050781,
      55.75881576538086,
      56.80015182495117,
      37.25021743774414
    ],
    [
      21.81747817993164,
      38.758419036865234,
      20.418283462524414,
      23.663284301757812,
      23.094879150390625,
      29.053415298461914,
      24.67070960998535,
      33.78473663330078,
      21.657310485839844,
      32.934539794921875,
      26.67388343811035,
      44.458553314208984,
      58.31147384643555,
      83.0047836303711,
      81.6571273803711,
      72.6520004272461,
      62.66831588745117,
      50.22704315185547
    ],
    [
      26.243562698364258,
      42.61445236206055,
      22.354473114013672,
      25.34075355529785,
      26.658517837524414,
      31.828554153442383,
      25.82021713256836,
      32.51192855834961,
      21.929941177368164,
      30.44655418395996,
      30.17702865600586,
      42.12027359008789,
      73.29170227050781,
      81.6571273803711,
      119.24223327636719,
      80.39344787597656,
      86.15913391113281,
      50.7260627746582
    ],
    [
      19.453712463378906,
      30.608314514160156,
      17.55945587158203,
      19.771413803100586,
      20.340225219726562,
      24.79832649230957,
      21.635467529296875,
      28.667709350585938,
      18.667070388793945,
      27.504249572753906,
      23.892011642456055,
      37.98555374145508,
      55.75881576538086,
      72.6520004272461,
      80.39344787597656,
      70.2826919555664,
      63.13231658935547,
      49.35105895996094
    ],
    [
      20.18060874938965,
      27.89944839477539,
      16.782201766967773,
      19.049907684326172,
      19.05169105529785,
      24.239152908325195,
      18.627544403076172,
      26.150997161865234,
      16.77289390563965,
      25.297271728515625,
      23.008657455444336,
      33.525978088378906,
      56.80015182495117,
      62.66831588745117,
      86.15913391113281,
      63.13231658935547,
      74.53952026367188,
      49.238494873046875
    ],
    [
      13.476707458496094,
      17.242706298828125,
      12.236433029174805,
      13.452930450439453,
      12.976593017578125,
      16.656139373779297,
      14.477203369140625,
      21.327978134155273,
      13.805956840515137,
      21.238677978515625,
      16.377626419067383,
      27.195863723754883,
      37.25021743774414,
      50.22704315185547,
      50.7260627746582,
      49.35105895996094,
      49.238494873046875,
      44.69205093383789
    ]
  ],
  "damage": -19.985153198242188,
  "diff_bandwidth": 630.5358276367188,
  "dissonance": 9.152130648162334,
  "drr": 13.368083000183105,
  "dynamics": 2.5062384605407715,
  "format": 1245190,
  "frames": 13413456,
  "freq_pan_to_db": [
    [
      -37.68598556518555,
      -36.595664978027344,
      -33.39213943481445,
      -30.777751922607422,
      -28.900224685668945,
      -29.92338752746582,
      -32.0427131652832,
      -33.12258529663086,
      -34.51607131958008,
      -36.28944778442383,
      -37.729618072509766
    ],
    [
      -30.702707290649414,
      -29.01310920715332,
      -27.231382369995117,
      -25.414148330688477,
      -22.194528579711914,
      -22.117891311645508,
      -25.421714782714844,
      -26.76956558227539,
      -28.147350311279297,
      -29.81278419494629,
      -30.750484466552734
    ],
    [
      -28.69662094116211,
      -27.397655487060547,
      -25.97259521484375,
      -23.837074279785156,
      -22.854860305786133,
      -23.4785099029541,
      -24.562040328979492,
      -25.565797805786133,
      -26.253246307373047,
      -27.63986587524414,
      -28.590728759765625
    ],
    [
      -30.321060180664062,
      -29.270366668701172,
      -28.429044723510742,
      -27.343759536743164,
      -26.17745018005371,
      -26.108009338378906,
      -25.961362838745117,
      -26.988906860351562,
      -28.136085510253906,
      -29.593097686767578,
      -30.25135040283203
    ],
    [
      -31.43610954284668,
      -31.198808670043945,
      -30.23297691345215,
      -29.621063232421875,
      -28.867977142333984,
      -28.743627548217773,
      -27.549880981445312,
      -28.204477310180664,
      -29.33736228942871,
      -30.422679901123047,
      -30.99835777282715
    ],
    [
      -31.539648056030273,
      -30.52142906188965,
      -29.229103088378906,
      -28.192995071411133,
      -27.11904525756836,
      -27.642423629760742,
      -28.548795700073242,
      -29.945133209228516,
      -31.113502502441406,
      -32.155677795410156,
      -32.7765007019043
    ],
    [
      -32.267032623291016,
      -31.73499298095703,
      -30.252517700195312,
      -28.983516693115234,
      -27.776376724243164,
      -28.236570358276367,
      -28.49665069580078,
      -29.89680290222168,
      -31.462919235229492,
      -32.94511413574219,
      -33.37531280517578
    ],
    [
      -31.746042251586914,
      -31.728368759155273,
      -30.973020553588867,
      -29.94931411743164,
      -28.831247329711914,
      -27.995634078979492,
      -26.327659606933594,
      -28.25185203552246,
      -29.932401657104492,
      -30.451688766479492,
      -30.569414138793945
    ],
    [
      -31.34278678894043,
      -31.82168960571289,
      -30.518442153930664,
      -29.22682762145996,
      -28.101638793945312,
      -27.713319778442383,
      -26.661468505859375,
      -27.846370697021484,
      -30.12749671936035,
      -30.996360778808594,
      -31.43742561340332
    ],
    [
      -31.865015029907227,
      -31.655467987060547,
      -30.495582580566406,
      -27.694833755493164,
      -27.43431854248047,
      -28.392980575561523,
      -29.474319458007812,
      -30.716115951538086,
      -31.866931915283203,
      -33.01822280883789,
      -33.81880187988281
    ],
    [
      -33.569644927978516,
      -34.278926849365234,
      -33.569034576416016,
      -32.09223556518555,
      -30.186864852905273,
      -28.575946807861328,
      -30.296525955200195,
      -31.799938201904297,
      -33.21689224243164,
      -34.08179473876953,
      -32.832122802734375
    ],
    [
      -35.27895736694336,
      -34.86693572998047,
      -34.938133239746094,
      -34.79047393798828,
      -32.680179595947266,
      -31.350034713745117,
      -31.186038970947266,
      -32.30145263671875,
      -34.4784049987793,
      -35.10115051269531,
      -34.29572677612305
    ],
    [
      -35.625919342041016,
      -36.340171813964844,
      -36.25654220581055,
      -35.4069709777832,
      -31.93555450439453,
      -30.420549392700195,
      -31.93378448486328,
      -33.27011489868164,
      -34.591796875,
      -34.30170822143555,
      -34.61783218383789
    ],
    [
      -32.74370193481445,
      -35.197288513183594,
      -35.75627136230469,
      -33.04574203491211,
      -30.0156307220459,
      -29.483186721801758,
      -32.006858825683594,
      -34.44520950317383,
      -34.52251434326172,
      -35.728965759277344,
      -35.64766311645508
    ],
    [
      -32.83640670776367,
      -34.18991470336914,
      -33.70820236206055,
      -32.8137321472168,
      -31.110946655273438,
      -32.3803825378418,
      -34.077388763427734,
      -35.196109771728516,
      -34.29679870605469,
      -36.4321174621582,
      -35.41844940185547
    ],
    [
      -32.680233001708984,
      -33.670230865478516,
      -34.32242202758789,
      -32.75571060180664,
      -33.67852020263672,
      -33.36454391479492,
      -34.953094482421875,
      -34.81808090209961,
      -34.11260223388672,
      -34.51694107055664,
      -36.210899353027344
    ],
    [
      -32.19581985473633,
      -34.05585479736328,
      -36.15188217163086,
      -34.590702056884766,
      -35.045654296875,
      -34.67343521118164,
      -36.34785461425781,
      -34.586204528808594,
      -34.377952575683594,
      -34.53089904785156,
      -36.34507751464844
    ],
    [
      -31.369224548339844,
      -32.96428680419922,
      -34.99241638183594,
      -35.113441467285156,
      -32.61664962768555,
      -33.75278854370117,
      -35.001312255859375,
      -33.83781433105469,
      -33.569358825683594,
      -33.46939468383789,
      -34.96385955810547
    ],
    [
      -33.432979583740234,
      -33.15852355957031,
      -34.47471618652344,
      -34.53804016113281,
      -32.27264404296875,
      -33.63799285888672,
      -35.48752212524414,
      -33.82811737060547,
      -33.880043029785156,
      -35.23286437988281,
      -36.81145477294922
    ],
    [
      -36.29238510131836,
      -35.96645736694336,
      -36.548072814941406,
      -37.050933837890625,
      -34.56871795654297,
      -35.67182922363281,
      -37.414241790771484,
      -37.035884857177734,
      -36.659149169921875,
      -37.09835433959961,
      -33.96710968017578
    ],
    [
      -34.909698486328125,
      -36.266780853271484,
      -36.9781608581543,
      -37.29780960083008,
      -36.40629959106445,
      -36.51189041137695,
      -38.535369873046875,
      -37.222049713134766,
      -38.46822738647461,
      -38.6915397644043,
      -39.04931640625
    ],
    [
      -37.38935852050781,
      -38.11930465698242,
      -36.33046340942383,
      -37.75916290283203,
      -36.334110260009766,
      -36.36849594116211,
      -39.47832489013672,
      -36.831947326660156,
      -38.900699615478516,
      -39.711002349853516,
      -42.526161193847656
    ],
    [
      -37.725040435791016,
      -37.59163284301758,
      -38.70900344848633,
      -39.38123321533203,
      -38.359230041503906,
      -36.85684585571289,
      -38.67335891723633,
      -39.4130973815918,
      -39.487552642822266,
      -38.88882064819336,
      -39.10319137573242
    ],
    [
      -40.6844367980957,
      -38.521480560302734,
      -38.609535217285156,
      -38.904598236083984,
      -38.461402893066406,
      -36.729583740234375,
      -38.69784164428711,
      -39.60414123535156,
      -39.36159896850586,
      -39.359230041503906,
      -40.14160919189453
    ],
    [
      -60.13176345825195,
      -41.24305725097656,
      -41.05438232421875,
      -40.27626037597656,
      -40.42232894897461,
      -39.56378936767578,
      -40.91537857055664,
      -40.89488220214844,
      -41.19838333129883,
      -41.74464797973633,
      -42.542354583740234
    ],
    [
      -42.8651123046875,
      -41.852508544921875,
      -42.19164276123047,
      -41.1087760925293,
      -41.03203582763672,
      -41.435264587402344,
      -41.99293899536133,
      -42.048439025878906,
      -42.03732681274414,
      -42.96231460571289,
      -41.277488708496094
    ],
    [
      -46.87427520751953,
      -42.94171905517578,
      -43.25733947753906,
      -43.40745544433594,
      -42.92278289794922,
      -42.43399429321289,
      -44.96185302734375,
      -44.47207260131836,
      -43.44582748413086,
      -44.38779830932617,
      -45.28450393676758
    ],
    [
      -49.45914077758789,
      -42.77790451049805,
      -43.31122970581055,
      -43.73284149169922,
      -44.52183532714844,
      -44.65176773071289,
      -46.81306076049805,
      -45.5388069152832,
      -44.98680114746094,
      -45.107276916503906,
      -44.76043701171875
    ],
    [
      -45.90019607543945,
      -44.14448928833008,
      -44.44646072387695,
      -45.28342056274414,
      -45.82331848144531,
      -45.62498474121094,
      -47.68907928466797,
      -46.36381912231445,
      -45.59999084472656,
      -45.1417236328125,
      -50.51711654663086
    ],
    [
      -46.47820281982422,
      -46.4798583984375,
      -45.79595184326172,
      -46.8237190246582,
      -47.157859802246094,
      -45.361629486083984,
      -46.052391052246094,
      -47.392269134521484,
      -46.35719299316406,
      -46.59332275390625,
      -50.01054000854492
    ],
    [
      -44.91139221191406,
      -48.093711853027344,
      -47.0820198059082,
      -47.19465637207031,
      -47.55074691772461,
      -44.90813064575195,
      -45.07249450683594,
      -46.714111328125,
      -48.3951530456543,
      -48.30116271972656,
      -47.49428939819336
    ],
    [
      -62.54779815673828,
      -47.31906509399414,
      -48.264808654785156,
      -48.21994400024414,
      -48.527488708496094,
      -44.78114318847656,
      -47.35130310058594,
      -50.07318115234375,
      -49.666847229003906,
      -48.13266372680664,
      -44.571109771728516
    ],
    [
      -370,
      -49.05720138549805,
      -48.42136001586914,
      -48.89733123779297,
      -48.83015441894531,
      -45.04241180419922,
      -49.043582916259766,
      -52.25322341918945,
      -51.74614334106445,
      -47.21537780761719,
      -370
    ],
    [
      -370,
      -56.47313690185547,
      -52.369205474853516,
      -51.006832122802734,
      -50.17392349243164,
      -44.95533752441406,
      -49.712894439697266,
      -54.2387809753418,
      -56.572933197021484,
      -54.549617767333984,
      -50.419761657714844
    ],
    [
      -64.84042358398438,
      -60.52577590942383,
      -54.60664749145508,
      -52.98674774169922,
      -51.28695297241211,
      -45.56904983520508,
      -49.08546447753906,
      -47.06380844116211,
      -52.681617736816406,
      -51.39155578613281,
      -49.449310302734375
    ],
    [
      -370,
      -59.140377044677734,
      -57.14952850341797,
      -55.51275634765625,
      -54.300655364990234,
      -47.932430267333984,
      -50.4515266418457,
      -46.032230377197266,
      -49.56395721435547,
      -48.898536682128906,
      -370
    ],
    [
      -48.768150329589844,
      -58.80071258544922,
      -57.52598190307617,
      -56.844268798828125,
      -55.22102355957031,
      -49.47328186035156,
      -53.191524505615234,
      -50.83454513549805,
      -52.825904846191406,
      -50.43440628051758,
      -49.155399322509766
    ],
    [
      -370,
      -61.34646987915039,
      -60.59162902832031,
      -58.476314544677734,
      -56.23625183105469,
      -51.83912658691406,
      -55.93405532836914,
      -54.79441452026367,
      -52.997623443603516,
      -49.93647003173828,
      -47.02581024169922
    ],
    [
      -370,
      -62.4286003112793,
      -60.72885513305664,
      -58.98468780517578,
      -57.867454528808594,
      -54.50612258911133,
      -57.175079345703125,
      -55.967315673828125,
      -53.71880340576172,
      -49.98661804199219,
      -69.22636413574219
    ],
    [
      -68.10987854003906,
      -60.66331100463867,
      -59.78495788574219,
      -60.93132400512695,
      -60.79766845703125,
      -56.20707321166992,
      -56.32978057861328,
      -52.007083892822266,
      -55.18221664428711,
      -52.6860466003418,
      -61.42045974731445
    ],
    [
      -62.7567138671875,
      -60.391300201416016,
      -60.57426834106445,
      -60.614013671875,
      -60.626251220703125,
      -58.93688201904297,
      -59.87212371826172,
      -57.65317916870117,
      -59.24384307861328,
      -56.43226623535156,
      -56.943809509277344
    ],
    [
      -61.546024322509766,
      -62.29192352294922,
      -60.728790283203125,
      -60.88218307495117,
      -61.44948196411133,
      -61.79679489135742,
      -62.843238830566406,
      -61.614837646484375,
      -59.530616760253906,
      -55.66496276855469,
      -56.6934928894043
    ]
  ],
  "histogram": [
    {
      "db": -70,
      "frequency": 4
    },
    {
      "db": -69,
      "frequency": 3
    },
    {
      "db": -68,
      "frequency": 2
    },
    {
      "db": -67,
      "frequency": 5
    },
    {
      "db": -66,
      "frequency": 4
    },
    {
      "db": -65,
      "frequency": 1
    },
    {
      "db": -64,
      "frequency": 5
    },
    {
      "db": -63,
      "frequency": 5
    },
    {
      "db": -62,
      "frequency": 5
    },
    {
      "db": -61,
      "frequency": 5
    },
    {
      "db": -60,
      "frequency": 2
    },
    {
      "db": -59,
      "frequency": 3
    },
    {
      "db": -58,
      "frequency": 4
    },
    {
      "db": -57,
      "frequency": 6
    },
    {
      "db": -56,
      "frequency": 5
    },
    {
      "db": -55,
      "frequency": 5
    },
    {
      "db": -54,
      "frequency": 4
    },
    {
      "db": -53,
      "frequency": 4
    },
    {
      "db": -52,
      "frequency": 7
    },
    {
      "db": -51,
      "frequency": 8
    },
    {
      "db": -50,
      "frequency": 9
    },
    {
      "db": -49,
      "frequency": 4
    },
    {
      "db": -48,
      "frequency": 4
    },
    {
      "db": -47,
      "frequency": 2
    },
    {
      "db": -46,
      "frequency": 2
    },
    {
      "db": -45,
      "frequency": 1
    },
    {
      "db": -44,
      "frequency": 5
    },
    {
      "db": -43,
      "frequency": 16
    },
    {
      "db": -42,
      "frequency": 15
    },
    {
      "db": -41,
      "frequency": 11
    },
    {
      "db": -40,
      "frequency": 10
    },
    {
      "db": -39,
      "frequency": 6
    },
    {
      "db": -38,
      "frequency": 3
    },
    {
      "db": -37,
      "frequency": 10
    },
    {
      "db": -36,
      "frequency": 6
    },
    {
      "db": -35,
      "frequency": 1
    },
    {
      "db": -34,
      "frequency": 4
    },
    {
      "db": -33,
      "frequency": 14
    },
    {
      "db": -32,
      "frequency": 14
    },
    {
      "db": -31,
      "frequency": 13
    },
    {
      "db": -30,
      "frequency": 17
    },
    {
      "db": -29,
      "frequency": 64
    },
    {
      "db": -28,
      "frequency": 80
    },
    {
      "db": -27,
      "frequency": 111
    },
    {
      "db": -26,
      "frequency": 429
    },
    {
      "db": -25,
      "frequency": 710
    },
    {
      "db": -24,
      "frequency": 465
    },
    {
      "db": -23,
      "frequency": 334
    },
    {
      "db": -22,
      "frequency": 245
    },
    {
      "db": -21,
      "frequency": 224
    },
    {
      "db": -20,
      "frequency": 47
    },
    {
      "db": -19,
      "frequency": 0
    },
    {
      "db": -18,
      "frequency": 0
    },
    {
      "db": -17,
      "frequency": 0
    },
    {
      "db": -16,
      "frequency": 0
    },
    {
      "db": -15,
      "frequency": 0
    },
    {
      "db": -14,
      "frequency": 0
    },
    {
      "db": -13,
      "frequency": 0
    },
    {
      "db": -12,
      "frequency": 0
    },
    {
      "db": -11,
      "frequency": 0
    },
    {
      "db": -10,
      "frequency": 0
    },
    {
      "db": -9,
      "frequency": 0
    },
    {
      "db": -8,
      "frequency": 0
    },
    {
      "db": -7,
      "frequency": 0
    },
    {
      "db": -6,
      "frequency": 0
    },
    {
      "db": -5,
      "frequency": 0
    },
    {
      "db": -4,
      "frequency": 0
    },
    {
      "db": -3,
      "frequency": 0
    },
    {
      "db": -2,
      "frequency": 0
    },
    {
      "db": -1,
      "frequency": 0
    },
    {
      "db": 0,
      "frequency": 0
    },
    {
      "db": 1,
      "frequency": 0
    },
    {
      "db": 2,
      "frequency": 0
    },
    {
      "db": 3,
      "frequency": 0
    },
    {
      "db": 4,
      "frequency": 0
    },
    {
      "db": 5,
