{
  "acoustic_entropy": 204.21910095214844,
  "bands": [
    {
      "high_freq": 148.1999969482422,
      "loudness": -21.67412567138672,
      "loudness_range": 9.154756546020508,
      "mid_mean": -18.108642578125,
      "mid_to_side_loudness": -20.01807403564453,
      "mid_to_side_loudness_range": 23.89327621459961,
      "side_mean": -39.01295471191406
    },
    {
      "high_freq": 392.3793640136719,
      "loudness": -22.512052536010742,
      "loudness_range": 11.099323272705078,
      "low_freq": 148.1999969482422,
      "mid_mean": -19.977497100830078,
      "mid_to_side_loudness": -6.550097942352295,
      "mid_to_side_loudness_range": 13.43032169342041,
      "side_mean": -26.697221755981445
    },
    {
      "high_freq": 794.6976318359375,
      "loudness": -24.78896713256836,
      "loudness_range": 16.031078338623047,
      "low_freq": 392.3793640136719,
      "mid_mean": -22.25419807434082,
      "mid_to_side_loudness": -6.502013683319092,
      "mid_to_side_loudness_range": 10.519311904907227,
      "side_mean": -28.733726501464844
    },
    {
      "high_freq": 1457.5709228515625,
      "loudness": -29.44702911376953,
      "loudness_range": 20.984275817871094,
      "low_freq": 794.6976318359375,
      "mid_mean": -27.1112003326416,
      "mid_to_side_loudness": -5.516963481903076,
      "mid_to_side_loudness_range": 11.096007347106934,
      "side_mean": -32.64710998535156
    },
    {
      "high_freq": 2549.74365234375,
      "loudness": -29.073896408081055,
      "loudness_range": 24.483089447021484,
      "low_freq": 1457.5709228515625,
      "mid_mean": -26.46396255493164,
      "mid_to_side_loudness": -6.267282485961914,
      "mid_to_side_loudness_range": 11.114315032958984,
      "side_mean": -32.91156005859375
    },
    {
      "high_freq": 4349.24462890625,
      "loudness": -30.624895095825195,
      "loudness_range": 22.33047866821289,
      "low_freq": 2549.74365234375,
      "mid_mean": -27.947057723999023,
      "mid_to_side_loudness": -6.590455532073975,
      "mid_to_side_loudness_range": 10.258968353271484,
      "side_mean": -34.7015495300293
    },
    {
      "high_freq": 7314.1640625,
      "loudness": -35.36833190917969,
      "loudness_range": 18.71819496154785,
      "low_freq": 4349.24462890625,
      "mid_mean": -33.124298095703125,
      "mid_to_side_loudness": -5.225954055786133,
      "mid_to_side_loudness_range": 11.638568878173828,
      "side_mean": -38.526885986328125
    },
    {
      "high_freq": 12199.2666015625,
      "loudness": -37.111328125,
      "loudness_range": 17.267948150634766,
      "low_freq": 7314.1640625,
      "mid_mean": -34.81003952026367,
      "mid_to_side_loudness": -5.793165683746338,
      "mid_to_side_loudness_range": 13.588891983032227,
      "side_mean": -41.00564193725586
    },
    {
      "loudness": -44.92961883544922,
      "loudness_range": 16.81692886352539,
      "low_freq": 12199.2666015625,
      "mid_mean": -43.09197235107422,
      "mid_to_side_loudness": -3.840183734893799,
      "mid_to_side_loudness_range": 8.27913761138916,
      "side_mean": -47.26809310913086
    }
  ],
  "bands_short": [
    {
      "high_freq": 148.1999969482422,
      "loudness": -23.937475204467773,
      "loudness_range": 16.409212112426758,
      "mid_mean": -20.344079971313477,
      "mid_to_side_loudness": -25.040328979492188,
      "mid_to_side_loudness_range": 34.037940979003906,
      "side_mean": -48.5791015625
    },
    {
      "high_freq": 392.3793640136719,
      "loudness": -22.467191696166992,
      "loudness_range": 13.501971244812012,
      "low_freq": 148.1999969482422,
      "mid_mean": -19.999649047851562,
      "mid_to_side_loudness": -7.6612935066223145,
      "mid_to_side_loudness_range": 18.811365127563477,
      "side_mean": -27.85472297668457
    },
    {
      "high_freq": 794.6976318359375,
      "loudness": -25.842548370361328,
      "loudness_range": 19.310985565185547,
      "low_freq": 392.3793640136719,
      "mid_mean": -23.560386657714844,
      "mid_to_side_loudness": -6.0346479415893555,
      "mid_to_side_loudness_range": 14.065980911254883,
      "side_mean": -29.622682571411133
    },
    {
      "high_freq": 1457.5709228515625,
      "loudness": -29.531963348388672,
      "loudness_range": 23.112266540527344,
      "low_freq": 794.6976318359375,
      "mid_mean": -27.207571029663086,
      "mid_to_side_loudness": -5.81188440322876,
      "mid_to_side_loudness_range": 13.196340560913086,
      "side_mean": -33.12041473388672
    },
    {
      "high_freq": 2549.74365234375,
      "loudness": -29.980026245117188,
      "loudness_range": 26.562271118164062,
      "low_freq": 1457.5709228515625,
      "mid_mean": -27.669963836669922,
      "mid_to_side_loudness": -5.809800624847412,
      "mid_to_side_loudness_range": 14.791095733642578,
      "side_mean": -33.782405853271484
    },
    {
      "high_freq": 4349.24462890625,
      "loudness": -31.51919174194336,
      "loudness_range": 25.106836318969727,
      "low_freq": 2549.74365234375,
      "mid_mean": -29.100975036621094,
      "mid_to_side_loudness": -6.122795581817627,
      "mid_to_side_loudness_range": 13.937045097351074,
      "side_mean": -35.52143859863281
    },
    {
      "high_freq": 7314.1640625,
      "loudness": -37.27452850341797,
      "loudness_range": 21.744285583496094,
      "low_freq": 4349.24462890625,
      "mid_mean": -35.16464614868164,
      "mid_to_side_loudness": -4.907988548278809,
      "mid_to_side_loudness_range": 12.299088478088379,
      "side_mean": -40.63191223144531
    },
    {
      "high_freq": 12199.2666015625,
      "loudness": -39.92597198486328,
      "loudness_range": 23.220430374145508,
      "low_freq": 7314.1640625,
      "mid_mean": -37.76062774658203,
      "mid_to_side_loudness": -6.205357551574707,
      "mid_to_side_loudness_range": 17.169761657714844,
      "side_mean": -45.02707290649414
    },
    {
      "loudness": -49.81470489501953,
      "loudness_range": 27.520061492919922,
      "low_freq": 12199.2666015625,
      "mid_mean": -47.646629333496094,
      "mid_to_side_loudness": -5.899411678314209,
      "mid_to_side_loudness_range": 15.8263521194458,
      "side_mean": -54.23667526245117
    }
  ],
  "bandwidth": 580.4201049804688,
  "channels": 2,
  "covariance": [
    [
      18.727832794189453,
      16.280179977416992,
      8.523222923278809,
      8.659625053405762,
      9.420878410339355,
      9.579174995422363,
      10.302268028259277,
      9.37345027923584,
      7.059389114379883,
      5.848559856414795,
      6.596401214599609,
      6.315194129943848,
      8.213752746582031,
      7.749900817871094,
      6.690957069396973,
      7.508066654205322,
      7.346724987030029,
      6.977772235870361
    ],
    [
      16.280179977416992,
      79.51455688476562,
      11.918789863586426,
      25.952207565307617,
      18.350053787231445,
      25.96312713623047,
      30.35466957092285,
      28.155845642089844,
      28.426082611083984,
      32.329044342041016,
      26.689197540283203,
      32.39509582519531,
      15.731762886047363,
      24.310775756835938,
      7.184524059295654,
      17.978288650512695,
      9.769887924194336,
      14.592166900634766
    ],
    [
      8.523222923278809,
      11.918789863586426,
      20.17735481262207,
      15.345132827758789,
      15.939103126525879,
      13.288687705993652,
      15.673431396484375,
      11.85251522064209,
      13.475473403930664,
      10.096357345581055,
      13.249175071716309,
      11.675328254699707,
      9.746320724487305,
      9.609910011291504,
      9.789847373962402,
      8.922598838806152,
      7.990661144256592,
      6.731086730957031
    ],
    [
      8.659625053405762,
      25.952207565307617,
      15.345132827758789,
      33.00864791870117,
      17.205354690551758,
      21.157419204711914,
      21.06142234802246,
      22.700586318969727,
      18.499839782714844,
      20.934904098510742,
      17.509119033813477,
      20.045133590698242,
      10.235979080200195,
      16.085979461669922,
      7.825568675994873,
      15.169841766357422,
      11.037434577941895,
      15.049072265625
    ],
    [
      9.420878410339355,
      18.350053787231445,
      15.939103126525879,
      17.205354690551758,
      35.01860046386719,
      27.532550811767578,
      33.71530532836914,
      25.684810638427734,
      29.249074935913086,
      21.786230087280273,
      25.869626998901367,
      21.485933303833008,
      14.519991874694824,
      15.793248176574707,
      13.679278373718262,
      13.82829475402832,
      11.948626518249512,
      10.488079071044922
    ],
    [
      9.579174995422363,
      25.96312713623047,
      13.288687705993652,
      21.157419204711914,
      27.532550811767578,
      35.857086181640625,
      32.05411148071289,
      30.796693801879883,
      27.439414978027344,
      29.41048812866211,
      26.29125213623047,
      29.00430679321289,
      14.845146179199219,
      20.7155704498291,
      11.381712913513184,
      16.8040828704834,
      10.789834022521973,
      12.465391159057617
    ],
    [
      10.302268028259277,
      30.35466957092285,
      15.673431396484375,
      21.06142234802246,
      33.71530532836914,
      32.05411148071289,
      57.561012268066406,
      41.33008575439453,
      46.76177215576172,
      41.67828369140625,
      40.173954010009766,
      36.84873580932617,
      16.093961715698242,
      22.62856674194336,
      10.83979320526123,
      18.187646865844727,
      12.48172378540039,
      14.726998329162598
    ],
    [
      9.37345027923584,
      28.155845642089844,
      11.85251522064209,
      22.700586318969727,
      25.684810638427734,
      30.796693801879883,
      41.33008575439453,
      41.452266693115234,
      34.6702766418457,
      38.28966522216797,
      31.929346084594727,
      34.877525329589844,
      14.470054626464844,
      23.256084442138672,
      8.158326148986816,
      19.203392028808594,
      11.857004165649414,
      16.69502067565918
    ],
    [
      7.059389114379883,
      28.426082611083984,
      13.475473403930664,
      18.499839782714844,
      29.249074935913086,
      27.439414978027344,
      46.76177215576172,
      34.6702766418457,
      75.7966079711914,
      67.9918441772461,
      62.609161376953125,
      54.937156677246094,
      17.242359161376953,
      24.275371551513672,
      7.0156941413879395,
      17.781423568725586,
      8.446416854858398,
      13.518326759338379
    ],
    [
      5.848559856414795,
      32.329044342041016,
      10.096357345581055,
      20.934904098510742,
      21.786230087280273,
      29.41048812866211,
      41.67828369140625,
      38.28966522216797,
      67.9918441772461,
      76.67837524414062,
      58.64454650878906,
      61.563873291015625,
      15.50770092010498,
      28.45888328552246,
      1.867637276649475,
      20.399490356445312,
      7.0074639320373535,
      15.944849967956543
    ],
    [
      6.596401214599609,
      26.689197540283203,
      13.249175071716309,
      17.509119033813477,
      25.869626998901367,
      26.29125213623047,
      40.173954010009766,
      31.929346084594727,
      62.609161376953125,
      58.64454650878906,
      63.097232818603516,
      54.05923080444336,
      21.79619026184082,
      25.967329025268555,
      10.993610382080078,
      18.806262969970703,
      10.42545223236084,
      13.041418075561523
    ],
    [
      6.315194129943848,
      32.39509582519531,
      11.675328254699707,
      20.045133590698242,
      21.485933303833008,
      29.00430679321289,
      36.84873580932617,
      34.877525329589844,
      54.937156677246094,
      61.563873291015625,
      54.05923080444336,
      59.57954406738281,
      19.403661727905273,
      31.606748580932617,
      6.070861339569092,
      22.854551315307617,
      10.185173988342285,
      16.77176856994629
    ],
    [
      8.213752746582031,
      15.731762886047363,
      9.746320724487305,
      10.235979080200195,
      14.519991874694824,
      14.845146179199219,
      16.093961715698242,
      14.470054626464844,
      17.242359161376953,
      15.50770092010498,
      21.79619026184082,
      19.403661727905273,
      44.911827087402344,
      28.85857582092285,
      34.42197799682617,
      24.67108917236328,
      26.72123146057129,
      18.595659255981445
    ],
    [
      7.749900817871094,
      24.310775756835938,
      9.609910011291504,
      16.085979461669922,
      15.793248176574707,
      20.7155704498291,
      22.62856674194336,
      23.256084442138672,
      24.275371551513672,
      28.45888328552246,
      25.967329025268555,
      31.606748580932617,
      28.85857582092285,
      36.657649993896484,
      19.019981384277344,
      32.06260299682617,
      24.116182327270508,
      29.505695343017578
    ],
    [
      6.690957069396973,
      7.184524059295654,
      9.789847373962402,
      7.825568675994873,
      13.679278373718262,
      11.381712913513184,
      10.83979320526123,
      8.158326148986816,
      7.0156941413879395,
      1.867637276649475,
      10.993610382080078,
      6.070861339569092,
      34.42197799682617,
      19.019981384277344,
      40.53837585449219,
      21.734054565429688,
      28.639549255371094,
      17.54706573486328
    ],
    [
      7.508066654205322,
      17.978288650512695,
      8.922598838806152,
      15.169841766357422,
      13.82829475402832,
      16.8040828704834,
      18.187646865844727,
      19.203392028808594,
      17.781423568725586,
      20.399490356445312,
      18.806262969970703,
      22.854551315307617,
      24.67108917236328,
      32.06260299682617,
      21.734054565429688,
      36.385711669921875,
      30.174833297729492,
      39.155826568603516
    ],
    [
      7.346724987030029,
      9.769887924194336,
      7.990661144256592,
      11.037434577941895,
      11.948626518249512,
      10.789834022521973,
      12.48172378540039,
      11.857004165649414,
      8.446416854858398,
      7.0074639320373535,
      10.42545223236084,
      10.185173988342285,
      26.72123146057129,
      24.116182327270508,
      28.639549255371094,
      30.174833297729492,
      37.787071228027344,
      37.73283767700195
    ],
    [
      6.977772235870361,
      14.592166900634766,
      6.731086730957031,
      15.049072265625,
      10.488079071044922,
      12.465391159057617,
      14.726998329162598,
      16.69502067565918,
      13.518326759338379,
      15.944849967956543,
      13.041418075561523,
      16.77176856994629,
      18.595659255981445,
      29.505695343017578,
      17.54706573486328,
      39.155826568603516,
      37.73283767700195,
      59.515926361083984
    ]
  ],
  "covariance_short": [
    [
      45.211483001708984,
      12.804054260253906,
      12.958786964416504,
      8.7117919921875,
      8.4835786819458,
      8.030219078063965,
      8.507884979248047,
      8.642744064331055,
      3.5594372749328613,
      2.8562657833099365,
      3.2344367504119873,
      4.100428104400635,
      7.424586772918701,
      7.032619476318359,
      5.702170372009277,
      6.901809215545654,
      6.841711521148682,
      5.497136116027832
    ],
    [
      12.804054260253906,
      97.14804077148438,
      19.03913688659668,
      39.96723937988281,
      25.082426071166992,
      37.24782943725586,
      37.357261657714844,
      38.51644515991211,
      33.3412971496582,
      40.05376434326172,
      34.22990417480469,
      44.66020584106445,
      23.931135177612305,
      37.68095397949219,
      14.222675323486328,
      31.204626083374023,
      18.50724983215332,
      30.596637725830078
    ],
    [
      12.958786964416504,
      19.03913688659668,
      31.298755645751953,
      18.88085174560547,
      20.53270721435547,
      16.273263931274414,
      18.621278762817383,
      14.324406623840332,
      16.588056564331055,
      13.004044532775879,
      15.880450248718262,
      15.123321533203125,
      10.934693336486816,
      12.894827842712402,
      13.083538055419922,
      14.303324699401855,
      12.462776184082031,
      14.221059799194336
    ],
    [
      8.7117919921875,
      39.96723937988281,
      18.88085174560547,
      52.904685974121094,
      24.772218704223633,
      34.47325134277344,
      28.764930725097656,
      31.472692489624023,
      22.453418731689453,
      26.97677230834961,
      22.15129280090332,
      27.66254997253418,
      15.346312522888184,
      23.332347869873047,
      12.563918113708496,
      21.72433853149414,
      15.243073463439941,
      22.096664428710938
    ],
    [
      8.4835786819458,
      25.082426071166992,
      20.53270721435547,
      24.772218704223633,
      48.288509368896484,
      35.729454040527344,
      41.462337493896484,
      32.21714782714844,
      36.41167449951172,
      27.610071182250977,
      33.527381896972656,
      28.850852966308594,
      19.963041305541992,
      21.7240047454834,
      21.406564712524414,
      21.430410385131836,
      20.501781463623047,
      19.668285369873047
    ],
    [
      8.030219078063965,
      37.24782943725586,
      16.273263931274414,
      34.47325134277344,
      35.729454040527344,
      52.671939849853516,
      37.94333267211914,
      40.06664276123047,
      30.89396095275879,
      35.84695053100586,
      30.900711059570312,
      36.80123519897461,
      21.096708297729492,
      29.01947593688965,
      17.359745025634766,
      26.552600860595703,
      18.688276290893555,
      24.56819725036621
    ],
    [
      8.507884979248047,
      37.357261657714844,
      18.621278762817383,
      28.764930725097656,
      41.462337493896484,
      37.94333267211914,
      66.45662689208984,
      46.94816589355469,
      52.88196563720703,
      45.26902389526367,
      47.32622528076172,
      41.669898986816406,
      24.951030731201172,
      29.271568298339844,
      21.11704444885254,
      26.727989196777344,
      21.00837516784668,
      24.522565841674805
    ],
    [
      8.642744064331055,
      38.51644515991211,
      14.324406623840332,
      31.472692489624023,
      32.21714782714844,
      40.06664276123047,
      46.94816589355469,
      52.6702880859375,
      38.23296356201172,
      44.15267562866211,
      36.39725875854492,
      41.3471565246582,
      21.222890853881836,
      31.002187728881836,
      14.547355651855469,
      27.778722763061523,
      18.49661636352539,
      26.41023063659668
    ],
    [
      3.5594372749328613,
      33.3412971496582,
      16.588056564331055,
      22.453418731689453,
      36.41167449951172,
      30.89396095275879,
      52.88196563720703,
      38.23296356201172,
      89.13873291015625,
      71.30962371826172,
      73.86812591552734,
      60.65520477294922,
      30.78750991821289,
      34.62544250488281,
      19.499000549316406,
      29.44084358215332,
      17.661705017089844,
      27.447307586669922
    ],
    [
      2.8562657833099365,
      40.05376434326172,
      13.004044532775879,
      26.97677230834961,
      27.610071182250977,
      35.84695053100586,
      45.26902389526367,
      44.15267562866211,
      71.30962371826172,
      86.10633850097656,
      63.94743347167969,
      69.57514953613281,
      27.349794387817383,
      41.26594161987305,
      10.193182945251465,
      34.6302490234375,
      14.589872360229492,
      33.77919387817383
    ],
    [
      3.2344367504119873,
      34.22990417480469,
      15.880450248718262,
      22.15129280090332,
      33.527381896972656,
      30.900711059570312,
      47.32622528076172,
      36.39725875854492,
      73.86812591552734,
      63.94743347167969,
      80.38372802734375,
      61.750125885009766,
      38.220787048339844,
      39.09381866455078,
      26.61768341064453,
      33.522640228271484,
      23.817218780517578,
      29.856386184692383
    ],
    [
      4.100428104400635,
      44.66020584106445,
      15.123321533203125,
      27.66254997253418,
      28.850852966308594,
      36.80123519897461,
      41.669898986816406,
      41.3471565246582,
      60.65520477294922,
      69.57514953613281,
      61.750125885009766,
      73.50497436523438,
      32.42961502075195,
      48.541744232177734,
      17.012651443481445,
      41.942508697509766,
      21.916025161743164,
      40.312477111816406
    ],
    [
      7.424586772918701,
      23.931135177612305,
      10.934693336486816,
      15.346312522888184,
      19.963041305541992,
      21.096708297729492,
      24.951030731201172,
      21.222890853881836,
      30.78750991821289,
      27.349794387817383,
      38.220787048339844,
      32.42961502075195,
      61.02192306518555,
      45.64983367919922,
      52.81183624267578,
      46.5509147644043,
      49.556644439697266,
      42.600067138671875
    ],
    [
      7.032619476318359,
      37.68095397949219,
      12.894827842712402,
      23.332347869873047,
      21.7240047454834,
      29.01947593688965,
      29.271568298339844,
      31.002187728881836,
      34.62544250488281,
      41.26594161987305,
      39.09381866455078,
      48.541744232177734,
      45.64983367919922,
      66.49993896484375,
      35.47706604003906,
      64.61432647705078,
      45.494564056396484,
      65.0270004272461
    ],
    [
      5.702170372009277,
      14.222675323486328,
      13.083538055419922,
      12.563918113708496,
      21.406564712524414,
      17.359745025634766,
      21.11704444885254,
      14.547355651855469,
      19.499000549316406,
      10.193182945251465,
      26.61768341064453,
      17.012651443481445,
      52.81183624267578,
      35.47706604003906,
      71.72634887695312,
      47.16538619995117,
      61.56973648071289,
      44.76723098754883
    ],
    [
      6.901809215545654,
      31.204626083374023,
      14.303324699401855,
      21.72433853149414,
      21.430410385131836,
      26.552600860595703,
      26.727989196777344,
      27.778722763061523,
      29.44084358215332,
      34.6302490234375,
      33.522640228271484,
      41.942508697509766,
      46.5509147644043,
      64.61432647705078,
      47.16538619995117,
      82.02194213867188,
      63.23811721801758,
      86.3103256225586
    ],
    [
      6.841711521148682,
      18.50724983215332,
      12.462776184082031,
      15.243073463439941,
      20.501781463623047,
      18.688276290893555,
      21.00837516784668,
      18.49661636352539,
      17.661705017089844,
      14.589872360229492,
      23.817218780517578,
      21.916025161743164,
      49.556644439697266,
      45.494564056396484,
      61.56973648071289,
      63.23811721801758,
      79.4457015991211,
      74.62053680419922
    ],
    [
      5.497136116027832,
      30.596637725830078,
      14.221059799194336,
      22.096664428710938,
      19.668285369873047,
      24.56819725036621,
      24.522565841674805,
      26.41023063659668,
      27.447307586669922,
      33.77919387817383,
      29.856386184692383,
      40.312477111816406,
      42.600067138671875,
      65.0270004272461,
      44.76723098754883,
      86.3103256225586,
      74.62053680419922,
      116.07587432861328
    ]
  ],
  "damage": -7.018335819244385,
  "diff_bandwidth": 674.9324340820312,
  "dissonance": 7.590234860884065,
  "drr": 14.170212745666504,
  "dynamics": 3.3934755325317383,
  "format": 65538,
  "frames": 8723196,
  "freq_pan_to_db": [
    [
      -36.614810943603516,
      -37.378173828125,
      -28.36319923400879,
      -21.49393653869629,
      -15.888931274414062,
      -15.357924461364746,
      -18.067405700683594,
      -23.535537719726562,
      -28.875125885009766,
      -35.25845718383789,
      -38.239837646484375
    ],
    [
      -21.307008743286133,
      -17.941232681274414,
      -16.967117309570312,
      -15.156755447387695,
      -11.791683197021484,
      -9.247701644897461,
      -11.928833961486816,
      -16.4542293548584,
      -18.570175170898438,
      -19.111618041992188,
      -22.07065773010254
    ],
    [
      -14.773954391479492,
      -13.82081127166748,
      -13.01406192779541,
      -12.638398170471191,
      -12.263419151306152,
      -11.69593620300293,
      -12.059560775756836,
      -12.51613712310791,
      -13.09860897064209,
      -14.756224632263184,
      -14.766852378845215
    ],
    [
      -17.571496963500977,
      -15.656159400939941,
      -15.250276565551758,
      -14.909472465515137,
      -15.041431427001953,
      -15.058281898498535,
      -15.429275512695312,
      -16.149166107177734,
      -16.852712631225586,
      -17.146648406982422,
      -17.034372329711914
    ],
    [
      -17.441646575927734,
      -16.843671798706055,
      -16.428211212158203,
      -16.343544006347656,
      -16.737316131591797,
      -17.049785614013672,
      -16.7071590423584,
      -16.51203155517578,
      -16.7214412689209,
      -17.65534019470215,
      -17.599533081054688
    ],
    [
      -17.249223709106445,
      -17.32729721069336,
      -15.647843360900879,
      -15.260032653808594,
      -14.413185119628906,
      -14.364636421203613,
      -14.665820121765137,
      -15.640074729919434,
      -16.535200119018555,
      -17.57788848876953,
      -18.433862686157227
    ],
    [
      -18.39495086669922,
      -18.088298797607422,
      -16.543249130249023,
      -14.932791709899902,
      -14.329854965209961,
      -14.477628707885742,
      -14.880705833435059,
      -15.557013511657715,
      -17.370031356811523,
      -18.37777328491211,
      -18.4187068939209
    ],
    [
      -18.388561248779297,
      -18.460426330566406,
      -18.066190719604492,
      -17.536855697631836,
      -15.655778884887695,
      -13.902274131774902,
      -15.876009941101074,
      -17.601757049560547,
      -17.56494140625,
      -16.98876953125,
      -16.886667251586914
    ],
    [
      -20.870573043823242,
      -19.561805725097656,
      -18.507429122924805,
      -17.515888214111328,
      -15.694687843322754,
      -15.145933151245117,
      -16.540925979614258,
      -18.20273780822754,
      -19.06208610534668,
      -18.217958450317383,
      -18.056034088134766
    ],
    [
      -17.514724731445312,
      -16.43534278869629,
      -18.288156509399414,
      -17.741561889648438,
      -16.194271087646484,
      -15.567093849182129,
      -16.171865463256836,
      -16.867431640625,
      -17.747604370117188,
      -17.648897171020508,
      -16.821552276611328
    ],
    [
      -17.75244140625,
      -17.568580627441406,
      -18.947898864746094,
      -19.038970947265625,
      -18.29127311706543,
      -16.44244956970215,
      -17.10684585571289,
      -18.046022415161133,
      -18.27768325805664,
      -18.64130401611328,
      -18.52767562866211
    ],
    [
      -19.303882598876953,
      -21.18946075439453,
      -21.99292755126953,
      -20.64450454711914,
      -19.44503402709961,
      -17.411897659301758,
      -20.370243072509766,
      -21.545150756835938,
      -20.2640438079834,
      -20.595321655273438,
      -20.766389846801758
    ],
    [
      -22.281475067138672,
      -23.83602523803711,
      -23.84993553161621,
      -21.68284034729004,
      -19.454687118530273,
      -17.56520652770996,
      -20.566757202148438,
      -21.72137451171875,
      -22.730613708496094,
      -23.961408615112305,
      -24.948301315307617
    ],
    [
      -19.980030059814453,
      -22.910547256469727,
      -21.10763931274414,
      -19.907649993896484,
      -18.177215576171875,
      -17.046192169189453,
      -20.786304473876953,
      -22.609888076782227,
      -24.049991607666016,
      -20.766681671142578,
      -19.933921813964844
    ],
    [
      -19.070581436157227,
      -21.927053451538086,
      -22.81058692932129,
      -22.34296417236328,
      -21.772377014160156,
      -17.7789306640625,
      -20.52939224243164,
      -24.239147186279297,
      -24.021421432495117,
      -23.448776245117188,
      -22.55150032043457
    ],
    [
      -21.497215270996094,
      -23.38810920715332,
      -24.825273513793945,
      -25.31574249267578,
      -22.11228370666504,
      -18.748497009277344,
      -21.28648567199707,
      -24.161928176879883,
      -24.833988189697266,
      -24.762941360473633,
      -23.878084182739258
    ],
    [
      -22.259979248046875,
      -24.059261322021484,
      -26.747026443481445,
      -26.115610122680664,
      -22.784324645996094,
      -21.687225341796875,
      -25.082794189453125,
      -26.490198135375977,
      -24.0174503326416,
      -23.099763870239258,
      -22.02529525756836
    ],
    [
      -23.02521324157715,
      -23.026025772094727,
      -25.690488815307617,
      -26.69127082824707,
      -25.269393920898438,
      -21.833932876586914,
      -25.485164642333984,
      -26.917795181274414,
      -24.91411018371582,
      -23.61711311340332,
      -21.619007110595703
    ],
    [
      -24.602602005004883,
      -25.134479522705078,
      -26.078462600708008,
      -28.359519958496094,
      -25.254505157470703,
      -22.551368713378906,
      -26.08397102355957,
      -26.383342742919922,
      -23.77880096435547,
      -25.781124114990234,
      -25.577693939208984
    ],
    [
      -21.829072952270508,
      -21.941856384277344,
      -22.51427459716797,
      -23.351051330566406,
      -22.170581817626953,
      -22.12036895751953,
      -23.547351837158203,
      -22.85906219482422,
      -23.183500289916992,
      -23.658470153808594,
      -27.291942596435547
    ],
    [
      -20.195436477661133,
      -22.300182342529297,
      -21.253068923950195,
      -22.169328689575195,
      -22.67481231689453,
      -23.05579376220703,
      -21.90557861328125,
      -22.526594161987305,
      -22.921276092529297,
      -22.54727554321289,
      -22.777202606201172
    ],
    [
      -19.225622177124023,
      -22.6920166015625,
      -23.30997085571289,
      -22.76268196105957,
      -23.451234817504883,
      -24.550020217895508,
      -23.222291946411133,
      -23.138486862182617,
      -23.64952850341797,
      -22.2744197845459,
      -17.35906410217285
    ],
    [
      -21.176427841186523,
      -22.675966262817383,
      -23.918485641479492,
      -24.63759994506836,
      -23.110767364501953,
      -23.905405044555664,
      -23.728456497192383,
      -24.839689254760742,
      -23.261329650878906,
      -23.469388961791992,
      -18.142871856689453
    ],
    [
      -20.99605941772461,
      -24.83798599243164,
      -25.226764678955078,
      -25.315292358398438,
      -25.155048370361328,
      -24.61768341064453,
      -24.807079315185547,
      -26.41916847229004,
      -26.51457977294922,
      -25.798423767089844,
      -22.939111709594727
    ],
    [
      -31.861032485961914,
      -30.15494728088379,
      -28.88567352294922,
      -27.891000747680664,
      -25.706005096435547,
      -24.711414337158203,
      -25.234119415283203,
      -27.24010467529297,
      -29.371959686279297,
      -30.633441925048828,
      -30.795263290405273
    ],
    [
      -23.049833297729492,
      -32.073482513427734,
      -31.3929443359375,
      -31.16289710998535,
      -29.67815399169922,
      -28.803621292114258,
      -28.92852783203125,
      -30.085132598876953,
      -31.66737174987793,
      -32.70588684082031,
      -33.61932373046875
    ],
    [
      -27.03784942626953,
      -29.746082305908203,
      -30.314292907714844,
      -30.7696475982666,
      -30.08602523803711,
      -29.139623641967773,
      -28.772733688354492,
      -30.274883270263672,
      -30.26165771484375,
      -29.01410675048828,
      -24.558135986328125
    ],
    [
      -32.83250427246094,
      -33.43283462524414,
      -33.973594665527344,
      -33.06144714355469,
      -32.39078903198242,
      -31.18035888671875,
      -32.73905563354492,
      -33.17662811279297,
      -33.90558624267578,
      -32.813568115234375,
      -37.01173782348633
    ],
    [
      -30.239730834960938,
      -35.037254333496094,
      -35.55154800415039,
      -36.13150405883789,
      -35.77773666381836,
      -33.010765075683594,
      -35.6744499206543,
      -35.71124267578125,
      -35.75453186035156,
      -36.36605453491211,
      -39.78135299682617
    ],
    [
      -35.925052642822266,
      -36.73305892944336,
      -36.33940505981445,
      -36.74940490722656,
      -36.485382080078125,
      -30.616127014160156,
      -36.532894134521484,
      -36.60572052001953,
      -36.65592956542969,
      -36.27577590942383,
      -31.795019149780273
    ],
    [
      -370,
      -35.31904220581055,
      -36.89115524291992,
      -37.491455078125,
      -37.48064041137695,
      -30.068260192871094,
      -37.70271301269531,
      -37.658939361572266,
      -37.41147232055664,
      -35.706050872802734,
      -50.16448974609375
    ],
    [
      -370,
      -37.116920471191406,
      -37.35139846801758,
      -38.44595718383789,
      -38.69343185424805,
      -32.652809143066406,
      -38.70231628417969,
      -39.184722900390625,
      -38.59071731567383,
      -40.06055450439453,
      -36.63301467895508
    ],
    [
      -44.3236083984375,
      -42.09617233276367,
      -37.505714416503906,
      -38.549903869628906,
      -39.39004135131836,
      -34.26181411743164,
      -39.26896286010742,
      -39.580047607421875,
      -39.677303314208984,
      -40.33108901977539,
      -61.023719787597656
    ],
    [
      -52.04085922241211,
      -37.81595993041992,
      -37.06615447998047,
      -37.912166595458984,
      -38.047794342041016,
      -33.99012756347656,
      -39.08111572265625,
      -39.88776779174805,
      -39.23838424682617,
      -42.59941864013672,
      -126.51016235351562
    ],
    [
      -370,
      -35.10759735107422,
      -36.67789077758789,
      -38.45194625854492,
      -38.77206039428711,
      -32.59945297241211,
      -37.90641784667969,
      -38.51169967651367,
      -39.0629997253418,
      -38.38928985595703,
      -39.2351188659668
    ],
    [
      -57.43387222290039,
      -34.421905517578125,
      -35.22380828857422,
      -40.73672103881836,
      -41.81908416748047,
      -35.23562240600586,
      -38.68810272216797,
      -37.393131256103516,
      -37.03007888793945,
      -36.25489044189453,
      -126.75277709960938
    ],
    [
      -45.83125686645508,
      -32.69429397583008,
      -38.16462326049805,
      -40.58649826049805,
      -42.52336502075195,
      -39.07884979248047,
      -40.89094161987305,
      -39.80035400390625,
      -40.07351303100586,
      -39.937862396240234,
      -125.12769317626953
    ],
    [
      -29.664108276367188,
      -31.360868453979492,
      -37.98775100708008,
      -42.53731918334961,
      -43.776527404785156,
      -42.185123443603516,
      -42.086856842041016,
      -42.007022857666016,
      -43.27016067504883,
      -41.4141960144043,
      -125.6269760131836
    ],
    [
      -45.87336730957031,
      -34.77436828613281,
      -39.49871826171875,
      -44.493961334228516,
      -44.421775817871094,
      -44.12108612060547,
      -42.353328704833984,
      -41.44078826904297,
      -42.69334411621094,
      -43.18842315673828,
      -60.73578643798828
    ],
    [
      -41.41618728637695,
      -35.968746185302734,
      -41.04982376098633,
      -45.183746337890625,
      -46.77595901489258,
      -46.83834457397461,
      -42.49941635131836,
      -40.851016998291016,
      -40.722511291503906,
      -41.99422836303711,
      -68.42594909667969
    ],
    [
      -370,
      -36.66338348388672,
      -40.6808967590332,
      -45.78819274902344,
      -48.91524124145508,
      -50.25084686279297,
      -44.76643753051758,
      -42.98895263671875,
      -42.762813568115234,
      -43.9522819519043,
      -43.1402473449707
    ],
    [
      -370,
      -40.8369140625,
      -41.69077682495117,
      -46.92082977294922,
      -50.64127731323242,
      -54.11314392089844,
      -46.837215423583984,
      -42.699378967285156,
      -40.8420295715332,
      -42.64815902709961,
      -49.31106185913086
    ]
  ],
  "histogram": [
    {
      "db": -70,
      "frequency": 0
    },
    {
      "db": -69,
      "frequency": 1
    },
    {
      "db": -68,
      "frequency": 0
    },
    {
      "db": -67,
      "frequency": 1
    },
    {
      "db": -66,
      "frequency": 1
    },
    {
      "db": -65,
      "frequency": 0
    },
    {
      "db": -64,
      "frequency": 1
    },
    {
      "db": -63,
      "frequency": 0
    },
    {
      "db": -62,
      "frequency": 0
    },
    {
      "db": -61,
      "frequency": 1
    },
    {
      "db": -60,
      "frequency": 0
    },
    {
      "db": -59,
      "frequency": 0
    },
    {
      "db": -58,
      "frequency": 1
    },
    {
      "db": -57,
      "frequency": 0
    },
    {
      "db": -56,
      "frequency": 2
    },
    {
      "db": -55,
      "frequency": 1
    },
    {
      "db": -54,
      "frequency": 1
    },
    {
      "db": -53,
      "frequency": 2
    },
    {
      "db": -52,
      "frequency": 1
    },
    {
      "db": -51,
      "frequency": 1
    },
    {
      "db": -50,
      "frequency": 0
    },
    {
      "db": -49,
      "frequency": 2
    },
    {
      "db": -48,
      "frequency": 2
    },
    {
      "db": -47,
      "frequency": 0
    },
    {
      "db": -46,
      "frequency": 2
    },
    {
      "db": -45,
      "frequency": 1
    },
    {
      "db": -44,
      "frequency": 1
    },
    {
      "db": -43,
      "frequency": 3
    },
    {
      "db": -42,
      "frequency": 3
    },
    {
      "db": -41,
      "frequency": 3
    },
    {
      "db": -40,
      "frequency": 1
    },
    {
      "db": -39,
      "frequency": 3
    },
    {
      "db": -38,
      "frequency": 2
    },
    {
      "db": -37,
      "frequency": 1
    },
    {
      "db": -36,
      "frequency": 3
    },
    {
      "db": -35,
      "frequency": 6
    },
    {
      "db": -34,
      "frequency": 2
    },
    {
      "db": -33,
      "frequency": 1
    },
    {
      "db": -32,
      "frequency": 6
    },
    {
      "db": -31,
      "frequency": 4
    },
    {
      "db": -30,
      "frequency": 6
    },
    {
      "db": -29,
      "frequency": 8
    },
    {
      "db": -28,
      "frequency": 11
    },
    {
      "db": -27,
      "frequency": 5
    },
    {
      "db": -26,
      "frequency": 6
    },
    {
      "db": -25,
      "frequency": 4
    },
    {
      "db": -24,
      "frequency": 4
    },
    {
      "db": -23,
      "frequency": 4
    },
    {
      "db": -22,
      "frequency": 13
    },
    {
      "db": -21,
      "frequency": 3
    },
    {
      "db": -20,
      "frequency": 18
    },
    {
      "db": -19,
      "frequency": 21
    },
    {
      "db": -18,
      "frequency": 41
    },
    {
      "db": -17,
      "frequency": 68
    },
    {
      "db": -16,
      "frequency": 115
    },
    {
      "db": -15,
      "frequency": 209
    },
    {
      "db": -14,
      "frequency": 213
    },
    {
      "db": -13,
      "frequency": 254
    },
    {
      "db": -12,
      "frequency": 183
    },
    {
      "db": -11,
      "frequency": 153
    },
    {
      "db": -10,
      "frequency": 206
    },
    {
      "db": -9,
      "frequency": 204
    },
    {
      "db": -8,
      "frequency": 96
    },
    {
      "db": -7,
      "frequency": 44
    },
    {
      "db": -6,
      "frequency": 16
    },
    {
      "db": -5,
      "frequency": 0
    },
    {
      "db": -4,
      "frequency": 0
    },
    {
      "db": -3,
      "frequency": 0
    },
    {
      "db": -2,
      "frequency": 0
    },
    {
      "db": -1,
      "frequency": 0
    },
    {
      "db": 0,
      "frequency": 0
    },
    {
      "db": 1,
      "frequency": 0
    },
    {
      "db": 2,
      "frequency": 0
    },
    {
      "db": 3,
      "frequency": 0
    },
    {
      "db": 4,
