{
  "acoustic_entropy": 209.58656311035156,
  "bands": [
    {
      "high_freq": 148.1999969482422,
      "loudness": -18.312042236328125,
      "loudness_range": 8.514291763305664,
      "mid_mean": -14.696078300476074,
      "mid_to_side_loudness": -22.532482147216797,
      "mid_to_side_loudness_range": 23.246952056884766,
      "side_mean": -38.11943435668945
    },
    {
      "high_freq": 392.3793640136719,
      "loudness": -19.31767463684082,
      "loudness_range": 10.933150291442871,
      "low_freq": 148.1999969482422,
      "mid_mean": -16.366085052490234,
      "mid_to_side_loudness": -8.830392837524414,
      "mid_to_side_loudness_range": 13.216687202453613,
      "side_mean": -25.338884353637695
    },
    {
      "high_freq": 794.6976318359375,
      "loudness": -20.959352493286133,
      "loudness_range": 15.249005317687988,
      "low_freq": 392.3793640136719,
      "mid_mean": -18.082807540893555,
      "mid_to_side_loudness": -7.962020397186279,
      "mid_to_side_loudness_range": 10.392467498779297,
      "side_mean": -26.05552864074707
    },
    {
      "high_freq": 1457.5709228515625,
      "loudness": -24.575929641723633,
      "loudness_range": 19.451061248779297,
      "low_freq": 794.6976318359375,
      "mid_mean": -21.972755432128906,
      "mid_to_side_loudness": -6.568965435028076,
      "mid_to_side_loudness_range": 10.940438270568848,
      "side_mean": -28.573266983032227
    },
    {
      "high_freq": 2549.74365234375,
      "loudness": -24.329082489013672,
      "loudness_range": 22.383840560913086,
      "low_freq": 1457.5709228515625,
      "mid_mean": -21.658536911010742,
      "mid_to_side_loudness": -6.703904151916504,
      "mid_to_side_loudness_range": 10.639591217041016,
      "side_mean": -28.465333938598633
    },
    {
      "high_freq": 4349.24462890625,
      "loudness": -26.88120460510254,
      "loudness_range": 20.780872344970703,
      "low_freq": 2549.74365234375,
      "mid_mean": -24.276147842407227,
      "mid_to_side_loudness": -6.181305408477783,
      "mid_to_side_loudness_range": 9.461928367614746,
      "side_mean": -30.53224754333496
    },
    {
      "high_freq": 7314.1640625,
      "loudness": -29.494586944580078,
      "loudness_range": 18.4091854095459,
      "low_freq": 4349.24462890625,
      "mid_mean": -27.194561004638672,
      "mid_to_side_loudness": -5.311590671539307,
      "mid_to_side_loudness_range": 10.849128723144531,
      "side_mean": -32.633750915527344
    },
    {
      "high_freq": 12199.2666015625,
      "loudness": -30.306241989135742,
      "loudness_range": 16.47683334350586,
      "low_freq": 7314.1640625,
      "mid_mean": -27.925003051757812,
      "mid_to_side_loudness": -5.648526191711426,
      "mid_to_side_loudness_range": 11.014375686645508,
      "side_mean": -33.920162200927734
    },
    {
      "loudness": -38.3524169921875,
      "loudness_range": 16.35854148864746,
      "low_freq": 12199.2666015625,
      "mid_mean": -36.237422943115234,
      "mid_to_side_loudness": -4.3083720207214355,
      "mid_to_side_loudness_range": 7.9588236808776855,
      "side_mean": -40.7205810546875
    }
  ],
  "bands_short": [
    {
      "high_freq": 148.1999969482422,
      "loudness": -20.44403076171875,
      "loudness_range": 16.13013458251953,
      "mid_mean": -16.807817459106445,
      "mid_to_side_loudness": -27.51323699951172,
      "mid_to_side_loudness_range": 33.32237243652344,
      "side_mean": -47.300533294677734
    },
    {
      "high_freq": 392.3793640136719,
      "loudness": -19.262733459472656,
      "loudness_range": 13.390135765075684,
      "low_freq": 148.1999969482422,
      "mid_mean": -16.379243850708008,
      "mid_to_side_loudness": -10.07730770111084,
      "mid_to_side_loudness_range": 18.592355728149414,
      "side_mean": -26.58855438232422
    },
    {
      "high_freq": 794.6976318359375,
      "loudness": -22.074657440185547,
      "loudness_range": 18.627609252929688,
      "low_freq": 392.3793640136719,
      "mid_mean": -19.41534996032715,
      "mid_to_side_loudness": -7.574398994445801,
      "mid_to_side_loudness_range": 13.991717338562012,
      "side_mean": -27.038209915161133
    },
    {
      "high_freq": 1457.5709228515625,
      "loudness": -24.6969051361084,
      "loudness_range": 21.855052947998047,
      "low_freq": 794.6976318359375,
      "mid_mean": -22.13020133972168,
      "mid_to_side_loudness": -6.8835625648498535,
      "mid_to_side_loudness_range": 13.217094421386719,
      "side_mean": -29.102542877197266
    },
    {
      "high_freq": 2549.74365234375,
      "loudness": -25.236621856689453,
      "loudness_range": 24.53671646118164,
      "low_freq": 1457.5709228515625,
      "mid_mean": -22.8217716217041,
      "mid_to_side_loudness": -6.303954601287842,
      "mid_to_side_loudness_range": 14.370144844055176,
      "side_mean": -29.389873504638672
    },
    {
      "high_freq": 4349.24462890625,
      "loudness": -27.7352352142334,
      "loudness_range": 23.590572357177734,
      "low_freq": 2549.74365234375,
      "mid_mean": -25.425508499145508,
      "mid_to_side_loudness": -5.738283634185791,
      "mid_to_side_loudness_range": 13.285382270812988,
      "side_mean": -31.368642807006836
    },
    {
      "high_freq": 7314.1640625,
      "loudness": -31.41128158569336,
      "loudness_range": 21.360048294067383,
      "low_freq": 4349.24462890625,
      "mid_mean": -29.244539260864258,
      "mid_to_side_loudness": -4.967813968658447,
      "mid_to_side_loudness_range": 11.782383918762207,
      "side_mean": -34.71485900878906
    },
    {
      "high_freq": 12199.2666015625,
      "loudness": -33.09758758544922,
      "loudness_range": 22.67147445678711,
      "low_freq": 7314.1640625,
      "mid_mean": -30.8819637298584,
      "mid_to_side_loudness": -6.004016399383545,
      "mid_to_side_loudness_range": 15.606972694396973,
      "side_mean": -37.62691879272461
    },
    {
      "loudness": -42.969871520996094,
      "loudness_range": 26.82796287536621,
      "low_freq": 12199.2666015625,
      "mid_mean": -40.611602783203125,
      "mid_to_side_loudness": -6.201626777648926,
      "mid_to_side_loudness_range": 14.802254676818848,
      "side_mean": -47.382240295410156
    }
  ],
  "bandwidth": 624.2433471679688,
  "channels": 2,
  "covariance": [
    [
      18.077239990234375,
      15.63826847076416,
      7.501400947570801,
      7.936649799346924,
      8.223519325256348,
      8.503482818603516,
      8.616718292236328,
      7.984429836273193,
      5.171049118041992,
      4.248083114624023,
      5.0989227294921875,
      5.200220108032227,
      7.872563362121582,
      7.359807014465332,
      5.993001937866211,
      6.964046955108643,
      6.605337142944336,
      6.262195587158203
    ],
    [
      15.63826847076416,
      75.93632507324219,
      10.814862251281738,
      24.468496322631836,
      17.61505126953125,
      25.613040924072266,
      28.41472816467285,
      26.422327041625977,
      26.00468635559082,
      29.441181182861328,
      24.709156036376953,
      29.747329711914062,
      14.648462295532227,
      22.330442428588867,
      6.790824890136719,
      15.906656265258789,
      9.687029838562012,
      14.080469131469727
    ],
    [
      7.501400947570801,
      10.814862251281738,
      19.534215927124023,
      14.711261749267578,
      14.586745262145996,
      12.230071067810059,
      13.513887405395508,
      10.149545669555664,
      11.486083030700684,
      7.988729476928711,
      11.706660270690918,
      10.18200969696045,
      8.869977951049805,
      8.79084300994873,
      8.859253883361816,
      8.452072143554688,
      6.930142879486084,
      6.2614288330078125
    ],
    [
      7.936649799346924,
      24.468496322631836,
      14.711261749267578,
      31.61102294921875,
      15.674510955810547,
      20.257118225097656,
      18.4829044342041,
      20.540895462036133,
      15.830519676208496,
      18.141502380371094,
      15.371077537536621,
      17.708072662353516,
      9.193946838378906,
      14.752434730529785,
      6.934940338134766,
      13.489508628845215,
      9.978790283203125,
      13.828157424926758
    ],
    [
      8.223519325256348,
      17.61505126953125,
      14.586745262145996,
      15.674510955810547,
      32.166080474853516,
      25.49197006225586,
      29.275592803955078,
      22.424150466918945,
      25.03742218017578,
      18.00423240661621,
      22.86528968811035,
      19.15679168701172,
      13.29743766784668,
      14.666742324829102,
      11.790488243103027,
      13.445667266845703,
      10.63577651977539,
      10.083003044128418
    ],
    [
      8.503482818603516,
      25.613040924072266,
      12.230071067810059,
      20.257118225097656,
      25.49197006225586,
      34.15373229980469,
      28.380949020385742,
      28.460708618164062,
      23.601516723632812,
      25.75832176208496,
      23.401350021362305,
      26.291654586791992,
      13.828679084777832,
      19.57814598083496,
      9.826231956481934,
      15.698036193847656,
      10.340250015258789,
      12.24373722076416
    ],
    [
      8.616718292236328,
      28.41472816467285,
      13.513887405395508,
      18.4829044342041,
      29.275592803955078,
      28.380949020385742,
      49.965389251708984,
      35.56880569458008,
      38.74578094482422,
      34.694366455078125,
      34.06045913696289,
      32.08507537841797,
      14.019906997680664,
      20.342954635620117,
      8.662171363830566,
      16.127817153930664,
      10.579622268676758,
      13.075571060180664
    ],
    [
      7.984429836273193,
      26.422327041625977,
      10.149545669555664,
      20.540895462036133,
      22.424150466918945,
      28.460708618164062,
      35.56880569458008,
      36.98756408691406,
      28.072315216064453,
      32.407989501953125,
      26.604928970336914,
      30.20915412902832,
      12.591282844543457,
      20.83785629272461,
      6.6610565185546875,
      16.34623146057129,
      10.936690330505371,
      14.923295021057129
    ],
    [
      5.171049118041992,
      26.00468635559082,
      11.486083030700684,
      15.830519676208496,
      25.03742218017578,
      23.601516723632812,
      38.74578094482422,
      28.072315216064453,
      62.81464385986328,
      56.250999450683594,
      52.59084701538086,
      46.4365119934082,
      14.481313705444336,
      20.907499313354492,
      5.692976474761963,
      14.332818984985352,
      7.051475524902344,
      11.530808448791504
    ],
    [
      4.248083114624023,
      29.441181182861328,
      7.988729476928711,
      18.141502380371094,
      18.00423240661621,
      25.75832176208496,
      34.694366455078125,
      32.407989501953125,
      56.250999450683594,
      64.49352264404297,
      49.11735153198242,
      51.721946716308594,
      12.998294830322266,
      24.38738441467285,
      1.13623046875,
      15.479092597961426,
      5.8482985496521,
      13.63269329071045
    ],
    [
      5.0989227294921875,
      24.709156036376953,
      11.706660270690918,
      15.371077537536621,
      22.86528968811035,
      23.401350021362305,
      34.06045913696289,
      26.604928970336914,
      52.59084701538086,
      49.11735153198242,
      54.783992767333984,
      46.7164306640625,
      19.658809661865234,
      23.442398071289062,
      9.803494453430176,
      16.418174743652344,
      9.422916412353516,
      11.884953498840332
    ],
    [
      5.200220108032227,
      29.747329711914062,
      10.18200969696045,
      17.708072662353516,
      19.15679168701172,
      26.291654586791992,
      32.08507537841797,
      30.20915412902832,
      46.4365119934082,
      51.721946716308594,
      46.7164306640625,
      51.06461715698242,
      17.316635131835938,
      27.853191375732422,
      5.552519798278809,
      18.74700164794922,
      9.200459480285645,
      15.03378963470459
    ],
    [
      7.872563362121582,
      14.648462295532227,
      8.869977951049805,
      9.193946838378906,
      13.29743766784668,
      13.828679084777832,
      14.019906997680664,
      12.591282844543457,
      14.481313705444336,
      12.998294830322266,
      19.658809661865234,
      17.316635131835938,
      42.96696853637695,
      28.089628219604492,
      32.40666580200195,
      25.16543960571289,
      25.215656280517578,
      17.934650421142578
    ],
    [
      7.359807014465332,
      22.330442428588867,
      8.79084300994873,
      14.752434730529785,
      14.666742324829102,
      19.57814598083496,
      20.342954635620117,
      20.83785629272461,
      20.907499313354492,
      24.38738441467285,
      23.442398071289062,
      27.853191375732422,
      28.089628219604492,
      34.33924102783203,
      18.651920318603516,
      29.23503875732422,
      22.848644256591797,
      27.11625099182129
    ],
    [
      5.993001937866211,
      6.790824890136719,
      8.859253883361816,
      6.934940338134766,
      11.790488243103027,
      9.826231956481934,
      8.662171363830566,
      6.6610565185546875,
      5.692976474761963,
      1.13623046875,
      9.803494453430176,
      5.552519798278809,
      32.40666580200195,
      18.651920318603516,
      37.147396087646484,
      22.982074737548828,
      26.177637100219727,
      17.243736267089844
    ],
    [
      6.964046955108643,
      15.906656265258789,
      8.452072143554688,
      13.489508628845215,
      13.445667266845703,
      15.698036193847656,
      16.127817153930664,
      16.34623146057129,
      14.332818984985352,
      15.479092597961426,
      16.418174743652344,
      18.74700164794922,
      25.16543960571289,
      29.23503875732422,
      22.982074737548828,
      32.51523971557617,
      28.305389404296875,
      33.65245819091797
    ],
    [
      6.605337142944336,
      9.687029838562012,
      6.930142879486084,
      9.978790283203125,
      10.63577651977539,
      10.340250015258789,
      10.579622268676758,
      10.936690330505371,
      7.051475524902344,
      5.8482985496521,
      9.422916412353516,
      9.200459480285645,
      25.215656280517578,
      22.848644256591797,
      26.177637100219727,
      28.305389404296875,
      34.828670501708984,
      34.6669807434082
    ],
    [
      6.262195587158203,
      14.080469131469727,
      6.2614288330078125,
      13.828157424926758,
      10.083003044128418,
      12.24373722076416,
      13.075571060180664,
      14.923295021057129,
      11.530808448791504,
      13.63269329071045,
      11.884953498840332,
      15.03378963470459,
      17.934650421142578,
      27.11625099182129,
      17.243736267089844,
      33.65245819091797,
      34.6669807434082,
      52.79750061035156
    ]
  ],
  "covariance_short": [
    [
      44.262962341308594,
      13.578967094421387,
      12.054913520812988,
      8.281782150268555,
      7.302557468414307,
      7.653162479400635,
      7.282092094421387,
      7.695532321929932,
      2.3360583782196045,
      2.0434703826904297,
      2.242260694503784,
      3.49674654006958,
      6.885970115661621,
      6.6534013748168945,
      5.133591175079346,
      6.116089820861816,
      4.919441223144531,
      4.632885932922363
    ],
    [
      13.578967094421387,
      93.19430541992188,
      18.4842472076416,
      37.72865676879883,
      25.191802978515625,
      37.01160430908203,
      36.82334518432617,
      37.26365661621094,
      31.405744552612305,
      37.40279006958008,
      33.01723098754883,
      42.05599594116211,
      23.7177734375,
      35.95750045776367,
      15.181708335876465,
      28.185821533203125,
      17.0677433013916,
      31.14430046081543
    ],
    [
      12.054913520812988,
      18.4842472076416,
      30.56819725036621,
      18.456151962280273,
      19.431589126586914,
      15.667287826538086,
      17.232810974121094,
      13.14144515991211,
      14.813467025756836,
      11.266077995300293,
      14.532034873962402,
      13.969955444335938,
      10.282492637634277,
      12.2577486038208,
      12.504660606384277,
      13.301322937011719,
      10.863967895507812,
      12.914631843566895
    ],
    [
      8.281782150268555,
      37.72865676879883,
      18.456151962280273,
      51.063987731933594,
      23.16686248779297,
      32.90333938598633,
      26.37399673461914,
      29.205656051635742,
      19.774240493774414,
      24.330759048461914,
      19.860074996948242,
      25.350648880004883,
      14.080936431884766,
      21.813833236694336,
      11.694676399230957,
      19.259580612182617,
      13.367938995361328,
      21.82647132873535
    ],
    [
      7.302557468414307,
      25.191802978515625,
      19.431589126586914,
      23.16686248779297,
      45.24064254760742,
      33.33918380737305,
      37.57075881958008,
      28.918994903564453,
      32.24868392944336,
      24.088380813598633,
      30.212602615356445,
      26.338653564453125,
      18.534748077392578,
      20.564882278442383,
      19.83977508544922,
      20.132732391357422,
      18.055757522583008,
      19.863067626953125
    ],
    [
      7.653162479400635,
      37.01160430908203,
      15.667287826538086,
      32.90333938598633,
      33.33918380737305,
      50.32405090332031,
      34.72284698486328,
      37.31217575073242,
      27.140657424926758,
      32.54353713989258,
      27.76178741455078,
      34.007137298583984,
      19.686269760131836,
      27.641422271728516,
      16.134204864501953,
      24.19414520263672,
      16.67255973815918,
      25.352643966674805
    ],
    [
      7.282092094421387,
      36.82334518432617,
      17.232810974121094,
      26.37399673461914,
      37.57075881958008,
      34.72284698486328,
      60.11640167236328,
      41.84673309326172,
      45.72121047973633,
      39.32098388671875,
      41.67229461669922,
      37.679141998291016,
      22.412826538085938,
      27.252304077148438,
      19.05282211303711,
      24.291255950927734,
      18.269874572753906,
      24.742862701416016
    ],
    [
      7.695532321929932,
      37.26365661621094,
      13.14144515991211,
      29.205656051635742,
      28.918994903564453,
      37.31217575073242,
      41.84673309326172,
      48.52232360839844,
      32.194068908691406,
      39.02522277832031,
      31.31692123413086,
      37.122535705566406,
      19.019533157348633,
      28.66736602783203,
      13.01276969909668,
      24.301660537719727,
      15.982986450195312,
      27.087982177734375
    ],
    [
      2.3360583782196045,
      31.405744552612305,
      14.813467025756836,
      19.774240493774414,
      32.24868392944336,
      27.140657424926758,
      45.72121047973633,
      32.194068908691406,
      76.1856918334961,
      59.92375946044922,
      63.81951141357422,
      52.196685791015625,
      27.015207290649414,
      30.641569137573242,
      17.692665100097656,
      25.145248413085938,
      15.189497947692871,
      25.884105682373047
    ],
    [
      2.0434703826904297,
      37.40279006958008,
      11.266077995300293,
      24.330759048461914,
      24.088380813598633,
      32.54353713989258,
      39.32098388671875,
      39.02522277832031,
      59.92375946044922,
      75.1131820678711,
      54.68141555786133,
      60.31904983520508,
      23.910707473754883,
      36.76450729370117,
      9.19260025024414,
      28.666885375976562,
      12.87511157989502,
      32.5124397277832
    ],
    [
      2.242260694503784,
      33.01723098754883,
      14.532034873962402,
      19.860074996948242,
      30.212602615356445,
      27.76178741455078,
      41.67229461669922,
      31.31692123413086,
      63.81951141357422,
      54.68141555786133,
      72.04943084716797,
      54.47225570678711,
      35.510658264160156,
      36.18640899658203,
      25.359392166137695,
      29.93012237548828,
      21.810619354248047,
      29.931041717529297
    ],
    [
      3.49674654006958,
      42.05599594116211,
      13.969955444335938,
      25.350648880004883,
      26.338653564453125,
      34.007137298583984,
      37.679141998291016,
      37.122535705566406,
      52.196685791015625,
      60.31904983520508,
      54.47225570678711,
      65.07869720458984,
      29.73149871826172,
      44.43308639526367,
      16.457548141479492,
      36.44610595703125,
      20.152557373046875,
      39.56051254272461
    ],
    [
      6.885970115661621,
      23.7177734375,
      10.282492637634277,
      14.080936431884766,
      18.534748077392578,
      19.686269760131836,
      22.412826538085938,
      19.019533157348633,
      27.015207290649414,
      23.910707473754883,
      35.510658264160156,
      29.73149871826172,
      59.25581741333008,
      44.90352249145508,
      51.52690124511719,
      46.03628921508789,
      47.277095794677734,
      44.23876190185547
    ],
    [
      6.6534013748168945,
      35.95750045776367,
      12.2577486038208,
      21.813833236694336,
      20.564882278442383,
      27.641422271728516,
      27.252304077148438,
      28.66736602783203,
      30.641569137573242,
      36.76450729370117,
      36.18640899658203,
      44.43308639526367,
      44.90352249145508,
      63.81855392456055,
      35.76152420043945,
      60.392581939697266,
      43.71287155151367,
      65.93846130371094
    ],
    [
      5.133591175079346,
      15.181708335876465,
      12.504660606384277,
      11.694676399230957,
      19.83977508544922,
      16.134204864501953,
      19.05282211303711,
      13.01276969909668,
      17.692665100097656,
      9.19260025024414,
      25.359392166137695,
      16.457548141479492,
      51.52690124511719,
      35.76152420043945,
      69.13031768798828,
      49.24407196044922,
      59.51837921142578,
      47.60230255126953
    ],
    [
      6.116089820861816,
      28.185821533203125,
      13.301322937011719,
      19.259580612182617,
      20.132732391357422,
      24.19414520263672,
      24.291255950927734,
      24.301660537719727,
      25.145248413085938,
      28.666885375976562,
      29.93012237548828,
      36.44610595703125,
      46.03628921508789,
      60.392581939697266,
      49.24407196044922,
      76.46514129638672,
      60.322601318359375,
      83.16439056396484
    ],
    [
      4.919441223144531,
      17.0677433013916,
      10.863967895507812,
      13.367938995361328,
      18.055757522583008,
      16.67255973815918,
      18.269874572753906,
      15.982986450195312,
      15.189497947692871,
      12.87511157989502,
      21.810619354248047,
      20.152557373046875,
      47.277095794677734,
      43.71287155151367,
      59.51837921142578,
      60.322601318359375,
      75.78588104248047,
      75.4329605102539
    ],
    [
      4.632885932922363,
      31.14430046081543,
      12.914631843566895,
      21.82647132873535,
      19.863067626953125,
      25.352643966674805,
      24.742862701416016,
      27.087982177734375,
      25.884105682373047,
      32.5124397277832,
      29.931041717529297,
      39.56051254272461,
      44.23876190185547,
      65.93846130371094,
      47.60230255126953,
      83.16439056396484,
      75.4329605102539,
      116.53199005126953
    ]
  ],
  "damage": -3.6856534481048584,
  "diff_bandwidth": 728.9603881835938,
  "dissonance": 8.035329526345741,
  "drr": 15.330089569091797,
  "dynamics": 3.1895949840545654,
  "format": 65538,
  "frames": 8723196,
  "freq_pan_to_db": [
    [
      -36.70217514038086,
      -31.283824920654297,
      -26.000499725341797,
      -18.012680053710938,
      -12.825179100036621,
      -12.138360977172852,
      -14.11032485961914,
      -22.19783592224121,
      -27.88105583190918,
      -34.769287109375,
      -37.79014587402344
    ],
    [
      -25.32255744934082,
      -19.149188995361328,
      -13.64349365234375,
      -12.52511978149414,
      -9.097723960876465,
      -5.97967529296875,
      -9.120597839355469,
      -14.625933647155762,
      -14.967416763305664,
      -17.50564193725586,
      -19.707773208618164
    ],
    [
      -13.513715744018555,
      -12.058284759521484,
      -10.15905475616455,
      -9.465909957885742,
      -8.867879867553711,
      -8.505245208740234,
      -8.839151382446289,
      -9.424312591552734,
      -10.494484901428223,
      -12.035258293151855,
      -12.879634857177734
    ],
    [
      -15.706925392150879,
      -14.328824043273926,
      -12.315985679626465,
      -12.133404731750488,
      -11.619460105895996,
      -12.2161283493042,
      -12.466054916381836,
      -13.216561317443848,
      -13.816645622253418,
      -14.486001014709473,
      -15.444151878356934
    ],
    [
      -15.57198429107666,
      -14.408121109008789,
      -14.022250175476074,
      -13.23835277557373,
      -13.434073448181152,
      -13.697590827941895,
      -13.465821266174316,
      -13.575908660888672,
      -14.607490539550781,
      -15.08104419708252,
      -15.76099967956543
    ],
    [
      -15.296977043151855,
      -15.122119903564453,
      -14.105218887329102,
      -12.174215316772461,
      -11.194594383239746,
      -10.778115272521973,
      -11.329751968383789,
      -13.141335487365723,
      -14.66431713104248,
      -15.484548568725586,
      -16.447830200195312
    ],
    [
      -16.711288452148438,
      -16.182289123535156,
      -14.242405891418457,
      -12.536876678466797,
      -10.999189376831055,
      -10.972940444946289,
      -11.593749046325684,
      -13.370340347290039,
      -15.374655723571777,
      -15.979846954345703,
      -16.113208770751953
    ],
    [
      -16.073272705078125,
      -15.854073524475098,
      -15.28337574005127,
      -14.777278900146484,
      -13.032623291015625,
      -10.711627006530762,
      -13.159322738647461,
      -14.557801246643066,
      -13.944281578063965,
      -14.526679992675781,
      -14.414371490478516
    ],
    [
      -18.529787063598633,
      -16.997516632080078,
      -16.06812286376953,
      -15.40243911743164,
      -12.546311378479004,
      -12.200489044189453,
      -13.898873329162598,
      -15.197257041931152,
      -15.196850776672363,
      -15.321521759033203,
      -15.36182689666748
    ],
    [
      -15.36519718170166,
      -13.39751148223877,
      -14.706135749816895,
      -15.136942863464355,
      -13.072090148925781,
      -12.16697883605957,
      -12.923532485961914,
      -14.081859588623047,
      -14.310602188110352,
      -14.258641242980957,
      -14.3697509765625
    ],
    [
      -14.381402015686035,
      -13.961535453796387,
      -15.842636108398438,
      -15.76547908782959,
      -14.881144523620605,
      -12.85944652557373,
      -13.65057373046875,
      -15.15781307220459,
      -15.265392303466797,
      -15.265168190002441,
      -16.100845336914062
    ],
    [
      -15.681516647338867,
      -17.845170974731445,
      -18.385766983032227,
      -17.2050838470459,
      -16.021791458129883,
      -13.911561012268066,
      -17.720773696899414,
      -17.883039474487305,
      -16.596277236938477,
      -17.29495620727539,
      -18.283775329589844
    ],
    [
      -20.09482192993164,
      -20.4088134765625,
      -18.81830596923828,
      -18.655040740966797,
      -15.794172286987305,
      -13.782423973083496,
      -16.899227142333984,
      -18.026844024658203,
      -18.989635467529297,
      -20.3725528717041,
      -22.224369049072266
    ],
    [
      -16.567243576049805,
      -17.85516929626465,
      -16.55751609802246,
      -16.299131393432617,
      -14.280352592468262,
      -13.469512939453125,
      -17.15474510192871,
      -18.213443756103516,
      -20.375732421875,
      -16.79561996459961,
      -16.90553092956543
    ],
    [
      -16.072673797607422,
      -18.583335876464844,
      -17.802217483520508,
      -17.869924545288086,
      -17.80754852294922,
      -14.19627571105957,
      -16.990734100341797,
      -20.031152725219727,
      -20.06237030029297,
      -19.491825103759766,
      -19.44804573059082
    ],
    [
      -18.29681968688965,
      -19.256879806518555,
      -20.13495445251465,
      -20.822023391723633,
      -17.636642456054688,
      -14.947074890136719,
      -17.598960876464844,
      -19.99526596069336,
      -19.870019912719727,
      -20.456378936767578,
      -19.859285354614258
    ],
    [
      -18.191213607788086,
      -19.71112632751465,
      -22.17824935913086,
      -21.740686416625977,
      -18.301265716552734,
      -17.580575942993164,
      -20.85594367980957,
      -22.234935760498047,
      -19.239124298095703,
      -18.562789916992188,
      -18.090038299560547
    ],
    [
      -18.427427291870117,
      -18.72748374938965,
      -21.501188278198242,
      -22.391830444335938,
      -20.871492385864258,
      -17.75387191772461,
      -21.64323616027832,
      -22.549936294555664,
      -20.83831024169922,
      -19.360448837280273,
      -17.340511322021484
    ],
    [
      -20.84847640991211,
      -20.665966033935547,
      -22.043676376342773,
      -23.60260581970215,
      -20.588741302490234,
      -18.68852996826172,
      -22.05129623413086,
      -21.71834945678711,
      -19.650135040283203,
      -21.692901611328125,
      -20.991073608398438
    ],
    [
      -17.57343864440918,
      -17.930435180664062,
      -18.122106552124023,
      -19.312456130981445,
      -17.84909439086914,
      -18.19644546508789,
      -19.3128662109375,
      -19.0985050201416,
      -19.288768768310547,
      -20.17670249938965,
      -23.429866790771484
    ],
    [
      -17.373159408569336,
      -18.858951568603516,
      -17.55310821533203,
      -18.65969467163086,
      -18.775300979614258,
      -19.165542602539062,
      -18.028762817382812,
      -18.637882232666016,
      -19.091842651367188,
      -18.698657989501953,
      -20.9905948638916
    ],
    [
      -15.712735176086426,
      -19.097671508789062,
      -19.389495849609375,
      -19.103389739990234,
      -19.39398956298828,
      -20.7111873626709,
      -19.594945907592773,
      -19.408544540405273,
      -19.808147430419922,
      -19.295825958251953,
      -15.591352462768555
    ],
    [
      -19.135377883911133,
      -19.37112045288086,
      -20.326780319213867,
      -21.45574951171875,
      -19.212642669677734,
      -20.666954040527344,
      -20.097610473632812,
      -21.204647064208984,
      -20.040117263793945,
      -19.8223934173584,
      -17.2305908203125
    ],
    [
      -17.33395767211914,
      -21.708370208740234,
      -22.03302764892578,
      -22.140661239624023,
      -21.823501586914062,
      -21.371599197387695,
      -21.634307861328125,
      -23.251028060913086,
      -23.20638084411621,
      -22.470062255859375,
      -21.55712890625
    ],
    [
      -25.142608642578125,
      -26.55017852783203,
      -25.7946834564209,
      -24.61098861694336,
      -22.585193634033203,
      -22.011539459228516,
      -22.293964385986328,
      -24.173198699951172,
      -25.996097564697266,
      -27.425260543823242,
      -29.596769332885742
    ],
    [
      -20.76362419128418,
      -29.030635833740234,
      -28.178354263305664,
      -27.925222396850586,
      -26.823501586914062,
      -25.956148147583008,
      -25.982057571411133,
      -27.141408920288086,
      -28.38398551940918,
      -29.14787483215332,
      -31.329252243041992
    ],
    [
      -23.529190063476562,
      -26.73926544189453,
      -27.185945510864258,
      -27.515214920043945,
      -26.708127975463867,
      -26.131023406982422,
      -25.81551742553711,
      -27.202634811401367,
      -27.05623435974121,
      -25.734024047851562,
      -23.57975959777832
    ],
    [
      -33.68491744995117,
      -29.3763427734375,
      -29.624282836914062,
      -29.081546783447266,
      -28.476490020751953,
      -27.23764419555664,
      -28.785951614379883,
      -29.150882720947266,
      -29.928852081298828,
      -29.03257179260254,
      -37.07566833496094
    ],
    [
      -32.97272491455078,
      -30.101831436157227,
      -30.187252044677734,
      -30.920204162597656,
      -30.300134658813477,
      -27.48592758178711,
      -30.21103286743164,
      -30.14747428894043,
      -30.51553726196289,
      -30.83603858947754,
      -47.27682876586914
    ],
    [
      -33.27755355834961,
      -31.0964412689209,
      -30.619571685791016,
      -30.904056549072266,
      -30.687009811401367,
      -24.782123565673828,
      -30.61507797241211,
      -30.7935791015625,
      -30.881114959716797,
      -30.744586944580078,
      -36.375972747802734
    ],
    [
      -34.725440979003906,
      -29.220993041992188,
      -31.167387008666992,
      -31.76337242126465,
      -31.588497161865234,
      -24.30483627319336,
      -31.720535278320312,
      -31.72907257080078,
      -31.464303970336914,
      -29.542333602905273,
      -38.57762908935547
    ],
    [
      -119.22264099121094,
      -30.679689407348633,
      -31.720020294189453,
      -32.745521545410156,
      -32.633094787597656,
      -26.867265701293945,
      -32.87009048461914,
      -33.146400451660156,
      -32.67336654663086,
      -32.553585052490234,
      -67.59659576416016
    ],
    [
      -39.04136657714844,
      -37.42388916015625,
      -31.645790100097656,
      -32.54642868041992,
      -32.903297424316406,
      -28.198307037353516,
      -33.01484680175781,
      -33.28081130981445,
      -33.482757568359375,
      -30.323936462402344,
      -42.60357666015625
    ],
    [
      -49.370201110839844,
      -31.417091369628906,
      -30.933883666992188,
      -31.10104751586914,
      -31.229244232177734,
      -27.529294967651367,
      -32.12082290649414,
      -33.30380630493164,
      -32.23674392700195,
      -34.26404571533203,
      -118.61354064941406
    ],
    [
      -120.6644515991211,
      -32.042884826660156,
      -30.72701644897461,
      -32.00475311279297,
      -31.464031219482422,
      -26.17074966430664,
      -30.82678985595703,
      -31.80339241027832,
      -31.943016052246094,
      -31.631608963012695,
      -35.09431838989258
    ],
    [
      -45.33670425415039,
      -28.807476043701172,
      -31.53118133544922,
      -33.159847259521484,
      -34.457435607910156,
      -28.812986373901367,
      -31.572650909423828,
      -30.63763427734375,
      -30.050199508666992,
      -29.580415725708008,
      -117.2656478881836
    ],
    [
      -121.55646514892578,
      -37.03093719482422,
      -32.11203384399414,
      -34.922611236572266,
      -35.62466812133789,
      -32.469303131103516,
      -33.85459899902344,
      -33.14335250854492,
      -33.24598693847656,
      -33.21767044067383,
      -48.0372314453125
    ],
    [
      -120.94197082519531,
      -28.998823165893555,
      -32.133872985839844,
      -36.33040237426758,
      -37.3929443359375,
      -35.44438171386719,
      -35.42274856567383,
      -35.207176208496094,
      -36.85743713378906,
      -35.64769744873047,
      -114.6842041015625
    ],
    [
      -122.19558715820312,
      -31.869428634643555,
      -35.346519470214844,
      -37.62425231933594,
      -38.31184005737305,
      -37.533790588378906,
      -35.7093505859375,
      -35.14530563354492,
      -35.704498291015625,
      -36.68547821044922,
      -114.42119598388672
    ],
    [
      -39.997772216796875,
      -32.25449752807617,
      -35.50905227661133,
      -38.60740661621094,
      -40.118289947509766,
      -40.20520782470703,
      -36.18305969238281,
      -34.2486686706543,
      -34.45043182373047,
      -35.0195198059082,
      -112.82549285888672
    ],
    [
      -39.07893371582031,
      -30.828563690185547,
      -35.154991149902344,
      -39.001991271972656,
      -42.570899963378906,
      -43.722415924072266,
      -38.24726486206055,
      -36.356388092041016,
      -36.48576736450195,
      -38.77223205566406,
      -43.33715057373047
    ],
    [
      -121.15904998779297,
      -35.533233642578125,
      -36.424930572509766,
      -40.0766487121582,
      -44.38490676879883,
      -47.75901412963867,
      -39.955020904541016,
      -36.23078155517578,
      -34.469791412353516,
      -37.31631088256836,
      -50.64588928222656
    ]
  ],
  "histogram": [
    {
      "db": -70,
      "frequency": 0
    },
    {
      "db": -69,
      "frequency": 1
    },
    {
      "db": -68,
      "frequency": 0
    },
    {
      "db": -67,
      "frequency": 1
    },
    {
      "db": -66,
      "frequency": 0
    },
    {
      "db": -65,
      "frequency": 0
    },
    {
      "db": -64,
      "frequency": 0
    },
    {
      "db": -63,
      "frequency": 2
    },
    {
      "db": -62,
      "frequency": 0
    },
    {
      "db": -61,
      "frequency": 0
    },
    {
      "db": -60,
      "frequency": 0
    },
    {
      "db": -59,
      "frequency": 1
    },
    {
      "db": -58,
      "frequency": 0
    },
    {
      "db": -57,
      "frequency": 0
    },
    {
      "db": -56,
      "frequency": 1
    },
    {
      "db": -55,
      "frequency": 0
    },
    {
      "db": -54,
      "frequency": 1
    },
    {
      "db": -53,
      "frequency": 0
    },
    {
      "db": -52,
      "frequency": 0
    },
    {
      "db": -51,
      "frequency": 1
    },
    {
      "db": -50,
      "frequency": 0
    },
    {
      "db": -49,
      "frequency": 1
    },
    {
      "db": -48,
      "frequency": 0
    },
    {
      "db": -47,
      "frequency": 2
    },
    {
      "db": -46,
      "frequency": 1
    },
    {
      "db": -45,
      "frequency": 3
    },
    {
      "db": -44,
      "frequency": 0
    },
    {
      "db": -43,
      "frequency": 2
    },
    {
      "db": -42,
      "frequency": 1
    },
    {
      "db": -41,
      "frequency": 3
    },
    {
      "db": -40,
      "frequency": 0
    },
    {
      "db": -39,
      "frequency": 2
    },
    {
      "db": -38,
      "frequency": 1
    },
    {
      "db": -37,
      "frequency": 1
    },
    {
      "db": -36,
      "frequency": 4
    },
    {
      "db": -35,
      "frequency": 4
    },
    {
      "db": -34,
      "frequency": 2
    },
    {
      "db": -33,
      "frequency": 2
    },
    {
      "db": -32,
      "frequency": 3
    },
    {
      "db": -31,
      "frequency": 1
    },
    {
      "db": -30,
      "frequency": 4
    },
    {
      "db": -29,
      "frequency": 6
    },
    {
      "db": -28,
      "frequency": 2
    },
    {
      "db": -27,
      "frequency": 3
    },
    {
      "db": -26,
      "frequency": 7
    },
    {
      "db": -25,
      "frequency": 6
    },
    {
      "db": -24,
      "frequency": 8
    },
    {
      "db": -23,
      "frequency": 12
    },
    {
      "db": -22,
      "frequency": 4
    },
    {
      "db": -21,
      "frequency": 7
    },
    {
      "db": -20,
      "frequency": 3
    },
    {
      "db": -19,
      "frequency": 7
    },
    {
      "db": -18,
      "frequency": 9
    },
    {
      "db": -17,
      "frequency": 9
    },
    {
      "db": -16,
      "frequency": 11
    },
    {
      "db": -15,
      "frequency": 27
    },
    {
      "db": -14,
      "frequency": 38
    },
    {
      "db": -13,
      "frequency": 85
    },
    {
      "db": -12,
      "frequency": 122
    },
    {
      "db": -11,
      "frequency": 206
    },
    {
      "db": -10,
      "frequency": 221
    },
    {
      "db": -9,
      "frequency": 239
    },
    {
      "db": -8,
      "frequency": 204
    },
    {
      "db": -7,
      "frequency": 203
    },
    {
      "db": -6,
      "frequency": 239
    },
    {
      "db": -5,
      "frequency": 176
    },
    {
      "db": -4,
      "frequency": 63
    },
    {
      "db": -3,
      "frequency": 6
    },
    {
      "db": -2,
      "frequency": 0
    },
    {
      "db": -1,
      "frequency": 0
    },
    {
      "db": 0,
      "frequency": 0
    },
    {
      "db": 1,
      "frequency": 0
    },
    {
      "db": 2,
