{
  "acoustic_entropy": 199.29940795898438,
  "bands": [
    {
      "high_freq": 148.1999969482422,
      "loudness": -19.784696578979492,
      "loudness_range": 9.064284324645996,
      "mid_mean": -16.314205169677734,
      "mid_to_side_loudness": -16.489883422851562,
      "mid_to_side_loudness_range": 24.11249542236328,
      "side_mean": -33.78908920288086
    },
    {
      "high_freq": 392.3793640136719,
      "loudness": -19.99710464477539,
      "loudness_range": 10.91118049621582,
      "low_freq": 148.1999969482422,
      "mid_mean": -18.32233428955078,
      "mid_to_side_loudness": -3.6179089546203613,
      "mid_to_side_loudness_range": 13.86301040649414,
      "side_mean": -22.090869903564453
    },
    {
      "high_freq": 794.6976318359375,
      "loudness": -22.980587005615234,
      "loudness_range": 16.036388397216797,
      "low_freq": 392.3793640136719,
      "mid_mean": -20.88277244567871,
      "mid_to_side_loudness": -4.737270832061768,
      "mid_to_side_loudness_range": 10.529767036437988,
      "side_mean": -25.633955001831055
    },
    {
      "high_freq": 1457.5709228515625,
      "loudness": -28.606678009033203,
      "loudness_range": 21.457027435302734,
      "low_freq": 794.6976318359375,
      "mid_mean": -26.588464736938477,
      "mid_to_side_loudness": -4.376583576202393,
      "mid_to_side_loudness_range": 11.11077880859375,
      "side_mean": -31.026288986206055
    },
    {
      "high_freq": 2549.74365234375,
      "loudness": -28.06636619567871,
      "loudness_range": 26.294353485107422,
      "low_freq": 1457.5709228515625,
      "mid_mean": -25.611101150512695,
      "mid_to_side_loudness": -5.71466064453125,
      "mid_to_side_loudness_range": 11.082762718200684,
      "side_mean": -31.52660369873047
    },
    {
      "high_freq": 4349.24462890625,
      "loudness": -28.650632858276367,
      "loudness_range": 23.532997131347656,
      "low_freq": 2549.74365234375,
      "mid_mean": -25.939781188964844,
      "mid_to_side_loudness": -6.85867166519165,
      "mid_to_side_loudness_range": 10.695693969726562,
      "side_mean": -32.98518371582031
    },
    {
      "high_freq": 7314.1640625,
      "loudness": -35.446205139160156,
      "loudness_range": 18.68927574157715,
      "low_freq": 4349.24462890625,
      "mid_mean": -33.298133850097656,
      "mid_to_side_loudness": -5.06000280380249,
      "mid_to_side_loudness_range": 12.038141250610352,
      "side_mean": -38.55842971801758
    },
    {
      "high_freq": 12199.2666015625,
      "loudness": -38.20938491821289,
      "loudness_range": 17.532087326049805,
      "low_freq": 7314.1640625,
      "mid_mean": -36.019657135009766,
      "mid_to_side_loudness": -5.7075886726379395,
      "mid_to_side_loudness_range": 15.31188678741455,
      "side_mean": -42.2399787902832
    },
    {
      "loudness": -45.838356018066406,
      "loudness_range": 17.418392181396484,
      "low_freq": 12199.2666015625,
      "mid_mean": -44.2183952331543,
      "mid_to_side_loudness": -3.2471611499786377,
      "mid_to_side_loudness_range": 8.533536911010742,
      "side_mean": -47.86234664916992
    }
  ],
  "bands_short": [
    {
      "high_freq": 148.1999969482422,
      "loudness": -22.055294036865234,
      "loudness_range": 16.074932098388672,
      "mid_mean": -18.51169776916504,
      "mid_to_side_loudness": -21.40587615966797,
      "mid_to_side_loudness_range": 34.05539321899414,
      "side_mean": -43.03915786743164
    },
    {
      "high_freq": 392.3793640136719,
      "loudness": -19.914289474487305,
      "loudness_range": 13.157634735107422,
      "low_freq": 148.1999969482422,
      "mid_mean": -18.25685691833496,
      "mid_to_side_loudness": -4.671291351318359,
      "mid_to_side_loudness_range": 19.36159896850586,
      "side_mean": -23.15110969543457
    },
    {
      "high_freq": 794.6976318359375,
      "loudness": -23.872011184692383,
      "loudness_range": 19.174659729003906,
      "low_freq": 392.3793640136719,
      "mid_mean": -22.145183563232422,
      "mid_to_side_loudness": -4.1757001876831055,
      "mid_to_side_loudness_range": 14.217134475708008,
      "side_mean": -26.341779708862305
    },
    {
      "high_freq": 1457.5709228515625,
      "loudness": -28.639131546020508,
      "loudness_range": 23.46542739868164,
      "low_freq": 794.6976318359375,
      "mid_mean": -26.633384704589844,
      "mid_to_side_loudness": -4.6704607009887695,
      "mid_to_side_loudness_range": 13.082354545593262,
      "side_mean": -31.422094345092773
    },
    {
      "high_freq": 2549.74365234375,
      "loudness": -28.980737686157227,
      "loudness_range": 28.41097640991211,
      "low_freq": 1457.5709228515625,
      "mid_mean": -26.828683853149414,
      "mid_to_side_loudness": -5.217924118041992,
      "mid_to_side_loudness_range": 14.745896339416504,
      "side_mean": -32.37413024902344
    },
    {
      "high_freq": 4349.24462890625,
      "loudness": -29.565710067749023,
      "loudness_range": 26.295522689819336,
      "low_freq": 2549.74365234375,
      "mid_mean": -27.074268341064453,
      "mid_to_side_loudness": -6.379422664642334,
      "mid_to_side_loudness_range": 14.161596298217773,
      "side_mean": -33.81137466430664
    },
    {
      "high_freq": 7314.1640625,
      "loudness": -37.35813522338867,
      "loudness_range": 21.926429748535156,
      "low_freq": 4349.24462890625,
      "mid_mean": -35.30309295654297,
      "mid_to_side_loudness": -4.717421531677246,
      "mid_to_side_loudness_range": 12.323490142822266,
      "side_mean": -40.61815643310547
    },
    {
      "high_freq": 12199.2666015625,
      "loudness": -41.04041290283203,
      "loudness_range": 23.392736434936523,
      "low_freq": 7314.1640625,
      "mid_mean": -38.969642639160156,
      "mid_to_side_loudness": -6.109673500061035,
      "mid_to_side_loudness_range": 18.102161407470703,
      "side_mean": -46.38983154296875
    },
    {
      "loudness": -50.85918045043945,
      "loudness_range": 28.004520416259766,
      "low_freq": 12199.2666015625,
      "mid_mean": -48.983917236328125,
      "mid_to_side_loudness": -5.355557441711426,
      "mid_to_side_loudness_range": 15.82712459564209,
      "side_mean": -54.83405303955078
    }
  ],
  "bandwidth": 558.3344116210938,
  "channels": 2,
  "covariance": [
    [
      18.192049026489258,
      15.161197662353516,
      8.612421035766602,
      7.649163246154785,
      9.044693946838379,
      8.647835731506348,
      9.711461067199707,
      8.869288444519043,
      6.22011137008667,
      4.90044641494751,
      5.777553558349609,
      5.397883415222168,
      7.782775402069092,
      6.976856231689453,
      6.613367557525635,
      6.896622657775879,
      6.686330795288086,
      6.43001651763916
    ],
    [
      15.161197662353516,
      79.8752670288086,
      11.83482551574707,
      26.138427734375,
      18.20795249938965,
      26.74848747253418,
      31.105972290039062,
      29.28512191772461,
      30.61285972595215,
      34.186058044433594,
      28.236433029174805,
      33.886451721191406,
      16.027637481689453,
      24.968732833862305,
      7.245168685913086,
      19.36760139465332,
      9.675186157226562,
      14.87038803100586
    ],
    [
      8.612421035766602,
      11.83482551574707,
      21.083017349243164,
      15.138824462890625,
      16.393335342407227,
      13.269519805908203,
      16.306791305541992,
      12.163183212280273,
      13.993578910827637,
      10.07223129272461,
      13.45599365234375,
      11.563626289367676,
      9.92163372039795,
      9.437956809997559,
      9.746853828430176,
      8.427970886230469,
      7.75343132019043,
      6.866106033325195
    ],
    [
      7.649163246154785,
      26.138427734375,
      15.138824462890625,
      33.018733978271484,
      16.756540298461914,
      21.570987701416016,
      21.549938201904297,
      23.204927444458008,
      19.696331024169922,
      21.718528747558594,
      18.17780876159668,
      20.660186767578125,
      10.390382766723633,
      16.112041473388672,
      7.728190898895264,
      15.772656440734863,
      10.555550575256348,
      15.116020202636719
    ],
    [
      9.044693946838379,
      18.20795249938965,
      16.393335342407227,
      16.756540298461914,
      35.307945251464844,
      28.003454208374023,
      34.49912643432617,
      26.641685485839844,
      31.017309188842773,
      23.05978775024414,
      26.715560913085938,
      22.219913482666016,
      14.710893630981445,
      15.429171562194824,
      13.864623069763184,
      13.46129322052002,
      11.686482429504395,
      10.581724166870117
    ],
    [
      8.647835731506348,
      26.74848747253418,
      13.269519805908203,
      21.570987701416016,
      28.003454208374023,
      36.56291198730469,
      33.55474853515625,
      32.04716110229492,
      29.752647399902344,
      31.357961654663086,
      27.969093322753906,
      30.89952850341797,
      15.259981155395508,
      21.295555114746094,
      11.16351318359375,
      17.869232177734375,
      10.936739921569824,
      12.897506713867188
    ],
    [
      9.711461067199707,
      31.105972290039062,
      16.306791305541992,
      21.549938201904297,
      34.49912643432617,
      33.55474853515625,
      60.95283508300781,
      44.274864196777344,
      51.917694091796875,
      46.51160430908203,
      43.390933990478516,
      40.161067962646484,
      16.41879653930664,
      23.422569274902344,
      10.85290813446045,
      19.38399887084961,
      12.232832908630371,
      15.062432289123535
    ],
    [
      8.869288444519043,
      29.28512191772461,
      12.163183212280273,
      23.204927444458008,
      26.641685485839844,
      32.04716110229492,
      44.274864196777344,
      44.07067108154297,
      39.55867385864258,
      42.60262680053711,
      35.36943435668945,
      38.397457122802734,
      15.447670936584473,
      24.85304069519043,
      8.122936248779297,
      21.54595947265625,
      12.111618995666504,
      17.399194717407227
    ],
    [
      6.22011137008667,
      30.61285972595215,
      13.993578910827637,
      19.696331024169922,
      31.017309188842773,
      29.752647399902344,
      51.917694091796875,
      39.55867385864258,
      87.5194320678711,
      79.08233642578125,
      70.98546600341797,
      62.79892349243164,
      18.791189193725586,
      27.213586807250977,
      6.416450023651123,
      20.716856002807617,
      8.740391731262207,
      14.684679985046387
    ],
    [
      4.90044641494751,
      34.186058044433594,
      10.07223129272461,
      21.718528747558594,
      23.05978775024414,
      31.357961654663086,
      46.51160430908203,
      42.60262680053711,
      79.08233642578125,
      87.58403015136719,
      67.0874252319336,
      69.84430694580078,
      17.488977432250977,
      31.362289428710938,
      1.0697720050811768,
      24.140222549438477,
      7.292522430419922,
      16.90873146057129
    ],
    [
      5.777553558349609,
      28.236433029174805,
      13.45599365234375,
      18.17780876159668,
      26.715560913085938,
      27.969093322753906,
      43.390933990478516,
      35.36943435668945,
      70.98546600341797,
      67.0874252319336,
      69.41474914550781,
      60.06787109375,
      23.105972290039062,
      28.18306541442871,
      10.678648948669434,
      20.972370147705078,
      10.394287109375,
      14.029129981994629
    ],
    [
      5.397883415222168,
      33.886451721191406,
      11.563626289367676,
      20.660186767578125,
      22.219913482666016,
      30.89952850341797,
      40.161067962646484,
      38.397457122802734,
      62.79892349243164,
      69.84430694580078,
      60.06787109375,
      66.55252838134766,
      20.769243240356445,
      34.40945053100586,
      5.445428848266602,
      26.27545928955078,
      10.352018356323242,
      17.977210998535156
    ],
    [
      7.782775402069092,
      16.027637481689453,
      9.92163372039795,
      10.390382766723633,
      14.710893630981445,
      15.259981155395508,
      16.41879653930664,
      15.447670936584473,
      18.791189193725586,
      17.488977432250977,
      23.105972290039062,
      20.769243240356445,
      45.85123825073242,
      29.133092880249023,
      35.152259826660156,
      24.034870147705078,
      27.207305908203125,
      19.414749145507812
    ],
    [
      6.976856231689453,
      24.968732833862305,
      9.437956809997559,
      16.112041473388672,
      15.429171562194824,
      21.295555114746094,
      23.422569274902344,
      24.85304069519043,
      27.213586807250977,
      31.362289428710938,
      28.18306541442871,
      34.40945053100586,
      29.133092880249023,
      37.86573791503906,
      18.471696853637695,
      34.03422546386719,
      24.428098678588867,
      30.830944061279297
    ],
    [
      6.613367557525635,
      7.245168685913086,
      9.746853828430176,
      7.728190898895264,
      13.864623069763184,
      11.16351318359375,
      10.85290813446045,
      8.122936248779297,
      6.416450023651123,
      1.0697720050811768,
      10.678648948669434,
      5.445428848266602,
      35.152259826660156,
      18.471696853637695,
      42.50326156616211,
      19.619474411010742,
      30.01641845703125,
      18.014183044433594
    ],
    [
      6.896622657775879,
      19.36760139465332,
      8.427970886230469,
      15.772656440734863,
      13.46129322052002,
      17.869232177734375,
      19.38399887084961,
      21.54595947265625,
      20.716856002807617,
      24.140222549438477,
      20.972370147705078,
      26.27545928955078,
      24.034870147705078,
      34.03422546386719,
      19.619474411010742,
      39.70913314819336,
      30.847488403320312,
      42.75407791137695
    ],
    [
      6.686330795288086,
      9.675186157226562,
      7.75343132019043,
      10.555550575256348,
      11.686482429504395,
      10.936739921569824,
      12.232832908630371,
      12.111618995666504,
      8.740391731262207,
      7.292522430419922,
      10.394287109375,
      10.352018356323242,
      27.207305908203125,
      24.428098678588867,
      30.01641845703125,
      30.847488403320312,
      40.36014938354492,
      40.0346565246582
    ],
    [
      6.43001651763916,
      14.87038803100586,
      6.866106033325195,
      15.116020202636719,
      10.581724166870117,
      12.897506713867188,
      15.062432289123535,
      17.399194717407227,
      14.684679985046387,
      16.90873146057129,
      14.029129981994629,
      17.977210998535156,
      19.414749145507812,
      30.830944061279297,
      18.014183044433594,
      42.75407791137695,
      40.0346565246582,
      62.349449157714844
    ]
  ],
  "covariance_short": [
    [
      45.35868835449219,
      11.454394340515137,
      12.763233184814453,
      7.100996971130371,
      7.324563503265381,
      6.343037128448486,
      6.951168060302734,
      7.273327350616455,
      1.8399571180343628,
      1.3739618062973022,
      1.6561802625656128,
      2.6941518783569336,
      6.105368137359619,
      5.665359020233154,
      4.8082733154296875,
      5.579286098480225,
      6.98983097076416,
      4.288593769073486
    ],
    [
      11.454394340515137,
      95.94759368896484,
      18.217422485351562,
      39.560829162597656,
      24.851587295532227,
      36.106300354003906,
      37.626041412353516,
      38.10984420776367,
      34.809391021728516,
      41.21792221069336,
      35.253082275390625,
      46.145965576171875,
      24.10303497314453,
      37.491790771484375,
      14.46337890625,
      32.669891357421875,
      18.685102462768555,
      28.60009002685547
    ],
    [
      12.763233184814453,
      18.217422485351562,
      31.19610023498535,
      18.00275993347168,
      20.24827003479004,
      15.564892768859863,
      18.36581802368164,
      13.908919334411621,
      16.100988388061523,
      12.501808166503906,
      15.107685089111328,
      14.522621154785156,
      10.423888206481934,
      12.063563346862793,
      12.727210998535156,
      13.630704879760742,
      12.884834289550781,
      13.470462799072266
    ],
    [
      7.100996971130371,
      39.560829162597656,
      18.00275993347168,
      53.231693267822266,
      24.58036231994629,
      34.547603607177734,
      29.54530906677246,
      32.16309356689453,
      23.48444366455078,
      27.880224227905273,
      22.736352920532227,
      28.63127899169922,
      15.589269638061523,
      23.690101623535156,
      12.401963233947754,
      23.01299285888672,
      16.27419090270996,
      22.150522232055664
    ],
    [
      7.324563503265381,
      24.851587295532227,
      20.24827003479004,
      24.58036231994629,
      48.61451721191406,
      35.69102096557617,
      42.4041748046875,
      33.14211654663086,
      37.648292541503906,
      28.90740394592285,
      33.98204803466797,
      29.72406578063965,
      19.85068702697754,
      21.798444747924805,
      21.295738220214844,
      21.883785247802734,
      21.505353927612305,
      19.713380813598633
    ],
    [
      6.343037128448486,
      36.106300354003906,
      15.564892768859863,
      34.547603607177734,
      35.69102096557617,
      52.72647476196289,
      38.558433532714844,
      40.61225509643555,
      31.88606834411621,
      36.91060256958008,
      31.43034553527832,
      37.82893753051758,
      21.125064849853516,
      29.16727066040039,
      17.252212524414062,
      27.805803298950195,
      19.409887313842773,
      24.535425186157227
    ],
    [
      6.951168060302734,
      37.626041412353516,
      18.36581802368164,
      29.54530906677246,
      42.4041748046875,
      38.558433532714844,
      69.67008209228516,
      49.5767936706543,
      57.16328811645508,
      49.849491119384766,
      50.02482223510742,
      44.92326736450195,
      25.473047256469727,
      30.669435501098633,
      21.26434898376465,
      28.97128677368164,
      22.329580307006836,
      25.121196746826172
    ],
    [
      7.273327350616455,
      38.10984420776367,
      13.908919334411621,
      32.16309356689453,
      33.14211654663086,
      40.61225509643555,
      49.5767936706543,
      55.00265884399414,
      42.256832122802734,
      47.87305450439453,
      39.42780303955078,
      44.58386993408203,
      22.203298568725586,
      32.49938201904297,
      14.888836860656738,
      30.464006423950195,
      20.14068603515625,
      27.09552001953125
    ],
    [
      1.8399571180343628,
      34.809391021728516,
      16.100988388061523,
      23.48444366455078,
      37.648292541503906,
      31.88606834411621,
      57.16328811645508,
      42.256832122802734,
      100.73680877685547,
      82.22106170654297,
      81.90644836425781,
      68.69564819335938,
      32.81743621826172,
      37.96467590332031,
      19.126827239990234,
      34.23981857299805,
      19.341169357299805,
      29.40801239013672
    ],
    [
      1.3739618062973022,
      41.21792221069336,
      12.501808166503906,
      27.880224227905273,
      28.90740394592285,
      36.91060256958008,
      49.849491119384766,
      47.87305450439453,
      82.22106170654297,
      96.5969009399414,
      72.31449127197266,
      77.92369842529297,
      29.923200607299805,
      44.66280746459961,
      9.690591812133789,
      39.54956817626953,
      15.862198829650879,
      35.25336837768555
    ],
    [
      1.6561802625656128,
      35.253082275390625,
      15.107685089111328,
      22.736352920532227,
      33.98204803466797,
      31.43034553527832,
      50.02482223510742,
      39.42780303955078,
      81.90644836425781,
      72.31449127197266,
      86.41951751708984,
      68.01768493652344,
      39.62947082519531,
      41.44822311401367,
      26.409194946289062,
      37.00040054321289,
      24.9841251373291,
      30.971424102783203
    ],
    [
      2.6941518783569336,
      46.145965576171875,
      14.522621154785156,
      28.63127899169922,
      29.72406578063965,
      37.82893753051758,
      44.92326736450195,
      44.58386993408203,
      68.69564819335938,
      77.92369842529297,
      68.01768493652344,
      81.05235290527344,
      34.23854064941406,
      51.6895637512207,
      16.427637100219727,
      46.66685104370117,
      23.463695526123047,
      41.754859924316406
    ],
    [
      6.105368137359619,
      24.10303497314453,
      10.423888206481934,
      15.589269638061523,
      19.85068702697754,
      21.125064849853516,
      25.473047256469727,
      22.203298568725586,
      32.81743621826172,
      29.923200607299805,
      39.62947082519531,
      34.23854064941406,
      61.6839485168457,
      46.12466812133789,
      53.05846405029297,
      46.98799514770508,
      51.12812042236328,
      43.012725830078125
    ],
    [
      5.665359020233154,
      37.491790771484375,
      12.063563346862793,
      23.690101623535156,
      21.798444747924805,
      29.16727066040039,
      30.669435501098633,
      32.49938201904297,
      37.96467590332031,
      44.66280746459961,
      41.44822311401367,
      51.6895637512207,
      46.12466812133789,
      67.7132339477539,
      34.88053894042969,
      67.03160858154297,
      46.991188049316406,
      65.37670135498047
    ],
    [
      4.8082733154296875,
      14.46337890625,
      12.727210998535156,
      12.401963233947754,
      21.295738220214844,
      17.252212524414062,
      21.26434898376465,
      14.888836860656738,
      19.126827239990234,
      9.690591812133789,
      26.409194946289062,
      16.427637100219727,
      53.05846405029297,
      34.88053894042969,
      73.24800109863281,
      45.75462341308594,
      62.86434555053711,
      45.14857864379883
    ],
    [
      5.579286098480225,
      32.669891357421875,
      13.630704879760742,
      23.01299285888672,
      21.883785247802734,
      27.805803298950195,
      28.97128677368164,
      30.464006423950195,
      34.23981857299805,
      39.54956817626953,
      37.00040054321289,
      46.66685104370117,
      46.98799514770508,
      67.03160858154297,
      45.75462341308594,
      86.1831283569336,
      65.68927001953125,
      89.6011962890625
    ],
    [
      6.98983097076416,
      18.685102462768555,
      12.884834289550781,
      16.27419090270996,
      21.505353927612305,
      19.409887313842773,
      22.329580307006836,
      20.14068603515625,
      19.341169357299805,
      15.862198829650879,
      24.9841251373291,
      23.463695526123047,
      51.12812042236328,
      46.991188049316406,
      62.86434555053711,
      65.68927001953125,
      83.89706420898438,
      77.91448211669922
    ],
    [
      4.288593769073486,
      28.60009002685547,
      13.470462799072266,
      22.150522232055664,
      19.713380813598633,
      24.535425186157227,
      25.121196746826172,
      27.09552001953125,
      29.40801239013672,
      35.25336837768555,
      30.971424102783203,
      41.754859924316406,
      43.012725830078125,
      65.37670135498047,
      45.14857864379883,
      89.6011962890625,
      77.91448211669922,
      115.99549102783203
    ]
  ],
  "damage": -5.133453369140625,
  "diff_bandwidth": 654.6893310546875,
  "dissonance": 7.35210021944555,
  "drr": 14.719579696655273,
  "dynamics": 3.3964576721191406,
  "format": 65538,
  "frames": 8723196,
  "freq_pan_to_db": [
    [
      -28.933332443237305,
      -27.918106079101562,
      -20.930843353271484,
      -15.506725311279297,
      -13.468594551086426,
      -13.528162002563477,
      -15.475691795349121,
      -18.89176368713379,
      -22.10909080505371,
      -29.117172241210938,
      -33.19344711303711
    ],
    [
      -15.695585250854492,
      -15.54731559753418,
      -13.581968307495117,
      -11.702414512634277,
      -8.739911079406738,
      -7.2920122146606445,
      -9.311690330505371,
      -12.181428909301758,
      -15.336180686950684,
      -16.551334381103516,
      -17.98627281188965
    ],
    [
      -11.207104682922363,
      -11.109911918640137,
      -10.807843208312988,
      -10.474245071411133,
      -10.514025688171387,
      -10.000833511352539,
      -10.059850692749023,
      -10.762359619140625,
      -11.17258071899414,
      -11.918750762939453,
      -11.392568588256836
    ],
    [
      -13.89919662475586,
      -12.330435752868652,
      -12.863412857055664,
      -12.968713760375977,
      -13.479782104492188,
      -13.560863494873047,
      -13.700261116027832,
      -13.877485275268555,
      -14.235762596130371,
      -13.935929298400879,
      -13.59752368927002
    ],
    [
      -13.951171875,
      -13.74168586730957,
      -13.934663772583008,
      -14.091781616210938,
      -14.800235748291016,
      -15.020105361938477,
      -14.564801216125488,
      -14.013827323913574,
      -13.936335563659668,
      -14.04257583618164,
      -14.03955078125
    ],
    [
      -13.60899543762207,
      -13.25046443939209,
      -12.829452514648438,
      -12.59343147277832,
      -12.375903129577637,
      -12.344050407409668,
      -12.496644020080566,
      -12.698281288146973,
      -13.634509086608887,
      -14.094400405883789,
      -14.606277465820312
    ],
    [
      -14.455074310302734,
      -14.06126594543457,
      -13.077479362487793,
      -12.225632667541504,
      -12.312625885009766,
      -12.538986206054688,
      -12.728682518005371,
      -13.01615047454834,
      -13.395354270935059,
      -14.474554061889648,
      -15.30007266998291
    ],
    [
      -15.262758255004883,
      -15.277435302734375,
      -14.895332336425781,
      -14.369597434997559,
      -12.871720314025879,
      -11.895203590393066,
      -12.858078002929688,
      -14.244956016540527,
      -15.21592903137207,
      -14.806156158447266,
      -13.647245407104492
    ],
    [
      -17.14753532409668,
      -16.087018966674805,
      -15.837078094482422,
      -14.603025436401367,
      -13.477300643920898,
      -13.220694541931152,
      -14.187043190002441,
      -15.7022123336792,
      -16.375350952148438,
      -16.407958984375,
      -15.146653175354004
    ],
    [
      -15.337067604064941,
      -14.226686477661133,
      -15.85564136505127,
      -14.697118759155273,
      -14.313465118408203,
      -13.737503051757812,
      -14.011507034301758,
      -14.741902351379395,
      -14.891446113586426,
      -15.350476264953613,
      -14.204442024230957
    ],
    [
      -15.043865203857422,
      -15.233406066894531,
      -16.773677825927734,
      -16.884990692138672,
      -16.13461685180664,
      -14.492716789245605,
      -14.946917533874512,
      -16.087261199951172,
      -16.1353816986084,
      -16.2691593170166,
      -15.618091583251953
    ],
    [
      -16.74852180480957,
      -19.368255615234375,
      -19.59950065612793,
      -18.17892074584961,
      -17.128828048706055,
      -15.674310684204102,
      -17.93128204345703,
      -19.455081939697266,
      -19.113269805908203,
      -18.685955047607422,
      -18.45916175842285
    ],
    [
      -20.024227142333984,
      -21.491483688354492,
      -21.94506072998047,
      -19.537246704101562,
      -17.77760124206543,
      -15.964815139770508,
      -18.77992057800293,
      -19.943906784057617,
      -20.693391799926758,
      -21.91969108581543,
      -21.831018447875977
    ],
    [
      -18.560230255126953,
      -21.08264923095703,
      -21.162168502807617,
      -18.45987319946289,
      -16.252033233642578,
      -15.754964828491211,
      -19.248191833496094,
      -21.160444259643555,
      -22.444116592407227,
      -20.043535232543945,
      -20.00419044494629
    ],
    [
      -17.428447723388672,
      -20.07744598388672,
      -21.527843475341797,
      -21.432912826538086,
      -20.44784164428711,
      -16.48065757751465,
      -19.099458694458008,
      -23.22649574279785,
      -23.203289031982422,
      -22.944400787353516,
      -21.036439895629883
    ],
    [
      -20.168136596679688,
      -22.39670753479004,
      -23.533977508544922,
      -24.029552459716797,
      -20.838699340820312,
      -17.550621032714844,
      -20.002704620361328,
      -22.98566436767578,
      -23.41082000732422,
      -23.20412254333496,
      -22.544818878173828
    ],
    [
      -20.99334716796875,
      -22.857280731201172,
      -26.159910202026367,
      -24.836402893066406,
      -21.622514724731445,
      -20.603506088256836,
      -23.964385986328125,
      -25.25153350830078,
      -23.507511138916016,
      -22.00057601928711,
      -21.00609588623047
    ],
    [
      -21.026920318603516,
      -21.439456939697266,
      -24.50591468811035,
      -26.214319229125977,
      -24.249195098876953,
      -20.90166473388672,
      -24.355070114135742,
      -25.299909591674805,
      -23.84751319885254,
      -22.22700309753418,
      -20.92814064025879
    ],
    [
      -22.926136016845703,
      -23.228763580322266,
      -24.616823196411133,
      -27.23796844482422,
      -23.573701858520508,
      -21.459135055541992,
      -24.861858367919922,
      -25.236408233642578,
      -22.386131286621094,
      -23.96953010559082,
      -23.96990966796875
    ],
    [
      -18.72102165222168,
      -20.56827735900879,
      -21.191661834716797,
      -21.69384765625,
      -20.578725814819336,
      -20.639827728271484,
      -21.659637451171875,
      -20.88030242919922,
      -21.53554916381836,
      -22.08737564086914,
      -24.72161102294922
    ],
    [
      -19.063282012939453,
      -20.2122745513916,
      -19.00416374206543,
      -20.465919494628906,
      -20.808237075805664,
      -21.423994064331055,
      -19.930383682250977,
      -20.654495239257812,
      -20.950056076049805,
      -20.53687286376953,
      -19.05487823486328
    ],
    [
      -17.269784927368164,
      -20.840229034423828,
      -21.557458877563477,
      -20.914592742919922,
      -21.192405700683594,
      -22.66998863220215,
      -21.092836380004883,
      -21.037607192993164,
      -21.71672248840332,
      -20.471485137939453,
      -15.564420700073242
    ],
    [
      -17.32770538330078,
      -20.508365631103516,
      -21.751462936401367,
      -22.82076644897461,
      -20.637231826782227,
      -21.809782028198242,
      -21.36662483215332,
      -22.870107650756836,
      -21.28960609436035,
      -21.264514923095703,
      -15.279356002807617
    ],
    [
      -18.357784271240234,
      -22.15164566040039,
      -23.013158798217773,
      -23.108936309814453,
      -22.838720321655273,
      -22.234310150146484,
      -22.51542091369629,
      -23.946184158325195,
      -24.1704158782959,
      -23.293825149536133,
      -22.671451568603516
    ],
    [
      -30.471858978271484,
      -28.040573120117188,
      -26.750591278076172,
      -25.0723876953125,
      -23.114835739135742,
      -22.147382736206055,
      -22.683391571044922,
      -24.630268096923828,
      -26.674375534057617,
      -28.927724838256836,
      -27.615549087524414
    ],
    [
      -20.300657272338867,
      -29.22359275817871,
      -29.11134910583496,
      -28.388442993164062,
      -27.084880828857422,
      -26.241195678710938,
      -26.325014114379883,
      -27.452594757080078,
      -29.250015258789062,
      -29.904111862182617,
      -35.74662399291992
    ],
    [
      -25.38637351989746,
      -27.653486251831055,
      -27.493696212768555,
      -28.355541229248047,
      -27.510650634765625,
      -26.606616973876953,
      -26.32611656188965,
      -27.919368743896484,
      -27.59782600402832,
      -26.741525650024414,
      -23.629562377929688
    ],
    [
      -32.14162063598633,
      -32.31128692626953,
      -32.31047821044922,
      -31.404272079467773,
      -30.521465301513672,
      -29.357324600219727,
      -30.45954132080078,
      -31.572492599487305,
      -31.950458526611328,
      -31.403261184692383,
      -35.86949157714844
    ],
    [
      -34.306636810302734,
      -34.4890022277832,
      -35.26099395751953,
      -35.54390335083008,
      -35.26879119873047,
      -32.70782470703125,
      -35.31133270263672,
      -35.30779266357422,
      -35.13143539428711,
      -36.434165954589844,
      -38.75080871582031
    ],
    [
      -51.43754196166992,
      -36.949012756347656,
      -36.78046798706055,
      -36.70219421386719,
      -36.76437759399414,
      -30.665529251098633,
      -36.498023986816406,
      -36.77618408203125,
      -36.89436340332031,
      -37.11603546142578,
      -42.52602005004883
    ],
    [
      -45.050376892089844,
      -35.380332946777344,
      -36.81406021118164,
      -37.825992584228516,
      -37.674766540527344,
      -30.121150970458984,
      -38.05507278442383,
      -37.62385559082031,
      -37.759071350097656,
      -36.68347930908203,
      -46.1567268371582
    ],
    [
      -41.156436920166016,
      -37.17367935180664,
      -37.622615814208984,
      -38.6715087890625,
      -38.94013595581055,
      -32.69843292236328,
      -39.215118408203125,
      -39.31194305419922,
      -39.00543975830078,
      -36.22953796386719,
      -32.85784912109375
    ],
    [
      -46.29193115234375,
      -41.60857391357422,
      -38.12671661376953,
      -39.191070556640625,
      -39.94352722167969,
      -34.5464973449707,
      -40.0045280456543,
      -40.010921478271484,
      -40.1998291015625,
      -43.82518768310547,
      -55.118125915527344
    ],
    [
      -52.60527420043945,
      -38.71088790893555,
      -38.115379333496094,
      -39.005794525146484,
      -39.223060607910156,
      -34.79597473144531,
      -40.289146423339844,
      -40.81792449951172,
      -40.47653579711914,
      -51.42255783081055,
      -40.789302825927734
    ],
    [
      -123.19528198242188,
      -35.6656494140625,
      -37.998756408691406,
      -39.71928787231445,
      -39.69349670410156,
      -33.48883819580078,
      -39.13722229003906,
      -39.50393295288086,
      -40.56825637817383,
      -37.975990295410156,
      -36.64799118041992
    ],
    [
      -123.34996795654297,
      -33.632816314697266,
      -36.78205490112305,
      -41.776676177978516,
      -43.016990661621094,
      -36.09170150756836,
      -39.73513412475586,
      -38.6306037902832,
      -37.99070358276367,
      -35.71620178222656,
      -370
    ],
    [
      -33.96630096435547,
      -35.04252243041992,
      -38.41550827026367,
      -42.02433395385742,
      -43.5660285949707,
      -39.99835968017578,
      -41.86743927001953,
      -41.032894134521484,
      -41.184444427490234,
      -41.29928970336914,
      -61.4023551940918
    ],
    [
      -34.08942413330078,
      -32.945796966552734,
      -39.56196594238281,
      -43.55810546875,
      -44.617881774902344,
      -43.05543899536133,
      -43.07126235961914,
      -43.06855010986328,
      -43.45159149169922,
      -44.4079475402832,
      -370
    ],
    [
      -34.44999313354492,
      -34.97256851196289,
      -40.561317443847656,
      -45.77213668823242,
      -45.16851043701172,
      -44.83057403564453,
      -43.10694885253906,
      -42.3206787109375,
      -43.38311004638672,
      -42.88461685180664,
      -370
    ],
    [
      -38.09805679321289,
      -37.825008392333984,
      -41.00300979614258,
      -46.495113372802734,
      -47.46691131591797,
      -47.51926803588867,
      -43.31013488769531,
      -41.64052963256836,
      -41.206336975097656,
      -40.80682373046875,
      -370
    ],
    [
      -127.34331512451172,
      -37.08653259277344,
      -41.814510345458984,
      -46.348411560058594,
      -49.511070251464844,
      -50.93296813964844,
      -45.48112869262695,
      -43.901161193847656,
      -43.06719207763672,
      -45.41130447387695,
      -41.246273040771484
    ],
    [
      -130.34454345703125,
      -41.91188430786133,
      -42.242950439453125,
      -47.61989974975586,
      -52.306087493896484,
      -54.015628814697266,
      -48.232662200927734,
      -43.6157112121582,
      -41.78171920776367,
      -44.54587936401367,
      -48.949493408203125
    ]
  ],
  "histogram": [
    {
      "db": -70,
      "frequency": 0
    },
    {
      "db": -69,
      "frequency": 0
    },
    {
      "db": -68,
      "frequency": 1
    },
    {
      "db": -67,
      "frequency": 0
    },
    {
      "db": -66,
      "frequency": 1
    },
    {
      "db": -65,
      "frequency": 0
    },
    {
      "db": -64,
      "frequency": 1
    },
    {
      "db": -63,
      "frequency": 1
    },
    {
      "db": -62,
      "frequency": 0
    },
    {
      "db": -61,
      "frequency": 0
    },
    {
      "db": -60,
      "frequency": 1
    },
    {
      "db": -59,
      "frequency": 0
    },
    {
      "db": -58,
      "frequency": 1
    },
    {
      "db": -57,
      "frequency": 1
    },
    {
      "db": -56,
      "frequency": 1
    },
    {
      "db": -55,
      "frequency": 1
    },
    {
      "db": -54,
      "frequency": 2
    },
    {
      "db": -53,
      "frequency": 1
    },
    {
      "db": -52,
      "frequency": 1
    },
    {
      "db": -51,
      "frequency": 0
    },
    {
      "db": -50,
      "frequency": 1
    },
    {
      "db": -49,
      "frequency": 2
    },
    {
      "db": -48,
      "frequency": 1
    },
    {
      "db": -47,
      "frequency": 2
    },
    {
      "db": -46,
      "frequency": 1
    },
    {
      "db": -45,
      "frequency": 0
    },
    {
      "db": -44,
      "frequency": 1
    },
    {
      "db": -43,
      "frequency": 3
    },
    {
      "db": -42,
      "frequency": 3
    },
    {
      "db": -41,
      "frequency": 2
    },
    {
      "db": -40,
      "frequency": 2
    },
    {
      "db": -39,
      "frequency": 1
    },
    {
      "db": -38,
      "frequency": 3
    },
    {
      "db": -37,
      "frequency": 2
    },
    {
      "db": -36,
      "frequency": 1
    },
    {
      "db": -35,
      "frequency": 6
    },
    {
      "db": -34,
      "frequency": 3
    },
    {
      "db": -33,
      "frequency": 1
    },
    {
      "db": -32,
      "frequency": 2
    },
    {
      "db": -31,
      "frequency": 6
    },
    {
      "db": -30,
      "frequency": 3
    },
    {
      "db": -29,
      "frequency": 6
    },
    {
      "db": -28,
      "frequency": 7
    },
    {
      "db": -27,
      "frequency": 8
    },
    {
      "db": -26,
      "frequency": 7
    },
    {
      "db": -25,
      "frequency": 4
    },
    {
      "db": -24,
      "frequency": 6
    },
    {
      "db": -23,
      "frequency": 3
    },
    {
      "db": -22,
      "frequency": 6
    },
    {
      "db": -21,
      "frequency": 4
    },
    {
      "db": -20,
      "frequency": 12
    },
    {
      "db": -19,
      "frequency": 4
    },
    {
      "db": -18,
      "frequency": 20
    },
    {
      "db": -17,
      "frequency": 29
    },
    {
      "db": -16,
      "frequency": 40
    },
    {
      "db": -15,
      "frequency": 66
    },
    {
      "db": -14,
      "frequency": 130
    },
    {
      "db": -13,
      "frequency": 201
    },
    {
      "db": -12,
      "frequency": 230
    },
    {
      "db": -11,
      "frequency": 232
    },
    {
      "db": -10,
      "frequency": 183
    },
    {
      "db": -9,
      "frequency": 144
    },
    {
      "db": -8,
      "frequency": 207
    },
    {
      "db": -7,
      "frequency": 211
    },
    {
      "db": -6,
      "frequency": 103
    },
    {
      "db": -5,
      "frequency": 41
    },
    {
      "db": -4,
      "frequency": 1
    },
    {
      "db": -3,
      "frequency": 0
    },
    {
      "db": -2,
      "frequency": 0
    },
    {
      "db": -1,
      "frequency": 0
    },
    {
      "db": 0,
      "frequency": 0
    },
    {
      "db": 1,
      "frequency": 0
    },
    {
      "db": 2,
      "frequency": 0
    },
    {
      "db": 3,
      "frequency": 0
    },
    {
      "db": 4,
