{
  "acoustic_entropy": 209.30641174316406,
  "bands": [
    {
      "high_freq": 148.1999969482422,
      "loudness": -20.08296775817871,
      "loudness_range": 8.849796295166016,
      "mid_mean": -16.477092742919922,
      "mid_to_side_loudness": -22.739299774169922,
      "mid_to_side_loudness_range": 23.45980453491211,
      "side_mean": -40.12900161743164
    },
    {
      "high_freq": 392.3793640136719,
      "loudness": -21.157058715820312,
      "loudness_range": 11.074178695678711,
      "low_freq": 148.1999969482422,
      "mid_mean": -18.19756317138672,
      "mid_to_side_loudness": -8.879809379577637,
      "mid_to_side_loudness_range": 13.226395606994629,
      "side_mean": -27.222211837768555
    },
    {
      "high_freq": 794.6976318359375,
      "loudness": -22.794780731201172,
      "loudness_range": 15.666970252990723,
      "low_freq": 392.3793640136719,
      "mid_mean": -19.936086654663086,
      "mid_to_side_loudness": -7.991661548614502,
      "mid_to_side_loudness_range": 10.488314628601074,
      "side_mean": -27.938045501708984
    },
    {
      "high_freq": 1457.5709228515625,
      "loudness": -26.444059371948242,
      "loudness_range": 20.07435417175293,
      "low_freq": 794.6976318359375,
      "mid_mean": -23.835126876831055,
      "mid_to_side_loudness": -6.610263347625732,
      "mid_to_side_loudness_range": 10.986593246459961,
      "side_mean": -30.478187561035156
    },
    {
      "high_freq": 2549.74365234375,
      "loudness": -26.1818904876709,
      "loudness_range": 22.501567840576172,
      "low_freq": 1457.5709228515625,
      "mid_mean": -23.493167877197266,
      "mid_to_side_loudness": -6.773853302001953,
      "mid_to_side_loudness_range": 10.874208450317383,
      "side_mean": -30.393125534057617
    },
    {
      "high_freq": 4349.24462890625,
      "loudness": -28.759967803955078,
      "loudness_range": 20.958385467529297,
      "low_freq": 2549.74365234375,
      "mid_mean": -26.155094146728516,
      "mid_to_side_loudness": -6.25113582611084,
      "mid_to_side_loudness_range": 9.583484649658203,
      "side_mean": -32.482994079589844
    },
    {
      "high_freq": 7314.1640625,
      "loudness": -31.41668701171875,
      "loudness_range": 18.488929748535156,
      "low_freq": 4349.24462890625,
      "mid_mean": -29.10621452331543,
      "mid_to_side_loudness": -5.36618185043335,
      "mid_to_side_loudness_range": 11.029376029968262,
      "side_mean": -34.60216522216797
    },
    {
      "high_freq": 12199.2666015625,
      "loudness": -32.20744323730469,
      "loudness_range": 16.633333206176758,
      "low_freq": 7314.1640625,
      "mid_mean": -29.817493438720703,
      "mid_to_side_loudness": -5.713775157928467,
      "mid_to_side_loudness_range": 11.268017768859863,
      "side_mean": -35.882232666015625
    },
    {
      "loudness": -40.27935028076172,
      "loudness_range": 16.34786605834961,
      "low_freq": 12199.2666015625,
      "mid_mean": -38.16279602050781,
      "mid_to_side_loudness": -4.362244606018066,
      "mid_to_side_loudness_range": 8.02573013305664,
      "side_mean": -42.74591827392578
    }
  ],
  "bands_short": [
    {
      "high_freq": 148.1999969482422,
      "loudness": -22.305082321166992,
      "loudness_range": 16.323070526123047,
      "mid_mean": -18.665027618408203,
      "mid_to_side_loudness": -27.819137573242188,
      "mid_to_side_loudness_range": 33.78252410888672,
      "side_mean": -50.0401496887207
    },
    {
      "high_freq": 392.3793640136719,
      "loudness": -21.12930679321289,
      "loudness_range": 13.648215293884277,
      "low_freq": 148.1999969482422,
      "mid_mean": -18.244647979736328,
      "mid_to_side_loudness": -10.097399711608887,
      "mid_to_side_loudness_range": 18.5712890625,
      "side_mean": -28.481462478637695
    },
    {
      "high_freq": 794.6976318359375,
      "loudness": -23.941444396972656,
      "loudness_range": 19.042495727539062,
      "low_freq": 392.3793640136719,
      "mid_mean": -21.288389205932617,
      "mid_to_side_loudness": -7.592407703399658,
      "mid_to_side_loudness_range": 13.989420890808105,
      "side_mean": -28.92216682434082
    },
    {
      "high_freq": 1457.5709228515625,
      "loudness": -26.57917022705078,
      "loudness_range": 22.239269256591797,
      "low_freq": 794.6976318359375,
      "mid_mean": -24.01315689086914,
      "mid_to_side_loudness": -6.914150714874268,
      "mid_to_side_loudness_range": 13.260120391845703,
      "side_mean": -31.013879776000977
    },
    {
      "high_freq": 2549.74365234375,
      "loudness": -27.110288619995117,
      "loudness_range": 24.739477157592773,
      "low_freq": 1457.5709228515625,
      "mid_mean": -24.69610595703125,
      "mid_to_side_loudness": -6.363198280334473,
      "mid_to_side_loudness_range": 14.583284378051758,
      "side_mean": -31.32659149169922
    },
    {
      "high_freq": 4349.24462890625,
      "loudness": -29.63149642944336,
      "loudness_range": 23.77822494506836,
      "low_freq": 2549.74365234375,
      "mid_mean": -27.310632705688477,
      "mid_to_side_loudness": -5.803652286529541,
      "mid_to_side_loudness_range": 13.498296737670898,
      "side_mean": -33.3302001953125
    },
    {
      "high_freq": 7314.1640625,
      "loudness": -33.34357452392578,
      "loudness_range": 21.50499153137207,
      "low_freq": 4349.24462890625,
      "mid_mean": -31.165660858154297,
      "mid_to_side_loudness": -5.0345892906188965,
      "mid_to_side_loudness_range": 11.962501525878906,
      "side_mean": -36.713462829589844
    },
    {
      "high_freq": 12199.2666015625,
      "loudness": -35.01056671142578,
      "loudness_range": 22.850427627563477,
      "low_freq": 7314.1640625,
      "mid_mean": -32.787899017333984,
      "mid_to_side_loudness": -6.092046737670898,
      "mid_to_side_loudness_range": 15.915087699890137,
      "side_mean": -39.680301666259766
    },
    {
      "loudness": -44.924224853515625,
      "loudness_range": 26.862375259399414,
      "low_freq": 12199.2666015625,
      "mid_mean": -42.55085372924805,
      "mid_to_side_loudness": -6.325192928314209,
      "mid_to_side_loudness_range": 15.27623462677002,
      "side_mean": -50.069515228271484
    }
  ],
  "bandwidth": 625.5552368164062,
  "channels": 2,
  "covariance": [
    [
      18.266830444335938,
      16.07418441772461,
      7.902770519256592,
      8.373305320739746,
      8.930455207824707,
      9.251511573791504,
      9.566328048706055,
      8.819690704345703,
      6.0772786140441895,
      5.091943740844727,
      5.966454982757568,
      5.935270309448242,
      8.264036178588867,
      7.843836784362793,
      6.371716499328613,
      7.388068199157715,
      6.992854595184326,
      6.504130840301514
    ],
    [
      16.07418441772461,
      77.93421936035156,
      11.42251968383789,
      24.90816307067871,
      18.045244216918945,
      25.95026206970215,
      28.97050666809082,
      26.80847930908203,
      26.601146697998047,
      30.139652252197266,
      25.404401779174805,
      30.331012725830078,
      15.067126274108887,
      22.779905319213867,
      7.046787261962891,
      16.25442886352539,
      9.893991470336914,
      14.102448463439941
    ],
    [
      7.902770519256592,
      11.42251968383789,
      19.804494857788086,
      15.117881774902344,
      15.23255729675293,
      12.88669204711914,
      14.437231063842773,
      10.849349975585938,
      12.291963577270508,
      8.778861045837402,
      12.499855041503906,
      10.934544563293457,
      9.35012435913086,
      9.327705383300781,
      9.243000984191895,
      8.866374969482422,
      7.314842224121094,
      6.4421162605285645
    ],
    [
      8.373305320739746,
      24.90816307067871,
      15.117881774902344,
      32.14208221435547,
      16.352163314819336,
      20.864227294921875,
      19.325523376464844,
      21.140945434570312,
      16.5086669921875,
      18.90865135192871,
      16.141956329345703,
      18.369905471801758,
      9.60831356048584,
      15.152863502502441,
      7.298923015594482,
      13.869696617126465,
      10.289441108703613,
      14.17302417755127
    ],
    [
      8.930455207824707,
      18.045244216918945,
      15.23255729675293,
      16.352163314819336,
      33.43342590332031,
      26.642414093017578,
      30.870359420776367,
      23.531536102294922,
      26.328466415405273,
      18.86497688293457,
      24.129146575927734,
      19.92228126525879,
      13.972867965698242,
      15.201818466186523,
      12.499512672424316,
      13.847641944885254,
      11.16382122039795,
      10.371020317077637
    ],
    [
      9.251511573791504,
      25.95026206970215,
      12.88669204711914,
      20.864227294921875,
      26.642414093017578,
      35.26498031616211,
      29.769914627075195,
      29.476036071777344,
      24.75263214111328,
      26.669145584106445,
      24.5871639251709,
      27.090091705322266,
      14.448866844177246,
      20.104049682617188,
      10.462437629699707,
      16.143491744995117,
      10.81183910369873,
      12.66054916381836
    ],
    [
      9.566328048706055,
      28.97050666809082,
      14.437231063842773,
      19.325523376464844,
      30.870359420776367,
      29.769914627075195,
      51.903072357177734,
      36.962646484375,
      40.308616638183594,
      35.624610900878906,
      35.58340835571289,
      32.86029815673828,
      14.81686782836914,
      20.947845458984375,
      9.571207046508789,
      16.593904495239258,
      11.213303565979004,
      13.558372497558594
    ],
    [
      8.819690704345703,
      26.80847930908203,
      10.849349975585938,
      21.140945434570312,
      23.531536102294922,
      29.476036071777344,
      36.962646484375,
      38.08475875854492,
      29.21735191345215,
      33.273475646972656,
      27.74832534790039,
      30.937679290771484,
      13.165159225463867,
      21.342945098876953,
      7.27951192855835,
      16.765169143676758,
      11.379154205322266,
      15.424345016479492
    ],
    [
      6.0772786140441895,
      26.601146697998047,
      12.291963577270508,
      16.5086669921875,
      26.328466415405273,
      24.75263214111328,
      40.308616638183594,
      29.21735191345215,
      64.13402557373047,
      57.15779113769531,
      54.03740692138672,
      47.39590835571289,
      15.03960132598877,
      21.34973907470703,
      6.345947742462158,
      14.750020027160645,
      7.5662455558776855,
      11.905744552612305
    ],
    [
      5.091943740844727,
      30.139652252197266,
      8.778861045837402,
      18.90865135192871,
      18.86497688293457,
      26.669145584106445,
      35.624610900878906,
      33.273475646972656,
      57.15779113769531,
      65.78343963623047,
      50.21419906616211,
      52.691864013671875,
      13.568546295166016,
      24.92853355407715,
      1.65425443649292,
      16.03812599182129,
      6.272315979003906,
      14.171466827392578
    ],
    [
      5.966454982757568,
      25.404401779174805,
      12.499855041503906,
      16.141956329345703,
      24.129146575927734,
      24.5871639251709,
      35.58340835571289,
      27.74832534790039,
      54.03740692138672,
      50.21419906616211,
      56.159000396728516,
      47.646263122558594,
      20.353775024414062,
      23.964815139770508,
      10.581254959106445,
      16.925382614135742,
      9.982473373413086,
      12.158730506896973
    ],
    [
      5.935270309448242,
      30.331012725830078,
      10.934544563293457,
      18.369905471801758,
      19.92228126525879,
      27.090091705322266,
      32.86029815673828,
      30.937679290771484,
      47.39590835571289,
      52.691864013671875,
      47.646263122558594,
      51.91957092285156,
      17.859827041625977,
      28.37044906616211,
      6.058286190032959,
      19.248180389404297,
      9.597806930541992,
      15.348523139953613
    ],
    [
      8.264036178588867,
      15.067126274108887,
      9.35012435913086,
      9.60831356048584,
      13.972867965698242,
      14.448866844177246,
      14.81686782836914,
      13.165159225463867,
      15.03960132598877,
      13.568546295166016,
      20.353775024414062,
      17.859827041625977,
      43.48661804199219,
      28.392568588256836,
      32.84709930419922,
      25.43782615661621,
      25.516786575317383,
      17.973125457763672
    ],
    [
      7.843836784362793,
      22.779905319213867,
      9.327705383300781,
      15.152863502502441,
      15.201818466186523,
      20.104049682617188,
      20.947845458984375,
      21.342945098876953,
      21.34973907470703,
      24.92853355407715,
      23.964815139770508,
      28.37044906616211,
      28.392568588256836,
      34.785186767578125,
      18.926067352294922,
      29.71404457092285,
      23.149555206298828,
      27.72876739501953
    ],
    [
      6.371716499328613,
      7.046787261962891,
      9.243000984191895,
      7.298923015594482,
      12.499512672424316,
      10.462437629699707,
      9.571207046508789,
      7.27951192855835,
      6.345947742462158,
      1.65425443649292,
      10.581254959106445,
      6.058286190032959,
      32.84709930419922,
      18.926067352294922,
      37.66200637817383,
      23.199777603149414,
      26.477619171142578,
      17.03104019165039
    ],
    [
      7.388068199157715,
      16.25442886352539,
      8.866374969482422,
      13.869696617126465,
      13.847641944885254,
      16.143491744995117,
      16.593904495239258,
      16.765169143676758,
      14.750020027160645,
      16.03812599182129,
      16.925382614135742,
      19.248180389404297,
      25.43782615661621,
      29.71404457092285,
      23.199777603149414,
      33.09614562988281,
      28.63380241394043,
      34.574073791503906
    ],
    [
      6.992854595184326,
      9.893991470336914,
      7.314842224121094,
      10.289441108703613,
      11.16382122039795,
      10.81183910369873,
      11.213303565979004,
      11.379154205322266,
      7.5662455558776855,
      6.272315979003906,
      9.982473373413086,
      9.597806930541992,
      25.516786575317383,
      23.149555206298828,
      26.477619171142578,
      28.63380241394043,
      35.071720123291016,
      35.167518615722656
    ],
    [
      6.504130840301514,
      14.102448463439941,
      6.4421162605285645,
      14.17302417755127,
      10.371020317077637,
      12.66054916381836,
      13.558372497558594,
      15.424345016479492,
      11.905744552612305,
      14.171466827392578,
      12.158730506896973,
      15.348523139953613,
      17.973125457763672,
      27.72876739501953,
      17.03104019165039,
      34.574073791503906,
      35.167518615722656,
      54.66990661621094
    ]
  ],
  "covariance_short": [
    [
      44.561859130859375,
      13.254170417785645,
      12.656025886535645,
      8.736614227294922,
      8.054762840270996,
      8.230812072753906,
      8.241362571716309,
      8.388615608215332,
      3.3620917797088623,
      2.776984691619873,
      3.0694451332092285,
      4.109296798706055,
      7.435418128967285,
      7.085078239440918,
      5.706311225891113,
      6.613303184509277,
      5.596363067626953,
      5.947153091430664
    ],
    [
      13.254170417785645,
      101.46959686279297,
      19.25519371032715,
      39.25087356567383,
      25.340469360351562,
      38.09756088256836,
      37.4180793762207,
      38.04719924926758,
      32.58891296386719,
      39.43940734863281,
      33.48942565917969,
      43.067569732666016,
      23.47542953491211,
      36.694393157958984,
      14.420998573303223,
      28.448339462280273,
      17.679323196411133,
      41.08420944213867
    ],
    [
      12.656025886535645,
      19.25519371032715,
      31.190013885498047,
      18.954776763916016,
      20.17456817626953,
      16.20403480529785,
      18.1792049407959,
      13.771153450012207,
      15.785239219665527,
      11.98637866973877,
      15.387109756469727,
      14.67269515991211,
      10.8860502243042,
      12.833654403686523,
      13.077986717224121,
      13.963217735290527,
      11.543877601623535,
      15.040176391601562
    ],
    [
      8.736614227294922,
      39.25087356567383,
      18.954776763916016,
      51.85452651977539,
      23.86571502685547,
      33.505550384521484,
      27.26699447631836,
      29.836965560913086,
      20.7470703125,
      25.025938034057617,
      20.727136611938477,
      26.074007034301758,
      14.662540435791016,
      22.39242172241211,
      12.238781929016113,
      19.88763999938965,
      13.859941482543945,
      22.627105712890625
    ],
    [
      8.054762840270996,
      25.340469360351562,
      20.17456817626953,
      23.86571502685547,
      46.58188247680664,
      34.43070983886719,
      39.1285400390625,
      29.976125717163086,
      33.747596740722656,
      24.906082153320312,
      31.536502838134766,
      27.05145263671875,
      19.3404541015625,
      21.095657348632812,
      20.705402374267578,
      20.54021453857422,
      18.815317153930664,
      20.61927032470703
    ],
    [
      8.230812072753906,
      38.09756088256836,
      16.20403480529785,
      33.505550384521484,
      34.43070983886719,
      51.426509857177734,
      36.06871032714844,
      38.26917266845703,
      28.45469093322754,
      33.40000915527344,
      28.936267852783203,
      34.790191650390625,
      20.423192977905273,
      28.19633674621582,
      16.827552795410156,
      24.708507537841797,
      17.323734283447266,
      25.736572265625
    ],
    [
      8.241362571716309,
      37.4180793762207,
      18.1792049407959,
      27.26699447631836,
      39.1285400390625,
      36.06871032714844,
      61.94378662109375,
      43.16737365722656,
      47.505470275878906,
      40.19965362548828,
      43.17978286743164,
      38.394500732421875,
      23.3576717376709,
      27.77880859375,
      20.06717300415039,
      24.57179832458496,
      19.073749542236328,
      25.84517478942871
    ],
    [
      8.388615608215332,
      38.04719924926758,
      13.771153450012207,
      29.836965560913086,
      29.976125717163086,
      38.26917266845703,
      43.16737365722656,
      49.6128044128418,
      33.462581634521484,
      39.85227584838867,
      32.455440521240234,
      37.86183547973633,
      19.721010208129883,
      29.18045997619629,
      13.728779792785645,
      24.775911331176758,
      16.587303161621094,
      27.188777923583984
    ],
    [
      3.3620917797088623,
      32.58891296386719,
      15.785239219665527,
      20.7470703125,
      33.747596740722656,
      28.45469093322754,
      47.505470275878906,
      33.462581634521484,
      77.99263000488281,
      61.09445571899414,
      65.31688690185547,
      53.14350891113281,
      27.951435089111328,
      31.235689163208008,
      18.631479263305664,
      25.62375831604004,
      15.93384075164795,
      28.37323760986328
    ],
    [
      2.776984691619873,
      39.43940734863281,
      11.98637866973877,
      25.025938034057617,
      24.906082153320312,
      33.40000915527344,
      40.19965362548828,
      39.85227584838867,
      61.09445571899414,
      76.42285919189453,
      55.734779357910156,
      61.26984405517578,
      24.548053741455078,
      37.355525970458984,
      9.655460357666016,
      29.28693199157715,
      13.31618595123291,
      34.78148651123047
    ],
    [
      3.0694451332092285,
      33.48942565917969,
      15.387109756469727,
      20.727136611938477,
      31.536502838134766,
      28.936267852783203,
      43.17978286743164,
      32.455440521240234,
      65.31688690185547,
      55.734779357910156,
      73.46446990966797,
      55.355743408203125,
      36.32260513305664,
      36.6741943359375,
      26.20403480529785,
      30.346054077148438,
      22.45438003540039,
      31.376266479492188
    ],
    [
      4.109296798706055,
      43.067569732666016,
      14.67269515991211,
      26.074007034301758,
      27.05145263671875,
      34.790191650390625,
      38.394500732421875,
      37.86183547973633,
      53.14350891113281,
      61.26984405517578,
      55.355743408203125,
      66.03705596923828,
      30.286928176879883,
      45.03010940551758,
      16.897525787353516,
      37.20498275756836,
      20.536035537719727,
      41.01087951660156
    ],
    [
      7.435418128967285,
      23.47542953491211,
      10.8860502243042,
      14.662540435791016,
      19.3404541015625,
      20.423192977905273,
      23.3576717376709,
      19.721010208129883,
      27.951435089111328,
      24.548053741455078,
      36.32260513305664,
      30.286928176879883,
      59.85238265991211,
      45.15028762817383,
      52.07657241821289,
      46.280208587646484,
      47.74453353881836,
      44.35956573486328
    ],
    [
      7.085078239440918,
      36.694393157958984,
      12.833654403686523,
      22.39242172241211,
      21.095657348632812,
      28.19633674621582,
      27.77880859375,
      29.18045997619629,
      31.235689163208008,
      37.355525970458984,
      36.6741943359375,
      45.03010940551758,
      45.15028762817383,
      64.6004867553711,
      35.978206634521484,
      61.41072463989258,
      44.02583312988281,
      66.5702896118164
    ],
    [
      5.706311225891113,
      14.420998573303223,
      13.077986717224121,
      12.238781929016113,
      20.705402374267578,
      16.827552795410156,
      20.06717300415039,
      13.728779792785645,
      18.631479263305664,
      9.655460357666016,
      26.20403480529785,
      16.897525787353516,
      52.07657241821289,
      35.978206634521484,
      69.77732849121094,
      49.13092803955078,
      59.88938903808594,
      46.5632209777832
    ],
    [
      6.613303184509277,
      28.448339462280273,
      13.963217735290527,
      19.88763999938965,
      20.54021453857422,
      24.708507537841797,
      24.57179832458496,
      24.775911331176758,
      25.62375831604004,
      29.28693199157715,
      30.346054077148438,
      37.20498275756836,
      46.280208587646484,
      61.41072463989258,
      49.13092803955078,
      78.00570678710938,
      60.711910247802734,
      84.546875
    ],
    [
      5.596363067626953,
      17.679323196411133,
      11.543877601623535,
      13.859941482543945,
      18.815317153930664,
      17.323734283447266,
      19.073749542236328,
      16.587303161621094,
      15.93384075164795,
      13.31618595123291,
      22.45438003540039,
      20.536035537719727,
      47.74453353881836,
      44.02583312988281,
      59.88938903808594,
      60.711910247802734,
      76.00113677978516,
      74.45703887939453
    ],
    [
      5.947153091430664,
      41.08420944213867,
      15.040176391601562,
      22.627105712890625,
      20.61927032470703,
      25.736572265625,
      25.84517478942871,
      27.188777923583984,
      28.37323760986328,
      34.78148651123047,
      31.376266479492188,
      41.01087951660156,
      44.35956573486328,
      66.5702896118164,
      46.5632209777832,
      84.546875,
      74.45703887939453,
      125.66219329833984
    ]
  ],
  "damage": -5.459460735321045,
  "diff_bandwidth": 725.96337890625,
  "dissonance": 8.017730668046722,
  "drr": 15.542659759521484,
  "dynamics": 3.3030052185058594,
  "format": 65538,
  "frames": 8723196,
  "freq_pan_to_db": [
    [
      -38.654354095458984,
      -35.22909164428711,
      -33.55471420288086,
      -24.04412841796875,
      -14.957944869995117,
      -13.851428031921387,
      -17.092451095581055,
      -26.530261993408203,
      -31.482563018798828,
      -37.22276306152344,
      -39.143680572509766
    ],
    [
      -27.239734649658203,
      -21.4417724609375,
      -15.573978424072266,
      -14.745723724365234,
      -11.04079818725586,
      -7.789987564086914,
      -11.247673988342285,
      -16.22417640686035,
      -17.145885467529297,
      -19.529088973999023,
      -21.453359603881836
    ],
    [
      -15.50827693939209,
      -13.82250690460205,
      -12.076065063476562,
      -11.20132827758789,
      -10.65596866607666,
      -10.193521499633789,
      -10.659012794494629,
      -11.234814643859863,
      -12.276254653930664,
      -13.708877563476562,
      -14.809041976928711
    ],
    [
      -17.588687896728516,
      -16.260150909423828,
      -14.0786771774292,
      -13.711217880249023,
      -13.35567855834961,
      -13.734188079833984,
      -14.053468704223633,
      -14.990622520446777,
      -15.662117958068848,
      -16.180816650390625,
      -17.23978614807129
    ],
    [
      -17.45677375793457,
      -16.198610305786133,
      -15.898067474365234,
      -15.062888145446777,
      -15.177464485168457,
      -15.412202835083008,
      -15.27949333190918,
      -15.238648414611816,
      -16.51416015625,
      -16.83978271484375,
      -17.55137825012207
    ],
    [
      -17.20315170288086,
      -17.02592658996582,
      -15.865181922912598,
      -14.028372764587402,
      -13.054450035095215,
      -12.712262153625488,
      -13.225701332092285,
      -14.878862380981445,
      -16.540679931640625,
      -17.318004608154297,
      -18.281126022338867
    ],
    [
      -18.450246810913086,
      -17.99626922607422,
      -16.243961334228516,
      -14.484673500061035,
      -12.906563758850098,
      -12.795997619628906,
      -13.470902442932129,
      -15.15291690826416,
      -17.25771713256836,
      -17.91945457458496,
      -17.9190616607666
    ],
    [
      -17.983413696289062,
      -17.654563903808594,
      -17.20960807800293,
      -16.586557388305664,
      -14.762537002563477,
      -12.48080062866211,
      -14.982160568237305,
      -16.339391708374023,
      -15.779590606689453,
      -16.441558837890625,
      -16.227903366088867
    ],
    [
      -20.547870635986328,
      -18.656774520874023,
      -18.024934768676758,
      -17.304943084716797,
      -14.223357200622559,
      -13.7142333984375,
      -15.530994415283203,
      -17.04405403137207,
      -16.96345329284668,
      -17.216983795166016,
      -17.04427719116211
    ],
    [
      -17.684267044067383,
      -15.205732345581055,
      -16.36810874938965,
      -17.00458335876465,
      -14.831151962280273,
      -13.81871223449707,
      -14.639324188232422,
      -15.90768051147461,
      -15.763723373413086,
      -16.262523651123047,
      -15.599660873413086
    ],
    [
      -16.25055694580078,
      -15.905631065368652,
      -17.6116886138916,
      -17.459259033203125,
      -16.632474899291992,
      -14.704825401306152,
      -15.366798400878906,
      -16.767677307128906,
      -17.058778762817383,
      -16.89548110961914,
      -17.749238967895508
    ],
    [
      -17.261930465698242,
      -19.509321212768555,
      -20.196226119995117,
      -19.01502227783203,
      -17.770477294921875,
      -15.609044075012207,
      -19.30314826965332,
      -19.38898277282715,
      -18.48356056213379,
      -18.91776466369629,
      -19.755693435668945
    ],
    [
      -22.360721588134766,
      -22.36771583557129,
      -20.883216857910156,
      -20.4633846282959,
      -17.481204986572266,
      -15.469212532043457,
      -18.672332763671875,
      -19.89268684387207,
      -20.818506240844727,
      -22.34194564819336,
      -23.019376754760742
    ],
    [
      -17.102012634277344,
      -19.458049774169922,
      -18.553987503051758,
      -17.82540512084961,
      -16.049814224243164,
      -14.979902267456055,
      -18.820127487182617,
      -19.913341522216797,
      -22.49632453918457,
      -18.793561935424805,
      -18.659360885620117
    ],
    [
      -17.40680503845215,
      -20.053852081298828,
      -19.619539260864258,
      -19.692663192749023,
      -19.395450592041016,
      -15.673820495605469,
      -18.491024017333984,
      -21.927370071411133,
      -21.646562576293945,
      -21.532384872436523,
      -20.588787078857422
    ],
    [
      -20.329866409301758,
      -21.04852867126465,
      -22.269243240356445,
      -22.84651756286621,
      -19.49950408935547,
      -16.443058013916016,
      -19.183359146118164,
      -21.69036102294922,
      -21.710763931274414,
      -22.337671279907227,
      -21.534725189208984
    ],
    [
      -19.941255569458008,
      -21.56010627746582,
      -23.890316009521484,
      -23.66448974609375,
      -20.07825469970703,
      -19.174396514892578,
      -22.495380401611328,
      -23.888103485107422,
      -21.392786026000977,
      -20.23079490661621,
      -19.372390747070312
    ],
    [
      -20.569664001464844,
      -20.488449096679688,
      -23.130544662475586,
      -24.275375366210938,
      -22.452999114990234,
      -19.299684524536133,
      -23.26821517944336,
      -24.708187103271484,
      -22.62400245666504,
      -21.12759017944336,
      -19.006927490234375
    ],
    [
      -22.76679229736328,
      -22.561979293823242,
      -23.68842124938965,
      -25.455116271972656,
      -22.829864501953125,
      -20.243154525756836,
      -23.733007431030273,
      -23.529930114746094,
      -21.396800994873047,
      -23.430797576904297,
      -22.5566463470459
    ],
    [
      -19.3136043548584,
      -19.659576416015625,
      -19.94588279724121,
      -21.14504051208496,
      -19.768810272216797,
      -19.89978790283203,
      -21.20207977294922,
      -21.07605743408203,
      -20.950836181640625,
      -21.658367156982422,
      -24.749570846557617
    ],
    [
      -19.217172622680664,
      -20.736879348754883,
      -19.324424743652344,
      -20.317296981811523,
      -20.5094051361084,
      -20.976205825805664,
      -19.63874626159668,
      -20.338293075561523,
      -20.882610321044922,
      -20.40374183654785,
      -22.33846664428711
    ],
    [
      -17.65215301513672,
      -20.98542594909668,
      -21.202547073364258,
      -20.798120498657227,
      -21.285327911376953,
      -22.549814224243164,
      -21.30331039428711,
      -21.21657371520996,
      -21.55623435974121,
      -20.674522399902344,
      -17.163875579833984
    ],
    [
      -20.467788696289062,
      -21.134559631347656,
      -22.26708984375,
      -23.04061508178711,
      -21.245168685913086,
      -22.343002319335938,
      -21.689556121826172,
      -23.274799346923828,
      -21.63873863220215,
      -21.70997428894043,
      -16.802650451660156
    ],
    [
      -19.581186294555664,
      -23.404512405395508,
      -23.747547149658203,
      -24.047101974487305,
      -23.547348022460938,
      -23.19147300720215,
      -23.37309455871582,
      -25.036727905273438,
      -25.066923141479492,
      -24.27996063232422,
      -21.938199996948242
    ],
    [
      -28.858074188232422,
      -28.764829635620117,
      -27.396041870117188,
      -26.53741455078125,
      -24.375995635986328,
      -23.713802337646484,
      -24.057992935180664,
      -26.099239349365234,
      -28.022113800048828,
      -29.11347770690918,
      -29.975910186767578
    ],
    [
      -21.880653381347656,
      -30.78592872619629,
      -29.98965072631836,
      -29.934276580810547,
      -28.468645095825195,
      -27.73849868774414,
      -27.8366641998291,
      -29.069616317749023,
      -30.161243438720703,
      -31.026670455932617,
      -32.22116470336914
    ],
    [
      -26.19751739501953,
      -28.264484405517578,
      -28.959636688232422,
      -29.295209884643555,
      -28.62803077697754,
      -27.950654983520508,
      -27.557188034057617,
      -29.026771545410156,
      -28.858943939208984,
      -27.69207763671875,
      -23.804773330688477
    ],
    [
      -31.733564376831055,
      -31.34032440185547,
      -31.625144958496094,
      -30.925148010253906,
      -30.24648094177246,
      -29.072044372558594,
      -30.529733657836914,
      -31.02021598815918,
      -31.642780303955078,
      -30.877792358398438,
      -35.319950103759766
    ],
    [
      -34.27043914794922,
      -31.829345703125,
      -32.164588928222656,
      -32.60475540161133,
      -32.275821685791016,
      -29.396533966064453,
      -32.125091552734375,
      -32.10010528564453,
      -32.28078842163086,
      -33.168296813964844,
      -39.21949768066406
    ],
    [
      -34.3912467956543,
      -33.06713104248047,
      -32.39558792114258,
      -32.75703430175781,
      -32.5053596496582,
      -26.705787658691406,
      -32.561458587646484,
      -32.760929107666016,
      -32.76082992553711,
      -32.4790153503418,
      -35.98604202270508
    ],
    [
      -34.692222595214844,
      -31.779109954833984,
      -32.90707778930664,
      -33.627410888671875,
      -33.51676940917969,
      -26.227317810058594,
      -33.74537658691406,
      -33.56059646606445,
      -33.511634826660156,
      -31.815616607666016,
      -34.62397003173828
    ],
    [
      -120.85196685791016,
      -33.59062194824219,
      -33.45420455932617,
      -34.568729400634766,
      -34.641082763671875,
      -28.7793025970459,
      -34.72307205200195,
      -34.932334899902344,
      -34.903533935546875,
      -36.595645904541016,
      -32.878623962402344
    ],
    [
      -40.3714485168457,
      -36.242332458496094,
      -33.326053619384766,
      -34.23675537109375,
      -34.91405487060547,
      -30.12586212158203,
      -34.91404342651367,
      -35.20668411254883,
      -35.3571891784668,
      -30.904436111450195,
      -121.41193389892578
    ],
    [
      -50.58304214477539,
      -34.650634765625,
      -32.705604553222656,
      -33.008941650390625,
      -33.129940032958984,
      -29.39809226989746,
      -34.012290954589844,
      -35.21064758300781,
      -34.899620056152344,
      -35.82421112060547,
      -119.37525177001953
    ],
    [
      -126.28273010253906,
      -32.525726318359375,
      -32.10832214355469,
      -33.674129486083984,
      -33.3369140625,
      -28.032995223999023,
      -32.716041564941406,
      -33.54737091064453,
      -34.104698181152344,
      -33.2059440612793,
      -34.30644989013672
    ],
    [
      -128.65277099609375,
      -30.523677825927734,
      -32.314857482910156,
      -34.99283981323242,
      -36.51448059082031,
      -30.658065795898438,
      -33.55722427368164,
      -32.52229309082031,
      -31.9628963470459,
      -30.94168472290039,
      -121.88037872314453
    ],
    [
      -42.599517822265625,
      -33.64336395263672,
      -33.503501892089844,
      -36.15595626831055,
      -37.51877975463867,
      -34.40146255493164,
      -35.834468841552734,
      -35.0168342590332,
      -35.054359436035156,
      -35.671470642089844,
      -122.12211608886719
    ],
    [
      -30.52052116394043,
      -30.679636001586914,
      -33.729713439941406,
      -38.161399841308594,
      -38.94133758544922,
      -37.45077896118164,
      -37.345054626464844,
      -37.11128616333008,
      -38.8969612121582,
      -37.805023193359375,
      -116.80093383789062
    ],
    [
      -126.19244384765625,
      -31.738460540771484,
      -36.288665771484375,
      -39.777645111083984,
      -40.00501251220703,
      -39.49217987060547,
      -37.6612434387207,
      -37.003055572509766,
      -37.824180603027344,
      -39.88446807861328,
      -117.16773986816406
    ],
    [
      -39.485809326171875,
      -33.97005081176758,
      -36.37810516357422,
      -40.56078338623047,
      -42.07170486450195,
      -42.18986892700195,
      -38.03525161743164,
      -36.3265380859375,
      -35.86936569213867,
      -37.5593147277832,
      -117.01653289794922
    ],
    [
      -121.30956268310547,
      -31.95648193359375,
      -36.81214904785156,
      -41.092124938964844,
      -44.250999450683594,
      -45.689353942871094,
      -40.21703338623047,
      -38.26781463623047,
      -38.5653190612793,
      -38.896240234375,
      -38.81687545776367
    ],
    [
      -71.9385986328125,
      -36.639549255371094,
      -37.90915298461914,
      -42.57073974609375,
      -46.141292572021484,
      -49.60611343383789,
      -41.971343994140625,
      -38.08970260620117,
      -36.35868453979492,
      -39.28355407714844,
      -43.401947021484375
    ]
  ],
  "histogram": [
    {
      "db": -70,
      "frequency": 0
    },
    {
      "db": -69,
      "frequency": 1
    },
    {
      "db": -68,
      "frequency": 0
    },
    {
      "db": -67,
      "frequency": 0
    },
    {
      "db": -66,
      "frequency": 0
    },
    {
      "db": -65,
      "frequency": 2
    },
    {
      "db": -64,
      "frequency": 0
    },
    {
      "db": -63,
      "frequency": 0
    },
    {
      "db": -62,
      "frequency": 0
    },
    {
      "db": -61,
      "frequency": 1
    },
    {
      "db": -60,
      "frequency": 0
    },
    {
      "db": -59,
      "frequency": 0
    },
    {
      "db": -58,
      "frequency": 1
    },
    {
      "db": -57,
      "frequency": 0
    },
    {
      "db": -56,
      "frequency": 1
    },
    {
      "db": -55,
      "frequency": 0
    },
    {
      "db": -54,
      "frequency": 0
    },
    {
      "db": -53,
      "frequency": 1
    },
    {
      "db": -52,
      "frequency": 0
    },
    {
      "db": -51,
      "frequency": 1
    },
    {
      "db": -50,
      "frequency": 0
    },
    {
      "db": -49,
      "frequency": 2
    },
    {
      "db": -48,
      "frequency": 1
    },
    {
      "db": -47,
      "frequency": 3
    },
    {
      "db": -46,
      "frequency": 0
    },
    {
      "db": -45,
      "frequency": 2
    },
    {
      "db": -44,
      "frequency": 1
    },
    {
      "db": -43,
      "frequency": 3
    },
    {
      "db": -42,
      "frequency": 0
    },
    {
      "db": -41,
      "frequency": 2
    },
    {
      "db": -40,
      "frequency": 1
    },
    {
      "db": -39,
      "frequency": 1
    },
    {
      "db": -38,
      "frequency": 4
    },
    {
      "db": -37,
      "frequency": 4
    },
    {
      "db": -36,
      "frequency": 2
    },
    {
      "db": -35,
      "frequency": 2
    },
    {
      "db": -34,
      "frequency": 3
    },
    {
      "db": -33,
      "frequency": 1
    },
    {
      "db": -32,
      "frequency": 4
    },
    {
      "db": -31,
      "frequency": 6
    },
    {
      "db": -30,
      "frequency": 2
    },
    {
      "db": -29,
      "frequency": 3
    },
    {
      "db": -28,
      "frequency": 7
    },
    {
      "db": -27,
      "frequency": 6
    },
    {
      "db": -26,
      "frequency": 8
    },
    {
      "db": -25,
      "frequency": 12
    },
    {
      "db": -24,
      "frequency": 4
    },
    {
      "db": -23,
      "frequency": 7
    },
    {
      "db": -22,
      "frequency": 3
    },
    {
      "db": -21,
      "frequency": 7
    },
    {
      "db": -20,
      "frequency": 9
    },
    {
      "db": -19,
      "frequency": 9
    },
    {
      "db": -18,
      "frequency": 10
    },
    {
      "db": -17,
      "frequency": 23
    },
    {
      "db": -16,
      "frequency": 41
    },
    {
      "db": -15,
      "frequency": 77
    },
    {
      "db": -14,
      "frequency": 117
    },
    {
      "db": -13,
      "frequency": 208
    },
    {
      "db": -12,
      "frequency": 212
    },
    {
      "db": -11,
      "frequency": 234
    },
    {
      "db": -10,
      "frequency": 202
    },
    {
      "db": -9,
      "frequency": 184
    },
    {
      "db": -8,
      "frequency": 215
    },
    {
      "db": -7,
      "frequency": 195
    },
    {
      "db": -6,
      "frequency": 83
    },
    {
      "db": -5,
      "frequency": 35
    },
    {
      "db": -4,
      "frequency": 4
    },
    {
      "db": -3,
      "frequency": 0
    },
    {
      "db": -2,
      "frequency": 0
    },
    {
      "db": -1,
      "frequency": 0
    },
    {
      "db": 0,
      "frequency": 0
    },
    {
      "db": 1,
      "frequency": 0
    },
    {
      "db": 2,
      "frequency": 0
    },
    {
      "db": 3,
      "frequency": 0
