{
  "acoustic_entropy": 199.78036499023438,
  "bands": [
    {
      "high_freq": 148.1999969482422,
      "loudness": -18.006134033203125,
      "loudness_range": 8.740275382995605,
      "mid_mean": -14.552031517028809,
      "mid_to_side_loudness": -16.337129592895508,
      "mid_to_side_loudness_range": 23.87531089782715,
      "side_mean": -31.84636878967285
    },
    {
      "high_freq": 392.3793640136719,
      "loudness": -18.180925369262695,
      "loudness_range": 10.838949203491211,
      "low_freq": 148.1999969482422,
      "mid_mean": -16.50938606262207,
      "mid_to_side_loudness": -3.589439630508423,
      "mid_to_side_loudness_range": 13.901504516601562,
      "side_mean": -20.260520935058594
    },
    {
      "high_freq": 794.6976318359375,
      "loudness": -21.14528465270996,
      "loudness_range": 15.62517261505127,
      "low_freq": 392.3793640136719,
      "mid_mean": -19.041770935058594,
      "mid_to_side_loudness": -4.723761081695557,
      "mid_to_side_loudness_range": 10.480244636535645,
      "side_mean": -23.769563674926758
    },
    {
      "high_freq": 1457.5709228515625,
      "loudness": -26.747928619384766,
      "loudness_range": 20.880508422851562,
      "low_freq": 794.6976318359375,
      "mid_mean": -24.73779296875,
      "mid_to_side_loudness": -4.34423828125,
      "mid_to_side_loudness_range": 10.996466636657715,
      "side_mean": -29.121328353881836
    },
    {
      "high_freq": 2549.74365234375,
      "loudness": -26.209564208984375,
      "loudness_range": 26.13672637939453,
      "low_freq": 1457.5709228515625,
      "mid_mean": -23.76374626159668,
      "mid_to_side_loudness": -5.644732475280762,
      "mid_to_side_loudness_range": 10.783567428588867,
      "side_mean": -29.610963821411133
    },
    {
      "high_freq": 4349.24462890625,
      "loudness": -26.786542892456055,
      "loudness_range": 23.361995697021484,
      "low_freq": 2549.74365234375,
      "mid_mean": -24.09014892578125,
      "mid_to_side_loudness": -6.750686168670654,
      "mid_to_side_loudness_range": 10.28904914855957,
      "side_mean": -31.014591217041016
    },
    {
      "high_freq": 7314.1640625,
      "loudness": -33.512027740478516,
      "loudness_range": 18.676631927490234,
      "low_freq": 4349.24462890625,
      "mid_mean": -31.382272720336914,
      "mid_to_side_loudness": -4.995030879974365,
      "mid_to_side_loudness_range": 11.894396781921387,
      "side_mean": -36.55643081665039
    },
    {
      "high_freq": 12199.2666015625,
      "loudness": -36.276084899902344,
      "loudness_range": 17.43559455871582,
      "low_freq": 7314.1640625,
      "mid_mean": -34.111053466796875,
      "mid_to_side_loudness": -5.5872673988342285,
      "mid_to_side_loudness_range": 14.64669132232666,
      "side_mean": -40.18142318725586
    },
    {
      "loudness": -43.87956619262695,
      "loudness_range": 17.38210678100586,
      "low_freq": 12199.2666015625,
      "mid_mean": -42.229610443115234,
      "mid_to_side_loudness": -3.199234962463379,
      "mid_to_side_loudness_range": 8.517338752746582,
      "side_mean": -45.634124755859375
    }
  ],
  "bands_short": [
    {
      "high_freq": 148.1999969482422,
      "loudness": -20.21210289001465,
      "loudness_range": 15.806912422180176,
      "mid_mean": -16.677980422973633,
      "mid_to_side_loudness": -21.229612350463867,
      "mid_to_side_loudness_range": 33.603153228759766,
      "side_mean": -40.94074249267578
    },
    {
      "high_freq": 392.3793640136719,
      "loudness": -18.0721435546875,
      "loudness_range": 12.850977897644043,
      "low_freq": 148.1999969482422,
      "mid_mean": -16.411945343017578,
      "mid_to_side_loudness": -4.682491779327393,
      "mid_to_side_loudness_range": 19.3256893157959,
      "side_mean": -21.2984619140625
    },
    {
      "high_freq": 794.6976318359375,
      "loudness": -22.01836395263672,
      "loudness_range": 18.77227783203125,
      "low_freq": 392.3793640136719,
      "mid_mean": -20.288482666015625,
      "mid_to_side_loudness": -4.174560546875,
      "mid_to_side_loudness_range": 14.227615356445312,
      "side_mean": -24.474872589111328
    },
    {
      "high_freq": 1457.5709228515625,
      "loudness": -26.766050338745117,
      "loudness_range": 23.0915584564209,
      "low_freq": 794.6976318359375,
      "mid_mean": -24.75611114501953,
      "mid_to_side_loudness": -4.650217056274414,
      "mid_to_side_loudness_range": 12.979314804077148,
      "side_mean": -29.51026153564453
    },
    {
      "high_freq": 2549.74365234375,
      "loudness": -27.115087509155273,
      "loudness_range": 28.116466522216797,
      "low_freq": 1457.5709228515625,
      "mid_mean": -24.97296142578125,
      "mid_to_side_loudness": -5.163128852844238,
      "mid_to_side_loudness_range": 14.520777702331543,
      "side_mean": -30.446020126342773
    },
    {
      "high_freq": 4349.24462890625,
      "loudness": -27.695459365844727,
      "loudness_range": 26.02798843383789,
      "low_freq": 2549.74365234375,
      "mid_mean": -25.216896057128906,
      "mid_to_side_loudness": -6.282962322235107,
      "mid_to_side_loudness_range": 13.805240631103516,
      "side_mean": -31.830629348754883
    },
    {
      "high_freq": 7314.1640625,
      "loudness": -35.42446517944336,
      "loudness_range": 21.76534652709961,
      "low_freq": 4349.24462890625,
      "mid_mean": -33.38176345825195,
      "mid_to_side_loudness": -4.634294033050537,
      "mid_to_side_loudness_range": 12.03629207611084,
      "side_mean": -38.57658004760742
    },
    {
      "high_freq": 12199.2666015625,
      "loudness": -39.13040542602539,
      "loudness_range": 23.270740509033203,
      "low_freq": 7314.1640625,
      "mid_mean": -37.0368766784668,
      "mid_to_side_loudness": -5.976038455963135,
      "mid_to_side_loudness_range": 17.40666961669922,
      "side_mean": -44.22085189819336
    },
    {
      "loudness": -48.89045333862305,
      "loudness_range": 27.97256088256836,
      "low_freq": 12199.2666015625,
      "mid_mean": -46.85858917236328,
      "mid_to_side_loudness": -5.211673259735107,
      "mid_to_side_loudness_range": 15.139775276184082,
      "side_mean": -53.009002685546875
    }
  ],
  "bandwidth": 555.3190307617188,
  "channels": 2,
  "covariance": [
    [
      17.968435287475586,
      14.485122680664062,
      8.184182167053223,
      7.105257987976074,
      8.28718090057373,
      7.815237998962402,
      8.661115646362305,
      7.8904290199279785,
      4.974189281463623,
      3.7470552921295166,
      4.601521015167236,
      4.410607814788818,
      7.36311674118042,
      6.417391777038574,
      6.2870049476623535,
      6.416913032531738,
      5.932811260223389,
      5.996102809906006
    ],
    [
      14.485122680664062,
      77.65237426757812,
      10.860875129699707,
      25.598602294921875,
      17.398502349853516,
      25.941701889038086,
      30.115495681762695,
      28.480836868286133,
      29.225990295410156,
      33.015010833740234,
      26.95885467529297,
      32.808990478515625,
      15.476839065551758,
      24.395776748657227,
      7.096120834350586,
      18.87887191772461,
      8.588970184326172,
      14.327933311462402
    ],
    [
      8.184182167053223,
      10.860875129699707,
      20.74507713317871,
      14.593194007873535,
      15.636675834655762,
      12.456830024719238,
      15.229954719543457,
      11.306293487548828,
      12.79024887084961,
      8.966920852661133,
      12.372537612915039,
      10.580567359924316,
      9.397141456604004,
      8.860657691955566,
      9.637109756469727,
      8.18059253692627,
      6.921221733093262,
      6.541042804718018
    ],
    [
      7.105257987976074,
      25.598602294921875,
      14.593194007873535,
      32.71836853027344,
      15.84432315826416,
      20.677837371826172,
      20.624353408813477,
      22.515987396240234,
      18.64312744140625,
      20.78380584716797,
      17.335603713989258,
      19.97393798828125,
      9.847329139709473,
      15.827288627624512,
      7.507913112640381,
      15.386585235595703,
      10.011209487915039,
      14.444300651550293
    ],
    [
      8.28718090057373,
      17.398502349853516,
      15.636675834655762,
      15.84432315826416,
      33.932918548583984,
      26.666950225830078,
      32.78300476074219,
      25.398386001586914,
      29.288389205932617,
      21.94521713256836,
      25.114761352539062,
      21.41066551208496,
      13.983030319213867,
      14.939841270446777,
      13.429302215576172,
      13.382668495178223,
      10.48782730102539,
      10.268989562988281
    ],
    [
      7.815237998962402,
      25.941701889038086,
      12.456830024719238,
      20.677837371826172,
      26.666950225830078,
      35.209049224853516,
      31.96003532409668,
      30.842105865478516,
      28.092365264892578,
      30.127307891845703,
      26.40684700012207,
      29.94549560546875,
      14.566896438598633,
      20.767927169799805,
      10.778087615966797,
      17.616334915161133,
      10.262028694152832,
      12.137681007385254
    ],
    [
      8.661115646362305,
      30.115495681762695,
      15.229954719543457,
      20.624353408813477,
      32.78300476074219,
      31.96003532409668,
      59.06313705444336,
      42.76384735107422,
      50.03985595703125,
      45.49793243408203,
      41.58211898803711,
      39.60469436645508,
      15.568073272705078,
      22.937347412109375,
      10.238020896911621,
      19.36589813232422,
      10.990015983581543,
      13.544979095458984
    ],
    [
      7.8904290199279785,
      28.480836868286133,
      11.306293487548828,
      22.515987396240234,
      25.398386001586914,
      30.842105865478516,
      42.76384735107422,
      42.83146286010742,
      37.975528717041016,
      41.48922348022461,
      33.880470275878906,
      37.62382888793945,
      14.812774658203125,
      24.405946731567383,
      7.7652363777160645,
      21.158201217651367,
      11.056131362915039,
      15.971939086914062
    ],
    [
      4.974189281463623,
      29.225990295410156,
      12.79024887084961,
      18.64312744140625,
      29.288389205932617,
      28.092365264892578,
      50.03985595703125,
      37.975528717041016,
      85.17203521728516,
      77.29774475097656,
      68.84613037109375,
      61.59138107299805,
      17.785003662109375,
      26.67844581604004,
      5.699014186859131,
      20.397382736206055,
      7.459840297698975,
      13.086202621459961
    ],
    [
      3.7470552921295166,
      33.015010833740234,
      8.966920852661133,
      20.78380584716797,
      21.94521713256836,
      30.127307891845703,
      45.49793243408203,
      41.48922348022461,
      77.29774475097656,
      85.86656188964844,
      65.38082885742188,
      68.48951721191406,
      16.72671127319336,
      30.85527992248535,
      0.7188971638679504,
      23.619461059570312,
      6.486630916595459,
      15.047863006591797
    ],
    [
      4.601521015167236,
      26.95885467529297,
      12.372537612915039,
      17.335603713989258,
      25.114761352539062,
      26.40684700012207,
      41.58211898803711,
      33.880470275878906,
      68.84613037109375,
      65.38082885742188,
      67.34587097167969,
      58.80447006225586,
      22.22071647644043,
      27.70916175842285,
      10.041627883911133,
      20.725505828857422,
      9.36152458190918,
      12.825986862182617
    ],
    [
      4.410607814788818,
      32.808990478515625,
      10.580567359924316,
      19.97393798828125,
      21.41066551208496,
      29.94549560546875,
      39.60469436645508,
      37.62382888793945,
      61.59138107299805,
      68.48951721191406,
      58.80447006225586,
      65.38150787353516,
      20.118553161621094,
      33.89186477661133,
      5.204013347625732,
      25.878232955932617,
      9.428403854370117,
      16.259328842163086
    ],
    [
      7.36311674118042,
      15.476839065551758,
      9.397141456604004,
      9.847329139709473,
      13.983030319213867,
      14.566896438598633,
      15.568073272705078,
      14.812774658203125,
      17.785003662109375,
      16.72671127319336,
      22.22071647644043,
      20.118553161621094,
      45.45539855957031,
      28.946678161621094,
      35.04381561279297,
      24.074783325195312,
      26.489511489868164,
      19.07442283630371
    ],
    [
      6.417391777038574,
      24.395776748657227,
      8.860657691955566,
      15.827288627624512,
      14.939841270446777,
      20.767927169799805,
      22.937347412109375,
      24.405946731567383,
      26.67844581604004,
      30.85527992248535,
      27.70916175842285,
      33.89186477661133,
      28.946678161621094,
      37.448692321777344,
      18.53310775756836,
      33.386600494384766,
      23.599781036376953,
      29.226360321044922
    ],
    [
      6.2870049476623535,
      7.096120834350586,
      9.637109756469727,
      7.507913112640381,
      13.429302215576172,
      10.778087615966797,
      10.238020896911621,
      7.7652363777160645,
      5.699014186859131,
      0.7188971638679504,
      10.041627883911133,
      5.204013347625732,
      35.04381561279297,
      18.53310775756836,
      42.396236419677734,
      20.134262084960938,
      29.938844680786133,
      18.896831512451172
    ],
    [
      6.416913032531738,
      18.87887191772461,
      8.18059253692627,
      15.386585235595703,
      13.382668495178223,
      17.616334915161133,
      19.36589813232422,
      21.158201217651367,
      20.397382736206055,
      23.619461059570312,
      20.725505828857422,
      25.878232955932617,
      24.074783325195312,
      33.386600494384766,
      20.134262084960938,
      38.6700325012207,
      30.008710861206055,
      40.57077407836914
    ],
    [
      5.932811260223389,
      8.588970184326172,
      6.921221733093262,
      10.011209487915039,
      10.48782730102539,
      10.262028694152832,
      10.990015983581543,
      11.056131362915039,
      7.459840297698975,
      6.486630916595459,
      9.36152458190918,
      9.428403854370117,
      26.489511489868164,
      23.599781036376953,
      29.938844680786133,
      30.008710861206055,
      39.45901107788086,
      37.49616622924805
    ],
    [
      5.996102809906006,
      14.327933311462402,
      6.541042804718018,
      14.444300651550293,
      10.268989562988281,
      12.137681007385254,
      13.544979095458984,
      15.971939086914062,
      13.086202621459961,
      15.047863006591797,
      12.825986862182617,
      16.259328842163086,
      19.07442283630371,
      29.226360321044922,
      18.896831512451172,
      40.57077407836914,
      37.49616622924805,
      57.59096908569336
    ]
  ],
  "covariance_short": [
    [
      45.182228088378906,
      11.609445571899414,
      12.148311614990234,
      6.731490612030029,
      6.748507022857666,
      5.78579568862915,
      6.2105865478515625,
      6.587056636810303,
      0.7441754937171936,
      0.4949897825717926,
      0.7590254545211792,
      1.9636603593826294,
      5.691110610961914,
      5.233143329620361,
      4.392109394073486,
      5.178879261016846,
      5.186826229095459,
      4.1049909591674805
    ],
    [
      11.609445571899414,
      94.2119369506836,
      17.699918746948242,
      38.82583236694336,
      24.655433654785156,
      35.87203598022461,
      37.26753616333008,
      37.789058685302734,
      34.41619110107422,
      41.06167221069336,
      34.83406066894531,
      45.70987319946289,
      23.96367835998535,
      36.979087829589844,
      14.421984672546387,
      32.2943229675293,
      16.568317413330078,
      29.983112335205078
    ],
    [
      12.148311614990234,
      17.699918746948242,
      30.490549087524414,
      17.34736442565918,
      19.41265296936035,
      14.784764289855957,
      17.34726333618164,
      13.126399993896484,
      14.866809844970703,
      11.42984676361084,
      14.112128257751465,
      13.564798355102539,
      9.837030410766602,
      11.341552734375,
      12.179617881774902,
      13.008737564086914,
      11.289477348327637,
      13.692466735839844
    ],
    [
      6.731490612030029,
      38.82583236694336,
      17.34736442565918,
      52.4151725769043,
      23.64729118347168,
      33.69236373901367,
      28.345796585083008,
      31.34746742248535,
      22.175312042236328,
      26.84421730041504,
      21.579774856567383,
      27.76675033569336,
      14.820670127868652,
      23.059886932373047,
      11.764384269714355,
      22.46800994873047,
      14.575761795043945,
      22.69647979736328
    ],
    [
      6.748507022857666,
      24.655433654785156,
      19.41265296936035,
      23.64729118347168,
      47.19374465942383,
      34.417049407958984,
      40.76454162597656,
      32.02060317993164,
      35.97477722167969,
      27.96712303161621,
      32.48411178588867,
      29.054279327392578,
      18.914459228515625,
      21.277568817138672,
      20.420154571533203,
      21.854150772094727,
      19.400514602661133,
      20.60418128967285
    ],
    [
      5.78579568862915,
      35.87203598022461,
      14.784764289855957,
      33.69236373901367,
      34.417049407958984,
      51.40604019165039,
      37.01841735839844,
      39.5023078918457,
      30.373273849487305,
      35.81757354736328,
      30.036449432373047,
      36.99073791503906,
      20.319530487060547,
      28.665361404418945,
      16.5252628326416,
      27.58475112915039,
      17.965938568115234,
      25.393712997436523
    ],
    [
      6.2105865478515625,
      37.26753616333008,
      17.34726333618164,
      28.345796585083008,
      40.76454162597656,
      37.01841735839844,
      67.7398681640625,
      48.15020751953125,
      55.312347412109375,
      48.80423355102539,
      48.21064376831055,
      44.349002838134766,
      24.459402084350586,
      30.283187866210938,
      20.331087112426758,
      29.329893112182617,
      20.30021858215332,
      26.53730010986328
    ],
    [
      6.587056636810303,
      37.789058685302734,
      13.126399993896484,
      31.34746742248535,
      32.02060317993164,
      39.5023078918457,
      48.15020751953125,
      53.79320526123047,
      40.84548568725586,
      46.830345153808594,
      38.031463623046875,
      43.83617401123047,
      21.40387725830078,
      32.029605865478516,
      14.240737915039062,
      30.393400192260742,
      18.30206871032715,
      28.225461959838867
    ],
    [
      0.7441754937171936,
      34.41619110107422,
      14.866809844970703,
      22.175312042236328,
      35.97477722167969,
      30.373273849487305,
      55.312347412109375,
      40.84548568725586,
      98.48176574707031,
      80.68612670898438,
      79.8256607055664,
      67.69793701171875,
      31.714679718017578,
      37.56064987182617,
      18.14842414855957,
      33.96078872680664,
      17.136491775512695,
      30.917346954345703
    ],
    [
      0.4949897825717926,
      41.06167221069336,
      11.42984676361084,
      26.84421730041504,
      27.96712303161621,
      35.81757354736328,
      48.80423355102539,
      46.830345153808594,
      80.68612670898438,
      94.88066864013672,
      70.7457046508789,
      76.703369140625,
      29.070556640625,
      44.167724609375,
      9.176570892333984,
      39.072425842285156,
      14.216859817504883,
      36.8100700378418
    ],
    [
      0.7590254545211792,
      34.83406066894531,
      14.112128257751465,
      21.579774856567383,
      32.48411178588867,
      30.036449432373047,
      48.21064376831055,
      38.031463623046875,
      79.8256607055664,
      70.7457046508789,
      84.32781982421875,
      67.00657653808594,
      38.57147216796875,
      40.997928619384766,
      25.43907928466797,
      36.83509063720703,
      22.68803596496582,
      32.69959259033203
    ],
    [
      1.9636603593826294,
      45.70987319946289,
      13.564798355102539,
      27.76675033569336,
      29.054279327392578,
      36.99073791503906,
      44.349002838134766,
      43.83617401123047,
      67.69793701171875,
      76.703369140625,
      67.00657653808594,
      79.84925842285156,
      33.53926086425781,
      50.96406173706055,
      16.074113845825195,
      46.03562927246094,
      21.497211456298828,
      43.470882415771484
    ],
    [
      5.691110610961914,
      23.96367835998535,
      9.837030410766602,
      14.820670127868652,
      18.914459228515625,
      20.319530487060547,
      24.459402084350586,
      21.40387725830078,
      31.714679718017578,
      29.070556640625,
      38.57147216796875,
      33.53926086425781,
      61.12031173706055,
      46.014129638671875,
      52.54774856567383,
      46.94620132446289,
      49.56727600097656,
      44.95536804199219
    ],
    [
      5.233143329620361,
      36.979087829589844,
      11.341552734375,
      23.059886932373047,
      21.277568817138672,
      28.665361404418945,
      30.283187866210938,
      32.029605865478516,
      37.56064987182617,
      44.167724609375,
      40.997928619384766,
      50.96406173706055,
      46.014129638671875,
      66.89984130859375,
      34.85267639160156,
      66.1380844116211,
      45.282344818115234,
      66.73905944824219
    ],
    [
      4.392109394073486,
      14.421984672546387,
      12.179617881774902,
      11.764384269714355,
      20.420154571533203,
      16.5252628326416,
      20.331087112426758,
      14.240737915039062,
      18.14842414855957,
      9.176570892333984,
      25.43907928466797,
      16.074113845825195,
      52.54774856567383,
      34.85267639160156,
      72.72718048095703,
      46.53935241699219,
      62.907501220703125,
      47.058433532714844
    ],
    [
      5.178879261016846,
      32.2943229675293,
      13.008737564086914,
      22.46800994873047,
      21.854150772094727,
      27.58475112915039,
      29.329893112182617,
      30.393400192260742,
      33.96078872680664,
      39.072425842285156,
      36.83509063720703,
      46.03562927246094,
      46.94620132446289,
      66.1380844116211,
      46.53935241699219,
      84.68487548828125,
      63.77780532836914,
      90.2419204711914
    ],
    [
      5.186826229095459,
      16.568317413330078,
      11.289477348327637,
      14.575761795043945,
      19.400514602661133,
      17.965938568115234,
      20.30021858215332,
      18.30206871032715,
      17.136491775512695,
      14.216859817504883,
      22.68803596496582,
      21.497211456298828,
      49.56727600097656,
      45.282344818115234,
      62.907501220703125,
      63.77780532836914,
      81.385009765625,
      78.03575134277344
    ],
    [
      4.1049909591674805,
      29.983112335205078,
      13.692466735839844,
      22.69647979736328,
      20.60418128967285,
      25.393712997436523,
      26.53730010986328,
      28.225461959838867,
      30.917346954345703,
      36.8100700378418,
      32.69959259033203,
      43.470882415771484,
      44.95536804199219,
      66.73905944824219,
      47.058433532714844,
      90.2419204711914,
      78.03575134277344,
      121.51754760742188
    ]
  ],
  "damage": -3.3799171447753906,
  "diff_bandwidth": 654.61279296875,
  "dissonance": 7.350963496913446,
  "drr": 13.783737182617188,
  "dynamics": 3.272552728652954,
  "format": 65538,
  "frames": 8723196,
  "freq_pan_to_db": [
    [
      -26.9195499420166,
      -24.753158569335938,
      -17.660171508789062,
      -12.816118240356445,
      -11.548249244689941,
      -11.91710376739502,
      -13.130793571472168,
      -16.125438690185547,
      -19.021560668945312,
      -25.29889488220215,
      -30.50568962097168
    ],
    [
      -13.783583641052246,
      -13.419090270996094,
      -11.573623657226562,
      -10.118025779724121,
      -6.75412654876709,
      -5.523228168487549,
      -7.338942527770996,
      -10.397892951965332,
      -13.391215324401855,
      -15.090993881225586,
      -15.901047706604004
    ],
    [
      -9.376306533813477,
      -9.256360054016113,
      -9.03287410736084,
      -8.791421890258789,
      -8.706618309020996,
      -8.31515884399414,
      -8.472251892089844,
      -9.015020370483398,
      -9.553095817565918,
      -9.997892379760742,
      -9.627429962158203
    ],
    [
      -12.013385772705078,
      -10.682482719421387,
      -11.073090553283691,
      -11.462862968444824,
      -11.8148193359375,
      -12.142997741699219,
      -12.238290786743164,
      -12.11348819732666,
      -12.40046215057373,
      -12.272146224975586,
      -11.889512062072754
    ],
    [
      -12.129053115844727,
      -12.016364097595215,
      -12.02659797668457,
      -12.385600090026855,
      -13.04680347442627,
      -13.280580520629883,
      -12.852983474731445,
      -12.281160354614258,
      -12.103452682495117,
      -12.437507629394531,
      -12.34395980834961
    ],
    [
      -11.754488945007324,
      -11.504480361938477,
      -11.013480186462402,
      -10.708569526672363,
      -10.535597801208496,
      -10.437952041625977,
      -10.607436180114746,
      -10.847463607788086,
      -11.875748634338379,
      -12.304388999938965,
      -12.885237693786621
    ],
    [
      -12.641129493713379,
      -12.143964767456055,
      -11.197224617004395,
      -10.467581748962402,
      -10.410931587219238,
      -10.789908409118652,
      -10.854571342468262,
      -11.161199569702148,
      -11.667854309082031,
      -12.704187393188477,
      -13.48633098602295
    ],
    [
      -13.420450210571289,
      -13.495824813842773,
      -13.033343315124512,
      -12.624775886535645,
      -11.177267074584961,
      -10.021225929260254,
      -11.330975532531738,
      -12.455621719360352,
      -13.465149879455566,
      -13.040210723876953,
      -11.84194278717041
    ],
    [
      -15.399903297424316,
      -14.370819091796875,
      -13.888466835021973,
      -12.89575481414795,
      -11.955228805541992,
      -11.743147850036621,
      -12.68392562866211,
      -13.994959831237793,
      -14.608420372009277,
      -14.52938175201416,
      -13.379613876342773
    ],
    [
      -13.421415328979492,
      -12.551180839538574,
      -14.13149356842041,
      -13.183834075927734,
      -12.526657104492188,
      -12.12250804901123,
      -12.268536567687988,
      -13.215916633605957,
      -13.360834121704102,
      -13.712746620178223,
      -12.472749710083008
    ],
    [
      -12.934292793273926,
      -13.612092018127441,
      -14.940168380737305,
      -15.1932373046875,
      -14.377813339233398,
      -12.660300254821777,
      -13.266029357910156,
      -14.361940383911133,
      -14.55844783782959,
      -14.604015350341797,
      -14.11811637878418
    ],
    [
      -15.124021530151367,
      -17.748319625854492,
      -17.728797912597656,
      -16.42061996459961,
      -15.411242485046387,
      -14.04019546508789,
      -16.228626251220703,
      -18.018863677978516,
      -17.328882217407227,
      -17.208951950073242,
      -16.779129028320312
    ],
    [
      -18.311519622802734,
      -19.56568717956543,
      -20.454322814941406,
      -17.6494083404541,
      -16.11807632446289,
      -14.273019790649414,
      -17.0909481048584,
      -18.217479705810547,
      -18.785682678222656,
      -19.592967987060547,
      -20.41301155090332
    ],
    [
      -17.094018936157227,
      -19.546175003051758,
      -19.05914306640625,
      -16.27416229248047,
      -14.823183059692383,
      -14.239585876464844,
      -17.627702713012695,
      -19.496891021728516,
      -20.432064056396484,
      -18.458589553833008,
      -18.436870574951172
    ],
    [
      -15.114248275756836,
      -18.418418884277344,
      -19.642574310302734,
      -19.75588607788086,
      -18.79755973815918,
      -15.022733688354492,
      -17.75662612915039,
      -21.34308624267578,
      -20.95172691345215,
      -20.94586181640625,
      -19.406654357910156
    ],
    [
      -17.869441986083984,
      -20.739912033081055,
      -21.60376739501953,
      -22.13825798034668,
      -19.09748649597168,
      -16.06163215637207,
      -18.42842674255371,
      -21.28602409362793,
      -21.62302017211914,
      -21.302431106567383,
      -20.805936813354492
    ],
    [
      -18.879167556762695,
      -20.868316650390625,
      -24.165849685668945,
      -22.91683006286621,
      -19.79599380493164,
      -19.128313064575195,
      -22.258827209472656,
      -23.71242904663086,
      -21.8789119720459,
      -20.356447219848633,
      -19.719778060913086
    ],
    [
      -19.623374938964844,
      -19.768545150756836,
      -22.857608795166016,
      -24.469694137573242,
      -22.51661491394043,
      -19.36981201171875,
      -22.658357620239258,
      -23.38680076599121,
      -22.083158493041992,
      -20.440505981445312,
      -19.380273818969727
    ],
    [
      -20.88058090209961,
      -21.25088882446289,
      -22.976028442382812,
      -25.336336135864258,
      -21.753421783447266,
      -19.942184448242188,
      -22.894052505493164,
      -23.162031173706055,
      -20.76549530029297,
      -22.308015823364258,
      -22.35114288330078
    ],
    [
      -16.57124137878418,
      -18.756906509399414,
      -19.452808380126953,
      -19.77759552001953,
      -18.815217971801758,
      -18.94646644592285,
      -19.86529541015625,
      -19.077898025512695,
      -19.97348976135254,
      -20.463037490844727,
      -23.632204055786133
    ],
    [
      -17.5277099609375,
      -18.240203857421875,
      -17.33636474609375,
      -18.841150283813477,
      -19.284692764282227,
      -19.588855743408203,
      -18.757097244262695,
      -18.896467208862305,
      -19.16706657409668,
      -19.15192222595215,
      -21.147157669067383
    ],
    [
      -15.535451889038086,
      -19.009340286254883,
      -19.824905395507812,
      -19.201248168945312,
      -19.235952377319336,
      -21.04400634765625,
      -19.560422897338867,
      -19.358192443847656,
      -19.801923751831055,
      -18.962282180786133,
      -14.097516059875488
    ],
    [
      -15.279303550720215,
      -18.82263946533203,
      -19.97754669189453,
      -21.103696823120117,
      -18.930330276489258,
      -20.240116119384766,
      -19.82192611694336,
      -20.85434341430664,
      -19.854148864746094,
      -19.45943832397461,
      -13.662827491760254
    ],
    [
      -16.94947624206543,
      -20.33565330505371,
      -21.492652893066406,
      -21.16633415222168,
      -20.995708465576172,
      -20.50661277770996,
      -20.711963653564453,
      -22.608118057250977,
      -22.36324119567871,
      -21.861492156982422,
      -21.094268798828125
    ],
    [
      -25.016456604003906,
      -26.045421600341797,
      -25.017282485961914,
      -23.218318939208984,
      -21.278902053833008,
      -20.462383270263672,
      -21.177734375,
      -22.936603546142578,
      -25.065061569213867,
      -26.802064895629883,
      -27.994426727294922
    ],
    [
      -20.00823402404785,
      -27.50090217590332,
      -27.131359100341797,
      -26.675920486450195,
      -25.271413803100586,
      -24.517288208007812,
      -24.621131896972656,
      -25.985206604003906,
      -27.616418838500977,
      -28.082622528076172,
      -32.95021057128906
    ],
    [
      -22.803977966308594,
      -25.83475685119629,
      -25.733518600463867,
      -26.655309677124023,
      -25.70101547241211,
      -24.89885711669922,
      -24.671550750732422,
      -26.25127410888672,
      -25.669994354248047,
      -24.86617088317871,
      -22.647178649902344
    ],
    [
      -29.70488166809082,
      -30.248064041137695,
      -30.234453201293945,
      -29.541763305664062,
      -28.667707443237305,
      -27.659076690673828,
      -28.66640281677246,
      -29.755311965942383,
      -30.281404495239258,
      -30.091537475585938,
      -35.3039436340332
    ],
    [
      -41.7640495300293,
      -33.06886672973633,
      -33.44052505493164,
      -33.682708740234375,
      -33.31243896484375,
      -30.77140235900879,
      -33.44635772705078,
      -33.375701904296875,
      -33.11623764038086,
      -34.290931701660156,
      -38.898040771484375
    ],
    [
      -32.338844299316406,
      -34.897552490234375,
      -34.837886810302734,
      -34.79420852661133,
      -34.709075927734375,
      -28.667428970336914,
      -34.625083923339844,
      -34.743778228759766,
      -35.05452346801758,
      -35.23371887207031,
      -35.927833557128906
    ],
    [
      -61.81874084472656,
      -33.04647445678711,
      -35.1208610534668,
      -35.85757827758789,
      -35.59744644165039,
      -28.086950302124023,
      -35.97180938720703,
      -35.88396453857422,
      -35.77908706665039,
      -34.45486831665039,
      -39.51530838012695
    ],
    [
      -40.87767791748047,
      -34.12828826904297,
      -35.982444763183594,
      -36.82590866088867,
      -36.800819396972656,
      -30.74104881286621,
      -37.05533981323242,
      -37.37710952758789,
      -37.28514099121094,
      -33.951839447021484,
      -120.71577453613281
    ],
    [
      -43.33994674682617,
      -38.4595947265625,
      -36.19277572631836,
      -37.400455474853516,
      -37.94551467895508,
      -32.573158264160156,
      -38.09461975097656,
      -38.00448989868164,
      -38.67987823486328,
      -41.24049758911133,
      -52.078975677490234
    ],
    [
      -50.20075225830078,
      -38.6204833984375,
      -35.84442138671875,
      -37.15298843383789,
      -37.16399383544922,
      -32.84870147705078,
      -38.3602180480957,
      -39.012420654296875,
      -37.61960220336914,
      -47.211978912353516,
      -120.06208801269531
    ],
    [
      -370,
      -35.05712127685547,
      -36.11222457885742,
      -37.69581985473633,
      -37.43422317504883,
      -31.629322052001953,
      -36.82759475708008,
      -37.742130279541016,
      -37.94944763183594,
      -36.186004638671875,
      -39.418060302734375
    ],
    [
      -41.63623046875,
      -33.063724517822266,
      -34.83330154418945,
      -39.75904846191406,
      -40.5103645324707,
      -34.197914123535156,
      -37.72861099243164,
      -36.732173919677734,
      -36.01713943481445,
      -34.256526947021484,
      -121.22381591796875
    ],
    [
      -29.487812042236328,
      -32.75339126586914,
      -37.08336639404297,
      -39.96442413330078,
      -41.72151565551758,
      -38.01530456542969,
      -40.018035888671875,
      -39.218910217285156,
      -39.139591217041016,
      -38.764442443847656,
      -120.15750885009766
    ],
    [
      -29.576431274414062,
      -30.83846092224121,
      -37.73508071899414,
      -41.46147537231445,
      -42.8375129699707,
      -41.098915100097656,
      -41.09733581542969,
      -41.195579528808594,
      -41.78310775756836,
      -43.16973876953125,
      -115.89886474609375
    ],
    [
      -32.85458755493164,
      -37.33235168457031,
      -37.83369445800781,
      -43.76249313354492,
      -43.30865478515625,
      -42.857704162597656,
      -41.24869918823242,
      -40.38321304321289,
      -41.656551361083984,
      -40.51590347290039,
      -42.69827651977539
    ],
    [
      -34.527549743652344,
      -36.38068771362305,
      -39.34871292114258,
      -44.39890670776367,
      -45.491336822509766,
      -45.53848648071289,
      -41.499847412109375,
      -39.69129180908203,
      -38.936519622802734,
      -39.17420959472656,
      -59.931419372558594
    ],
    [
      -370,
      -35.98540115356445,
      -39.98062515258789,
      -44.74146270751953,
      -47.53739929199219,
      -48.87657928466797,
      -43.51835632324219,
      -41.98918151855469,
      -41.17730712890625,
      -46.22416687011719,
      -44.57902145385742
    ],
    [
      -61.79963684082031,
      -40.81803512573242,
      -40.61688995361328,
      -45.369140625,
      -50.3881721496582,
      -52.15824890136719,
      -45.87208557128906,
      -41.7917366027832,
      -39.80393600463867,
      -44.030555725097656,
      -49.99747085571289
    ]
  ],
  "histogram": [
    {
      "db": -70,
      "frequency": 0
    },
    {
      "db": -69,
      "frequency": 1
    },
    {
      "db": -68,
      "frequency": 0
    },
    {
      "db": -67,
      "frequency": 0
    },
    {
      "db": -66,
      "frequency": 1
    },
    {
      "db": -65,
      "frequency": 0
    },
    {
      "db": -64,
      "frequency": 1
    },
    {
      "db": -63,
      "frequency": 0
    },
    {
      "db": -62,
      "frequency": 1
    },
    {
      "db": -61,
      "frequency": 1
    },
    {
      "db": -60,
      "frequency": 0
    },
    {
      "db": -59,
      "frequency": 0
    },
    {
      "db": -58,
      "frequency": 1
    },
    {
      "db": -57,
      "frequency": 0
    },
    {
      "db": -56,
      "frequency": 1
    },
    {
      "db": -55,
      "frequency": 1
    },
    {
      "db": -54,
      "frequency": 1
    },
    {
      "db": -53,
      "frequency": 1
    },
    {
      "db": -52,
      "frequency": 2
    },
    {
      "db": -51,
      "frequency": 1
    },
    {
      "db": -50,
      "frequency": 1
    },
    {
      "db": -49,
      "frequency": 0
    },
    {
      "db": -48,
      "frequency": 1
    },
    {
      "db": -47,
      "frequency": 2
    },
    {
      "db": -46,
      "frequency": 1
    },
    {
      "db": -45,
      "frequency": 2
    },
    {
      "db": -44,
      "frequency": 1
    },
    {
      "db": -43,
      "frequency": 0
    },
    {
      "db": -42,
      "frequency": 1
    },
    {
      "db": -41,
      "frequency": 3
    },
    {
      "db": -40,
      "frequency": 3
    },
    {
      "db": -39,
      "frequency": 2
    },
    {
      "db": -38,
      "frequency": 2
    },
    {
      "db": -37,
      "frequency": 1
    },
    {
      "db": -36,
      "frequency": 3
    },
    {
      "db": -35,
      "frequency": 2
    },
    {
      "db": -34,
      "frequency": 1
    },
    {
      "db": -33,
      "frequency": 6
    },
    {
      "db": -32,
      "frequency": 3
    },
    {
      "db": -31,
      "frequency": 1
    },
    {
      "db": -30,
      "frequency": 2
    },
    {
      "db": -29,
      "frequency": 6
    },
    {
      "db": -28,
      "frequency": 3
    },
    {
      "db": -27,
      "frequency": 6
    },
    {
      "db": -26,
      "frequency": 7
    },
    {
      "db": -25,
      "frequency": 8
    },
    {
      "db": -24,
      "frequency": 7
    },
    {
      "db": -23,
      "frequency": 4
    },
    {
      "db": -22,
      "frequency": 6
    },
    {
      "db": -21,
      "frequency": 3
    },
    {
      "db": -20,
      "frequency": 6
    },
    {
      "db": -19,
      "frequency": 4
    },
    {
      "db": -18,
      "frequency": 12
    },
    {
      "db": -17,
      "frequency": 4
    },
    {
      "db": -16,
      "frequency": 22
    },
    {
      "db": -15,
      "frequency": 29
    },
    {
      "db": -14,
      "frequency": 42
    },
    {
      "db": -13,
      "frequency": 73
    },
    {
      "db": -12,
      "frequency": 128
    },
    {
      "db": -11,
      "frequency": 214
    },
    {
      "db": -10,
      "frequency": 235
    },
    {
      "db": -9,
      "frequency": 230
    },
    {
      "db": -8,
      "frequency": 198
    },
    {
      "db": -7,
      "frequency": 158
    },
    {
      "db": -6,
      "frequency": 226
    },
    {
      "db": -5,
      "frequency": 199
    },
    {
      "db": -4,
      "frequency": 76
    },
    {
      "db": -3,
      "frequency": 8
    },
    {
      "db": -2,
      "frequency": 0
    },
    {
      "db": -1,
      "frequency": 0
    },
    {
      "db": 0,
      "frequency": 0
    },
    {
      "db": 1,
      "frequency": 0
    },
    {
      "db": 2,
      "frequency": 0
    },
    {
      "db": 3,
      "frequency": 0
    },
    {
