{
  "acoustic_entropy": 204.55995178222656,
  "bands": [
    {
      "high_freq": 148.1999969482422,
      "loudness": -19.808502197265625,
      "loudness_range": 8.985902786254883,
      "mid_mean": -16.221467971801758,
      "mid_to_side_loudness": -19.902193069458008,
      "mid_to_side_loudness_range": 23.589881896972656,
      "side_mean": -37.00399398803711
    },
    {
      "high_freq": 392.3793640136719,
      "loudness": -20.604028701782227,
      "loudness_range": 11.005864143371582,
      "low_freq": 148.1999969482422,
      "mid_mean": -18.068443298339844,
      "mid_to_side_loudness": -6.5120930671691895,
      "mid_to_side_loudness_range": 13.408576011657715,
      "side_mean": -24.74376678466797
    },
    {
      "high_freq": 794.6976318359375,
      "loudness": -22.865507125854492,
      "loudness_range": 15.89393424987793,
      "low_freq": 392.3793640136719,
      "mid_mean": -20.3111629486084,
      "mid_to_side_loudness": -6.499029159545898,
      "mid_to_side_loudness_range": 10.469137191772461,
      "side_mean": -26.779659271240234
    },
    {
      "high_freq": 1457.5709228515625,
      "loudness": -27.49613380432129,
      "loudness_range": 20.818960189819336,
      "low_freq": 794.6976318359375,
      "mid_mean": -25.16309356689453,
      "mid_to_side_loudness": -5.506980895996094,
      "mid_to_side_loudness_range": 11.043054580688477,
      "side_mean": -30.694183349609375
    },
    {
      "high_freq": 2549.74365234375,
      "loudness": -27.127456665039062,
      "loudness_range": 24.432371139526367,
      "low_freq": 1457.5709228515625,
      "mid_mean": -24.52164077758789,
      "mid_to_side_loudness": -6.239490985870361,
      "mid_to_side_loudness_range": 10.931051254272461,
      "side_mean": -30.93634033203125
    },
    {
      "high_freq": 4349.24462890625,
      "loudness": -28.67570686340332,
      "loudness_range": 22.28756332397461,
      "low_freq": 2549.74365234375,
      "mid_mean": -26.004209518432617,
      "mid_to_side_loudness": -6.546842575073242,
      "mid_to_side_loudness_range": 10.147001266479492,
      "side_mean": -32.710479736328125
    },
    {
      "high_freq": 7314.1640625,
      "loudness": -33.39530944824219,
      "loudness_range": 18.676029205322266,
      "low_freq": 4349.24462890625,
      "mid_mean": -31.168561935424805,
      "mid_to_side_loudness": -5.205475807189941,
      "mid_to_side_loudness_range": 11.571197509765625,
      "side_mean": -36.53418731689453
    },
    {
      "high_freq": 12199.2666015625,
      "loudness": -35.14577102661133,
      "loudness_range": 17.10946273803711,
      "low_freq": 7314.1640625,
      "mid_mean": -32.851478576660156,
      "mid_to_side_loudness": -5.756231307983398,
      "mid_to_side_loudness_range": 13.457841873168945,
      "side_mean": -38.99602508544922
    },
    {
      "loudness": -42.972415924072266,
      "loudness_range": 16.755817413330078,
      "low_freq": 12199.2666015625,
      "mid_mean": -41.128787994384766,
      "mid_to_side_loudness": -3.820815324783325,
      "mid_to_side_loudness_range": 8.245794296264648,
      "side_mean": -45.13324737548828
    }
  ],
  "bands_short": [
    {
      "high_freq": 148.1999969482422,
      "loudness": -22.00779151916504,
      "loudness_range": 16.36209487915039,
      "mid_mean": -18.407827377319336,
      "mid_to_side_loudness": -24.93656349182129,
      "mid_to_side_loudness_range": 33.84333419799805,
      "side_mean": -46.36813735961914
    },
    {
      "high_freq": 392.3793640136719,
      "loudness": -20.525697708129883,
      "loudness_range": 13.364692687988281,
      "low_freq": 148.1999969482422,
      "mid_mean": -18.060684204101562,
      "mid_to_side_loudness": -7.655021667480469,
      "mid_to_side_loudness_range": 18.782339096069336,
      "side_mean": -25.898895263671875
    },
    {
      "high_freq": 794.6976318359375,
      "loudness": -23.899808883666992,
      "loudness_range": 19.126256942749023,
      "low_freq": 392.3793640136719,
      "mid_mean": -21.611772537231445,
      "mid_to_side_loudness": -6.034444332122803,
      "mid_to_side_loudness_range": 14.057960510253906,
      "side_mean": -27.667583465576172
    },
    {
      "high_freq": 1457.5709228515625,
      "loudness": -27.58576202392578,
      "loudness_range": 22.90367889404297,
      "low_freq": 794.6976318359375,
      "mid_mean": -25.253721237182617,
      "mid_to_side_loudness": -5.808598518371582,
      "mid_to_side_loudness_range": 13.134876251220703,
      "side_mean": -31.155231475830078
    },
    {
      "high_freq": 2549.74365234375,
      "loudness": -28.02899169921875,
      "loudness_range": 26.484947204589844,
      "low_freq": 1457.5709228515625,
      "mid_mean": -25.72032928466797,
      "mid_to_side_loudness": -5.787278175354004,
      "mid_to_side_loudness_range": 14.657593727111816,
      "side_mean": -31.8022518157959
    },
    {
      "high_freq": 4349.24462890625,
      "loudness": -29.56682014465332,
      "loudness_range": 25.01568603515625,
      "low_freq": 2549.74365234375,
      "mid_mean": -27.158531188964844,
      "mid_to_side_loudness": -6.084081172943115,
      "mid_to_side_loudness_range": 13.786518096923828,
      "side_mean": -33.52510452270508
    },
    {
      "high_freq": 7314.1640625,
      "loudness": -35.30420684814453,
      "loudness_range": 21.71299934387207,
      "low_freq": 4349.24462890625,
      "mid_mean": -33.19384765625,
      "mid_to_side_loudness": -4.879217147827148,
      "mid_to_side_loudness_range": 12.161128044128418,
      "side_mean": -38.6140251159668
    },
    {
      "high_freq": 12199.2666015625,
      "loudness": -37.96849060058594,
      "loudness_range": 23.12999725341797,
      "low_freq": 7314.1640625,
      "mid_mean": -35.79372787475586,
      "mid_to_side_loudness": -6.1521196365356445,
      "mid_to_side_loudness_range": 16.93003273010254,
      "side_mean": -42.959022521972656
    },
    {
      "loudness": -47.83005905151367,
      "loudness_range": 27.494342803955078,
      "low_freq": 12199.2666015625,
      "mid_mean": -45.6125373840332,
      "mid_to_side_loudness": -5.8510332107543945,
      "mid_to_side_loudness_range": 15.49974536895752,
      "side_mean": -52.4681510925293
    }
  ],
  "bandwidth": 580.6871337890625,
  "channels": 2,
  "covariance": [
    [
      18.435779571533203,
      16.076007843017578,
      8.258255004882812,
      8.445897102355957,
      9.076921463012695,
      9.206286430358887,
      9.762755393981934,
      8.919710159301758,
      6.488797187805176,
      5.3307085037231445,
      6.063685894012451,
      5.906702995300293,
      8.002424240112305,
      7.498035907745361,
      6.513996124267578,
      7.325564384460449,
      7.159101963043213,
      6.8798604011535645
    ],
    [
      16.076007843017578,
      78.66224670410156,
      11.652790069580078,
      25.8502140045166,
      18.332733154296875,
      25.93851661682129,
      30.336706161499023,
      28.309894561767578,
      28.256580352783203,
      32.12614440917969,
      26.49338150024414,
      32.21458435058594,
      15.80982494354248,
      24.177600860595703,
      7.2230048179626465,
      18.051673889160156,
      9.871291160583496,
      14.229507446289062
    ],
    [
      8.258255004882812,
      11.652790069580078,
      20.056297302246094,
      15.184419631958008,
      15.645561218261719,
      12.948647499084473,
      15.201111793518066,
      11.457293510437012,
      13.026640892028809,
      9.639199256896973,
      12.842910766601562,
      11.28050708770752,
      9.53784465789795,
      9.310617446899414,
      9.636018753051758,
      8.681657791137695,
      7.833112716674805,
      6.701008319854736
    ],
    [
      8.445897102355957,
      25.8502140045166,
      15.184419631958008,
      32.808738708496094,
      16.92432403564453,
      20.903623580932617,
      20.679931640625,
      22.420700073242188,
      18.116256713867188,
      20.614070892333984,
      17.17234992980957,
      19.796215057373047,
      10.28006362915039,
      15.934176445007324,
      7.693572521209717,
      15.03404712677002,
      10.958041191101074,
      14.463936805725098
    ],
    [
      9.076921463012695,
      18.332733154296875,
      15.645561218261719,
      16.92432403564453,
      34.457035064697266,
      27.019062042236328,
      32.97476577758789,
      25.169025421142578,
      28.570905685424805,
      21.414390563964844,
      25.221778869628906,
      21.23261260986328,
      14.45421314239502,
      15.611570358276367,
      13.376633644104004,
      13.734302520751953,
      11.77293872833252,
      10.354541778564453
    ],
    [
      9.206286430358887,
      25.93851661682129,
      12.948647499084473,
      20.903623580932617,
      27.019062042236328,
      35.37717819213867,
      31.379602432250977,
      30.323362350463867,
      26.83057975769043,
      29.044837951660156,
      25.708724975585938,
      28.741090774536133,
      14.5885009765625,
      20.535545349121094,
      11.087702751159668,
      16.70690155029297,
      10.612409591674805,
      11.824898719787598
    ],
    [
      9.762755393981934,
      30.336706161499023,
      15.201111793518066,
      20.679931640625,
      32.97476577758789,
      31.379602432250977,
      56.6544189453125,
      40.66522979736328,
      45.91714859008789,
      41.28487777709961,
      39.321075439453125,
      36.64198303222656,
      15.944595336914062,
      22.446134567260742,
      10.418490409851074,
      18.084165573120117,
      12.265095710754395,
      13.849837303161621
    ],
    [
      8.919710159301758,
      28.309894561767578,
      11.457293510437012,
      22.420700073242188,
      25.169025421142578,
      30.323362350463867,
      40.66522979736328,
      41.139068603515625,
      34.196746826171875,
      38.05341720581055,
      31.44341278076172,
      34.79219436645508,
      14.40630054473877,
      23.09585952758789,
      7.868743896484375,
      19.115060806274414,
      11.715289115905762,
      15.635591506958008
    ],
    [
      6.488797187805176,
      28.256580352783203,
      13.026640892028809,
      18.116256713867188,
      28.570905685424805,
      26.83057975769043,
      45.91714859008789,
      34.196746826171875,
      74.99272918701172,
      67.47219848632812,
      61.84772491455078,
      54.629920959472656,
      17.001190185546875,
      24.05119514465332,
      6.612901210784912,
      17.53607940673828,
      8.193168640136719,
      12.53722858428955
    ],
    [
      5.3307085037231445,
      32.12614440917969,
      9.639199256896973,
      20.614070892333984,
      21.414390563964844,
      29.044837951660156,
      41.28487777709961,
      38.05341720581055,
      67.47219848632812,
      76.16362762451172,
      58.149696350097656,
      61.238075256347656,
      15.413759231567383,
      28.269670486450195,
      1.6369836330413818,
      20.189668655395508,
      6.865210056304932,
      14.586979866027832
    ],
    [
      6.063685894012451,
      26.49338150024414,
      12.842910766601562,
      17.17234992980957,
      25.221778869628906,
      25.708724975585938,
      39.321075439453125,
      31.44341278076172,
      61.84772491455078,
      58.149696350097656,
      62.36170196533203,
      53.71800231933594,
      21.651981353759766,
      25.766324996948242,
      10.622188568115234,
      18.569250106811523,
      10.200522422790527,
      12.316969871520996
    ],
    [
      5.906702995300293,
      32.21458435058594,
      11.28050708770752,
      19.796215057373047,
      21.23261260986328,
      28.741090774536133,
      36.64198303222656,
      34.79219436645508,
      54.629920959472656,
      61.238075256347656,
      53.71800231933594,
      59.343894958496094,
      19.377485275268555,
      31.441184997558594,
      5.88909912109375,
      22.67674446105957,
      10.08275032043457,
      15.641392707824707
    ],
    [
      8.002424240112305,
      15.80982494354248,
      9.53784465789795,
      10.28006362915039,
      14.45421314239502,
      14.5885009765625,
      15.944595336914062,
      14.40630054473877,
      17.001190185546875,
      15.413759231567383,
      21.651981353759766,
      19.377485275268555,
      44.99980163574219,
      28.99050521850586,
      34.292598724365234,
      24.784605026245117,
      26.91813850402832,
      18.727245330810547
    ],
    [
      7.498035907745361,
      24.177600860595703,
      9.310617446899414,
      15.934176445007324,
      15.611570358276367,
      20.535545349121094,
      22.446134567260742,
      23.09585952758789,
      24.05119514465332,
      28.269670486450195,
      25.766324996948242,
      31.441184997558594,
      28.99050521850586,
      36.49728012084961,
      18.941776275634766,
      31.84856605529785,
      24.10818099975586,
      28.712514877319336
    ],
    [
      6.513996124267578,
      7.2230048179626465,
      9.636018753051758,
      7.693572521209717,
      13.376633644104004,
      11.087702751159668,
      10.418490409851074,
      7.868743896484375,
      6.612901210784912,
      1.6369836330413818,
      10.622188568115234,
      5.88909912109375,
      34.292598724365234,
      18.941776275634766,
      40.37558364868164,
      21.763755798339844,
      28.593833923339844,
      18.0775146484375
    ],
    [
      7.325564384460449,
      18.051673889160156,
      8.681657791137695,
      15.03404712677002,
      13.734302520751953,
      16.70690155029297,
      18.084165573120117,
      19.115060806274414,
      17.53607940673828,
      20.189668655395508,
      18.569250106811523,
      22.67674446105957,
      24.784605026245117,
      31.84856605529785,
      21.763755798339844,
      35.99882125854492,
      30.01981544494629,
      38.430328369140625
    ],
    [
      7.159101963043213,
      9.871291160583496,
      7.833112716674805,
      10.958041191101074,
      11.77293872833252,
      10.612409591674805,
      12.265095710754395,
      11.715289115905762,
      8.193168640136719,
      6.865210056304932,
      10.200522422790527,
      10.08275032043457,
      26.91813850402832,
      24.10818099975586,
      28.593833923339844,
      30.01981544494629,
      37.94483947753906,
      36.802635192871094
    ],
    [
      6.8798604011535645,
      14.229507446289062,
      6.701008319854736,
      14.463936805725098,
      10.354541778564453,
      11.824898719787598,
      13.849837303161621,
      15.635591506958008,
      12.53722858428955,
      14.586979866027832,
      12.316969871520996,
      15.641392707824707,
      18.727245330810547,
      28.712514877319336,
      18.0775146484375,
      38.430328369140625,
      36.802635192871094,
      57.016231536865234
    ]
  ],
  "covariance_short": [
    [
      45.086360931396484,
      12.93271255493164,
      12.598323822021484,
      8.481684684753418,
      8.195756912231445,
      7.790524005889893,
      8.138120651245117,
      8.331977844238281,
      3.095362663269043,
      2.5601038932800293,
      2.8638792037963867,
      3.8559160232543945,
      7.168753147125244,
      6.82368278503418,
      5.396752834320068,
      6.649785041809082,
      5.856244087219238,
      5.533119201660156
    ],
    [
      12.93271255493164,
      95.66973114013672,
      18.65576171875,
      39.07474899291992,
      25.09728240966797,
      36.65686798095703,
      37.14873504638672,
      37.867191314697266,
      33.15009689331055,
      39.58420944213867,
      34.151607513427734,
      44.333553314208984,
      23.963212966918945,
      37.1147346496582,
      14.809645652770996,
      30.858999252319336,
      17.12485694885254,
      31.095006942749023
    ],
    [
      12.598323822021484,
      18.65576171875,
      30.952329635620117,
      18.660980224609375,
      20.20012092590332,
      16.008020401000977,
      18.20850372314453,
      14.012224197387695,
      16.116897583007812,
      12.625904083251953,
      15.530399322509766,
      14.813668251037598,
      10.690658569335938,
      12.548022270202637,
      12.807476997375488,
      13.808647155761719,
      11.693561553955078,
      14.473079681396484
    ],
    [
      8.481684684753418,
      39.07474899291992,
      18.660980224609375,
      52.623069763183594,
      24.481464385986328,
      34.207244873046875,
      28.4265193939209,
      31.212154388427734,
      22.089914321899414,
      26.740386962890625,
      21.846012115478516,
      27.437206268310547,
      15.130542755126953,
      23.08940887451172,
      12.322797775268555,
      21.52365493774414,
      14.604554176330566,
      22.727672576904297
    ],
    [
      8.195756912231445,
      25.09728240966797,
      20.20012092590332,
      24.481464385986328,
      47.72793960571289,
      35.238990783691406,
      40.8218879699707,
      31.766027450561523,
      35.765724182128906,
      27.326173782348633,
      32.91457748413086,
      28.67767333984375,
      19.61180877685547,
      21.54123306274414,
      21.003883361816406,
      21.305068969726562,
      19.50704574584961,
      20.518230438232422
    ],
    [
      7.790524005889893,
      36.65686798095703,
      16.008020401000977,
      34.207244873046875,
      35.238990783691406,
      52.19196319580078,
      37.34720230102539,
      39.634002685546875,
      30.326053619384766,
      35.49916076660156,
      30.345291137695312,
      36.53684616088867,
      20.785249710083008,
      28.795209884643555,
      17.02128791809082,
      26.380474090576172,
      18.104711532592773,
      25.427024841308594
    ],
    [
      8.138120651245117,
      37.14873504638672,
      18.20850372314453,
      28.4265193939209,
      40.8218879699707,
      37.34720230102539,
      65.66666412353516,
      46.406578063964844,
      52.10533142089844,
      44.968772888183594,
      46.54252624511719,
      41.5243034362793,
      24.54355812072754,
      29.120397567749023,
      20.669221878051758,
      26.699697494506836,
      20.072765350341797,
      25.730104446411133
    ],
    [
      8.331977844238281,
      37.867191314697266,
      14.012224197387695,
      31.212154388427734,
      31.766027450561523,
      39.634002685546875,
      46.406578063964844,
      52.2105827331543,
      37.68525695800781,
      43.837154388427734,
      35.87629699707031,
      41.16866683959961,
      20.93874740600586,
      30.849838256835938,
      14.227213859558105,
      27.659767150878906,
      17.726472854614258,
      27.48757553100586
    ],
    [
      3.095362663269043,
      33.15009689331055,
      16.116897583007812,
      22.089914321899414,
      35.765724182128906,
      30.326053619384766,
      52.10533142089844,
      37.68525695800781,
      88.3305435180664,
      70.83294677734375,
      73.1717300415039,
      60.433326721191406,
      30.38146209716797,
      34.462528228759766,
      19.080902099609375,
      29.45504379272461,
      16.765291213989258,
      28.769197463989258
    ],
    [
      2.5601038932800293,
      39.58420944213867,
      12.625904083251953,
      26.740386962890625,
      27.326173782348633,
      35.49916076660156,
      44.968772888183594,
      43.837154388427734,
      70.83294677734375,
      85.60905456542969,
      63.55398178100586,
      69.23967742919922,
      27.11676597595215,
      40.95948791503906,
      10.013914108276367,
      34.4625129699707,
      13.984288215637207,
      35.13294219970703
    ],
    [
      2.8638792037963867,
      34.151607513427734,
      15.530399322509766,
      21.846012115478516,
      32.91457748413086,
      30.345291137695312,
      46.54252624511719,
      35.87629699707031,
      73.1717300415039,
      63.55398178100586,
      79.69886779785156,
      61.50764846801758,
      37.95734786987305,
      38.95491027832031,
      26.248979568481445,
      33.51338577270508,
      23.017671585083008,
      31.366016387939453
    ],
    [
      3.8559160232543945,
      44.333553314208984,
      14.813668251037598,
      27.437206268310547,
      28.67767333984375,
      36.53684616088867,
      41.5243034362793,
      41.16866683959961,
      60.433326721191406,
      69.23967742919922,
      61.50764846801758,
      73.25314331054688,
      32.21858596801758,
      48.28129196166992,
      16.828336715698242,
      41.740169525146484,
      21.084428787231445,
      41.880184173583984
    ],
    [
      7.168753147125244,
      23.963212966918945,
      10.690658569335938,
      15.130542755126953,
      19.61180877685547,
      20.785249710083008,
      24.54355812072754,
      20.93874740600586,
      30.38146209716797,
      27.11676597595215,
      37.95734786987305,
      32.21858596801758,
      60.848636627197266,
      45.72682189941406,
      52.61050796508789,
      46.695526123046875,
      48.89739227294922,
      44.131141662597656
    ],
    [
      6.82368278503418,
      37.1147346496582,
      12.548022270202637,
      23.08940887451172,
      21.54123306274414,
      28.795209884643555,
      29.120397567749023,
      30.849838256835938,
      34.462528228759766,
      40.95948791503906,
      38.95491027832031,
      48.28129196166992,
      45.72682189941406,
      66.14165496826172,
      35.51603698730469,
      64.36131286621094,
      44.83102798461914,
      66.61383819580078
    ],
    [
      5.396752834320068,
      14.809645652770996,
      12.807476997375488,
      12.322797775268555,
      21.003883361816406,
      17.02128791809082,
      20.669221878051758,
      14.227213859558105,
      19.080902099609375,
      10.013914108276367,
      26.248979568481445,
      16.828336715698242,
      52.61050796508789,
      35.51603698730469,
      71.50830078125,
      47.574092864990234,
      61.636260986328125,
      46.0781364440918
    ],
    [
      6.649785041809082,
      30.858999252319336,
      13.808647155761719,
      21.52365493774414,
      21.305068969726562,
      26.380474090576172,
      26.699697494506836,
      27.659767150878906,
      29.45504379272461,
      34.4625129699707,
      33.51338577270508,
      41.740169525146484,
      46.695526123046875,
      64.36131286621094,
      47.574092864990234,
      81.50157165527344,
      62.30580139160156,
      87.84980773925781
    ],
    [
      5.856244087219238,
      17.12485694885254,
      11.693561553955078,
      14.604554176330566,
      19.50704574584961,
      18.104711532592773,
      20.072765350341797,
      17.726472854614258,
      16.765291213989258,
      13.984288215637207,
      23.017671585083008,
      21.084428787231445,
      48.89739227294922,
      44.83102798461914,
      61.636260986328125,
      62.30580139160156,
      78.79721069335938,
      75.69951629638672
    ],
    [
      5.533119201660156,
      31.095006942749023,
      14.473079681396484,
      22.727672576904297,
      20.518230438232422,
      25.427024841308594,
      25.730104446411133,
      27.48757553100586,
      28.769197463989258,
      35.13294219970703,
      31.366016387939453,
      41.880184173583984,
      44.131141662597656,
      66.61383819580078,
      46.0781364440918,
      87.84980773925781,
      75.69951629638672,
      122.41148376464844
    ]
  ],
  "damage": -5.145666599273682,
  "diff_bandwidth": 678.3148193359375,
  "dissonance": 7.580741661662733,
  "drr": 14.790719985961914,
  "dynamics": 3.3399658203125,
  "format": 65538,
  "frames": 8723196,
  "freq_pan_to_db": [
    [
      -34.8048095703125,
      -34.81729507446289,
      -24.01384925842285,
      -18.90498161315918,
      -13.757262229919434,
      -13.548794746398926,
      -15.733790397644043,
      -21.77252960205078,
      -26.7996768951416,
      -33.444515228271484,
      -36.44491195678711
    ],
    [
      -19.273807525634766,
      -15.952642440795898,
      -14.990145683288574,
      -13.199674606323242,
      -9.632806777954102,
      -7.362182140350342,
      -9.95886516571045,
      -14.533151626586914,
      -16.765426635742188,
      -17.190034866333008,
      -20.118013381958008
    ],
    [
      -12.764256477355957,
      -11.88938045501709,
      -11.05336856842041,
      -10.779838562011719,
      -10.304019927978516,
      -9.951725959777832,
      -10.101520538330078,
      -10.709555625915527,
      -11.289850234985352,
      -12.79124641418457,
      -12.845619201660156
    ],
    [
      -15.63481330871582,
      -13.648808479309082,
      -13.454771995544434,
      -12.838107109069824,
      -13.383411407470703,
      -13.43818187713623,
      -13.877832412719727,
      -14.14564323425293,
      -14.941385269165039,
      -15.268363952636719,
      -15.109167098999023
    ],
    [
      -15.553424835205078,
      -14.856952667236328,
      -14.530755996704102,
      -14.388978958129883,
      -14.958791732788086,
      -15.26683521270752,
      -14.82196044921875,
      -14.552046775817871,
      -14.939325332641602,
      -15.729233741760254,
      -15.661054611206055
    ],
    [
      -15.322571754455566,
      -15.399497985839844,
      -13.754660606384277,
      -13.261061668395996,
      -12.490828514099121,
      -12.392812728881836,
      -12.719767570495605,
      -13.693829536437988,
      -14.624832153320312,
      -15.743306159973145,
      -16.417469024658203
    ],
    [
      -16.467971801757812,
      -16.151094436645508,
      -14.547348022460938,
      -12.991338729858398,
      -12.382854461669922,
      -12.53588581085205,
      -12.943942070007324,
      -13.65194320678711,
      -15.375226020812988,
      -16.441814422607422,
      -16.48910903930664
    ],
    [
      -16.432483673095703,
      -16.48459243774414,
      -16.202810287475586,
      -15.574756622314453,
      -13.859851837158203,
      -11.898536682128906,
      -14.130339622497559,
      -15.645503997802734,
      -15.601418495178223,
      -15.030247688293457,
      -14.957999229431152
    ],
    [
      -18.952411651611328,
      -17.63405990600586,
      -16.780176162719727,
      -15.493573188781738,
      -13.92125129699707,
      -13.39408016204834,
      -14.740006446838379,
      -16.36417007446289,
      -17.038846969604492,
      -16.293649673461914,
      -16.11176872253418
    ],
    [
      -16.31635856628418,
      -14.5302095413208,
      -16.342294692993164,
      -15.851461410522461,
      -14.313897132873535,
      -13.760507583618164,
      -14.262933731079102,
      -15.030845642089844,
      -15.84045696258545,
      -15.750170707702637,
      -14.788871765136719
    ],
    [
      -15.756403923034668,
      -15.59195327758789,
      -17.000905990600586,
      -17.21547508239746,
      -16.33796501159668,
      -14.53150463104248,
      -15.195507049560547,
      -16.160619735717773,
      -16.425519943237305,
      -16.788818359375,
      -16.752687454223633
    ],
    [
      -17.353952407836914,
      -19.477340698242188,
      -19.97331428527832,
      -18.779977798461914,
      -17.496057510375977,
      -15.550000190734863,
      -18.542821884155273,
      -19.650754928588867,
      -18.570499420166016,
      -18.520036697387695,
      -18.799468994140625
    ],
    [
      -20.295228958129883,
      -21.87126350402832,
      -21.844928741455078,
      -19.887405395507812,
      -17.5997371673584,
      -15.704754829406738,
      -18.666196823120117,
      -19.81640625,
      -20.76523780822754,
      -21.968217849731445,
      -23.103010177612305
    ],
    [
      -18.34613609313965,
      -21.1040096282959,
      -19.516368865966797,
      -18.049182891845703,
      -16.211660385131836,
      -15.302072525024414,
      -19.09170150756836,
      -20.570398330688477,
      -22.206905364990234,
      -19.16775131225586,
      -18.11903190612793
    ],
    [
      -17.581321716308594,
      -20.24313735961914,
      -20.82151985168457,
      -20.611629486083984,
      -19.962596893310547,
      -16.052488327026367,
      -18.87162971496582,
      -22.20905876159668,
      -22.12441062927246,
      -21.615951538085938,
      -20.56711769104004
    ],
    [
      -19.821157455444336,
      -21.626798629760742,
      -22.708677291870117,
      -23.4204044342041,
      -20.322006225585938,
      -16.979007720947266,
      -19.505699157714844,
      -22.28265380859375,
      -22.819995880126953,
      -22.554141998291016,
      -22.101205825805664
    ],
    [
      -20.761131286621094,
      -22.24057388305664,
      -24.76608657836914,
      -24.436683654785156,
      -20.836645126342773,
      -19.820497512817383,
      -23.284832000732422,
      -24.619441986083984,
      -22.122642517089844,
      -21.269838333129883,
      -20.42926597595215
    ],
    [
      -20.766338348388672,
      -21.027196884155273,
      -23.782724380493164,
      -25.126453399658203,
      -23.504358291625977,
      -20.06956672668457,
      -23.850486755371094,
      -24.76226043701172,
      -23.047344207763672,
      -21.592945098876953,
      -19.415529251098633
    ],
    [
      -22.745582580566406,
      -22.929433822631836,
      -24.17427635192871,
      -26.476516723632812,
      -22.913557052612305,
      -20.86493682861328,
      -24.213157653808594,
      -24.321062088012695,
      -21.933788299560547,
      -23.79232406616211,
      -23.434106826782227
    ],
    [
      -19.826045989990234,
      -19.910778045654297,
      -20.669160842895508,
      -21.470420837402344,
      -20.24550437927246,
      -20.2266902923584,
      -21.676959991455078,
      -20.885255813598633,
      -21.215059280395508,
      -21.871334075927734,
      -25.23582649230957
    ],
    [
      -18.305849075317383,
      -20.357004165649414,
      -19.297842025756836,
      -20.30633544921875,
      -20.828371047973633,
      -21.200130462646484,
      -19.854520797729492,
      -20.632957458496094,
      -20.957616806030273,
      -20.694486618041992,
      -21.897647857666016
    ],
    [
      -17.204570770263672,
      -20.82547378540039,
      -21.385459899902344,
      -20.905025482177734,
      -21.4680118560791,
      -22.635961532592773,
      -21.404903411865234,
      -21.17940330505371,
      -21.71681022644043,
      -20.524192810058594,
      -15.162603378295898
    ],
    [
      -19.502830505371094,
      -20.647661209106445,
      -21.98295783996582,
      -22.812211990356445,
      -21.093847274780273,
      -22.152223587036133,
      -21.678150177001953,
      -22.763246536254883,
      -21.432912826538086,
      -21.599132537841797,
      -16.475008010864258
    ],
    [
      -18.773914337158203,
      -22.941797256469727,
      -23.364091873168945,
      -23.503232955932617,
      -23.157135009765625,
      -22.715608596801758,
      -22.91307830810547,
      -24.587797164916992,
      -24.55390739440918,
      -23.8881893157959,
      -21.220582962036133
    ],
    [
      -29.86583709716797,
      -28.339128494262695,
      -26.960622787475586,
      -25.860698699951172,
      -23.694442749023438,
      -22.90595054626465,
      -23.25699806213379,
      -25.4502010345459,
      -27.344820022583008,
      -28.760189056396484,
      -28.677061080932617
    ],
    [
      -21.598312377929688,
      -30.018159866333008,
      -29.4819278717041,
      -29.20771026611328,
      -27.86026954650879,
      -26.917001724243164,
      -26.999048233032227,
      -28.096982955932617,
      -29.716588973999023,
      -30.668691635131836,
      -31.338741302490234
    ],
    [
      -25.780649185180664,
      -27.86676025390625,
      -28.218069076538086,
      -28.81859016418457,
      -28.11982536315918,
      -27.262195587158203,
      -26.884767532348633,
      -28.358797073364258,
      -28.270357131958008,
      -27.036209106445312,
      -22.36302375793457
    ],
    [
      -30.899757385253906,
      -31.70839500427246,
      -32.00761032104492,
      -31.197635650634766,
      -30.2985897064209,
      -29.278125762939453,
      -30.756975173950195,
      -31.266508102416992,
      -31.89447784423828,
      -30.679418563842773,
      -34.781002044677734
    ],
    [
      -31.376760482788086,
      -33.202030181884766,
      -33.6788330078125,
      -34.02565002441406,
      -33.74908447265625,
      -31.06009864807129,
      -33.75014114379883,
      -33.736915588378906,
      -33.655426025390625,
      -34.32680130004883,
      -36.53156280517578
    ],
    [
      -33.30778884887695,
      -34.93827819824219,
      -34.38450241088867,
      -34.712867736816406,
      -34.56411361694336,
      -28.607831954956055,
      -34.50489044189453,
      -34.70508575439453,
      -34.790245056152344,
      -33.93807601928711,
      -38.298885345458984
    ],
    [
      -32.79004669189453,
      -33.508262634277344,
      -34.93922424316406,
      -35.469581604003906,
      -35.58444595336914,
      -28.045440673828125,
      -35.75220489501953,
      -35.69843292236328,
      -35.55867385864258,
      -33.74845504760742,
      -34.61088943481445
    ],
    [
      -370,
      -35.180850982666016,
      -35.62485885620117,
      -36.3775520324707,
      -36.67668533325195,
      -30.678525924682617,
      -36.79959487915039,
      -37.0386848449707,
      -36.9173583984375,
      -38.46990203857422,
      -34.42064666748047
    ],
    [
      -42.32280349731445,
      -40.29850769042969,
      -35.69320297241211,
      -36.54520797729492,
      -37.491756439208984,
      -32.26558303833008,
      -37.304630279541016,
      -37.59169387817383,
      -37.900760650634766,
      -37.323585510253906,
      -370
    ],
    [
      -37.949222564697266,
      -35.7335319519043,
      -35.596744537353516,
      -35.905784606933594,
      -36.01485824584961,
      -32.02968978881836,
      -37.09855270385742,
      -37.9692268371582,
      -37.06430435180664,
      -38.8341064453125,
      -51.444095611572266
    ],
    [
      -370,
      -34.171058654785156,
      -34.88669204711914,
      -36.5462532043457,
      -36.63470458984375,
      -30.67129898071289,
      -35.76932907104492,
      -36.56460189819336,
      -37.12531280517578,
      -35.76089859008789,
      -34.22451400756836
    ],
    [
      -370,
      -32.66118240356445,
      -33.45167922973633,
      -38.75376510620117,
      -39.728271484375,
      -33.28571701049805,
      -36.70568084716797,
      -35.502559661865234,
      -35.03374099731445,
      -33.91114044189453,
      -370
    ],
    [
      -33.117008209228516,
      -30.614370346069336,
      -36.1350212097168,
      -39.22289276123047,
      -40.44480514526367,
      -37.108280181884766,
      -38.902652740478516,
      -37.94258117675781,
      -37.631690979003906,
      -38.9501953125,
      -370
    ],
    [
      -27.995447158813477,
      -29.864091873168945,
      -36.69854736328125,
      -41.11305236816406,
      -41.63529968261719,
      -40.160762786865234,
      -40.20370864868164,
      -40.026649475097656,
      -41.454044342041016,
      -39.12692642211914,
      -109.20242309570312
    ],
    [
      -370,
      -32.92307662963867,
      -38.34868240356445,
      -42.522499084472656,
      -42.5609016418457,
      -42.116546630859375,
      -40.3526496887207,
      -39.49987030029297,
      -40.68006896972656,
      -43.43659591674805,
      -370
    ],
    [
      -39.63805389404297,
      -34.74799728393555,
      -39.05801773071289,
      -43.13502502441406,
      -44.77495193481445,
      -44.865318298339844,
      -40.56524658203125,
      -38.830406188964844,
      -38.93339157104492,
      -40.12725830078125,
      -370
    ],
    [
      -370,
      -34.94050979614258,
      -39.569068908691406,
      -43.32124710083008,
      -46.96484375,
      -48.241188049316406,
      -42.83423614501953,
      -41.01853561401367,
      -40.914913177490234,
      -42.25706100463867,
      -40.04596710205078
    ],
    [
      -370,
      -38.80561065673828,
      -40.164825439453125,
      -44.96215057373047,
      -48.435848236083984,
      -52.094940185546875,
      -44.900543212890625,
      -40.72550582885742,
      -38.933265686035156,
      -41.09555435180664,
      -47.189517974853516
    ]
  ],
  "histogram": [
    {
      "db": -70,
      "frequency": 0
    },
    {
      "db": -69,
      "frequency": 0
    },
    {
      "db": -68,
      "frequency": 0
    },
    {
      "db": -67,
      "frequency": 1
    },
    {
      "db": -66,
      "frequency": 0
    },
    {
      "db": -65,
      "frequency": 1
    },
    {
      "db": -64,
      "frequency": 1
    },
    {
      "db": -63,
      "frequency": 0
    },
    {
      "db": -62,
      "frequency": 1
    },
    {
      "db": -61,
      "frequency": 0
    },
    {
      "db": -60,
      "frequency": 0
    },
    {
      "db": -59,
      "frequency": 1
    },
    {
      "db": -58,
      "frequency": 0
    },
    {
      "db": -57,
      "frequency": 0
    },
    {
      "db": -56,
      "frequency": 1
    },
    {
      "db": -55,
      "frequency": 0
    },
    {
      "db": -54,
      "frequency": 2
    },
    {
      "db": -53,
      "frequency": 1
    },
    {
      "db": -52,
      "frequency": 1
    },
    {
      "db": -51,
      "frequency": 2
    },
    {
      "db": -50,
      "frequency": 1
    },
    {
      "db": -49,
      "frequency": 1
    },
    {
      "db": -48,
      "frequency": 0
    },
    {
      "db": -47,
      "frequency": 2
    },
    {
      "db": -46,
      "frequency": 2
    },
    {
      "db": -45,
      "frequency": 0
    },
    {
      "db": -44,
      "frequency": 2
    },
    {
      "db": -43,
      "frequency": 1
    },
    {
      "db": -42,
      "frequency": 1
    },
    {
      "db": -41,
      "frequency": 3
    },
    {
      "db": -40,
      "frequency": 3
    },
    {
      "db": -39,
      "frequency": 3
    },
    {
      "db": -38,
      "frequency": 1
    },
    {
      "db": -37,
      "frequency": 3
    },
    {
      "db": -36,
      "frequency": 2
    },
    {
      "db": -35,
      "frequency": 1
    },
    {
      "db": -34,
      "frequency": 3
    },
    {
      "db": -33,
      "frequency": 6
    },
    {
      "db": -32,
      "frequency": 2
    },
    {
      "db": -31,
      "frequency": 1
    },
    {
      "db": -30,
      "frequency": 6
    },
    {
      "db": -29,
      "frequency": 4
    },
    {
      "db": -28,
      "frequency": 6
    },
    {
      "db": -27,
      "frequency": 8
    },
    {
      "db": -26,
      "frequency": 11
    },
    {
      "db": -25,
      "frequency": 5
    },
    {
      "db": -24,
      "frequency": 6
    },
    {
      "db": -23,
      "frequency": 4
    },
    {
      "db": -22,
      "frequency": 4
    },
    {
      "db": -21,
      "frequency": 4
    },
    {
      "db": -20,
      "frequency": 13
    },
    {
      "db": -19,
      "frequency": 3
    },
    {
      "db": -18,
      "frequency": 18
    },
    {
      "db": -17,
      "frequency": 22
    },
    {
      "db": -16,
      "frequency": 40
    },
    {
      "db": -15,
      "frequency": 71
    },
    {
      "db": -14,
      "frequency": 121
    },
    {
      "db": -13,
      "frequency": 210
    },
    {
      "db": -12,
      "frequency": 212
    },
    {
      "db": -11,
      "frequency": 250
    },
    {
      "db": -10,
      "frequency": 192
    },
    {
      "db": -9,
      "frequency": 152
    },
    {
      "db": -8,
      "frequency": 213
    },
    {
      "db": -7,
      "frequency": 209
    },
    {
      "db": -6,
      "frequency": 87
    },
    {
      "db": -5,
      "frequency": 41
    },
    {
      "db": -4,
      "frequency": 3
    },
    {
      "db": -3,
      "frequency": 0
    },
    {
      "db": -2,
      "frequency": 0
    },
    {
      "db": -1,
      "frequency": 0
    },
    {
      "db": 0,
      "frequency": 0
    },
    {
      "db": 1,
      "frequency": 0
    },
    {
      "db": 2,
      "frequency": 0
    },
    {
      "db": 3,
      "frequency": 0
    },
    {
      "db": 4,
      "frequency": 0
    },
    {
      "db": 5,
      "frequency": 0
    },
    {
