{
  "acoustic_entropy": 198.93128967285156,
  "bands": [
    {
      "high_freq": 148.1999969482422,
      "loudness": -21.662471771240234,
      "loudness_range": 9.369665145874023,
      "mid_mean": -18.200517654418945,
      "mid_to_side_loudness": -16.597944259643555,
      "mid_to_side_loudness_range": 24.382322311401367,
      "side_mean": -35.776973724365234
    },
    {
      "high_freq": 392.3793640136719,
      "loudness": -21.91807746887207,
      "loudness_range": 10.99831771850586,
      "low_freq": 148.1999969482422,
      "mid_mean": -20.229629516601562,
      "mid_to_side_loudness": -3.6711413860321045,
      "mid_to_side_loudness_range": 13.845621109008789,
      "side_mean": -24.03903579711914
    },
    {
      "high_freq": 794.6976318359375,
      "loudness": -24.925457000732422,
      "loudness_range": 16.247962951660156,
      "low_freq": 392.3793640136719,
      "mid_mean": -22.81409454345703,
      "mid_to_side_loudness": -4.756361961364746,
      "mid_to_side_loudness_range": 10.52672290802002,
      "side_mean": -27.585729598999023
    },
    {
      "high_freq": 1457.5709228515625,
      "loudness": -30.559045791625977,
      "loudness_range": 21.636037826538086,
      "low_freq": 794.6976318359375,
      "mid_mean": -28.53774070739746,
      "mid_to_side_loudness": -4.402782440185547,
      "mid_to_side_loudness_range": 11.199195861816406,
      "side_mean": -32.990936279296875
    },
    {
      "high_freq": 2549.74365234375,
      "loudness": -30.012737274169922,
      "loudness_range": 26.402042388916016,
      "low_freq": 1457.5709228515625,
      "mid_mean": -27.55308723449707,
      "mid_to_side_loudness": -5.75972843170166,
      "mid_to_side_loudness_range": 11.137941360473633,
      "side_mean": -33.50136947631836
    },
    {
      "high_freq": 4349.24462890625,
      "loudness": -30.59689712524414,
      "loudness_range": 23.621479034423828,
      "low_freq": 2549.74365234375,
      "mid_mean": -27.87949562072754,
      "mid_to_side_loudness": -6.925501823425293,
      "mid_to_side_loudness_range": 10.880069732666016,
      "side_mean": -34.982051849365234
    },
    {
      "high_freq": 7314.1640625,
      "loudness": -37.42273712158203,
      "loudness_range": 18.721923828125,
      "low_freq": 4349.24462890625,
      "mid_mean": -35.266868591308594,
      "mid_to_side_loudness": -5.100832939147949,
      "mid_to_side_loudness_range": 12.098630905151367,
      "side_mean": -40.55625915527344
    },
    {
      "high_freq": 12199.2666015625,
      "loudness": -40.172061920166016,
      "loudness_range": 17.574806213378906,
      "low_freq": 7314.1640625,
      "mid_mean": -37.99385070800781,
      "mid_to_side_loudness": -5.760319709777832,
      "mid_to_side_loudness_range": 15.457008361816406,
      "side_mean": -44.28055953979492
    },
    {
      "loudness": -47.82304000854492,
      "loudness_range": 17.41876983642578,
      "low_freq": 12199.2666015625,
      "mid_mean": -46.22923278808594,
      "mid_to_side_loudness": -3.2875571250915527,
      "mid_to_side_loudness_range": 8.548951148986816,
      "side_mean": -50.51994705200195
    }
  ],
  "bands_short": [
    {
      "high_freq": 148.1999969482422,
      "loudness": -23.980148315429688,
      "loudness_range": 16.104623794555664,
      "mid_mean": -20.44361114501953,
      "mid_to_side_loudness": -21.503023147583008,
      "mid_to_side_loudness_range": 34.20534896850586,
      "side_mean": -45.14020919799805
    },
    {
      "high_freq": 392.3793640136719,
      "loudness": -21.855321884155273,
      "loudness_range": 13.322272300720215,
      "low_freq": 148.1999969482422,
      "mid_mean": -20.199506759643555,
      "mid_to_side_loudness": -4.691997528076172,
      "mid_to_side_loudness_range": 19.33652687072754,
      "side_mean": -25.103870391845703
    },
    {
      "high_freq": 794.6976318359375,
      "loudness": -25.81781005859375,
      "loudness_range": 19.32076644897461,
      "low_freq": 392.3793640136719,
      "mid_mean": -24.091257095336914,
      "mid_to_side_loudness": -4.191247463226318,
      "mid_to_side_loudness_range": 14.207788467407227,
      "side_mean": -28.292478561401367
    },
    {
      "high_freq": 1457.5709228515625,
      "loudness": -30.585031509399414,
      "loudness_range": 23.615083694458008,
      "low_freq": 794.6976318359375,
      "mid_mean": -28.585594177246094,
      "mid_to_side_loudness": -4.692028045654297,
      "mid_to_side_loudness_range": 13.077661514282227,
      "side_mean": -33.39064407348633
    },
    {
      "high_freq": 2549.74365234375,
      "loudness": -30.930049896240234,
      "loudness_range": 28.48856544494629,
      "low_freq": 1457.5709228515625,
      "mid_mean": -28.77288818359375,
      "mid_to_side_loudness": -5.257562637329102,
      "mid_to_side_loudness_range": 14.812397956848145,
      "side_mean": -34.35215377807617
    },
    {
      "high_freq": 4349.24462890625,
      "loudness": -31.515277862548828,
      "loudness_range": 26.36014747619629,
      "low_freq": 2549.74365234375,
      "mid_mean": -29.016809463500977,
      "mid_to_side_loudness": -6.444645881652832,
      "mid_to_side_loudness_range": 14.345599174499512,
      "side_mean": -35.81349182128906
    },
    {
      "high_freq": 7314.1640625,
      "loudness": -39.338294982910156,
      "loudness_range": 22.009592056274414,
      "low_freq": 4349.24462890625,
      "mid_mean": -37.27443313598633,
      "mid_to_side_loudness": -4.773400783538818,
      "mid_to_side_loudness_range": 12.535630226135254,
      "side_mean": -42.65489196777344
    },
    {
      "high_freq": 12199.2666015625,
      "loudness": -43.00927734375,
      "loudness_range": 23.472858428955078,
      "low_freq": 7314.1640625,
      "mid_mean": -40.95705032348633,
      "mid_to_side_loudness": -6.210528373718262,
      "mid_to_side_loudness_range": 18.41036033630371,
      "side_mean": -48.541908264160156
    },
    {
      "loudness": -52.835811614990234,
      "loudness_range": 27.99329376220703,
      "low_freq": 12199.2666015625,
      "mid_mean": -51.50049591064453,
      "mid_to_side_loudness": -5.4308624267578125,
      "mid_to_side_loudness_range": 16.10831642150879,
      "side_mean": -56.49064254760742
    }
  ],
  "bandwidth": 558.565185546875,
  "channels": 2,
  "covariance": [
    [
      18.4764404296875,
      15.406682014465332,
      8.874048233032227,
      7.875511169433594,
      9.396602630615234,
      9.043831825256348,
      10.269021034240723,
      9.348016738891602,
      6.857870101928711,
      5.484147548675537,
      6.3709306716918945,
      5.8538899421691895,
      7.998939037322998,
      7.233921527862549,
      6.773494720458984,
      7.019586563110352,
      7.424202919006348,
      7.079029083251953
    ],
    [
      15.406682014465332,
      80.68765258789062,
      12.147209167480469,
      26.333927154541016,
      18.13469123840332,
      26.90271759033203,
      31.28251838684082,
      29.44526481628418,
      30.931148529052734,
      34.504295349121094,
      28.574039459228516,
      34.1585807800293,
      16.16005516052246,
      25.162233352661133,
      7.377701282501221,
      19.298320770263672,
      10.295099258422852,
      16.843067169189453
    ],
    [
      8.874048233032227,
      12.147209167480469,
      21.211349487304688,
      15.322175025939941,
      16.704132080078125,
      13.641039848327637,
      16.807334899902344,
      12.587636947631836,
      14.51468563079834,
      10.593462944030762,
      13.928071022033691,
      12.01041316986084,
      10.135394096374512,
      9.747499465942383,
      10.129207611083984,
      8.681084632873535,
      8.588777542114258,
      8.688878059387207
    ],
    [
      7.875511169433594,
      26.333927154541016,
      15.322175025939941,
      33.257625579833984,
      17.076719284057617,
      21.890045166015625,
      21.985031127929688,
      23.538156509399414,
      20.177005767822266,
      22.138978958129883,
      18.606884002685547,
      20.969497680664062,
      10.563685417175293,
      16.27394676208496,
      8.002500534057617,
      15.930505752563477,
      11.353921890258789,
      16.252817153930664
    ],
    [
      9.396602630615234,
      18.13469123840332,
      16.704132080078125,
      17.076719284057617,
      35.65796661376953,
      28.547706604003906,
      35.24831008911133,
      26.978742599487305,
      31.637405395507812,
      23.412708282470703,
      27.27387046813965,
      22.314128875732422,
      14.762248992919922,
      15.380451202392578,
      14.325098037719727,
      13.284514427185059,
      12.062186241149902,
      11.878430366516113
    ],
    [
      9.043831825256348,
      26.90271759033203,
      13.641039848327637,
      21.890045166015625,
      28.547706604003906,
      37.09434509277344,
      34.26246643066406,
      32.55046463012695,
      30.437665939331055,
      31.788463592529297,
      28.627248764038086,
      31.167375564575195,
      15.520447731018066,
      21.44744873046875,
      11.628228187561035,
      17.865190505981445,
      11.499439239501953,
      13.544286727905273
    ],
    [
      10.269021034240723,
      31.28251838684082,
      16.807334899902344,
      21.985031127929688,
      35.24831008911133,
      34.26246643066406,
      61.8749885559082,
      44.93929672241211,
      52.801544189453125,
      46.92388153076172,
      44.302276611328125,
      40.302494049072266,
      16.7708683013916,
      23.542558670043945,
      11.39639663696289,
      19.375537872314453,
      12.99909496307373,
      17.037805557250977
    ],
    [
      9.348016738891602,
      29.44526481628418,
      12.587636947631836,
      23.538156509399414,
      26.978742599487305,
      32.55046463012695,
      44.93929672241211,
      44.590816497802734,
      40.22151184082031,
      42.98921585083008,
      36.024837493896484,
      38.58612060546875,
      15.691244125366211,
      24.962841033935547,
      8.533186912536621,
      21.536575317382812,
      12.967034339904785,
      17.466333389282227
    ],
    [
      6.857870101928711,
      30.931148529052734,
      14.51468563079834,
      20.177005767822266,
      31.637405395507812,
      30.437665939331055,
      52.801544189453125,
      40.22151184082031,
      88.44388580322266,
      79.7002182006836,
      71.8735122680664,
      63.11439895629883,
      19.151817321777344,
      27.387855529785156,
      6.88291072845459,
      20.912933349609375,
      9.32025146484375,
      17.880035400390625
    ],
    [
      5.484147548675537,
      34.504295349121094,
      10.593462944030762,
      22.138978958129883,
      23.412708282470703,
      31.788463592529297,
      46.92388153076172,
      42.98921585083008,
      79.7002182006836,
      88.19316101074219,
      67.69214630126953,
      70.220458984375,
      17.740629196166992,
      31.519512176513672,
      1.3487211465835571,
      24.295461654663086,
      7.618005275726318,
      19.89986801147461
    ],
    [
      6.3709306716918945,
      28.574039459228516,
      13.928071022033691,
      18.606884002685547,
      27.27387046813965,
      28.627248764038086,
      44.302276611328125,
      36.024837493896484,
      71.8735122680664,
      67.69214630126953,
      70.2734146118164,
      60.440086364746094,
      23.42329978942871,
      28.34596061706543,
      11.134683609008789,
      20.965824127197266,
      11.081788063049316,
      16.25812339782715
    ],
    [
      5.8538899421691895,
      34.1585807800293,
      12.01041316986084,
      20.969497680664062,
      22.314128875732422,
      31.167375564575195,
      40.302494049072266,
      38.58612060546875,
      63.11439895629883,
      70.220458984375,
      60.440086364746094,
      66.82646942138672,
      20.927059173583984,
      34.54619216918945,
      5.651808261871338,
      26.410802841186523,
      10.791504859924316,
      20.008562088012695
    ],
    [
      7.998939037322998,
      16.16005516052246,
      10.135394096374512,
      10.563685417175293,
      14.762248992919922,
      15.520447731018066,
      16.7708683013916,
      15.691244125366211,
      19.151817321777344,
      17.740629196166992,
      23.42329978942871,
      20.927059173583984,
      45.93803787231445,
      29.135101318359375,
      35.41071319580078,
      23.95218849182129,
      28.056964874267578,
      21.14716911315918
    ],
    [
      7.233921527862549,
      25.162233352661133,
      9.747499465942383,
      16.27394676208496,
      15.380451202392578,
      21.44744873046875,
      23.542558670043945,
      24.962841033935547,
      27.387855529785156,
      31.519512176513672,
      28.34596061706543,
      34.54619216918945,
      29.135101318359375,
      37.96903991699219,
      18.61564064025879,
      34.28969192504883,
      25.117422103881836,
      31.397531509399414
    ],
    [
      6.773494720458984,
      7.377701282501221,
      10.129207611083984,
      8.002500534057617,
      14.325098037719727,
      11.628228187561035,
      11.39639663696289,
      8.533186912536621,
      6.88291072845459,
      1.3487211465835571,
      11.134683609008789,
      5.651808261871338,
      35.41071319580078,
      18.61564064025879,
      42.80664825439453,
      19.5557861328125,
      30.123382568359375,
      17.8848876953125
    ],
    [
      7.019586563110352,
      19.298320770263672,
      8.681084632873535,
      15.930505752563477,
      13.284514427185059,
      17.865190505981445,
      19.375537872314453,
      21.536575317382812,
      20.912933349609375,
      24.295461654663086,
      20.965824127197266,
      26.410802841186523,
      23.95218849182129,
      34.28969192504883,
      19.5557861328125,
      40.19707489013672,
      31.896528244018555,
      42.86149978637695
    ],
    [
      7.424202919006348,
      10.295099258422852,
      8.588777542114258,
      11.353921890258789,
      12.062186241149902,
      11.499439239501953,
      12.99909496307373,
      12.967034339904785,
      9.32025146484375,
      7.618005275726318,
      11.081788063049316,
      10.791504859924316,
      28.056964874267578,
      25.117422103881836,
      30.123382568359375,
      31.896528244018555,
      40.85780715942383,
      39.958984375
    ],
    [
      7.079029083251953,
      16.843067169189453,
      8.688878059387207,
      16.252817153930664,
      11.878430366516113,
      13.544286727905273,
      17.037805557250977,
      17.466333389282227,
      17.880035400390625,
      19.89986801147461,
      16.25812339782715,
      20.008562088012695,
      21.14716911315918,
      31.397531509399414,
      17.8848876953125,
      42.86149978637695,
      39.958984375,
      72.49786376953125
    ]
  ],
  "covariance_short": [
    [
      45.41144561767578,
      11.381240844726562,
      13.148971557617188,
      7.317692756652832,
      7.4876179695129395,
      6.531235694885254,
      7.220632553100586,
      7.529539108276367,
      2.1436474323272705,
      1.6930510997772217,
      1.9687024354934692,
      2.910367488861084,
      6.296114921569824,
      5.8530073165893555,
      5.15907621383667,
      6.13796854019165,
      7.574089050292969,
      4.261307716369629
    ],
    [
      11.381240844726562,
      96.93985748291016,
      18.422060012817383,
      39.902015686035156,
      24.873943328857422,
      36.22984313964844,
      37.66353225708008,
      38.40264892578125,
      34.89436340332031,
      41.54048156738281,
      35.34251022338867,
      46.398292541503906,
      24.147817611694336,
      38.00419616699219,
      14.503613471984863,
      33.633792877197266,
      20.095111846923828,
      27.235849380493164
    ],
    [
      13.148971557617188,
      18.422060012817383,
      31.668010711669922,
      18.311519622802734,
      20.616971969604492,
      15.9214506149292,
      18.836435317993164,
      14.282129287719727,
      16.597057342529297,
      12.970948219299316,
      15.606003761291504,
      14.92586898803711,
      10.72315502166748,
      12.53923511505127,
      13.142189025878906,
      14.217464447021484,
      14.430988311767578,
      13.068032264709473
    ],
    [
      7.317692756652832,
      39.902015686035156,
      18.311519622802734,
      53.57469177246094,
      24.917438507080078,
      34.841651916503906,
      29.952497482299805,
      32.48167419433594,
      23.920663833618164,
      28.252744674682617,
      23.177284240722656,
      28.916189193725586,
      15.790711402893066,
      24.0612735748291,
      12.774466514587402,
      23.132219314575195,
      16.774574279785156,
      21.193038940429688
    ],
    [
      7.4876179695129395,
      24.873943328857422,
      20.616971969604492,
      24.917438507080078,
      49.169593811035156,
      36.16953659057617,
      43.05429458618164,
      33.57941818237305,
      38.325408935546875,
      29.223657608032227,
      34.601985931396484,
      29.889240264892578,
      20.159528732299805,
      22.026851654052734,
      21.830276489257812,
      21.66472625732422,
      22.065486907958984,
      18.59114646911621
    ],
    [
      6.531235694885254,
      36.22984313964844,
      15.9214506149292,
      34.841651916503906,
      36.16953659057617,
      53.21464538574219,
      39.1545295715332,
      41.03529739379883,
      32.5119743347168,
      37.29092025756836,
      32.037437438964844,
      38.10405731201172,
      21.426025390625,
      29.475488662719727,
      17.740339279174805,
      27.529401779174805,
      19.93863868713379,
      23.28985023498535
    ],
    [
      7.220632553100586,
      37.66353225708008,
      18.836435317993164,
      29.952497482299805,
      43.05429458618164,
      39.1545295715332,
      70.4283676147461,
      50.112640380859375,
      57.92076873779297,
      50.13038635253906,
      50.85941696166992,
      44.979488372802734,
      25.923797607421875,
      30.843124389648438,
      21.94329071044922,
      28.574016571044922,
      23.550710678100586,
      23.518882751464844
    ],
    [
      7.529539108276367,
      38.40264892578125,
      14.282129287719727,
      32.48167419433594,
      33.57941818237305,
      41.03529739379883,
      50.112640380859375,
      55.497493743896484,
      42.81025695800781,
      48.19905471801758,
      40.03291320800781,
      44.74823760986328,
      22.50017738342285,
      32.696231842041016,
      15.309147834777832,
      30.223665237426758,
      20.35759162902832,
      25.589576721191406
    ],
    [
      2.1436474323272705,
      34.89436340332031,
      16.597057342529297,
      23.920663833618164,
      38.325408935546875,
      32.5119743347168,
      57.92076873779297,
      42.81025695800781,
      101.5717544555664,
      82.7091293334961,
      82.72320556640625,
      68.90177917480469,
      33.18212127685547,
      38.04695510864258,
      19.71286964416504,
      34.67700958251953,
      21.320812225341797,
      27.453153610229492
    ],
    [
      1.6930510997772217,
      41.54048156738281,
      12.970948219299316,
      28.252744674682617,
      29.223657608032227,
      37.29092025756836,
      50.13038635253906,
      48.19905471801758,
      82.7091293334961,
      97.1443099975586,
      72.84049224853516,
      78.2440414428711,
      30.1944580078125,
      44.94430160522461,
      10.009258270263672,
      40.109256744384766,
      18.14405059814453,
      33.1893424987793
    ],
    [
      1.9687024354934692,
      35.34251022338867,
      15.606003761291504,
      23.177284240722656,
      34.601985931396484,
      32.037437438964844,
      50.85941696166992,
      40.03291320800781,
      82.72320556640625,
      72.84049224853516,
      87.27671813964844,
      68.29862213134766,
      40.00436019897461,
      41.61565017700195,
      26.96826934814453,
      37.175682067871094,
      26.41836929321289,
      28.94663429260254
    ],
    [
      2.910367488861084,
      46.398292541503906,
      14.92586898803711,
      28.916189193725586,
      29.889240264892578,
      38.10405731201172,
      44.979488372802734,
      44.74823760986328,
      68.90177917480469,
      78.2440414428711,
      68.29862213134766,
      81.31218719482422,
      34.39009094238281,
      52.0833740234375,
      16.65536880493164,
      47.150447845458984,
      25.145112991333008,
      39.425331115722656
    ],
    [
      6.296114921569824,
      24.147817611694336,
      10.72315502166748,
      15.790711402893066,
      20.159528732299805,
      21.426025390625,
      25.923797607421875,
      22.50017738342285,
      33.18212127685547,
      30.1944580078125,
      40.00436019897461,
      34.39009094238281,
      61.808536529541016,
      46.035160064697266,
      53.32438278198242,
      46.558982849121094,
      51.42839813232422,
      40.962371826171875
    ],
    [
      5.8530073165893555,
      38.00419616699219,
      12.53923511505127,
      24.0612735748291,
      22.026851654052734,
      29.475488662719727,
      30.843124389648438,
      32.696231842041016,
      38.04695510864258,
      44.94430160522461,
      41.61565017700195,
      52.0833740234375,
      46.035160064697266,
      68.19413757324219,
      35.017269134521484,
      67.16447448730469,
      46.91735076904297,
      63.014400482177734
    ],
    [
      5.15907621383667,
      14.503613471984863,
      13.142189025878906,
      12.774466514587402,
      21.830276489257812,
      17.740339279174805,
      21.94329071044922,
      15.309147834777832,
      19.71286964416504,
      10.009258270263672,
      26.96826934814453,
      16.65536880493164,
      53.32438278198242,
      35.017269134521484,
      73.64788818359375,
      45.083282470703125,
      62.724266052246094,
      43.5848274230957
    ],
    [
      6.13796854019165,
      33.633792877197266,
      14.217464447021484,
      23.132219314575195,
      21.66472625732422,
      27.529401779174805,
      28.574016571044922,
      30.223665237426758,
      34.67700958251953,
      40.109256744384766,
      37.175682067871094,
      47.150447845458984,
      46.558982849121094,
      67.16447448730469,
      45.083282470703125,
      87.10383605957031,
      66.71178436279297,
      87.33473205566406
    ],
    [
      7.574089050292969,
      20.095111846923828,
      14.430988311767578,
      16.774574279785156,
      22.065486907958984,
      19.93863868713379,
      23.550710678100586,
      20.35759162902832,
      21.320812225341797,
      18.14405059814453,
      26.41836929321289,
      25.145112991333008,
      51.42839813232422,
      46.91735076904297,
      62.724266052246094,
      66.71178436279297,
      90.28948211669922,
      80.12361145019531
    ],
    [
      4.261307716369629,
      27.235849380493164,
      13.068032264709473,
      21.193038940429688,
      18.59114646911621,
      23.28985023498535,
      23.518882751464844,
      25.589576721191406,
      27.453153610229492,
      33.1893424987793,
      28.94663429260254,
      39.425331115722656,
      40.962371826171875,
      63.014400482177734,
      43.5848274230957,
      87.33473205566406,
      80.12361145019531,
      107.96304321289062
    ]
  ],
  "damage": -7.006943225860596,
  "diff_bandwidth": 652.2549438476562,
  "dissonance": 7.365341691077934,
  "drr": 14.761163711547852,
  "dynamics": 3.4478516578674316,
  "format": 65538,
  "frames": 8723196,
  "freq_pan_to_db": [
    [
      -34.334651947021484,
      -29.574369430541992,
      -22.38188934326172,
      -17.646900177001953,
      -15.27897834777832,
      -15.374787330627441,
      -17.753173828125,
      -20.74690818786621,
      -24.791015625,
      -30.722885131835938,
      -35.58657455444336
    ],
    [
      -17.66788101196289,
      -17.374664306640625,
      -15.583181381225586,
      -13.755949974060059,
      -10.707602500915527,
      -9.171220779418945,
      -11.285079002380371,
      -14.235015869140625,
      -17.345842361450195,
      -18.162330627441406,
      -20.06235694885254
    ],
    [
      -13.157724380493164,
      -12.982844352722168,
      -12.707088470458984,
      -12.38067626953125,
      -12.458346366882324,
      -11.771373748779297,
      -11.924418449401855,
      -12.372759819030762,
      -13.26142692565918,
      -13.697981834411621,
      -13.346162796020508
    ],
    [
      -15.85766887664795,
      -14.229056358337402,
      -14.694664001464844,
      -14.626226425170898,
      -15.27634048461914,
      -15.087056159973145,
      -15.51016902923584,
      -15.872413635253906,
      -16.003562927246094,
      -15.806940078735352,
      -15.50417709350586
    ],
    [
      -15.885429382324219,
      -15.620182991027832,
      -15.79892349243164,
      -15.980789184570312,
      -16.596446990966797,
      -16.818462371826172,
      -16.50452423095703,
      -15.837059020996094,
      -15.86032772064209,
      -15.893660545349121,
      -16.010028839111328
    ],
    [
      -15.530016899108887,
      -15.230354309082031,
      -14.710771560668945,
      -14.526359558105469,
      -14.287458419799805,
      -14.279739379882812,
      -14.504826545715332,
      -14.662252426147461,
      -15.556615829467773,
      -15.9741849899292,
      -16.563358306884766
    ],
    [
      -16.39647102355957,
      -15.996264457702637,
      -14.989788055419922,
      -14.142035484313965,
      -14.256058692932129,
      -14.451086044311523,
      -14.675224304199219,
      -14.972343444824219,
      -15.356488227844238,
      -16.355552673339844,
      -17.27815055847168
    ],
    [
      -17.168609619140625,
      -17.272043228149414,
      -16.758472442626953,
      -16.264141082763672,
      -14.780389785766602,
      -13.825671195983887,
      -14.72836971282959,
      -16.137060165405273,
      -17.160417556762695,
      -16.74280548095703,
      -15.580492973327637
    ],
    [
      -19.059490203857422,
      -18.000308990478516,
      -17.74275779724121,
      -16.5596981048584,
      -15.252480506896973,
      -15.017546653747559,
      -15.89073371887207,
      -17.483036041259766,
      -18.318096160888672,
      -18.38487434387207,
      -17.051485061645508
    ],
    [
      -17.040159225463867,
      -16.30563735961914,
      -17.721797943115234,
      -16.54743003845215,
      -16.246028900146484,
      -15.531598091125488,
      -15.82892894744873,
      -16.590030670166016,
      -16.768402099609375,
      -17.134441375732422,
      -16.182588577270508
    ],
    [
      -17.020788192749023,
      -17.135982513427734,
      -18.698551177978516,
      -18.79472541809082,
      -18.076135635375977,
      -16.389366149902344,
      -16.83861541748047,
      -18.009931564331055,
      -17.90512466430664,
      -18.11345672607422,
      -17.528860092163086
    ],
    [
      -18.845731735229492,
      -21.19753646850586,
      -21.485334396362305,
      -20.072261810302734,
      -19.077625274658203,
      -17.477519989013672,
      -19.902788162231445,
      -21.440399169921875,
      -20.901273727416992,
      -20.58057403564453,
      -20.44476318359375
    ],
    [
      -22.07844352722168,
      -23.387842178344727,
      -24.078405380249023,
      -21.340251922607422,
      -19.704179763793945,
      -17.817607879638672,
      -20.645782470703125,
      -21.86040496826172,
      -22.680784225463867,
      -23.807037353515625,
      -23.912761688232422
    ],
    [
      -20.398683547973633,
      -23.065879821777344,
      -23.0914363861084,
      -20.460311889648438,
      -18.102588653564453,
      -17.46004295349121,
      -21.07166290283203,
      -23.03548240661621,
      -24.140277862548828,
      -21.980546951293945,
      -21.980852127075195
    ],
    [
      -19.49917221069336,
      -21.8160457611084,
      -23.773883819580078,
      -23.275922775268555,
      -22.070280075073242,
      -18.21674346923828,
      -20.868383407592773,
      -24.946638107299805,
      -25.317991256713867,
      -24.789663314819336,
      -22.866147994995117
    ],
    [
      -21.867555618286133,
      -24.237123489379883,
      -25.603309631347656,
      -25.93769073486328,
      -22.718278884887695,
      -19.297754287719727,
      -21.885305404663086,
      -24.780807495117188,
      -25.382308959960938,
      -25.16754913330078,
      -24.426586151123047
    ],
    [
      -22.738170623779297,
      -24.7760066986084,
      -27.928983688354492,
      -26.819067001342773,
      -23.692167282104492,
      -22.378583908081055,
      -25.974895477294922,
      -27.189481735229492,
      -25.131486892700195,
      -23.904611587524414,
      -22.796310424804688
    ],
    [
      -23.373207092285156,
      -23.48737907409668,
      -26.128801345825195,
      -27.876022338867188,
      -26.20104217529297,
      -22.643091201782227,
      -26.34041404724121,
      -27.33132553100586,
      -25.747671127319336,
      -24.068063735961914,
      -22.798463821411133
    ],
    [
      -24.9056453704834,
      -25.023723602294922,
      -26.72136688232422,
      -29.19251823425293,
      -25.60772132873535,
      -23.201820373535156,
      -26.72650146484375,
      -27.234594345092773,
      -24.24526023864746,
      -25.795421600341797,
      -26.27218246459961
    ],
    [
      -21.151334762573242,
      -22.449058532714844,
      -23.0679988861084,
      -23.66330337524414,
      -22.614778518676758,
      -22.42540168762207,
      -23.61263656616211,
      -22.911951065063477,
      -23.478708267211914,
      -23.948083877563477,
      -26.62690544128418
    ],
    [
      -20.372085571289062,
      -22.30608558654785,
      -20.939773559570312,
      -22.31894302368164,
      -22.585723876953125,
      -23.271297454833984,
      -21.75835609436035,
      -22.689645767211914,
      -22.90427589416504,
      -22.304080963134766,
      -20.79456329345703
    ],
    [
      -19.213115692138672,
      -22.745155334472656,
      -23.47117805480957,
      -22.815277099609375,
      -23.185903549194336,
      -24.557661056518555,
      -22.788087844848633,
      -22.945735931396484,
      -23.695369720458984,
      -22.33272933959961,
      -17.584163665771484
    ],
    [
      -19.20458984375,
      -22.47607421875,
      -23.620729446411133,
      -24.658742904663086,
      -22.629413604736328,
      -23.61329460144043,
      -23.160236358642578,
      -24.739395141601562,
      -23.310976028442383,
      -23.07305908203125,
      -17.2276668548584
    ],
    [
      -20.476972579956055,
      -24.05330467224121,
      -25.19533348083496,
      -25.033201217651367,
      -24.70444679260254,
      -24.137710571289062,
      -24.28376579284668,
      -25.652477264404297,
      -25.991436004638672,
      -25.253437042236328,
      -24.75831413269043
    ],
    [
      -31.381601333618164,
      -29.747026443481445,
      -28.464250564575195,
      -27.06166648864746,
      -25.167560577392578,
      -23.9903507232666,
      -24.510156631469727,
      -26.423852920532227,
      -28.56984519958496,
      -30.915451049804688,
      -30.364330291748047
    ],
    [
      -22.70705223083496,
      -31.241539001464844,
      -31.233579635620117,
      -30.3422794342041,
      -28.939693450927734,
      -28.072847366333008,
      -28.24117088317871,
      -29.533552169799805,
      -31.035051345825195,
      -32.136409759521484,
      -30.11334991455078
    ],
    [
      -28.00517463684082,
      -29.56737518310547,
      -29.455625534057617,
      -30.337068557739258,
      -29.37485122680664,
      -28.478404998779297,
      -28.344091415405273,
      -29.835704803466797,
      -29.466083526611328,
      -28.67926597595215,
      -26.18445587158203
    ],
    [
      -34.431846618652344,
      -33.989627838134766,
      -34.27095413208008,
      -33.25352478027344,
      -32.496368408203125,
      -31.263593673706055,
      -32.531097412109375,
      -33.391693115234375,
      -33.97000503540039,
      -33.12546920776367,
      -37.50105285644531
    ],
    [
      -38.192909240722656,
      -36.35322570800781,
      -37.243186950683594,
      -37.61442184448242,
      -37.23008728027344,
      -34.66538619995117,
      -37.271278381347656,
      -37.33369827270508,
      -37.0731201171875,
      -37.6633186340332,
      -37.50624465942383
    ],
    [
      -53.43730545043945,
      -38.38212966918945,
      -38.81254959106445,
      -38.61255645751953,
      -38.697792053222656,
      -32.64904022216797,
      -38.51308822631836,
      -38.79969024658203,
      -38.871742248535156,
      -38.78717041015625,
      -38.38243865966797
    ],
    [
      -41.24259948730469,
      -36.69176483154297,
      -38.779945373535156,
      -39.89904022216797,
      -39.6214714050293,
      -32.11163330078125,
      -39.971656799316406,
      -39.71730422973633,
      -39.6082878112793,
      -38.61811447143555,
      -38.24539566040039
    ],
    [
      -44.0220947265625,
      -38.74884796142578,
      -39.45732116699219,
      -40.620784759521484,
      -41.02751159667969,
      -34.67179870605469,
      -41.1023063659668,
      -41.325050354003906,
      -41.02142333984375,
      -37.67911148071289,
      -136.3208770751953
    ],
    [
      -48.734649658203125,
      -44.3325080871582,
      -39.804237365722656,
      -41.186920166015625,
      -41.956302642822266,
      -36.530006408691406,
      -42.084590911865234,
      -42.02927017211914,
      -41.999629974365234,
      -41.077144622802734,
      -49.21250534057617
    ],
    [
      -54.60847091674805,
      -41.196617126464844,
      -39.74668502807617,
      -40.87858963012695,
      -41.30051803588867,
      -36.76917266845703,
      -42.20935821533203,
      -42.8056755065918,
      -41.89665222167969,
      -53.425167083740234,
      -127.40864562988281
    ],
    [
      -137.73101806640625,
      -37.79137420654297,
      -39.285743713378906,
      -41.88229751586914,
      -41.815608978271484,
      -35.44340133666992,
      -41.223148345947266,
      -41.4965705871582,
      -42.793052673339844,
      -39.61519241333008,
      -43.41929626464844
    ],
    [
      -139.30865478515625,
      -35.79472351074219,
      -38.323997497558594,
      -43.872310638427734,
      -45.08878707885742,
      -38.04277420043945,
      -41.809932708740234,
      -40.57981491088867,
      -40.0507698059082,
      -38.20868682861328,
      -125.81416320800781
    ],
    [
      -35.91421890258789,
      -36.862239837646484,
      -40.6285514831543,
      -44.13576126098633,
      -45.3380241394043,
      -41.9735221862793,
      -43.956905364990234,
      -42.988677978515625,
      -42.9306526184082,
      -43.172325134277344,
      -125.27910614013672
    ],
    [
      -36.010231018066406,
      -35.426292419433594,
      -41.0133056640625,
      -45.680755615234375,
      -46.58916091918945,
      -45.033233642578125,
      -44.97966384887695,
      -45.13443374633789,
      -45.27065658569336,
      -46.048667907714844,
      -131.57479858398438
    ],
    [
      -36.3900146484375,
      -37.17536163330078,
      -42.46323013305664,
      -47.650630950927734,
      -47.16455841064453,
      -46.818885803222656,
      -45.06431198120117,
      -44.26212692260742,
      -45.248905181884766,
      -44.90200424194336,
      -129.48382568359375
    ],
    [
      -40.02961349487305,
      -39.74887466430664,
      -43.02775192260742,
      -48.21336364746094,
      -49.56251525878906,
      -49.523765563964844,
      -45.31922149658203,
      -43.486297607421875,
      -43.29233169555664,
      -43.46495819091797,
      -124.62006378173828
    ],
    [
      -141.83201599121094,
      -38.99396896362305,
      -44.59678649902344,
      -48.01280212402344,
      -51.640071868896484,
      -52.881160736083984,
      -47.44328689575195,
      -45.75430679321289,
      -45.351890563964844,
      -47.57765197753906,
      -45.483394622802734
    ],
    [
      -144.68397521972656,
      -44.49946594238281,
      -44.790687561035156,
      -49.017887115478516,
      -54.1348991394043,
      -56.06245040893555,
      -50.13022232055664,
      -45.62736892700195,
      -43.752620697021484,
      -46.89157485961914,
      -53.97188186645508
    ]
  ],
  "histogram": [
    {
      "db": -70,
      "frequency": 1
    },
    {
      "db": -69,
      "frequency": 0
    },
    {
      "db": -68,
      "frequency": 1
    },
    {
      "db": -67,
      "frequency": 0
    },
    {
      "db": -66,
      "frequency": 1
    },
    {
      "db": -65,
      "frequency": 1
    },
    {
      "db": -64,
      "frequency": 0
    },
    {
      "db": -63,
      "frequency": 0
    },
    {
      "db": -62,
      "frequency": 1
    },
    {
      "db": -61,
      "frequency": 0
    },
    {
      "db": -60,
      "frequency": 1
    },
    {
      "db": -59,
      "frequency": 1
    },
    {
      "db": -58,
      "frequency": 1
    },
    {
      "db": -57,
      "frequency": 1
    },
    {
      "db": -56,
      "frequency": 2
    },
    {
      "db": -55,
      "frequency": 1
    },
    {
      "db": -54,
      "frequency": 1
    },
    {
      "db": -53,
      "frequency": 0
    },
    {
      "db": -52,
      "frequency": 1
    },
    {
      "db": -51,
      "frequency": 2
    },
    {
      "db": -50,
      "frequency": 1
    },
    {
      "db": -49,
      "frequency": 2
    },
    {
      "db": -48,
      "frequency": 1
    },
    {
      "db": -47,
      "frequency": 0
    },
    {
      "db": -46,
      "frequency": 1
    },
    {
      "db": -45,
      "frequency": 3
    },
    {
      "db": -44,
      "frequency": 3
    },
    {
      "db": -43,
      "frequency": 2
    },
    {
      "db": -42,
      "frequency": 2
    },
    {
      "db": -41,
      "frequency": 1
    },
    {
      "db": -40,
      "frequency": 3
    },
    {
      "db": -39,
      "frequency": 2
    },
    {
      "db": -38,
      "frequency": 1
    },
    {
      "db": -37,
      "frequency": 6
    },
    {
      "db": -36,
      "frequency": 3
    },
    {
      "db": -35,
      "frequency": 1
    },
    {
      "db": -34,
      "frequency": 2
    },
    {
      "db": -33,
      "frequency": 6
    },
    {
      "db": -32,
      "frequency": 3
    },
    {
      "db": -31,
      "frequency": 6
    },
    {
      "db": -30,
      "frequency": 7
    },
    {
      "db": -29,
      "frequency": 8
    },
    {
      "db": -28,
      "frequency": 7
    },
    {
      "db": -27,
      "frequency": 4
    },
    {
      "db": -26,
      "frequency": 6
    },
    {
      "db": -25,
      "frequency": 3
    },
    {
      "db": -24,
      "frequency": 6
    },
    {
      "db": -23,
      "frequency": 4
    },
    {
      "db": -22,
      "frequency": 12
    },
    {
      "db": -21,
      "frequency": 4
    },
    {
      "db": -20,
      "frequency": 20
    },
    {
      "db": -19,
      "frequency": 26
    },
    {
      "db": -18,
      "frequency": 41
    },
    {
      "db": -17,
      "frequency": 66
    },
    {
      "db": -16,
      "frequency": 123
    },
    {
      "db": -15,
      "frequency": 195
    },
    {
      "db": -14,
      "frequency": 236
    },
    {
      "db": -13,
      "frequency": 232
    },
    {
      "db": -12,
      "frequency": 180
    },
    {
      "db": -11,
      "frequency": 143
    },
    {
      "db": -10,
      "frequency": 194
    },
    {
      "db": -9,
      "frequency": 201
    },
    {
      "db": -8,
      "frequency": 112
    },
    {
      "db": -7,
      "frequency": 61
    },
    {
      "db": -6,
      "frequency": 8
    },
    {
      "db": -5,
      "frequency": 0
    },
    {
      "db": -4,
      "frequency": 0
    },
    {
      "db": -3,
      "frequency": 0
    },
    {
      "db": -2,
      "frequency": 0
    },
    {
      "db": -1,
      "frequency": 0
    },
    {
      "db": 0,
      "frequency": 0
    },
    {
      "db": 1,
      "frequency": 0
    },
    {
      "db": 2,
      "frequency": 0
    },
    {
