{
  "acoustic_entropy": 204.97479248046875,
  "bands": [
    {
      "high_freq": 148.1999969482422,
      "loudness": -18.026914596557617,
      "loudness_range": 8.627401351928711,
      "mid_mean": -14.442317008972168,
      "mid_to_side_loudness": -19.737436294555664,
      "mid_to_side_loudness_range": 23.465641021728516,
      "side_mean": -35.03333282470703
    },
    {
      "high_freq": 392.3793640136719,
      "loudness": -18.774349212646484,
      "loudness_range": 10.825878143310547,
      "low_freq": 148.1999969482422,
      "mid_mean": -16.250099182128906,
      "mid_to_side_loudness": -6.468239784240723,
      "mid_to_side_loudness_range": 13.501004219055176,
      "side_mean": -22.87748146057129
    },
    {
      "high_freq": 794.6976318359375,
      "loudness": -21.016530990600586,
      "loudness_range": 15.376688003540039,
      "low_freq": 392.3793640136719,
      "mid_mean": -18.466720581054688,
      "mid_to_side_loudness": -6.474167823791504,
      "mid_to_side_loudness_range": 10.400110244750977,
      "side_mean": -24.929914474487305
    },
    {
      "high_freq": 1457.5709228515625,
      "loudness": -25.640329360961914,
      "loudness_range": 20.212100982666016,
      "low_freq": 794.6976318359375,
      "mid_mean": -23.303529739379883,
      "mid_to_side_loudness": -5.463425159454346,
      "mid_to_side_loudness_range": 11.000716209411621,
      "side_mean": -28.790294647216797
    },
    {
      "high_freq": 2549.74365234375,
      "loudness": -25.268911361694336,
      "loudness_range": 24.20073699951172,
      "low_freq": 1457.5709228515625,
      "mid_mean": -22.692983627319336,
      "mid_to_side_loudness": -6.168192386627197,
      "mid_to_side_loudness_range": 10.66668701171875,
      "side_mean": -29.010496139526367
    },
    {
      "high_freq": 4349.24462890625,
      "loudness": -26.800689697265625,
      "loudness_range": 22.054641723632812,
      "low_freq": 2549.74365234375,
      "mid_mean": -24.15221405029297,
      "mid_to_side_loudness": -6.456460475921631,
      "mid_to_side_loudness_range": 9.82558536529541,
      "side_mean": -30.754077911376953
    },
    {
      "high_freq": 7314.1640625,
      "loudness": -31.46546173095703,
      "loudness_range": 18.618391036987305,
      "low_freq": 4349.24462890625,
      "mid_mean": -29.25189208984375,
      "mid_to_side_loudness": -5.1497416496276855,
      "mid_to_side_loudness_range": 11.391660690307617,
      "side_mean": -34.551212310791016
    },
    {
      "high_freq": 12199.2666015625,
      "loudness": -33.22705078125,
      "loudness_range": 16.9052734375,
      "low_freq": 7314.1640625,
      "mid_mean": -30.94338607788086,
      "mid_to_side_loudness": -5.675049781799316,
      "mid_to_side_loudness_range": 13.172220230102539,
      "side_mean": -36.98405075073242
    },
    {
      "loudness": -41.0458984375,
      "loudness_range": 16.766925811767578,
      "low_freq": 12199.2666015625,
      "mid_mean": -39.18620681762695,
      "mid_to_side_loudness": -3.7525901794433594,
      "mid_to_side_loudness_range": 8.192598342895508,
      "side_mean": -43.051631927490234
    }
  ],
  "bands_short": [
    {
      "high_freq": 148.1999969482422,
      "loudness": -20.16071891784668,
      "loudness_range": 16.164451599121094,
      "mid_mean": -16.55614471435547,
      "mid_to_side_loudness": -24.703155517578125,
      "mid_to_side_loudness_range": 33.3125114440918,
      "side_mean": -44.16530990600586
    },
    {
      "high_freq": 392.3793640136719,
      "loudness": -18.665613174438477,
      "loudness_range": 13.05044937133789,
      "low_freq": 148.1999969482422,
      "mid_mean": -16.208703994750977,
      "mid_to_side_loudness": -7.650543212890625,
      "mid_to_side_loudness_range": 18.800979614257812,
      "side_mean": -24.02269744873047
    },
    {
      "high_freq": 794.6976318359375,
      "loudness": -22.042465209960938,
      "loudness_range": 18.739561080932617,
      "low_freq": 392.3793640136719,
      "mid_mean": -19.748458862304688,
      "mid_to_side_loudness": -6.021332263946533,
      "mid_to_side_loudness_range": 14.009318351745605,
      "side_mean": -25.797826766967773
    },
    {
      "high_freq": 1457.5709228515625,
      "loudness": -25.701311111450195,
      "loudness_range": 22.491979598999023,
      "low_freq": 794.6976318359375,
      "mid_mean": -23.37957763671875,
      "mid_to_side_loudness": -5.777569770812988,
      "mid_to_side_loudness_range": 13.084558486938477,
      "side_mean": -29.24589729309082
    },
    {
      "high_freq": 2549.74365234375,
      "loudness": -26.154272079467773,
      "loudness_range": 26.230974197387695,
      "low_freq": 1457.5709228515625,
      "mid_mean": -23.85548210144043,
      "mid_to_side_loudness": -5.730228424072266,
      "mid_to_side_loudness_range": 14.435707092285156,
      "side_mean": -29.868186950683594
    },
    {
      "high_freq": 4349.24462890625,
      "loudness": -27.687631607055664,
      "loudness_range": 24.813467025756836,
      "low_freq": 2549.74365234375,
      "mid_mean": -25.287874221801758,
      "mid_to_side_loudness": -6.001471042633057,
      "mid_to_side_loudness_range": 13.550798416137695,
      "side_mean": -31.558149337768555
    },
    {
      "high_freq": 7314.1640625,
      "loudness": -33.374691009521484,
      "loudness_range": 21.565807342529297,
      "low_freq": 4349.24462890625,
      "mid_mean": -31.27348518371582,
      "mid_to_side_loudness": -4.799374103546143,
      "mid_to_side_loudness_range": 11.942866325378418,
      "side_mean": -36.597740173339844
    },
    {
      "high_freq": 12199.2666015625,
      "loudness": -36.05094909667969,
      "loudness_range": 22.99488639831543,
      "low_freq": 7314.1640625,
      "mid_mean": -33.875213623046875,
      "mid_to_side_loudness": -6.0382561683654785,
      "mid_to_side_loudness_range": 16.473302841186523,
      "side_mean": -40.85148620605469
    },
    {
      "loudness": -45.866336822509766,
      "loudness_range": 27.443471908569336,
      "low_freq": 12199.2666015625,
      "mid_mean": -43.650169372558594,
      "mid_to_side_loudness": -5.723076343536377,
      "mid_to_side_loudness_range": 14.94903564453125,
      "side_mean": -50.545536041259766
    }
  ],
  "bandwidth": 578.725830078125,
  "channels": 2,
  "covariance": [
    [
      17.96804428100586,
      15.471004486083984,
      7.8004961013793945,
      7.965376377105713,
      8.33615493774414,
      8.457249641418457,
      8.727616310119629,
      8.074356079101562,
      5.339427471160889,
      4.338748455047607,
      5.012323379516602,
      5.058209419250488,
      7.549840927124023,
      6.995086193084717,
      6.148165225982666,
      6.871377944946289,
      6.549900054931641,
      6.2871785163879395
    ],
    [
      15.471004486083984,
      76.50630950927734,
      10.930887222290039,
      25.25144386291504,
      17.802343368530273,
      25.74247932434082,
      29.710329055786133,
      27.751136779785156,
      27.252145767211914,
      31.204496383666992,
      25.548080444335938,
      31.319473266601562,
      15.362320899963379,
      23.62889289855957,
      7.044584274291992,
      17.54956817626953,
      9.629874229431152,
      14.016589164733887
    ],
    [
      7.8004961013793945,
      10.930887222290039,
      19.754247665405273,
      14.704839706420898,
      14.927584648132324,
      12.206747055053711,
      14.184388160705566,
      10.665542602539062,
      11.9894437789917,
      8.685872077941895,
      11.901628494262695,
      10.398448944091797,
      9.024879455566406,
      8.735894203186035,
      9.255879402160645,
      8.303154945373535,
      7.258469581604004,
      6.209919452667236
    ],
    [
      7.965376377105713,
      25.25144386291504,
      14.704839706420898,
      32.16736602783203,
      16.111391067504883,
      20.53901481628418,
      19.673873901367188,
      21.668304443359375,
      17.016822814941406,
      19.626861572265625,
      16.18739891052246,
      18.96334457397461,
      9.802916526794434,
      15.47871208190918,
      7.320135116577148,
      14.436004638671875,
      10.51287841796875,
      13.883949279785156
    ],
    [
      8.33615493774414,
      17.802343368530273,
      14.927584648132324,
      16.111391067504883,
      33.110103607177734,
      25.969776153564453,
      31.289304733276367,
      23.978586196899414,
      26.980117797851562,
      20.413713455200195,
      23.775056838989258,
      20.416118621826172,
      13.7481107711792,
      15.078975677490234,
      12.694976806640625,
      13.472681999206543,
      11.120560646057129,
      10.070858001708984
    ],
    [
      8.457249641418457,
      25.74247932434082,
      12.206747055053711,
      20.53901481628418,
      25.969776153564453,
      34.56258010864258,
      30.083162307739258,
      29.579612731933594,
      25.556377410888672,
      28.203392028808594,
      24.657108306884766,
      28.128711700439453,
      14.158651351928711,
      20.400239944458008,
      10.464322090148926,
      16.55062484741211,
      10.243680000305176,
      11.991316795349121
    ],
    [
      8.727616310119629,
      29.710329055786133,
      14.184388160705566,
      19.673873901367188,
      31.289304733276367,
      30.083162307739258,
      54.60627365112305,
      39.1906623840332,
      44.03150177001953,
      40.244117736816406,
      37.58283615112305,
      35.86990737915039,
      15.119574546813965,
      21.86655044555664,
      9.56466007232666,
      17.821937561035156,
      11.53239631652832,
      12.961633682250977
    ],
    [
      8.074356079101562,
      27.751136779785156,
      10.665542602539062,
      21.668304443359375,
      23.978586196899414,
      29.579612731933594,
      39.1906623840332,
      39.95232009887695,
      32.75076675415039,
      37.05109786987305,
      30.11859130859375,
      34.01516342163086,
      13.810969352722168,
      22.59757423400879,
      7.297449588775635,
      18.607807159423828,
      11.189984321594238,
      14.987720489501953
    ],
    [
      5.339427471160889,
      27.252145767211914,
      11.9894437789917,
      17.016822814941406,
      26.980117797851562,
      25.556377410888672,
      44.03150177001953,
      32.75076675415039,
      73.33979034423828,
      66.28889465332031,
      60.22200393676758,
      53.7072868347168,
      16.133283615112305,
      23.439992904663086,
      5.790112495422363,
      17.027225494384766,
      7.524785041809082,
      11.76315975189209
    ],
    [
      4.338748455047607,
      31.204496383666992,
      8.685872077941895,
      19.626861572265625,
      20.413713455200195,
      28.203392028808594,
      40.244117736816406,
      37.05109786987305,
      66.28889465332031,
      74.56817626953125,
      56.86132049560547,
      60.054283142089844,
      14.76170539855957,
      27.7078914642334,
      1.1568931341171265,
      19.590791702270508,
      6.4718427658081055,
      14.02875804901123
    ],
    [
      5.012323379516602,
      25.548080444335938,
      11.901628494262695,
      16.18739891052246,
      23.775056838989258,
      24.657108306884766,
      37.58283615112305,
      30.11859130859375,
      60.22200393676758,
      56.86132049560547,
      60.835166931152344,
      52.606414794921875,
      20.874488830566406,
      25.241382598876953,
      9.853192329406738,
      18.08319854736328,
      9.54703426361084,
      11.695159912109375
    ],
    [
      5.058209419250488,
      31.319473266601562,
      10.398448944091797,
      18.96334457397461,
      20.416118621826172,
      28.128711700439453,
      35.86990737915039,
      34.01516342163086,
      53.7072868347168,
      60.054283142089844,
      52.606414794921875,
      58.312705993652344,
      18.78171730041504,
      30.895021438598633,
      5.445749759674072,
      22.140920639038086,
      9.641861915588379,
      15.193693161010742
    ],
    [
      7.549840927124023,
      15.362320899963379,
      9.024879455566406,
      9.802916526794434,
      13.7481107711792,
      14.158651351928711,
      15.119574546813965,
      13.810969352722168,
      16.133283615112305,
      14.76170539855957,
      20.874488830566406,
      18.78171730041504,
      44.567832946777344,
      28.744298934936523,
      33.94228744506836,
      24.642436981201172,
      26.508853912353516,
      18.287567138671875
    ],
    [
      6.995086193084717,
      23.62889289855957,
      8.735894203186035,
      15.47871208190918,
      15.078975677490234,
      20.400239944458008,
      21.86655044555664,
      22.59757423400879,
      23.439992904663086,
      27.7078914642334,
      25.241382598876953,
      30.895021438598633,
      28.744298934936523,
      36.05378341674805,
      18.74518394470215,
      31.17384147644043,
      23.703079223632812,
      27.88634490966797
    ],
    [
      6.148165225982666,
      7.044584274291992,
      9.255879402160645,
      7.320135116577148,
      12.694976806640625,
      10.464322090148926,
      9.56466007232666,
      7.297449588775635,
      5.790112495422363,
      1.1568931341171265,
      9.853192329406738,
      5.445749759674072,
      33.94228744506836,
      18.74518394470215,
      39.945247650146484,
      21.766298294067383,
      28.389360427856445,
      18.2424259185791
    ],
    [
      6.871377944946289,
      17.54956817626953,
      8.303154945373535,
      14.436004638671875,
      13.472681999206543,
      16.55062484741211,
      17.821937561035156,
      18.607807159423828,
      17.027225494384766,
      19.590791702270508,
      18.08319854736328,
      22.140920639038086,
      24.642436981201172,
      31.17384147644043,
      21.766298294067383,
      35.13200759887695,
      29.583049774169922,
      37.07841110229492
    ],
    [
      6.549900054931641,
      9.629874229431152,
      7.258469581604004,
      10.51287841796875,
      11.120560646057129,
      10.243680000305176,
      11.53239631652832,
      11.189984321594238,
      7.524785041809082,
      6.4718427658081055,
      9.54703426361084,
      9.641861915588379,
      26.508853912353516,
      23.703079223632812,
      28.389360427856445,
      29.583049774169922,
      37.652137756347656,
      35.90843200683594
    ],
    [
      6.2871785163879395,
      14.016589164733887,
      6.209919452667236,
      13.883949279785156,
      10.070858001708984,
      11.991316795349121,
      12.961633682250977,
      14.987720489501953,
      11.76315975189209,
      14.02875804901123,
      11.695159912109375,
      15.193693161010742,
      18.287567138671875,
      27.88634490966797,
      18.2424259185791,
      37.07841110229492,
      35.90843200683594,
      54.29744338989258
    ]
  ],
  "covariance_short": [
    [
      44.65106964111328,
      13.084235191345215,
      12.00649356842041,
      7.918150901794434,
      7.289389133453369,
      7.123158931732178,
      7.095256805419922,
      7.543493747711182,
      1.974913477897644,
      1.6799026727676392,
      1.8174015283584595,
      3.0575149059295654,
      6.571597576141357,
      6.283494472503662,
      4.857985019683838,
      5.983778953552246,
      5.089901924133301,
      5.163965702056885
    ],
    [
      13.084235191345215,
      93.74811553955078,
      18.1119441986084,
      38.07942199707031,
      25.0716495513916,
      36.486114501953125,
      37.00426483154297,
      37.47964859008789,
      33.153900146484375,
      39.50175857543945,
      33.98038101196289,
      44.072444915771484,
      23.881990432739258,
      36.48445129394531,
      14.784432411193848,
      30.155780792236328,
      16.47733497619629,
      31.733652114868164
    ],
    [
      12.00649356842041,
      18.1119441986084,
      30.28326988220215,
      18.019742965698242,
      19.359731674194336,
      15.340803146362305,
      17.237218856811523,
      13.295671463012695,
      15.04200267791748,
      11.707191467285156,
      14.500227928161621,
      13.987820625305176,
      10.060232162475586,
      11.874136924743652,
      12.24183177947998,
      13.079446792602539,
      10.990784645080566,
      14.523548126220703
    ],
    [
      7.918150901794434,
      38.07942199707031,
      18.019742965698242,
      51.706756591796875,
      23.5701904296875,
      33.424896240234375,
      27.419559478759766,
      30.433504104614258,
      20.88144302368164,
      25.784469604492188,
      20.807010650634766,
      26.57349967956543,
      14.499787330627441,
      22.472814559936523,
      11.691347122192383,
      20.782306671142578,
      13.81902027130127,
      22.87793731689453
    ],
    [
      7.289389133453369,
      25.0716495513916,
      19.359731674194336,
      23.5701904296875,
      46.307762145996094,
      34.036170959472656,
      39.223548889160156,
      30.640390396118164,
      34.168636322021484,
      26.4124698638916,
      31.4681396484375,
      27.885860443115234,
      18.77512550354004,
      20.978153228759766,
      20.132404327392578,
      20.84425163269043,
      18.627225875854492,
      21.078712463378906
    ],
    [
      7.123158931732178,
      36.486114501953125,
      15.340803146362305,
      33.424896240234375,
      34.036170959472656,
      51.03896713256836,
      35.98007583618164,
      38.61490249633789,
      28.8916072845459,
      34.56627655029297,
      29.109949111938477,
      35.72703170776367,
      20.07806396484375,
      28.29849624633789,
      16.305950164794922,
      25.899341583251953,
      17.338176727294922,
      25.96925926208496
    ],
    [
      7.095256805419922,
      37.00426483154297,
      17.237218856811523,
      27.419559478759766,
      39.223548889160156,
      35.98007583618164,
      63.823917388916016,
      45.03451919555664,
      50.33442687988281,
      44.093597412109375,
      44.80280685424805,
      40.913856506347656,
      23.495939254760742,
      28.6804141998291,
      19.596208572387695,
      26.54950523376465,
      19.10915756225586,
      26.782917022705078
    ],
    [
      7.543493747711182,
      37.47964859008789,
      13.295671463012695,
      30.433504104614258,
      30.640390396118164,
      38.61490249633789,
      45.03451919555664,
      51.06584930419922,
      36.35006332397461,
      42.934608459472656,
      34.63062286376953,
      40.42756652832031,
      20.217199325561523,
      30.37697410583496,
      13.492115020751953,
      27.210535049438477,
      16.9925479888916,
      28.11939811706543
    ],
    [
      1.974913477897644,
      33.153900146484375,
      15.04200267791748,
      20.88144302368164,
      34.168636322021484,
      28.8916072845459,
      50.33442687988281,
      36.35006332397461,
      86.2774658203125,
      69.44542694091797,
      71.3770523071289,
      59.42619705200195,
      29.400564193725586,
      33.98613357543945,
      18.114627838134766,
      29.17265510559082,
      16.00619888305664,
      29.798067092895508
    ],
    [
      1.6799026727676392,
      39.50175857543945,
      11.707191467285156,
      25.784469604492188,
      26.4124698638916,
      34.56627655029297,
      44.093597412109375,
      42.934608459472656,
      69.44542694091797,
      84.04230499267578,
      62.261024475097656,
      68.05496978759766,
      26.428485870361328,
      40.3682861328125,
      9.48135757446289,
      33.85095977783203,
      13.503928184509277,
      35.95155334472656
    ],
    [
      1.8174015283584595,
      33.98038101196289,
      14.500227928161621,
      20.807010650634766,
      31.4681396484375,
      29.109949111938477,
      44.80280685424805,
      34.63062286376953,
      71.3770523071289,
      62.261024475097656,
      77.93062591552734,
      60.53166580200195,
      37.10589599609375,
      38.51029586791992,
      25.387929916381836,
      33.25176239013672,
      22.283554077148438,
      32.68933868408203
    ],
    [
      3.0575149059295654,
      44.072444915771484,
      13.987820625305176,
      26.57349967956543,
      27.885860443115234,
      35.72703170776367,
      40.913856506347656,
      40.42756652832031,
      59.42619705200195,
      68.05496978759766,
      60.53166580200195,
      72.14982604980469,
      31.61117172241211,
      47.575050354003906,
      16.421335220336914,
      40.999183654785156,
      20.647520065307617,
      42.863975524902344
    ],
    [
      6.571597576141357,
      23.881990432739258,
      10.060232162475586,
      14.499787330627441,
      18.77512550354004,
      20.07806396484375,
      23.495939254760742,
      20.217199325561523,
      29.400564193725586,
      26.428485870361328,
      37.10589599609375,
      31.61117172241211,
      60.3392448425293,
      45.6059684753418,
      52.129512786865234,
      46.5640869140625,
      48.44493865966797,
      45.73332977294922
    ],
    [
      6.283494472503662,
      36.48445129394531,
      11.874136924743652,
      22.472814559936523,
      20.978153228759766,
      28.29849624633789,
      28.6804141998291,
      30.37697410583496,
      33.98613357543945,
      40.3682861328125,
      38.51029586791992,
      47.575050354003906,
      45.6059684753418,
      65.33937072753906,
      35.41961669921875,
      63.313594818115234,
      44.48556900024414,
      67.14602661132812
    ],
    [
      4.857985019683838,
      14.784432411193848,
      12.24183177947998,
      11.691347122192383,
      20.132404327392578,
      16.305950164794922,
      19.596208572387695,
      13.492115020751953,
      18.114627838134766,
      9.48135757446289,
      25.387929916381836,
      16.421335220336914,
      52.129512786865234,
      35.41961669921875,
      70.9404296875,
      48.05743408203125,
      61.40669250488281,
      47.78919219970703
    ],
    [
      5.983778953552246,
      30.155780792236328,
      13.079446792602539,
      20.782306671142578,
      20.84425163269043,
      25.899341583251953,
      26.54950523376465,
      27.210535049438477,
      29.17265510559082,
      33.85095977783203,
      33.25176239013672,
      40.999183654785156,
      46.5640869140625,
      63.313594818115234,
      48.05743408203125,
      79.90150451660156,
      61.90610122680664,
      87.59323120117188
    ],
    [
      5.089901924133301,
      16.47733497619629,
      10.990784645080566,
      13.81902027130127,
      18.627225875854492,
      17.338176727294922,
      19.10915756225586,
      16.9925479888916,
      16.00619888305664,
      13.503928184509277,
      22.283554077148438,
      20.647520065307617,
      48.44493865966797,
      44.48556900024414,
      61.40669250488281,
      61.90610122680664,
      78.47061157226562,
      76.91545104980469
    ],
    [
      5.163965702056885,
      31.733652114868164,
      14.523548126220703,
      22.87793731689453,
      21.078712463378906,
      25.96925926208496,
      26.782917022705078,
      28.11939811706543,
      29.798067092895508,
      35.95155334472656,
      32.68933868408203,
      42.863975524902344,
      45.73332977294922,
      67.14602661132812,
      47.78919219970703,
      87.59323120117188,
      76.91545104980469,
      126.05374145507812
    ]
  ],
  "damage": -3.3868370056152344,
  "diff_bandwidth": 680.3123168945312,
  "dissonance": 7.587034385066501,
  "drr": 16.255107879638672,
  "dynamics": 3.2218430042266846,
  "format": 65538,
  "frames": 8723196,
  "freq_pan_to_db": [
    [
      -31.186607360839844,
      -27.594280242919922,
      -21.799396514892578,
      -15.20410442352295,
      -11.696695327758789,
      -11.902796745300293,
      -13.161466598510742,
      -18.416065216064453,
      -24.38641929626465,
      -30.62061309814453,
      -34.52964401245117
    ],
    [
      -17.231624603271484,
      -14.021462440490723,
      -12.95254135131836,
      -11.170502662658691,
      -7.661406993865967,
      -5.588679790496826,
      -7.89117956161499,
      -12.67658519744873,
      -15.135482788085938,
      -15.176238059997559,
      -18.09418296813965
    ],
    [
      -10.896502494812012,
      -10.109947204589844,
      -9.183832168579102,
      -8.956088066101074,
      -8.578336715698242,
      -8.262246131896973,
      -8.405560493469238,
      -9.014541625976562,
      -9.551383018493652,
      -10.862143516540527,
      -11.152800559997559
    ],
    [
      -13.779626846313477,
      -11.774876594543457,
      -11.862486839294434,
      -11.210807800292969,
      -11.661772727966309,
      -12.043183326721191,
      -12.20217514038086,
      -12.534537315368652,
      -13.193075180053711,
      -13.516666412353516,
      -13.371734619140625
    ],
    [
      -13.613059043884277,
      -13.105239868164062,
      -12.719931602478027,
      -12.583672523498535,
      -13.245575904846191,
      -13.53468132019043,
      -13.108309745788574,
      -12.814290046691895,
      -13.288104057312012,
      -13.964335441589355,
      -13.88602066040039
    ],
    [
      -13.484308242797852,
      -13.64175033569336,
      -11.922728538513184,
      -11.410200119018555,
      -10.611710548400879,
      -10.512374877929688,
      -10.757920265197754,
      -11.881876945495605,
      -12.863701820373535,
      -13.935846328735352,
      -14.666650772094727
    ],
    [
      -14.666793823242188,
      -14.203670501708984,
      -12.711044311523438,
      -11.229316711425781,
      -10.48394775390625,
      -10.775094985961914,
      -11.04712200164795,
      -11.768980026245117,
      -13.606912612915039,
      -14.558197021484375,
      -14.682588577270508
    ],
    [
      -14.68093204498291,
      -14.564651489257812,
      -14.2569580078125,
      -13.824310302734375,
      -12.11189079284668,
      -10.163705825805664,
      -12.320698738098145,
      -14.050582885742188,
      -13.750640869140625,
      -13.186147689819336,
      -13.123298645019531
    ],
    [
      -16.684898376464844,
      -16.126901626586914,
      -14.848831176757812,
      -13.902165412902832,
      -12.394254684448242,
      -11.879949569702148,
      -13.14450740814209,
      -14.63607120513916,
      -15.132402420043945,
      -14.52526569366455,
      -14.294452667236328
    ],
    [
      -14.135529518127441,
      -12.843762397766113,
      -14.492859840393066,
      -14.017614364624023,
      -12.694716453552246,
      -12.094649314880371,
      -12.602932929992676,
      -13.34107780456543,
      -14.164283752441406,
      -14.04145622253418,
      -13.099384307861328
    ],
    [
      -13.95040512084961,
      -13.928444862365723,
      -15.195443153381348,
      -15.524815559387207,
      -14.523771286010742,
      -12.736482620239258,
      -13.49013614654541,
      -14.501193046569824,
      -14.827437400817871,
      -15.059271812438965,
      -14.884626388549805
    ],
    [
      -15.508658409118652,
      -17.683183670043945,
      -18.086671829223633,
      -16.9967098236084,
      -15.753676414489746,
      -13.92259693145752,
      -16.79196548461914,
      -18.27644920349121,
      -16.879962921142578,
      -16.830402374267578,
      -17.403165817260742
    ],
    [
      -18.383861541748047,
      -19.884992599487305,
      -20.15224838256836,
      -17.913063049316406,
      -15.876014709472656,
      -14.001744270324707,
      -17.022796630859375,
      -18.003721237182617,
      -18.83568000793457,
      -20.012277603149414,
      -21.342058181762695
    ],
    [
      -16.284584045410156,
      -19.39331817626953,
      -17.48694610595703,
      -16.322654724121094,
      -14.668632507324219,
      -13.790850639343262,
      -17.44382667541504,
      -18.707351684570312,
      -20.326921463012695,
      -17.317272186279297,
      -16.852231979370117
    ],
    [
      -15.26434326171875,
      -18.359891891479492,
      -19.191268920898438,
      -18.825979232788086,
      -18.268978118896484,
      -14.60630989074707,
      -17.403385162353516,
      -20.474891662597656,
      -20.39872169494629,
      -19.630084991455078,
      -19.014299392700195
    ],
    [
      -18.117435455322266,
      -19.696861267089844,
      -20.910545349121094,
      -21.487579345703125,
      -18.284704208374023,
      -15.502706527709961,
      -17.948474884033203,
      -20.695926666259766,
      -21.0565185546875,
      -20.809600830078125,
      -20.23744010925293
    ],
    [
      -19.252168655395508,
      -20.289363861083984,
      -23.082592010498047,
      -22.47398567199707,
      -18.95590591430664,
      -18.307022094726562,
      -21.503915786743164,
      -23.232213973999023,
      -20.588008880615234,
      -19.495447158813477,
      -18.924022674560547
    ],
    [
      -19.092132568359375,
      -19.290075302124023,
      -21.872053146362305,
      -23.41825294494629,
      -21.648401260375977,
      -18.503923416137695,
      -22.360960006713867,
      -23.103357315063477,
      -21.32880973815918,
      -20.052560806274414,
      -17.943668365478516
    ],
    [
      -20.661073684692383,
      -21.141273498535156,
      -22.525558471679688,
      -24.61687469482422,
      -21.2379150390625,
      -19.3089542388916,
      -22.272253036499023,
      -22.35515594482422,
      -20.20168685913086,
      -22.006080627441406,
      -21.966527938842773
    ],
    [
      -17.038740158081055,
      -18.20608901977539,
      -18.69432830810547,
      -19.859893798828125,
      -18.361562728881836,
      -18.549373626708984,
      -19.788469314575195,
      -19.31631851196289,
      -19.498615264892578,
      -20.14609718322754,
      -23.342111587524414
    ],
    [
      -16.80689239501953,
      -18.544084548950195,
      -17.65634536743164,
      -18.665199279785156,
      -19.1585693359375,
      -19.436344146728516,
      -18.14285659790039,
      -19.02425765991211,
      -19.25247573852539,
      -18.8629093170166,
      -20.060487747192383
    ],
    [
      -15.480892181396484,
      -18.986120223999023,
      -19.56106185913086,
      -19.227413177490234,
      -19.493030548095703,
      -20.902559280395508,
      -19.675397872924805,
      -19.402795791625977,
      -20.13424301147461,
      -18.845197677612305,
      -13.667407035827637
    ],
    [
      -17.9880428314209,
      -18.999313354492188,
      -20.105224609375,
      -21.21733856201172,
      -19.120874404907227,
      -20.45860481262207,
      -20.015546798706055,
      -21.15266990661621,
      -19.907987594604492,
      -19.723133087158203,
      -15.943673133850098
    ],
    [
      -16.420494079589844,
      -21.290081024169922,
      -21.57178497314453,
      -21.851093292236328,
      -21.374713897705078,
      -20.933401107788086,
      -21.220361709594727,
      -22.865947723388672,
      -22.68425750732422,
      -22.204883575439453,
      -19.57757568359375
    ],
    [
      -25.731264114379883,
      -26.20871353149414,
      -25.139488220214844,
      -23.792238235473633,
      -22.01784324645996,
      -21.237049102783203,
      -21.655031204223633,
      -23.45675277709961,
      -25.464014053344727,
      -26.934593200683594,
      -27.719865798950195
    ],
    [
      -18.701417922973633,
      -28.374013900756836,
      -27.720407485961914,
      -27.27842903137207,
      -25.99496078491211,
      -25.203943252563477,
      -25.221370697021484,
      -26.56154441833496,
      -27.831199645996094,
      -28.600963592529297,
      -30.33661651611328
    ],
    [
      -22.582477569580078,
      -26.275259017944336,
      -26.57730484008789,
      -27.047597885131836,
      -26.11982536315918,
      -25.484914779663086,
      -25.123584747314453,
      -26.710037231445312,
      -26.50380516052246,
      -25.31722068786621,
      -20.51993751525879
    ],
    [
      -30.720964431762695,
      -29.873735427856445,
      -29.85614013671875,
      -29.38629913330078,
      -28.622507095336914,
      -27.493173599243164,
      -28.998638153076172,
      -29.391122817993164,
      -30.243650436401367,
      -28.934036254882812,
      -37.635799407958984
    ],
    [
      -32.40957260131836,
      -31.673721313476562,
      -31.803815841674805,
      -32.24382781982422,
      -31.837596893310547,
      -29.11082649230957,
      -31.877944946289062,
      -31.85188102722168,
      -31.81425666809082,
      -32.53468704223633,
      -54.63264465332031
    ],
    [
      -30.610301971435547,
      -33.16531753540039,
      -32.386924743652344,
      -32.77885818481445,
      -32.61464309692383,
      -26.648529052734375,
      -32.68486404418945,
      -32.760650634765625,
      -32.88306427001953,
      -31.984634399414062,
      -36.68926239013672
    ],
    [
      -38.19504928588867,
      -31.526081085205078,
      -33.115570068359375,
      -33.634376525878906,
      -33.594879150390625,
      -26.096891403198242,
      -33.62956237792969,
      -33.7397575378418,
      -33.50869369506836,
      -31.517879486083984,
      -36.06343078613281
    ],
    [
      -27.742830276489258,
      -32.71604919433594,
      -33.72654342651367,
      -34.58915710449219,
      -34.554908752441406,
      -28.744367599487305,
      -34.83948516845703,
      -35.139400482177734,
      -34.686553955078125,
      -35.16865539550781,
      -52.2528190612793
    ],
    [
      -35.28285598754883,
      -38.368919372558594,
      -34.22175216674805,
      -34.811954498291016,
      -35.21831130981445,
      -30.330467224121094,
      -35.44646072387695,
      -35.80540084838867,
      -35.6397819519043,
      -32.97580337524414,
      -124.21774291992188
    ],
    [
      -47.84465789794922,
      -33.811702728271484,
      -33.3806037902832,
      -34.09939956665039,
      -34.14221954345703,
      -30.0826358795166,
      -35.16653060913086,
      -36.40188980102539,
      -34.68014144897461,
      -36.83225631713867,
      -121.0765609741211
    ],
    [
      -34.522315979003906,
      -33.91317367553711,
      -33.210147857666016,
      -34.75205993652344,
      -34.50429916381836,
      -28.79461097717285,
      -33.843528747558594,
      -34.80493927001953,
      -35.0592155456543,
      -34.2177619934082,
      -33.986473083496094
    ],
    [
      -370,
      -31.241802215576172,
      -32.33588409423828,
      -36.46567153930664,
      -37.45813751220703,
      -31.41734504699707,
      -34.662776947021484,
      -33.667091369628906,
      -33.05947494506836,
      -31.96099853515625,
      -118.93791961669922
    ],
    [
      -370,
      -28.896013259887695,
      -35.1838264465332,
      -37.277915954589844,
      -38.64204788208008,
      -35.13883972167969,
      -36.910614013671875,
      -36.12495803833008,
      -36.41782760620117,
      -34.693206787109375,
      -120.64281463623047
    ],
    [
      -26.694433212280273,
      -31.65060043334961,
      -34.60483169555664,
      -39.03718948364258,
      -39.90936279296875,
      -38.18629837036133,
      -38.25055694580078,
      -38.22856903076172,
      -39.59373092651367,
      -37.911190032958984,
      -118.66154479980469
    ],
    [
      -370,
      -31.22923469543457,
      -36.75601577758789,
      -40.483116149902344,
      -40.659549713134766,
      -40.19093322753906,
      -38.42758560180664,
      -37.657936096191406,
      -38.46144485473633,
      -39.74288558959961,
      -116.74522399902344
    ],
    [
      -37.04347610473633,
      -35.20893096923828,
      -37.56435012817383,
      -41.29043960571289,
      -42.790130615234375,
      -42.834815979003906,
      -38.71603775024414,
      -36.84754943847656,
      -36.96164321899414,
      -38.08085632324219,
      -117.84158325195312
    ],
    [
      -36.789512634277344,
      -31.92660140991211,
      -38.04690933227539,
      -41.72934341430664,
      -44.92577362060547,
      -46.29356384277344,
      -40.92632293701172,
      -39.02301025390625,
      -39.097381591796875,
      -40.45395278930664,
      -41.9991569519043
    ],
    [
      -370,
      -37.93098449707031,
      -38.666988372802734,
      -42.4546012878418,
      -46.90945053100586,
      -49.9804801940918,
      -42.82553482055664,
      -38.82550048828125,
      -37.0086555480957,
      -39.96040725708008,
      -47.09943771362305
    ]
  ],
  "histogram": [
    {
      "db": -70,
      "frequency": 0
    },
    {
      "db": -69,
      "frequency": 1
    },
    {
      "db": -68,
      "frequency": 0
    },
    {
      "db": -67,
      "frequency": 0
    },
    {
      "db": -66,
      "frequency": 0
    },
    {
      "db": -65,
      "frequency": 1
    },
    {
      "db": -64,
      "frequency": 0
    },
    {
      "db": -63,
      "frequency": 1
    },
    {
      "db": -62,
      "frequency": 1
    },
    {
      "db": -61,
      "frequency": 0
    },
    {
      "db": -60,
      "frequency": 1
    },
    {
      "db": -59,
      "frequency": 0
    },
    {
      "db": -58,
      "frequency": 0
    },
    {
      "db": -57,
      "frequency": 1
    },
    {
      "db": -56,
      "frequency": 0
    },
    {
      "db": -55,
      "frequency": 0
    },
    {
      "db": -54,
      "frequency": 1
    },
    {
      "db": -53,
      "frequency": 0
    },
    {
      "db": -52,
      "frequency": 2
    },
    {
      "db": -51,
      "frequency": 1
    },
    {
      "db": -50,
      "frequency": 1
    },
    {
      "db": -49,
      "frequency": 2
    },
    {
      "db": -48,
      "frequency": 1
    },
    {
      "db": -47,
      "frequency": 1
    },
    {
      "db": -46,
      "frequency": 0
    },
    {
      "db": -45,
      "frequency": 2
    },
    {
      "db": -44,
      "frequency": 2
    },
    {
      "db": -43,
      "frequency": 0
    },
    {
      "db": -42,
      "frequency": 2
    },
    {
      "db": -41,
      "frequency": 1
    },
    {
      "db": -40,
      "frequency": 1
    },
    {
      "db": -39,
      "frequency": 3
    },
    {
      "db": -38,
      "frequency": 3
    },
    {
      "db": -37,
      "frequency": 3
    },
    {
      "db": -36,
      "frequency": 1
    },
    {
      "db": -35,
      "frequency": 3
    },
    {
      "db": -34,
      "frequency": 2
    },
    {
      "db": -33,
      "frequency": 1
    },
    {
      "db": -32,
      "frequency": 3
    },
    {
      "db": -31,
      "frequency": 6
    },
    {
      "db": -30,
      "frequency": 2
    },
    {
      "db": -29,
      "frequency": 1
    },
    {
      "db": -28,
      "frequency": 6
    },
    {
      "db": -27,
      "frequency": 4
    },
    {
      "db": -26,
      "frequency": 6
    },
    {
      "db": -25,
      "frequency": 8
    },
    {
      "db": -24,
      "frequency": 11
    },
    {
      "db": -23,
      "frequency": 5
    },
    {
      "db": -22,
      "frequency": 6
    },
    {
      "db": -21,
      "frequency": 4
    },
    {
      "db": -20,
      "frequency": 4
    },
    {
      "db": -19,
      "frequency": 4
    },
    {
      "db": -18,
      "frequency": 13
    },
    {
      "db": -17,
      "frequency": 3
    },
    {
      "db": -16,
      "frequency": 19
    },
    {
      "db": -15,
      "frequency": 25
    },
    {
      "db": -14,
      "frequency": 41
    },
    {
      "db": -13,
      "frequency": 76
    },
    {
      "db": -12,
      "frequency": 121
    },
    {
      "db": -11,
      "frequency": 219
    },
    {
      "db": -10,
      "frequency": 223
    },
    {
      "db": -9,
      "frequency": 246
    },
    {
      "db": -8,
      "frequency": 195
    },
    {
      "db": -7,
      "frequency": 178
    },
    {
      "db": -6,
      "frequency": 229
    },
    {
      "db": -5,
      "frequency": 196
    },
    {
      "db": -4,
      "frequency": 69
    },
    {
      "db": -3,
      "frequency": 4
    },
    {
      "db": -2,
      "frequency": 0
    },
    {
      "db": -1,
      "frequency": 0
    },
    {
      "db": 0,
      "frequency": 0
    },
    {
      "db": 1,
      "frequency": 0
    },
    {
      "db": 2,
      "frequency": 0
    },
    {
      "db": 3,
      "frequency": 0
    },
    {
