{
  "acoustic_entropy": 209.069580078125,
  "bands": [
    {
      "high_freq": 148.1999969482422,
      "loudness": -21.977760314941406,
      "loudness_range": 9.030550003051758,
      "mid_mean": -18.35927391052246,
      "mid_to_side_loudness": -22.880056381225586,
      "mid_to_side_loudness_range": 23.713279724121094,
      "side_mean": -42.19343185424805
    },
    {
      "high_freq": 392.3793640136719,
      "loudness": -23.078781127929688,
      "loudness_range": 11.159612655639648,
      "low_freq": 148.1999969482422,
      "mid_mean": -20.112796783447266,
      "mid_to_side_loudness": -8.915406227111816,
      "mid_to_side_loudness_range": 13.252472877502441,
      "side_mean": -29.182086944580078
    },
    {
      "high_freq": 794.6976318359375,
      "loudness": -24.742033004760742,
      "loudness_range": 15.866523742675781,
      "low_freq": 392.3793640136719,
      "mid_mean": -21.88140106201172,
      "mid_to_side_loudness": -7.994967460632324,
      "mid_to_side_loudness_range": 10.490241050720215,
      "side_mean": -29.884475708007812
    },
    {
      "high_freq": 1457.5709228515625,
      "loudness": -28.394926071166992,
      "loudness_range": 20.320762634277344,
      "low_freq": 794.6976318359375,
      "mid_mean": -25.78375816345215,
      "mid_to_side_loudness": -6.616514682769775,
      "mid_to_side_loudness_range": 10.989655494689941,
      "side_mean": -32.441162109375
    },
    {
      "high_freq": 2549.74365234375,
      "loudness": -28.129310607910156,
      "loudness_range": 22.600387573242188,
      "low_freq": 1457.5709228515625,
      "mid_mean": -25.43711280822754,
      "mid_to_side_loudness": -6.798214912414551,
      "mid_to_side_loudness_range": 10.992399215698242,
      "side_mean": -32.369140625
    },
    {
      "high_freq": 4349.24462890625,
      "loudness": -30.713167190551758,
      "loudness_range": 20.970125198364258,
      "low_freq": 2549.74365234375,
      "mid_mean": -28.102521896362305,
      "mid_to_side_loudness": -6.282811641693115,
      "mid_to_side_loudness_range": 9.686857223510742,
      "side_mean": -34.470314025878906
    },
    {
      "high_freq": 7314.1640625,
      "loudness": -33.387020111083984,
      "loudness_range": 18.516746520996094,
      "low_freq": 4349.24462890625,
      "mid_mean": -31.07145118713379,
      "mid_to_side_loudness": -5.380152225494385,
      "mid_to_side_loudness_range": 11.125872611999512,
      "side_mean": -36.61252975463867
    },
    {
      "high_freq": 12199.2666015625,
      "loudness": -34.15388870239258,
      "loudness_range": 16.64411735534668,
      "low_freq": 7314.1640625,
      "mid_mean": -31.769920349121094,
      "mid_to_side_loudness": -5.735494613647461,
      "mid_to_side_loudness_range": 11.299038887023926,
      "side_mean": -37.86457443237305
    },
    {
      "loudness": -42.231903076171875,
      "loudness_range": 16.2919921875,
      "low_freq": 12199.2666015625,
      "mid_mean": -40.13846206665039,
      "mid_to_side_loudness": -4.372560501098633,
      "mid_to_side_loudness_range": 8.016274452209473,
      "side_mean": -44.796356201171875
    }
  ],
  "bands_short": [
    {
      "high_freq": 148.1999969482422,
      "loudness": -24.246736526489258,
      "loudness_range": 16.369916915893555,
      "mid_mean": -20.61118507385254,
      "mid_to_side_loudness": -27.940446853637695,
      "mid_to_side_loudness_range": 33.949790954589844,
      "side_mean": -51.949066162109375
    },
    {
      "high_freq": 392.3793640136719,
      "loudness": -23.075788497924805,
      "loudness_range": 13.775617599487305,
      "low_freq": 148.1999969482422,
      "mid_mean": -20.18672752380371,
      "mid_to_side_loudness": -10.102043151855469,
      "mid_to_side_loudness_range": 18.556779861450195,
      "side_mean": -30.44928550720215
    },
    {
      "high_freq": 794.6976318359375,
      "loudness": -25.893068313598633,
      "loudness_range": 19.243738174438477,
      "low_freq": 392.3793640136719,
      "mid_mean": -23.241426467895508,
      "mid_to_side_loudness": -7.593751430511475,
      "mid_to_side_loudness_range": 14.008070945739746,
      "side_mean": -30.878219604492188
    },
    {
      "high_freq": 1457.5709228515625,
      "loudness": -28.535888671875,
      "loudness_range": 22.468210220336914,
      "low_freq": 794.6976318359375,
      "mid_mean": -25.970603942871094,
      "mid_to_side_loudness": -6.9170613288879395,
      "mid_to_side_loudness_range": 13.284567832946777,
      "side_mean": -32.98085021972656
    },
    {
      "high_freq": 2549.74365234375,
      "loudness": -29.064865112304688,
      "loudness_range": 24.848281860351562,
      "low_freq": 1457.5709228515625,
      "mid_mean": -26.64873695373535,
      "mid_to_side_loudness": -6.384047508239746,
      "mid_to_side_loudness_range": 14.72000789642334,
      "side_mean": -33.30548858642578
    },
    {
      "high_freq": 4349.24462890625,
      "loudness": -31.588714599609375,
      "loudness_range": 23.838319778442383,
      "low_freq": 2549.74365234375,
      "mid_mean": -29.25859832763672,
      "mid_to_side_loudness": -5.836285591125488,
      "mid_to_side_loudness_range": 13.605846405029297,
      "side_mean": -35.321590423583984
    },
    {
      "high_freq": 7314.1640625,
      "loudness": -35.31477737426758,
      "loudness_range": 21.57758903503418,
      "low_freq": 4349.24462890625,
      "mid_mean": -33.13679122924805,
      "mid_to_side_loudness": -5.054558277130127,
      "mid_to_side_loudness_range": 12.107406616210938,
      "side_mean": -38.72297668457031
    },
    {
      "high_freq": 12199.2666015625,
      "loudness": -36.965858459472656,
      "loudness_range": 22.928787231445312,
      "low_freq": 7314.1640625,
      "mid_mean": -34.74987030029297,
      "mid_to_side_loudness": -6.127171993255615,
      "mid_to_side_loudness_range": 16.055753707885742,
      "side_mean": -41.718650817871094
    },
    {
      "loudness": -46.90496826171875,
      "loudness_range": 26.88286590576172,
      "low_freq": 12199.2666015625,
      "mid_mean": -44.54571533203125,
      "mid_to_side_loudness": -6.349434852600098,
      "mid_to_side_loudness_range": 15.460177421569824,
      "side_mean": -51.92329788208008
    }
  ],
  "bandwidth": 625.11083984375,
  "channels": 2,
  "covariance": [
    [
      18.29425811767578,
      16.18444061279297,
      7.90427303314209,
      8.399700164794922,
      9.05351734161377,
      9.39466381072998,
      9.879324913024902,
      9.068123817443848,
      6.459365367889404,
      5.455214500427246,
      6.334107875823975,
      6.181461811065674,
      8.238615036010742,
      7.882213592529297,
      6.563417911529541,
      7.603462219238281,
      7.415799617767334,
      6.90330171585083
    ],
    [
      16.18444061279297,
      79.26971435546875,
      11.6246919631958,
      24.997034072875977,
      17.96343421936035,
      25.857149124145508,
      28.855236053466797,
      26.8245906829834,
      26.871196746826172,
      30.63603401184082,
      25.64117431640625,
      30.651870727539062,
      15.0472993850708,
      23.208009719848633,
      6.953686237335205,
      16.134645462036133,
      9.802087783813477,
      14.548357963562012
    ],
    [
      7.90427303314209,
      11.6246919631958,
      19.923086166381836,
      15.255932807922363,
      15.503631591796875,
      13.195818901062012,
      14.876310348510742,
      11.214702606201172,
      12.679167747497559,
      9.169841766357422,
      12.853301048278809,
      11.281431198120117,
      9.551278114318848,
      9.978392601013184,
      9.399738311767578,
      9.076760292053223,
      7.69716739654541,
      6.386057376861572
    ],
    [
      8.399700164794922,
      24.997034072875977,
      15.255932807922363,
      32.30729293823242,
      16.590913772583008,
      21.065895080566406,
      19.650503158569336,
      21.367446899414062,
      16.81132698059082,
      19.150066375732422,
      16.402891159057617,
      18.569896697998047,
      9.736018180847168,
      15.51909065246582,
      7.427649974822998,
      14.006882667541504,
      10.551013946533203,
      14.386170387268066
    ],
    [
      9.05351734161377,
      17.96343421936035,
      15.503631591796875,
      16.590913772583008,
      33.977420806884766,
      27.12775230407715,
      31.588123321533203,
      24.031492233276367,
      26.958065032958984,
      19.191137313842773,
      24.715742111206055,
      20.18349266052246,
      14.2532958984375,
      15.720963478088379,
      12.824677467346191,
      14.010311126708984,
      11.572443962097168,
      10.402318954467773
    ],
    [
      9.39466381072998,
      25.857149124145508,
      13.195818901062012,
      21.065895080566406,
      27.12775230407715,
      35.485050201416016,
      30.40965461730957,
      29.71799659729004,
      25.153669357299805,
      26.857013702392578,
      24.991106033325195,
      27.20642852783203,
      14.697367668151855,
      20.502220153808594,
      10.775944709777832,
      16.30962562561035,
      10.989436149597168,
      12.8411283493042
    ],
    [
      9.879324913024902,
      28.855236053466797,
      14.876310348510742,
      19.650503158569336,
      31.588123321533203,
      30.40965461730957,
      52.77985382080078,
      37.612918853759766,
      41.10482406616211,
      35.985496520996094,
      36.359806060791016,
      33.101531982421875,
      15.188154220581055,
      21.48154640197754,
      10.027044296264648,
      16.78046989440918,
      11.67113971710205,
      13.913591384887695
    ],
    [
      9.068123817443848,
      26.8245906829834,
      11.214702606201172,
      21.367446899414062,
      24.031492233276367,
      29.71799659729004,
      37.612918853759766,
      38.58118438720703,
      29.80291748046875,
      33.59133529663086,
      28.295007705688477,
      31.16895866394043,
      13.420602798461914,
      21.667469024658203,
      7.599190711975098,
      16.935033798217773,
      11.730202674865723,
      15.97718334197998
    ],
    [
      6.459365367889404,
      26.871196746826172,
      12.679167747497559,
      16.81132698059082,
      26.958065032958984,
      25.153669357299805,
      41.10482406616211,
      29.80291748046875,
      64.84588623046875,
      57.593040466308594,
      54.6933708190918,
      47.6844596862793,
      15.37054443359375,
      21.788908004760742,
      6.766603946685791,
      14.998482704162598,
      7.970266819000244,
      12.167989730834961
    ],
    [
      5.455214500427246,
      30.63603401184082,
      9.169841766357422,
      19.150066375732422,
      19.191137313842773,
      26.857013702392578,
      35.985496520996094,
      33.59133529663086,
      57.593040466308594,
      66.21234893798828,
      50.61444091796875,
      52.96772003173828,
      13.780893325805664,
      25.409751892089844,
      1.9120922088623047,
      16.272891998291016,
      6.534637451171875,
      14.539700508117676
    ],
    [
      6.334107875823975,
      25.64117431640625,
      12.853301048278809,
      16.402891159057617,
      24.715742111206055,
      24.991106033325195,
      36.359806060791016,
      28.295007705688477,
      54.6933708190918,
      50.61444091796875,
      56.787071228027344,
      47.95321273803711,
      20.63894271850586,
      24.393308639526367,
      10.968256950378418,
      17.145166397094727,
      10.346933364868164,
      12.134303092956543
    ],
    [
      6.181461811065674,
      30.651870727539062,
      11.281431198120117,
      18.569896697998047,
      20.18349266052246,
      27.20642852783203,
      33.101531982421875,
      31.16895866394043,
      47.6844596862793,
      52.96772003173828,
      47.95321273803711,
      52.12303161621094,
      18.039077758789062,
      28.885272979736328,
      6.295620918273926,
      19.449935913085938,
      9.879709243774414,
      15.479460716247559
    ],
    [
      8.238615036010742,
      15.0472993850708,
      9.551278114318848,
      9.736018180847168,
      14.2532958984375,
      14.697367668151855,
      15.188154220581055,
      13.420602798461914,
      15.37054443359375,
      13.780893325805664,
      20.63894271850586,
      18.039077758789062,
      43.64485549926758,
      28.488826751708984,
      33.01708221435547,
      25.518102645874023,
      25.8194580078125,
      17.86546516418457
    ],
    [
      7.882213592529297,
      23.208009719848633,
      9.978392601013184,
      15.51909065246582,
      15.720963478088379,
      20.502220153808594,
      21.48154640197754,
      21.667469024658203,
      21.788908004760742,
      25.409751892089844,
      24.393308639526367,
      28.885272979736328,
      28.488826751708984,
      35.38225555419922,
      19.05941390991211,
      29.898576736450195,
      23.434659957885742,
      28.15024757385254
    ],
    [
      6.563417911529541,
      6.953686237335205,
      9.399738311767578,
      7.427649974822998,
      12.824677467346191,
      10.775944709777832,
      10.027044296264648,
      7.599190711975098,
      6.766603946685791,
      1.9120922088623047,
      10.968256950378418,
      6.295620918273926,
      33.01708221435547,
      19.05941390991211,
      37.87698745727539,
      23.297733306884766,
      26.61052894592285,
      16.731983184814453
    ],
    [
      7.603462219238281,
      16.134645462036133,
      9.076760292053223,
      14.006882667541504,
      14.010311126708984,
      16.30962562561035,
      16.78046989440918,
      16.935033798217773,
      14.998482704162598,
      16.272891998291016,
      17.145166397094727,
      19.449935913085938,
      25.518102645874023,
      29.898576736450195,
      23.297733306884766,
      33.296180725097656,
      28.938884735107422,
      34.88173294067383
    ],
    [
      7.415799617767334,
      9.802087783813477,
      7.69716739654541,
      10.551013946533203,
      11.572443962097168,
      10.989436149597168,
      11.67113971710205,
      11.730202674865723,
      7.970266819000244,
      6.534637451171875,
      10.346933364868164,
      9.879709243774414,
      25.8194580078125,
      23.434659957885742,
      26.61052894592285,
      28.938884735107422,
      35.326866149902344,
      35.689735412597656
    ],
    [
      6.90330171585083,
      14.548357963562012,
      6.386057376861572,
      14.386170387268066,
      10.402318954467773,
      12.8411283493042,
      13.913591384887695,
      15.97718334197998,
      12.167989730834961,
      14.539700508117676,
      12.134303092956543,
      15.479460716247559,
      17.86546516418457,
      28.15024757385254,
      16.731983184814453,
      34.88173294067383,
      35.689735412597656,
      55.928550720214844
    ]
  ],
  "covariance_short": [
    [
      44.8083381652832,
      12.601883888244629,
      12.950311660766602,
      8.877240180969238,
      8.306824684143066,
      8.463808059692383,
      8.605911254882812,
      8.657933235168457,
      3.7284748554229736,
      3.024951219558716,
      3.4032704830169678,
      4.3361382484436035,
      7.6853485107421875,
      7.319624423980713,
      5.982466697692871,
      6.972128868103027,
      6.11884880065918,
      5.940446853637695
    ],
    [
      12.601883888244629,
      96.17498016357422,
      18.788476943969727,
      38.310062408447266,
      24.23904037475586,
      36.66279220581055,
      35.91259002685547,
      36.59757614135742,
      31.299428939819336,
      38.03873825073242,
      32.193206787109375,
      41.76265335083008,
      22.808504104614258,
      35.775047302246094,
      13.784326553344727,
      27.591938018798828,
      17.167753219604492,
      37.16351318359375
    ],
    [
      12.950311660766602,
      18.788476943969727,
      31.476173400878906,
      19.125425338745117,
      20.449796676635742,
      16.416057586669922,
      18.54428482055664,
      14.025688171386719,
      16.165836334228516,
      12.270962715148926,
      15.70047664642334,
      14.961281776428223,
      11.121102333068848,
      13.171769142150879,
      13.327457427978516,
      14.314013481140137,
      11.905807495117188,
      14.9024658203125
    ],
    [
      8.877240180969238,
      38.310062408447266,
      19.125425338745117,
      52.20387649536133,
      24.18707275390625,
      33.7623291015625,
      27.663040161132812,
      30.143871307373047,
      21.078388214111328,
      25.252317428588867,
      20.996732711791992,
      26.290916442871094,
      14.868871688842773,
      22.62785530090332,
      12.469097137451172,
      20.10306739807129,
      14.246058464050293,
      22.327701568603516
    ],
    [
      8.306824684143066,
      24.23904037475586,
      20.449796676635742,
      24.18707275390625,
      47.16020584106445,
      34.879947662353516,
      39.825069427490234,
      30.458345413208008,
      34.38542175292969,
      25.16092300415039,
      32.08877182006836,
      27.304338455200195,
      19.68917465209961,
      21.345056533813477,
      21.137693405151367,
      20.721288681030273,
      19.41115951538086,
      20.067821502685547
    ],
    [
      8.463808059692383,
      36.66279220581055,
      16.416057586669922,
      33.7623291015625,
      34.879947662353516,
      51.8112907409668,
      36.671669006347656,
      38.68880844116211,
      28.95125389099121,
      33.632877349853516,
      29.384490966796875,
      35.021278381347656,
      20.729965209960938,
      28.42742156982422,
      17.185956954956055,
      24.8258113861084,
      17.792896270751953,
      25.13814926147461
    ],
    [
      8.605911254882812,
      35.91259002685547,
      18.54428482055664,
      27.663040161132812,
      39.825069427490234,
      36.671669006347656,
      62.74858856201172,
      43.77031326293945,
      48.27922058105469,
      40.46720886230469,
      43.907203674316406,
      38.59081268310547,
      23.783470153808594,
      28.018150329589844,
      20.55356788635254,
      24.68990135192871,
      19.66307830810547,
      24.96257972717285
    ],
    [
      8.657933235168457,
      36.59757614135742,
      14.025688171386719,
      30.143871307373047,
      30.458345413208008,
      38.68880844116211,
      43.77031326293945,
      50.10184097290039,
      34.005733489990234,
      40.11806869506836,
      32.95745849609375,
      38.08002471923828,
      20.024253845214844,
      29.355730056762695,
      14.079939842224121,
      24.97097396850586,
      17.173330307006836,
      26.515335083007812
    ],
    [
      3.7284748554229736,
      31.299428939819336,
      16.165836334228516,
      21.078388214111328,
      34.38542175292969,
      28.95125389099121,
      48.27922058105469,
      34.005733489990234,
      78.7359848022461,
      61.49361038208008,
      65.96412658691406,
      53.38749313354492,
      28.359561920166016,
      31.48789405822754,
      19.076568603515625,
      25.827051162719727,
      16.45092010498047,
      27.46090316772461
    ],
    [
      3.024951219558716,
      38.03873825073242,
      12.270962715148926,
      25.252317428588867,
      25.16092300415039,
      33.632877349853516,
      40.46720886230469,
      40.11806869506836,
      61.49361038208008,
      76.81553649902344,
      56.07398986816406,
      61.53548049926758,
      24.781482696533203,
      37.58811569213867,
      9.858197212219238,
      29.593658447265625,
      13.636168479919434,
      33.88058090209961
    ],
    [
      3.4032704830169678,
      32.193206787109375,
      15.70047664642334,
      20.996732711791992,
      32.08877182006836,
      29.384490966796875,
      43.907203674316406,
      32.95745849609375,
      65.96412658691406,
      56.07398986816406,
      74.05840301513672,
      55.55895233154297,
      36.610721588134766,
      36.84838104248047,
      26.573881149291992,
      30.570493698120117,
      22.880081176757812,
      30.312110900878906
    ],
    [
      4.3361382484436035,
      41.76265335083008,
      14.961281776428223,
      26.290916442871094,
      27.304338455200195,
      35.021278381347656,
      38.59081268310547,
      38.08002471923828,
      53.38749313354492,
      61.53548049926758,
      55.55895233154297,
      66.25038146972656,
      30.487207412719727,
      45.273590087890625,
      17.087814331054688,
      37.52592086791992,
      20.922306060791016,
      40.0416374206543
    ],
    [
      7.6853485107421875,
      22.808504104614258,
      11.121102333068848,
      14.868871688842773,
      19.68917465209961,
      20.729965209960938,
      23.783470153808594,
      20.024253845214844,
      28.359561920166016,
      24.781482696533203,
      36.610721588134766,
      30.487207412719727,
      60.07585906982422,
      45.16400909423828,
      52.30573272705078,
      46.360198974609375,
      48.03657531738281,
      43.245628356933594
    ],
    [
      7.319624423980713,
      35.775047302246094,
      13.171769142150879,
      22.62785530090332,
      21.345056533813477,
      28.42742156982422,
      28.018150329589844,
      29.355730056762695,
      31.48789405822754,
      37.58811569213867,
      36.84838104248047,
      45.273590087890625,
      45.16400909423828,
      64.92945098876953,
      35.99037551879883,
      61.80914306640625,
      44.27678298950195,
      65.67280578613281
    ],
    [
      5.982466697692871,
      13.784326553344727,
      13.327457427978516,
      12.469097137451172,
      21.137693405151367,
      17.185956954956055,
      20.55356788635254,
      14.079939842224121,
      19.076568603515625,
      9.858197212219238,
      26.573881149291992,
      17.087814331054688,
      52.30573272705078,
      35.99037551879883,
      70.05830383300781,
      48.97285842895508,
      60.05322265625,
      45.55939483642578
    ],
    [
      6.972128868103027,
      27.591938018798828,
      14.314013481140137,
      20.10306739807129,
      20.721288681030273,
      24.8258113861084,
      24.68990135192871,
      24.97097396850586,
      25.827051162719727,
      29.593658447265625,
      30.570493698120117,
      37.52592086791992,
      46.360198974609375,
      61.80914306640625,
      48.97285842895508,
      78.59036254882812,
      61.03443908691406,
      83.8117446899414
    ],
    [
      6.11884880065918,
      17.167753219604492,
      11.905807495117188,
      14.246058464050293,
      19.41115951538086,
      17.792896270751953,
      19.66307830810547,
      17.173330307006836,
      16.45092010498047,
      13.636168479919434,
      22.880081176757812,
      20.922306060791016,
      48.03657531738281,
      44.27678298950195,
      60.05322265625,
      61.03443908691406,
      76.29122161865234,
      73.54781341552734
    ],
    [
      5.940446853637695,
      37.16351318359375,
      14.9024658203125,
      22.327701568603516,
      20.067821502685547,
      25.13814926147461,
      24.96257972717285,
      26.515335083007812,
      27.46090316772461,
      33.88058090209961,
      30.312110900878906,
      40.0416374206543,
      43.245628356933594,
      65.67280578613281,
      45.55939483642578,
      83.8117446899414,
      73.54781341552734,
      120.89070129394531
    ]
  ],
  "damage": -7.338691711425781,
  "diff_bandwidth": 722.3427734375,
  "dissonance": 8.01776302852354,
  "drr": 16.926456451416016,
  "dynamics": 3.354076623916626,
  "format": 65538,
  "frames": 8723196,
  "freq_pan_to_db": [
    [
      -40.57339859008789,
      -36.80036926269531,
      -35.88351821899414,
      -27.49681282043457,
      -17.20479393005371,
      -15.711593627929688,
      -19.207460403442383,
      -28.414539337158203,
      -33.92433547973633,
      -39.271522521972656,
      -41.15776443481445
    ],
    [
      -29.249591827392578,
      -23.57786750793457,
      -17.51487922668457,
      -16.76436424255371,
      -13.18735122680664,
      -9.688834190368652,
      -13.237342834472656,
      -17.959068298339844,
      -19.184432983398438,
      -21.51595687866211,
      -23.412281036376953
    ],
    [
      -17.436866760253906,
      -15.80329418182373,
      -14.064104080200195,
      -13.147523880004883,
      -12.621623992919922,
      -11.978323936462402,
      -12.500349998474121,
      -13.155795097351074,
      -14.36005687713623,
      -15.554858207702637,
      -16.765132904052734
    ],
    [
      -19.531686782836914,
      -18.25847816467285,
      -16.138469696044922,
      -15.619771003723145,
      -15.121058464050293,
      -15.333328247070312,
      -15.991137504577637,
      -16.763967514038086,
      -17.60280418395996,
      -18.068403244018555,
      -19.12990379333496
    ],
    [
      -19.449195861816406,
      -18.156089782714844,
      -17.808422088623047,
      -17.017059326171875,
      -17.06145668029785,
      -17.187068939208984,
      -17.10511589050293,
      -17.24430274963379,
      -18.408916473388672,
      -18.891801834106445,
      -19.432796478271484
    ],
    [
      -19.136486053466797,
      -18.790861129760742,
      -17.868019104003906,
      -15.991998672485352,
      -14.98896312713623,
      -14.661049842834473,
      -15.185124397277832,
      -16.871747970581055,
      -18.47797966003418,
      -19.250591278076172,
      -20.30953598022461
    ],
    [
      -20.37505531311035,
      -19.94553565979004,
      -18.200069427490234,
      -16.4145565032959,
      -14.825724601745605,
      -14.769410133361816,
      -15.391435623168945,
      -17.110366821289062,
      -19.281278610229492,
      -19.82730484008789,
      -19.89906120300293
    ],
    [
      -20.026899337768555,
      -19.660747528076172,
      -19.11272621154785,
      -18.572206497192383,
      -16.670791625976562,
      -14.397348403930664,
      -16.86785888671875,
      -18.268056869506836,
      -17.7723331451416,
      -18.3386173248291,
      -18.18416976928711
    ],
    [
      -22.37429428100586,
      -20.466163635253906,
      -20.04923439025879,
      -19.21097183227539,
      -16.123088836669922,
      -15.482519149780273,
      -17.299564361572266,
      -18.973316192626953,
      -18.90530776977539,
      -19.25832176208496,
      -18.882835388183594
    ],
    [
      -18.216083526611328,
      -17.118934631347656,
      -18.392751693725586,
      -18.88238525390625,
      -16.64417839050293,
      -15.70312213897705,
      -16.472476959228516,
      -17.773181915283203,
      -17.673532485961914,
      -18.190006256103516,
      -17.706228256225586
    ],
    [
      -18.11142349243164,
      -17.850011825561523,
      -19.536022186279297,
      -19.381038665771484,
      -18.57039451599121,
      -16.603151321411133,
      -17.344972610473633,
      -18.628507614135742,
      -18.869060516357422,
      -18.903594970703125,
      -19.48696517944336
    ],
    [
      -19.686809539794922,
      -21.346986770629883,
      -22.115985870361328,
      -21.0249080657959,
      -19.698001861572266,
      -17.46628761291504,
      -21.153945922851562,
      -21.162765502929688,
      -20.62209701538086,
      -20.734325408935547,
      -21.77712059020996
    ],
    [
      -23.259492874145508,
      -24.442951202392578,
      -22.717565536499023,
      -22.536762237548828,
      -19.361364364624023,
      -17.347623825073242,
      -20.52766990661621,
      -21.852754592895508,
      -22.769556045532227,
      -24.193206787109375,
      -24.60053253173828
    ],
    [
      -17.998445510864258,
      -20.814281463623047,
      -21.313539505004883,
      -19.888328552246094,
      -17.828895568847656,
      -16.729211807250977,
      -20.63063621520996,
      -21.901765823364258,
      -24.366703033447266,
      -20.52549171447754,
      -20.960390090942383
    ],
    [
      -18.99177360534668,
      -21.762971878051758,
      -21.790416717529297,
      -21.62727165222168,
      -21.21112060546875,
      -17.400657653808594,
      -20.178497314453125,
      -24.02764129638672,
      -23.163280487060547,
      -23.432756423950195,
      -22.534292221069336
    ],
    [
      -22.188997268676758,
      -23.140687942504883,
      -24.242250442504883,
      -24.83915138244629,
      -21.38068389892578,
      -18.231351852416992,
      -20.894750595092773,
      -23.5003604888916,
      -23.659908294677734,
      -24.34616470336914,
      -23.36835479736328
    ],
    [
      -21.92976951599121,
      -23.628334045410156,
      -25.768754959106445,
      -25.56743049621582,
      -22.03905487060547,
      -20.943696975708008,
      -24.33146095275879,
      -25.656208038330078,
      -23.423686981201172,
      -22.15052604675293,
      -21.251304626464844
    ],
    [
      -22.774599075317383,
      -22.438600540161133,
      -24.97994041442871,
      -26.534032821655273,
      -24.246776580810547,
      -21.108503341674805,
      -24.912155151367188,
      -26.3552188873291,
      -24.376903533935547,
      -23.221323013305664,
      -20.25849151611328
    ],
    [
      -24.689687728881836,
      -24.663864135742188,
      -25.67980194091797,
      -27.364599227905273,
      -24.80439567565918,
      -21.991853713989258,
      -25.532060623168945,
      -25.715641021728516,
      -23.207969665527344,
      -25.420297622680664,
      -24.812992095947266
    ],
    [
      -21.306480407714844,
      -21.550291061401367,
      -21.9785099029541,
      -22.924238204956055,
      -21.715744018554688,
      -21.761329650878906,
      -23.215349197387695,
      -22.982023239135742,
      -22.857677459716797,
      -23.594852447509766,
      -26.366540908813477
    ],
    [
      -21.063833236694336,
      -22.629175186157227,
      -21.217281341552734,
      -22.31719970703125,
      -22.4777774810791,
      -22.84749412536621,
      -21.62584686279297,
      -22.146629333496094,
      -22.85801887512207,
      -22.196575164794922,
      -23.443042755126953
    ],
    [
      -19.24744415283203,
      -22.82872772216797,
      -23.19546127319336,
      -22.69842529296875,
      -23.282625198364258,
      -24.43419075012207,
      -23.167022705078125,
      -23.16069984436035,
      -23.488664627075195,
      -22.655582427978516,
      -18.798622131347656
    ],
    [
      -22.18277359008789,
      -23.091169357299805,
      -24.26727867126465,
      -24.928302764892578,
      -23.234437942504883,
      -24.13344955444336,
      -23.682897567749023,
      -25.363996505737305,
      -23.52920150756836,
      -23.498842239379883,
      -18.581344604492188
    ],
    [
      -21.936525344848633,
      -25.303470611572266,
      -25.78746795654297,
      -25.905067443847656,
      -25.473648071289062,
      -25.1079044342041,
      -25.185461044311523,
      -26.945547103881836,
      -27.005390167236328,
      -26.23801612854004,
      -24.05809211730957
    ],
    [
      -31.14374542236328,
      -30.701139450073242,
      -29.375547409057617,
      -28.37786865234375,
      -26.397417068481445,
      -25.57216453552246,
      -25.954280853271484,
      -27.91360855102539,
      -29.974685668945312,
      -31.14844512939453,
      -31.938398361206055
    ],
    [
      -24.188718795776367,
      -32.78778839111328,
      -32.01441192626953,
      -31.87520980834961,
      -30.354066848754883,
      -29.654468536376953,
      -29.71859359741211,
      -30.866050720214844,
      -32.21527862548828,
      -33.03487777709961,
      -34.13139724731445
    ],
    [
      -30.272552490234375,
      -30.113632202148438,
      -30.90930938720703,
      -31.216764450073242,
      -30.702396392822266,
      -29.838071823120117,
      -29.490192413330078,
      -31.03331756591797,
      -30.82478904724121,
      -29.58454132080078,
      -25.312881469726562
    ],
    [
      -34.68326950073242,
      -33.221275329589844,
      -33.57295227050781,
      -32.85555648803711,
      -32.336368560791016,
      -30.965801239013672,
      -32.4859619140625,
      -33.01362609863281,
      -33.629173278808594,
      -32.803253173828125,
      -36.12000274658203
    ],
    [
      -34.49924850463867,
      -33.62517166137695,
      -34.07002258300781,
      -34.654930114746094,
      -34.19878387451172,
      -31.35721206665039,
      -34.06837463378906,
      -34.132240295410156,
      -34.3475456237793,
      -34.41555404663086,
      -35.71575927734375
    ],
    [
      -41.33270263671875,
      -34.73929977416992,
      -34.39719772338867,
      -34.698116302490234,
      -34.488189697265625,
      -28.705717086791992,
      -34.530517578125,
      -34.67097473144531,
      -34.70132827758789,
      -34.277435302734375,
      -40.72495651245117
    ],
    [
      -55.452392578125,
      -33.77058792114258,
      -34.869354248046875,
      -35.522281646728516,
      -35.44255065917969,
      -28.231765747070312,
      -35.68120193481445,
      -35.62750244140625,
      -35.26173782348633,
      -33.74521255493164,
      -29.931739807128906
    ],
    [
      -36.961429595947266,
      -35.12049102783203,
      -35.347312927246094,
      -36.49814224243164,
      -36.56702423095703,
      -30.76764678955078,
      -36.645606994628906,
      -37.1042366027832,
      -36.542659759521484,
      -38.565738677978516,
      -34.841461181640625
    ],
    [
      -43.042964935302734,
      -38.80714416503906,
      -35.34039306640625,
      -36.0852165222168,
      -36.90712356567383,
      -32.10118865966797,
      -36.85892868041992,
      -37.12442398071289,
      -37.05656051635742,
      -34.60564041137695,
      -33.73802185058594
    ],
    [
      -53.376949310302734,
      -35.3089714050293,
      -34.59703826904297,
      -34.95217514038086,
      -35.06893539428711,
      -31.36069107055664,
      -35.97249984741211,
      -37.029972076416016,
      -36.75605773925781,
      -35.471275329589844,
      -36.95067596435547
    ],
    [
      -38.80884552001953,
      -33.88897705078125,
      -34.05877685546875,
      -35.45618438720703,
      -35.42841720581055,
      -29.955429077148438,
      -34.77973937988281,
      -35.672489166259766,
      -35.943687438964844,
      -35.76190948486328,
      -30.936092376708984
    ],
    [
      -146.05372619628906,
      -32.24315643310547,
      -33.35121154785156,
      -37.06064224243164,
      -38.648624420166016,
      -32.586326599121094,
      -35.55411911010742,
      -34.4516716003418,
      -33.902400970458984,
      -33.23636245727539,
      -370
    ],
    [
      -141.2985076904297,
      -34.840240478515625,
      -35.39305877685547,
      -38.22681427001953,
      -39.30674743652344,
      -36.37253189086914,
      -37.80426025390625,
      -36.93974304199219,
      -37.13595199584961,
      -37.376304626464844,
      -370
    ],
    [
      -32.05440139770508,
      -27.931610107421875,
      -35.994747161865234,
      -40.1468505859375,
      -40.79399490356445,
      -39.46007537841797,
      -39.22060012817383,
      -39.04825210571289,
      -40.808807373046875,
      -39.22187805175781,
      -370
    ],
    [
      -139.47694396972656,
      -33.0699348449707,
      -37.46579360961914,
      -41.80974578857422,
      -41.84515380859375,
      -41.49540710449219,
      -39.60820388793945,
      -38.97737121582031,
      -39.729305267333984,
      -40.61927032470703,
      -370
    ],
    [
      -44.37686538696289,
      -34.99163055419922,
      -37.73667526245117,
      -42.57305145263672,
      -44.12104034423828,
      -44.2073860168457,
      -39.916534423828125,
      -38.37666320800781,
      -37.729740142822266,
      -39.226009368896484,
      -370
    ],
    [
      -53.79902267456055,
      -33.05335235595703,
      -39.05568313598633,
      -42.99009323120117,
      -46.34800720214844,
      -47.66440200805664,
      -42.15256118774414,
      -40.22100830078125,
      -40.4100456237793,
      -40.6365852355957,
      -39.466861724853516
    ],
    [
      -139.68418884277344,
      -39.584373474121094,
      -39.56690216064453,
      -44.456050872802734,
      -48.095428466796875,
      -51.79680252075195,
      -43.81119918823242,
      -40.14564895629883,
      -38.31538391113281,
      -40.29819107055664,
      -54.125858306884766
    ]
  ],
  "histogram": [
    {
      "db": -70,
      "frequency": 0
    },
    {
      "db": -69,
      "frequency": 0
    },
    {
      "db": -68,
      "frequency": 0
    },
    {
      "db": -67,
      "frequency": 2
    },
    {
      "db": -66,
      "frequency": 0
    },
    {
      "db": -65,
      "frequency": 0
    },
    {
      "db": -64,
      "frequency": 0
    },
    {
      "db": -63,
      "frequency": 1
    },
    {
      "db": -62,
      "frequency": 0
    },
    {
      "db": -61,
      "frequency": 0
    },
    {
      "db": -60,
      "frequency": 1
    },
    {
      "db": -59,
      "frequency": 0
    },
    {
      "db": -58,
      "frequency": 1
    },
    {
      "db": -57,
      "frequency": 0
    },
    {
      "db": -56,
      "frequency": 0
    },
    {
      "db": -55,
      "frequency": 1
    },
    {
      "db": -54,
      "frequency": 0
    },
    {
      "db": -53,
      "frequency": 1
    },
    {
      "db": -52,
      "frequency": 0
    },
    {
      "db": -51,
      "frequency": 2
    },
    {
      "db": -50,
      "frequency": 1
    },
    {
      "db": -49,
      "frequency": 3
    },
    {
      "db": -48,
      "frequency": 0
    },
    {
      "db": -47,
      "frequency": 2
    },
    {
      "db": -46,
      "frequency": 1
    },
    {
      "db": -45,
      "frequency": 3
    },
    {
      "db": -44,
      "frequency": 0
    },
    {
      "db": -43,
      "frequency": 2
    },
    {
      "db": -42,
      "frequency": 1
    },
    {
      "db": -41,
      "frequency": 1
    },
    {
      "db": -40,
      "frequency": 4
    },
    {
      "db": -39,
      "frequency": 4
    },
    {
      "db": -38,
      "frequency": 2
    },
    {
      "db": -37,
      "frequency": 2
    },
    {
      "db": -36,
      "frequency": 3
    },
    {
      "db": -35,
      "frequency": 1
    },
    {
      "db": -34,
      "frequency": 4
    },
    {
      "db": -33,
      "frequency": 6
    },
    {
      "db": -32,
      "frequency": 2
    },
    {
      "db": -31,
      "frequency": 3
    },
    {
      "db": -30,
      "frequency": 7
    },
    {
      "db": -29,
      "frequency": 6
    },
    {
      "db": -28,
      "frequency": 8
    },
    {
      "db": -27,
      "frequency": 12
    },
    {
      "db": -26,
      "frequency": 4
    },
    {
      "db": -25,
      "frequency": 7
    },
    {
      "db": -24,
      "frequency": 3
    },
    {
      "db": -23,
      "frequency": 7
    },
    {
      "db": -22,
      "frequency": 9
    },
    {
      "db": -21,
      "frequency": 9
    },
    {
      "db": -20,
      "frequency": 10
    },
    {
      "db": -19,
      "frequency": 23
    },
    {
      "db": -18,
      "frequency": 36
    },
    {
      "db": -17,
      "frequency": 77
    },
    {
      "db": -16,
      "frequency": 118
    },
    {
      "db": -15,
      "frequency": 200
    },
    {
      "db": -14,
      "frequency": 213
    },
    {
      "db": -13,
      "frequency": 238
    },
    {
      "db": -12,
      "frequency": 193
    },
    {
      "db": -11,
      "frequency": 179
    },
    {
      "db": -10,
      "frequency": 214
    },
    {
      "db": -9,
      "frequency": 193
    },
    {
      "db": -8,
      "frequency": 94
    },
    {
      "db": -7,
      "frequency": 35
    },
    {
      "db": -6,
      "frequency": 17
    },
    {
      "db": -5,
      "frequency": 0
    },
    {
      "db": -4,
      "frequency": 0
    },
    {
      "db": -3,
      "frequency": 0
    },
    {
      "db": -2,
      "frequency": 0
    },
    {
      "db": -1,
      "frequency": 0
    },
    {
      "db": 0,
      "frequency": 0
    },
    {
      "db": 1,
      "frequency": 0
    },
    {
      "db": 2,
      "frequency": 0
    },
    {
      "db": 3,
      "frequency": 0
    },
    {
      "db": 4,
      "frequency": 0
    },
