{
  "acoustic_entropy": 191.5297393798828,
  "bands": [
    {
      "high_freq": 148.1999969482422,
      "loudness": -23.627668380737305,
      "loudness_range": 10.068082809448242,
      "mid_mean": -20.250362396240234,
      "mid_to_side_loudness": -15.007881164550781,
      "mid_to_side_loudness_range": 11.334716796875,
      "side_mean": -35.11824417114258
    },
    {
      "high_freq": 392.3793640136719,
      "loudness": -24.589496612548828,
      "loudness_range": 7.553066253662109,
      "low_freq": 148.1999969482422,
      "mid_mean": -21.422191619873047,
      "mid_to_side_loudness": -10.085314750671387,
      "mid_to_side_loudness_range": 7.328524589538574,
      "side_mean": -31.36707878112793
    },
    {
      "high_freq": 794.6976318359375,
      "loudness": -26.490140914916992,
      "loudness_range": 9.892305374145508,
      "low_freq": 392.3793640136719,
      "mid_mean": -23.3895320892334,
      "mid_to_side_loudness": -9.268985748291016,
      "mid_to_side_loudness_range": 7.20543098449707,
      "side_mean": -32.68644714355469
    },
    {
      "high_freq": 1457.5709228515625,
      "loudness": -29.058502197265625,
      "loudness_range": 11.79039192199707,
      "low_freq": 794.6976318359375,
      "mid_mean": -26.021940231323242,
      "mid_to_side_loudness": -9.064051628112793,
      "mid_to_side_loudness_range": 8.397773742675781,
      "side_mean": -34.89039611816406
    },
    {
      "high_freq": 2549.74365234375,
      "loudness": -26.22008514404297,
      "loudness_range": 9.616817474365234,
      "low_freq": 1457.5709228515625,
      "mid_mean": -23.27765655517578,
      "mid_to_side_loudness": -9.095001220703125,
      "mid_to_side_loudness_range": 9.525884628295898,
      "side_mean": -32.0545768737793
    },
    {
      "high_freq": 4349.24462890625,
      "loudness": -28.392074584960938,
      "loudness_range": 10.065683364868164,
      "low_freq": 2549.74365234375,
      "mid_mean": -25.46375274658203,
      "mid_to_side_loudness": -8.254111289978027,
      "mid_to_side_loudness_range": 8.756155014038086,
      "side_mean": -33.72756576538086
    },
    {
      "high_freq": 7314.1640625,
      "loudness": -36.86994934082031,
      "loudness_range": 17.36154556274414,
      "low_freq": 4349.24462890625,
      "mid_mean": -34.42470932006836,
      "mid_to_side_loudness": -5.845206260681152,
      "mid_to_side_loudness_range": 8.859050750732422,
      "side_mean": -40.22370147705078
    },
    {
      "high_freq": 12199.2666015625,
      "loudness": -40.37738037109375,
      "loudness_range": 21.50653839111328,
      "low_freq": 7314.1640625,
      "mid_mean": -38.50579833984375,
      "mid_to_side_loudness": -5.093024730682373,
      "mid_to_side_loudness_range": 11.137627601623535,
      "side_mean": -43.881324768066406
    },
    {
      "loudness": -47.467227935791016,
      "loudness_range": 19.005691528320312,
      "low_freq": 12199.2666015625,
      "mid_mean": -46.07798767089844,
      "mid_to_side_loudness": -3.5361592769622803,
      "mid_to_side_loudness_range": 9.424009323120117,
      "side_mean": -51.205772399902344
    }
  ],
  "bands_short": [
    {
      "high_freq": 148.1999969482422,
      "loudness": -28.135251998901367,
      "loudness_range": 20.714893341064453,
      "mid_mean": -24.890840530395508,
      "mid_to_side_loudness": -15.105635643005371,
      "mid_to_side_loudness_range": 20.005352020263672,
      "side_mean": -40.11081314086914
    },
    {
      "high_freq": 392.3793640136719,
      "loudness": -23.904356002807617,
      "loudness_range": 10.56529426574707,
      "low_freq": 148.1999969482422,
      "mid_mean": -20.72889518737793,
      "mid_to_side_loudness": -10.867525100708008,
      "mid_to_side_loudness_range": 11.71856689453125,
      "side_mean": -31.266338348388672
    },
    {
      "high_freq": 794.6976318359375,
      "loudness": -27.319637298583984,
      "loudness_range": 12.577497482299805,
      "low_freq": 392.3793640136719,
      "mid_mean": -24.278757095336914,
      "mid_to_side_loudness": -9.603242874145508,
      "mid_to_side_loudness_range": 11.45451545715332,
      "side_mean": -33.645137786865234
    },
    {
      "high_freq": 1457.5709228515625,
      "loudness": -29.271028518676758,
      "loudness_range": 14.265548706054688,
      "low_freq": 794.6976318359375,
      "mid_mean": -26.296186447143555,
      "mid_to_side_loudness": -9.677228927612305,
      "mid_to_side_loudness_range": 12.438847541809082,
      "side_mean": -35.62246322631836
    },
    {
      "high_freq": 2549.74365234375,
      "loudness": -26.914154052734375,
      "loudness_range": 12.916862487792969,
      "low_freq": 1457.5709228515625,
      "mid_mean": -23.93276596069336,
      "mid_to_side_loudness": -9.800064086914062,
      "mid_to_side_loudness_range": 12.392833709716797,
      "side_mean": -33.250152587890625
    },
    {
      "high_freq": 4349.24462890625,
      "loudness": -29.071882247924805,
      "loudness_range": 13.808950424194336,
      "low_freq": 2549.74365234375,
      "mid_mean": -26.16407012939453,
      "mid_to_side_loudness": -8.807536125183105,
      "mid_to_side_loudness_range": 11.548072814941406,
      "side_mean": -34.91505432128906
    },
    {
      "high_freq": 7314.1640625,
      "loudness": -38.485111236572266,
      "loudness_range": 22.056440353393555,
      "low_freq": 4349.24462890625,
      "mid_mean": -36.09864044189453,
      "mid_to_side_loudness": -6.235515117645264,
      "mid_to_side_loudness_range": 11.173200607299805,
      "side_mean": -42.2773323059082
    },
    {
      "high_freq": 12199.2666015625,
      "loudness": -42.219078063964844,
      "loudness_range": 26.572904586791992,
      "low_freq": 7314.1640625,
      "mid_mean": -40.7239875793457,
      "mid_to_side_loudness": -5.212378025054932,
      "mid_to_side_loudness_range": 12.554407119750977,
      "side_mean": -47.13514709472656
    },
    {
      "loudness": -49.93368148803711,
      "loudness_range": 25.82189178466797,
      "low_freq": 12199.2666015625,
      "mid_mean": -51.46772384643555,
      "mid_to_side_loudness": -4.059621334075928,
      "mid_to_side_loudness_range": 11.802305221557617,
      "side_mean": -55.22865295410156
    }
  ],
  "bandwidth": 563.1179809570312,
  "channels": 2,
  "covariance": [
    [
      23.986865997314453,
      13.708683967590332,
      12.396739959716797,
      13.378156661987305,
      9.333532333374023,
      12.746298789978027,
      8.575643539428711,
      11.016996383666992,
      7.900308609008789,
      11.575947761535645,
      7.608039379119873,
      12.154853820800781,
      11.080860137939453,
      13.265597343444824,
      11.612128257751465,
      13.30415153503418,
      16.04155731201172,
      19.09075927734375
    ],
    [
      13.708683967590332,
      21.475488662719727,
      8.782692909240723,
      12.049407005310059,
      8.524585723876953,
      12.512683868408203,
      6.707188129425049,
      10.392743110656738,
      5.930159091949463,
      10.459297180175781,
      6.187593936920166,
      11.624031066894531,
      10.551076889038086,
      11.820515632629395,
      12.550759315490723,
      12.834348678588867,
      13.734500885009766,
      11.43924617767334
    ],
    [
      12.396739959716797,
      8.782692909240723,
      15.489850997924805,
      12.637555122375488,
      9.0253324508667,
      11.394865989685059,
      8.83362102508545,
      11.593088150024414,
      5.99134635925293,
      10.768346786499023,
      7.424982070922852,
      12.232545852661133,
      12.345928192138672,
      14.120854377746582,
      12.930601119995117,
      13.906195640563965,
      15.405343055725098,
      15.616304397583008
    ],
    [
      13.378156661987305,
      12.049407005310059,
      12.637555122375488,
      19.463478088378906,
      11.42004108428955,
      15.100106239318848,
      11.399518966674805,
      16.9609375,
      8.676466941833496,
      14.431979179382324,
      8.688140869140625,
      15.653006553649902,
      14.72141170501709,
      17.380382537841797,
      16.375896453857422,
      17.718894958496094,
      17.875232696533203,
      14.81340217590332
    ],
    [
      9.333532333374023,
      8.524585723876953,
      9.0253324508667,
      11.42004108428955,
      17.91861343383789,
      15.344060897827148,
      12.03980541229248,
      13.88074016571045,
      8.571691513061523,
      11.644018173217773,
      10.747502326965332,
      13.223736763000488,
      14.486186027526855,
      15.099780082702637,
      16.53810691833496,
      15.609563827514648,
      15.846407890319824,
      12.305523872375488
    ],
    [
      12.746298789978027,
      12.512683868408203,
      11.394865989685059,
      15.100106239318848,
      15.344060897827148,
      21.587909698486328,
      12.711482048034668,
      17.453426361083984,
      9.309565544128418,
      15.620065689086914,
      11.370973587036133,
      17.46307945251465,
      17.708415985107422,
      19.34636116027832,
      20.263044357299805,
      19.891921997070312,
      21.662948608398438,
      16.6391658782959
    ],
    [
      8.575643539428711,
      6.707188129425049,
      8.83362102508545,
      11.399518966674805,
      12.03980541229248,
      12.711482048034668,
      22.768726348876953,
      18.07057762145996,
      12.825374603271484,
      11.410588264465332,
      11.59050464630127,
      12.547703742980957,
      14.369136810302734,
      16.352846145629883,
      13.79065990447998,
      15.783419609069824,
      15.009116172790527,
      14.341071128845215
    ],
    [
      11.016996383666992,
      10.392743110656738,
      11.593088150024414,
      16.9609375,
      13.88074016571045,
      17.453426361083984,
      18.07057762145996,
      25.318889617919922,
      12.369175910949707,
      17.905548095703125,
      12.655277252197266,
      19.392616271972656,
      18.38499641418457,
      22.239484786987305,
      18.65751838684082,
      21.654888153076172,
      20.37804412841797,
      18.113876342773438
    ],
    [
      7.900308609008789,
      5.930159091949463,
      5.99134635925293,
      8.676466941833496,
      8.571691513061523,
      9.309565544128418,
      12.825374603271484,
      12.369175910949707,
      20.509963989257812,
      12.647558212280273,
      12.220263481140137,
      11.205272674560547,
      11.041685104370117,
      12.49450397491455,
      9.08298110961914,
      12.04730224609375,
      13.928916931152344,
      15.53683090209961
    ],
    [
      11.575947761535645,
      10.459297180175781,
      10.768346786499023,
      14.431979179382324,
      11.644018173217773,
      15.620065689086914,
      11.410588264465332,
      17.905548095703125,
      12.647558212280273,
      20.016345977783203,
      12.338748931884766,
      19.50241470336914,
      16.313404083251953,
      19.528156280517578,
      15.634196281433105,
      19.28302001953125,
      20.073209762573242,
      18.161598205566406
    ],
    [
      7.608039379119873,
      6.187593936920166,
      7.424982070922852,
      8.688140869140625,
      10.747502326965332,
      11.370973587036133,
      11.59050464630127,
      12.655277252197266,
      12.220263481140137,
      12.338748931884766,
      19.633005142211914,
      15.277904510498047,
      17.3360652923584,
      16.280323028564453,
      16.108644485473633,
      16.565935134887695,
      17.291038513183594,
      14.625436782836914
    ],
    [
      12.154853820800781,
      11.624031066894531,
      12.232545852661133,
      15.653006553649902,
      13.223736763000488,
      17.46307945251465,
      12.547703742980957,
      19.392616271972656,
      11.205272674560547,
      19.50241470336914,
      15.277904510498047,
      24.417680740356445,
      22.42289924621582,
      25.917755126953125,
      22.32796859741211,
      25.630876541137695,
      24.318950653076172,
      21.90640640258789
    ],
    [
      11.080860137939453,
      10.551076889038086,
      12.345928192138672,
      14.72141170501709,
      14.486186027526855,
      17.708415985107422,
      14.369136810302734,
      18.38499641418457,
      11.041685104370117,
      16.313404083251953,
      17.3360652923584,
      22.42289924621582,
      42.619537353515625,
      36.37187194824219,
      46.579959869384766,
      37.449493408203125,
      38.84358215332031,
      30.236495971679688
    ],
    [
      13.265597343444824,
      11.820515632629395,
      14.120854377746582,
      17.380382537841797,
      15.099780082702637,
      19.34636116027832,
      16.352846145629883,
      22.239484786987305,
      12.49450397491455,
      19.528156280517578,
      16.280323028564453,
      25.917755126953125,
      36.37187194824219,
      43.573177337646484,
      39.08634948730469,
      41.721214294433594,
      35.96745300292969,
      36.743316650390625
    ],
    [
      11.612128257751465,
      12.550759315490723,
      12.930601119995117,
      16.375896453857422,
      16.53810691833496,
      20.263044357299805,
      13.79065990447998,
      18.65751838684082,
      9.08298110961914,
      15.634196281433105,
      16.108644485473633,
      22.32796859741211,
      46.579959869384766,
      39.08634948730469,
      70.36209106445312,
      46.234371185302734,
      51.94932556152344,
      33.56293869018555
    ],
    [
      13.30415153503418,
      12.834348678588867,
      13.906195640563965,
      17.718894958496094,
      15.609563827514648,
      19.891921997070312,
      15.783419609069824,
      21.654888153076172,
      12.04730224609375,
      19.28302001953125,
      16.565935134887695,
      25.630876541137695,
      37.449493408203125,
      41.721214294433594,
      46.234371185302734,
      46.97013854980469,
      42.47285461425781,
      38.415897369384766
    ],
    [
      16.04155731201172,
      13.734500885009766,
      15.405343055725098,
      17.875232696533203,
      15.846407890319824,
      21.662948608398438,
      15.009116172790527,
      20.37804412841797,
      13.928916931152344,
      20.073209762573242,
      17.291038513183594,
      24.318950653076172,
      38.84358215332031,
      35.96745300292969,
      51.94932556152344,
      42.47285461425781,
      60.18614196777344,
      44.65748977661133
    ],
    [
      19.09075927734375,
      11.43924617767334,
      15.616304397583008,
      14.81340217590332,
      12.305523872375488,
      16.6391658782959,
      14.341071128845215,
      18.113876342773438,
      15.53683090209961,
      18.161598205566406,
      14.625436782836914,
      21.90640640258789,
      30.236495971679688,
      36.743316650390625,
      33.56293869018555,
      38.415897369384766,
      44.65748977661133,
      69.48283386230469
    ]
  ],
  "covariance_short": [
    [
      52.88262939453125,
      21.28725814819336,
      13.83339786529541,
      16.769498825073242,
      11.380117416381836,
      15.757341384887695,
      10.5293550491333,
      14.499958992004395,
      9.148330688476562,
      15.075428009033203,
      10.09785270690918,
      17.6466064453125,
      16.594558715820312,
      20.631805419921875,
      19.706579208374023,
      23.254777908325195,
      28.128522872924805,
      23.350221633911133
    ],
    [
      21.28725814819336,
      38.846500396728516,
      10.75979995727539,
      16.243011474609375,
      11.093842506408691,
      14.720344543457031,
      9.181417465209961,
      12.907621383666992,
      8.28355884552002,
      13.380728721618652,
      8.909762382507324,
      16.222043991088867,
      14.7017822265625,
      18.289884567260742,
      16.68394660949707,
      18.905893325805664,
      20.143939971923828,
      15.98615837097168
    ],
    [
      13.83339786529541,
      10.75979995727539,
      20.803478240966797,
      14.533461570739746,
      11.175178527832031,
      13.375151634216309,
      9.453999519348145,
      14.036422729492188,
      7.105244159698486,
      13.350934982299805,
      8.730506896972656,
      14.263951301574707,
      12.944437980651855,
      16.30344581604004,
      14.868461608886719,
      19.3200626373291,
      21.574970245361328,
      19.099687576293945
    ],
    [
      16.769498825073242,
      16.243011474609375,
      14.533461570739746,
      28.20008659362793,
      14.873307228088379,
      21.0212459564209,
      12.205216407775879,
      22.735986709594727,
      8.701108932495117,
      18.680917739868164,
      9.557392120361328,
      20.099702835083008,
      15.644340515136719,
      20.251768112182617,
      18.490766525268555,
      21.967260360717773,
      24.309144973754883,
      20.980453491210938
    ],
    [
      11.380117416381836,
      11.093842506408691,
      11.175178527832031,
      14.873307228088379,
      26.843698501586914,
      21.254863739013672,
      14.239150047302246,
      19.49277687072754,
      10.585381507873535,
      16.39421272277832,
      13.730903625488281,
      18.415630340576172,
      17.650426864624023,
      20.49047088623047,
      20.997236251831055,
      22.862865447998047,
      24.496994018554688,
      20.101768493652344
    ],
    [
      15.757341384887695,
      14.720344543457031,
      13.375151634216309,
      21.0212459564209,
      21.254863739013672,
      35.29301071166992,
      15.27621078491211,
      27.8524227142334,
      10.686503410339355,
      23.546005249023438,
      14.483894348144531,
      24.724918365478516,
      22.155841827392578,
      25.23478126525879,
      25.756484985351562,
      27.37643814086914,
      30.800392150878906,
      25.5274658203125
    ],
    [
      10.5293550491333,
      9.181417465209961,
      9.453999519348145,
      12.205216407775879,
      14.239150047302246,
      15.27621078491211,
      31.475345611572266,
      23.347410202026367,
      15.807568550109863,
      15.079309463500977,
      16.386627197265625,
      17.593624114990234,
      18.417757034301758,
      21.96078872680664,
      18.781768798828125,
      24.03243064880371,
      23.615623474121094,
      21.55864715576172
    ],
    [
      14.499958992004395,
      12.907621383666992,
      14.036422729492188,
      22.735986709594727,
      19.49277687072754,
      27.8524227142334,
      23.347410202026367,
      41.827205657958984,
      15.478527069091797,
      28.851728439331055,
      17.019987106323242,
      28.735187530517578,
      24.219554901123047,
      30.054567337036133,
      25.41042709350586,
      30.558990478515625,
      32.103431701660156,
      30.863327026367188
    ],
    [
      9.148330688476562,
      8.28355884552002,
      7.105244159698486,
      8.701108932495117,
      10.585381507873535,
      10.686503410339355,
      15.807568550109863,
      15.478527069091797,
      27.439668655395508,
      18.037792205810547,
      17.91704750061035,
      16.263198852539062,
      15.874726295471191,
      17.788087844848633,
      13.146819114685059,
      20.140653610229492,
      21.502389907836914,
      20.69420623779297
    ],
    [
      15.075428009033203,
      13.380728721618652,
      13.350934982299805,
      18.680917739868164,
      16.39421272277832,
      23.546005249023438,
      15.079309463500977,
      28.851728439331055,
      18.037792205810547,
      34.84663009643555,
      17.93453598022461,
      30.113609313964844,
      24.27052879333496,
      29.369853973388672,
      22.848739624023438,
      29.59160804748535,
      30.58611297607422,
      30.60218048095703
    ],
    [
      10.09785270690918,
      8.909762382507324,
      8.730506896972656,
      9.557392120361328,
      13.730903625488281,
      14.483894348144531,
      16.386627197265625,
      17.019987106323242,
      17.91704750061035,
      17.93453598022461,
      30.475435256958008,
      23.136981964111328,
      24.61121368408203,
      23.96463966369629,
      22.805267333984375,
      26.155214309692383,
      28.297203063964844,
      24.13580322265625
    ],
    [
      17.6466064453125,
      16.222043991088867,
      14.263951301574707,
      20.099702835083008,
      18.415630340576172,
      24.724918365478516,
      17.593624114990234,
      28.735187530517578,
      16.263198852539062,
      30.113609313964844,
      23.136981964111328,
      40.49018096923828,
      32.799800872802734,
      41.0802116394043,
      32.8558464050293,
      40.65882873535156,
      39.8366584777832,
      39.251121520996094
    ],
    [
      16.594558715820312,
      14.7017822265625,
      12.944437980651855,
      15.644340515136719,
      17.650426864624023,
      22.155841827392578,
      18.417757034301758,
      24.219554901123047,
      15.874726295471191,
      24.27052879333496,
      24.61121368408203,
      32.799800872802734,
      61.803260803222656,
      55.23817443847656,
      65.26122283935547,
      62.06000518798828,
      69.27552032470703,
      55.788047790527344
    ],
    [
      20.631805419921875,
      18.289884567260742,
      16.30344581604004,
      20.251768112182617,
      20.49047088623047,
      25.23478126525879,
      21.96078872680664,
      30.054567337036133,
      17.788087844848633,
      29.369853973388672,
      23.96463966369629,
      41.0802116394043,
      55.23817443847656,
      72.44155883789062,
      59.95180892944336,
      75.20637512207031,
      69.23326873779297,
      70.46320343017578
    ],
    [
      19.706579208374023,
      16.68394660949707,
      14.868461608886719,
      18.490766525268555,
      20.997236251831055,
      25.756484985351562,
      18.781768798828125,
      25.41042709350586,
      13.146819114685059,
      22.848739624023438,
      22.805267333984375,
      32.8558464050293,
      65.26122283935547,
      59.95180892944336,
      103.77751159667969,
      77.69297790527344,
      94.76936340332031,
      67.30963134765625
    ],
    [
      23.254777908325195,
      18.905893325805664,
      19.3200626373291,
      21.967260360717773,
      22.862865447998047,
      27.37643814086914,
      24.03243064880371,
      30.558990478515625,
      20.140653610229492,
      29.59160804748535,
      26.155214309692383,
      40.65882873535156,
      62.06000518798828,
      75.20637512207031,
      77.69297790527344,
      97.51531219482422,
      91.6075210571289,
      86.98897552490234
    ],
    [
      28.128522872924805,
      20.143939971923828,
      21.574970245361328,
      24.309144973754883,
      24.496994018554688,
      30.800392150878906,
      23.615623474121094,
      32.103431701660156,
      21.502389907836914,
      30.58611297607422,
      28.297203063964844,
      39.8366584777832,
      69.27552032470703,
      69.23326873779297,
      94.76936340332031,
      91.6075210571289,
      125.54222869873047,
      99.84648132324219
    ],
    [
      23.350221633911133,
      15.98615837097168,
      19.099687576293945,
      20.980453491210938,
      20.101768493652344,
      25.5274658203125,
      21.55864715576172,
      30.863327026367188,
      20.69420623779297,
      30.60218048095703,
      24.13580322265625,
      39.251121520996094,
      55.788047790527344,
      70.46320343017578,
      67.30963134765625,
      86.98897552490234,
      99.84648132324219,
      100.437255859375
    ]
  ],
  "damage": -8.694245338439941,
  "diff_bandwidth": 580.9464721679688,
  "dissonance": 9.107169159383155,
  "drr": 16.502357482910156,
  "dynamics": 2.4468374252319336,
  "format": 65538,
  "frames": 13413456,
  "freq_pan_to_db": [
    [
      -26.866884231567383,
      -25.096452713012695,
      -22.38627052307129,
      -19.540241241455078,
      -17.245573043823242,
      -18.459150314331055,
      -20.64539337158203,
      -22.428770065307617,
      -22.991649627685547,
      -25.108142852783203,
      -26.245166778564453
    ],
    [
      -19.47629165649414,
      -18.12484359741211,
      -16.208515167236328,
      -14.220358848571777,
      -10.67454719543457,
      -10.574503898620605,
      -14.06879997253418,
      -15.445627212524414,
      -17.03876495361328,
      -18.54036521911621,
      -19.724998474121094
    ],
    [
      -17.781038284301758,
      -16.662765502929688,
      -14.878450393676758,
      -13.01318645477295,
      -11.553462982177734,
      -11.981828689575195,
      -13.322982788085938,
      -14.508678436279297,
      -15.34757137298584,
      -16.67574119567871,
      -17.646595001220703
    ],
    [
      -19.580854415893555,
      -18.959239959716797,
      -17.46206283569336,
      -16.36237907409668,
      -15.398497581481934,
      -15.071338653564453,
      -15.200719833374023,
      -16.36313247680664,
      -17.47981834411621,
      -18.984384536743164,
      -19.72874641418457
    ],
    [
      -21.283422470092773,
      -21.167518615722656,
      -19.87473487854004,
      -19.316373825073242,
      -18.710895538330078,
      -18.307641983032227,
      -17.118621826171875,
      -17.79423713684082,
      -19.04106903076172,
      -20.213939666748047,
      -20.708709716796875
    ],
    [
      -21.9489803314209,
      -21.088668823242188,
      -19.62332534790039,
      -18.473846435546875,
      -17.221324920654297,
      -17.683103561401367,
      -18.83235740661621,
      -20.252546310424805,
      -21.63416290283203,
      -22.646486282348633,
      -23.187288284301758
    ],
    [
      -23.043594360351562,
      -22.24126625061035,
      -21.080385208129883,
      -19.784910202026367,
      -18.264650344848633,
      -18.685659408569336,
      -19.185354232788086,
      -20.625614166259766,
      -22.44643211364746,
      -23.53301429748535,
      -24.314212799072266
    ],
    [
      -22.56136131286621,
      -23.05326271057129,
      -22.27581024169922,
      -21.177852630615234,
      -19.951608657836914,
      -18.93294334411621,
      -17.114227294921875,
      -19.341323852539062,
      -21.250141143798828,
      -21.600685119628906,
      -21.780576705932617
    ],
    [
      -23.303388595581055,
      -22.818098068237305,
      -22.104108810424805,
      -20.81317710876465,
      -19.400632858276367,
      -18.951610565185547,
      -17.636735916137695,
      -19.434873580932617,
      -21.663164138793945,
      -22.456871032714844,
      -22.980323791503906
    ],
    [
      -23.67038345336914,
      -23.808576583862305,
      -21.853473663330078,
      -19.891613006591797,
      -18.726213455200195,
      -19.95069694519043,
      -20.910186767578125,
      -22.20393180847168,
      -23.22089385986328,
      -24.783788681030273,
      -26.521577835083008
    ],
    [
      -25.55241584777832,
      -25.952150344848633,
      -25.36210823059082,
      -23.910125732421875,
      -21.768171310424805,
      -20.168912887573242,
      -21.89235496520996,
      -23.470134735107422,
      -25.10919189453125,
      -25.53690528869629,
      -25.55462074279785
    ],
    [
      -27.421377182006836,
      -27.105955123901367,
      -26.758634567260742,
      -26.468303680419922,
      -24.436485290527344,
      -22.93207359313965,
      -22.756309509277344,
      -24.172449111938477,
      -26.656692504882812,
      -26.724040985107422,
      -28.95829963684082
    ],
    [
      -26.32337760925293,
      -27.834842681884766,
      -28.277935028076172,
      -26.660663604736328,
      -23.424026489257812,
      -22.11873435974121,
      -23.498388290405273,
      -25.048465728759766,
      -26.41619110107422,
      -27.520435333251953,
      -26.204936981201172
    ],
    [
      -22.676843643188477,
      -26.933889389038086,
      -26.772258758544922,
      -24.5457706451416,
      -21.42972183227539,
      -21.164621353149414,
      -23.54461669921875,
      -26.01915740966797,
      -26.360877990722656,
      -27.151813507080078,
      -27.455923080444336
    ],
    [
      -23.61275291442871,
      -25.516035079956055,
      -25.95945167541504,
      -24.050142288208008,
      -22.547853469848633,
      -23.918399810791016,
      -25.590089797973633,
      -26.850858688354492,
      -25.97610092163086,
      -27.9779109954834,
      -27.242399215698242
    ],
    [
      -23.799030303955078,
      -25.104021072387695,
      -25.891517639160156,
      -23.987550735473633,
      -24.936321258544922,
      -24.766462326049805,
      -26.166175842285156,
      -26.474197387695312,
      -25.562639236450195,
      -25.964370727539062,
      -27.883102416992188
    ],
    [
      -24.177104949951172,
      -25.148231506347656,
      -26.992752075195312,
      -25.966135025024414,
      -25.968021392822266,
      -25.79023551940918,
      -27.3155460357666,
      -25.77690887451172,
      -25.605154037475586,
      -25.920654296875,
      -27.459007263183594
    ],
    [
      -21.813085556030273,
      -23.74235725402832,
      -25.45026397705078,
      -25.673648834228516,
      -23.369489669799805,
      -24.365049362182617,
      -25.41115951538086,
      -24.065032958984375,
      -24.21562957763672,
      -24.710474014282227,
      -25.65509033203125
    ],
    [
      -23.45490264892578,
      -23.37969398498535,
      -24.53407096862793,
      -24.497142791748047,
      -22.50628662109375,
      -23.749225616455078,
      -25.636337280273438,
      -24.131643295288086,
      -24.064857482910156,
      -25.351825714111328,
      -27.222299575805664
    ],
    [
      -26.572486877441406,
      -25.749441146850586,
      -26.324995040893555,
      -26.445396423339844,
      -24.286605834960938,
      -25.332429885864258,
      -26.995819091796875,
      -26.720949172973633,
      -26.545801162719727,
      -26.574907302856445,
      -24.94978141784668
    ],
    [
      -28.96631622314453,
      -23.67717742919922,
      -26.42230224609375,
      -26.61134910583496,
      -25.633045196533203,
      -25.752477645874023,
      -27.748472213745117,
      -26.755434036254883,
      -27.5820255279541,
      -28.657936096191406,
      -29.229360580444336
    ],
    [
      -28.903352737426758,
      -26.92999839782715,
      -25.1595516204834,
      -26.981386184692383,
      -25.708478927612305,
      -25.4188175201416,
      -28.39620018005371,
      -25.81475067138672,
      -28.02857780456543,
      -28.936996459960938,
      -30.307422637939453
    ],
    [
      -27.582923889160156,
      -26.69086265563965,
      -27.99158477783203,
      -28.431987762451172,
      -26.957502365112305,
      -25.986854553222656,
      -27.61026382446289,
      -28.369895935058594,
      -28.508935928344727,
      -27.806177139282227,
      -28.111539840698242
    ],
    [
      -30.819162368774414,
      -27.699291229248047,
      -27.864940643310547,
      -28.25339126586914,
      -27.456552505493164,
      -25.95437240600586,
      -27.816226959228516,
      -28.427900314331055,
      -28.571632385253906,
      -28.51783561706543,
      -28.57042121887207
    ],
    [
      -33.843196868896484,
      -29.988306045532227,
      -30.267122268676758,
      -29.73172950744629,
      -29.76553726196289,
      -28.826499938964844,
      -30.125574111938477,
      -30.02923011779785,
      -30.50888442993164,
      -31.470544815063477,
      -33.13615798950195
    ],
    [
      -29.612987518310547,
      -30.81817054748535,
      -31.295228958129883,
      -30.621723175048828,
      -30.41922950744629,
      -30.59720230102539,
      -31.22489356994629,
      -31.27406120300293,
      -31.46228790283203,
      -31.816347122192383,
      -32.04082489013672
    ],
    [
      -40.66632080078125,
      -32.45767593383789,
      -32.314056396484375,
      -32.947269439697266,
      -32.154441833496094,
      -31.574005126953125,
      -34.07263946533203,
      -33.7173957824707,
      -33.010128021240234,
      -34.08164978027344,
      -32.599979400634766
    ],
    [
      -33.44804000854492,
      -32.51839065551758,
      -33.06243133544922,
      -33.38291931152344,
      -34.275062561035156,
      -34.32106399536133,
      -36.28983688354492,
      -35.14558410644531,
      -34.78181838989258,
      -34.68804931640625,
      -37.78316116333008
    ],
    [
      -33.76890182495117,
      -34.26638412475586,
      -35.25785827636719,
      -35.76241683959961,
      -36.5628776550293,
      -35.8831787109375,
      -37.726783752441406,
      -37.35865783691406,
      -36.27873992919922,
      -36.540565490722656,
      -30.150550842285156
    ],
    [
      -41.91141891479492,
      -37.5240364074707,
      -36.880584716796875,
      -37.394256591796875,
      -38.11362075805664,
      -35.79523849487305,
      -36.91191101074219,
      -37.28183364868164,
      -37.57101821899414,
      -37.213287353515625,
      -36.3502082824707
    ],
    [
      -42.992591857910156,
      -38.016014099121094,
      -37.65224075317383,
      -37.90297317504883,
      -38.43781280517578,
      -35.34830856323242,
      -36.134254455566406,
      -36.13124084472656,
      -39.6025276184082,
      -40.24161148071289,
      -38.17144775390625
    ],
    [
      -39.303810119628906,
      -39.07068634033203,
      -38.68892288208008,
      -38.96138381958008,
      -38.91633224487305,
      -35.1375617980957,
      -37.95279312133789,
      -39.97838592529297,
      -41.43745803833008,
      -38.62705612182617,
      -42.89882278442383
    ],
    [
      -52.68601989746094,
      -40.35329818725586,
      -39.132537841796875,
      -39.3437385559082,
      -39.09956359863281,
      -35.24087142944336,
      -39.36927032470703,
      -41.85756301879883,
      -44.22562026977539,
      -41.89875793457031,
      -59.71767807006836
    ],
    [
      -68.92278289794922,
      -44.009239196777344,
      -41.99945068359375,
      -40.75960922241211,
      -39.80628967285156,
      -34.9729118347168,
      -39.324241638183594,
      -43.333492279052734,
      -47.399417877197266,
      -45.793025970458984,
      -370
    ],
    [
      -59.52904510498047,
      -46.7096061706543,
      -44.46714782714844,
      -42.294063568115234,
      -41.18490219116211,
      -35.64745330810547,
      -39.64504623413086,
      -37.47404861450195,
      -37.46466064453125,
      -41.380279541015625,
      -43.25741195678711
    ],
    [
      -370,
      -47.82574462890625,
      -46.60322570800781,
      -44.92628479003906,
      -44.08277893066406,
      -37.99290466308594,
      -41.21220397949219,
      -36.79352569580078,
      -35.471214294433594,
      -39.55369186401367,
      -36.05686950683594
    ],
    [
      -370,
      -46.4027099609375,
      -46.66320037841797,
      -46.313575744628906,
      -45.253501892089844,
      -39.33629608154297,
      -43.27326965332031,
      -41.27765655517578,
      -40.34056854248047,
      -40.67680740356445,
      -42.12577438354492
    ],
    [
      -370,
      -50.11322021484375,
      -49.44631576538086,
      -47.843284606933594,
      -45.88595199584961,
      -41.44013977050781,
      -45.79612731933594,
      -45.132972717285156,
      -43.075992584228516,
      -40.45431137084961,
      -36.34916305541992
    ],
    [
      -44.10429000854492,
      -52.0074462890625,
      -49.862648010253906,
      -48.46727752685547,
      -47.57074737548828,
      -43.94008255004883,
      -46.922813415527344,
      -46.296024322509766,
      -44.329898834228516,
      -41.55568313598633,
      -37.97542953491211
    ],
    [
      -49.784610748291016,
      -48.966461181640625,
      -49.6206169128418,
      -51.15480041503906,
      -50.348873138427734,
      -45.815425872802734,
      -46.615966796875,
      -42.46705627441406,
      -41.56748580932617,
      -42.342308044433594,
      -44.87358856201172
    ],
    [
      -50.92259979248047,
      -48.7269172668457,
      -50.83406448364258,
      -50.366554260253906,
      -50.36335372924805,
      -48.626705169677734,
      -49.96305847167969,
      -47.85952377319336,
      -47.57743453979492,
      -46.427188873291016,
      -45.602081298828125
    ],
    [
      -51.78329086303711,
      -51.13095474243164,
      -50.772705078125,
      -50.553611755371094,
      -51.27899932861328,
      -51.58842849731445,
      -52.662078857421875,
      -52.12638473510742,
      -48.60554885864258,
      -45.73926544189453,
      -47.03243637084961
    ]
  ],
  "histogram": [
    {
      "db": -70,
      "frequency": 6
    },
    {
      "db": -69,
      "frequency": 37
    },
    {
      "db": -68,
      "frequency": 11
    },
    {
      "db": -67,
      "frequency": 2
    },
    {
      "db": -66,
      "frequency": 1
    },
    {
      "db": -65,
      "frequency": 2
    },
    {
      "db": -64,
      "frequency": 1
    },
    {
      "db": -63,
      "frequency": 1
    },
    {
      "db": -62,
      "frequency": 7
    },
    {
      "db": -61,
      "frequency": 3
    },
    {
      "db": -60,
      "frequency": 4
    },
    {
      "db": -59,
      "frequency": 2
    },
    {
      "db": -58,
      "frequency": 4
    },
    {
      "db": -57,
      "frequency": 5
    },
    {
      "db": -56,
      "frequency": 1
    },
    {
      "db": -55,
      "frequency": 4
    },
    {
      "db": -54,
      "frequency": 5
    },
    {
      "db": -53,
      "frequency": 1
    },
    {
      "db": -52,
      "frequency": 3
    },
    {
      "db": -51,
      "frequency": 6
    },
    {
      "db": -50,
      "frequency": 5
    },
    {
      "db": -49,
      "frequency": 5
    },
    {
      "db": -48,
      "frequency": 3
    },
    {
      "db": -47,
      "frequency": 2
    },
    {
      "db": -46,
      "frequency": 5
    },
    {
      "db": -45,
      "frequency": 5
    },
    {
      "db": -44,
      "frequency": 5
    },
    {
      "db": -43,
      "frequency": 5
    },
    {
      "db": -42,
      "frequency": 5
    },
    {
      "db": -41,
      "frequency": 5
    },
    {
      "db": -40,
      "frequency": 6
    },
    {
      "db": -39,
      "frequency": 7
    },
    {
      "db": -38,
      "frequency": 12
    },
    {
      "db": -37,
      "frequency": 5
    },
    {
      "db": -36,
      "frequency": 2
    },
    {
      "db": -35,
      "frequency": 2
    },
    {
      "db": -34,
      "frequency": 1
    },
    {
      "db": -33,
      "frequency": 5
    },
    {
      "db": -32,
      "frequency": 20
    },
    {
      "db": -31,
      "frequency": 5
    },
    {
      "db": -30,
      "frequency": 10
    },
    {
      "db": -29,
      "frequency": 15
    },
    {
      "db": -28,
      "frequency": 8
    },
    {
      "db": -27,
      "frequency": 3
    },
    {
      "db": -26,
      "frequency": 9
    },
    {
      "db": -25,
      "frequency": 8
    },
    {
      "db": -24,
      "frequency": 1
    },
    {
      "db": -23,
      "frequency": 9
    },
    {
      "db": -22,
      "frequency": 15
    },
    {
      "db": -21,
      "frequency": 13
    },
    {
      "db": -20,
      "frequency": 16
    },
    {
      "db": -19,
      "frequency": 46
    },
    {
      "db": -18,
      "frequency": 77
    },
    {
      "db": -17,
      "frequency": 86
    },
    {
      "db": -16,
      "frequency": 268
    },
    {
      "db": -15,
      "frequency": 732
    },
    {
      "db": -14,
      "frequency": 667
    },
    {
      "db": -13,
      "frequency": 396
    },
    {
      "db": -12,
      "frequency": 268
    },
    {
      "db": -11,
      "frequency": 158
    },
    {
      "db": -10,
      "frequency": 19
    },
    {
      "db": -9,
      "frequency": 0
    },
    {
      "db": -8,
      "frequency": 0
    },
    {
      "db": -7,
      "frequency": 0
    },
    {
      "db": -6,
      "frequency": 0
    },
    {
      "db": -5,
      "frequency": 0
    },
    {
      "db": -4,
      "frequency": 0
    },
    {
      "db": -3,
      "frequency": 0
    },
    {
      "db": -2,
      "frequency": 0
    },
    {
      "db": -1,
      "frequency": 0
    },
    {
      "db": 0,
      "frequency": 0
    },
    {
      "db": 1,
      "frequency": 0
    },
    {
      "db": 2,
      "frequency": 0
    },
    {
