{
  "acoustic_entropy": 191.65841674804688,
  "bands": [
    {
      "high_freq": 148.1999969482422,
      "loudness": -20.91013526916504,
      "loudness_range": 10.012014389038086,
      "mid_mean": -17.51848030090332,
      "mid_to_side_loudness": -14.987460136413574,
      "mid_to_side_loudness_range": 11.315802574157715,
      "side_mean": -32.3668098449707
    },
    {
      "high_freq": 392.3793640136719,
      "loudness": -21.868154525756836,
      "loudness_range": 7.561624526977539,
      "low_freq": 148.1999969482422,
      "mid_mean": -18.687641143798828,
      "mid_to_side_loudness": -10.071341514587402,
      "mid_to_side_loudness_range": 7.31522274017334,
      "side_mean": -28.61808967590332
    },
    {
      "high_freq": 794.6976318359375,
      "loudness": -23.767078399658203,
      "loudness_range": 9.896343231201172,
      "low_freq": 392.3793640136719,
      "mid_mean": -20.653419494628906,
      "mid_to_side_loudness": -9.258879661560059,
      "mid_to_side_loudness_range": 7.2385573387146,
      "side_mean": -29.93302345275879
    },
    {
      "high_freq": 1457.5709228515625,
      "loudness": -26.318328857421875,
      "loudness_range": 11.785514831542969,
      "low_freq": 794.6976318359375,
      "mid_mean": -23.275314331054688,
      "mid_to_side_loudness": -9.06002426147461,
      "mid_to_side_loudness_range": 8.409967422485352,
      "side_mean": -32.141170501708984
    },
    {
      "high_freq": 2549.74365234375,
      "loudness": -23.48476219177246,
      "loudness_range": 9.630622863769531,
      "low_freq": 1457.5709228515625,
      "mid_mean": -20.52604866027832,
      "mid_to_side_loudness": -9.102039337158203,
      "mid_to_side_loudness_range": 9.45108413696289,
      "side_mean": -29.310745239257812
    },
    {
      "high_freq": 4349.24462890625,
      "loudness": -25.639646530151367,
      "loudness_range": 10.043546676635742,
      "low_freq": 2549.74365234375,
      "mid_mean": -22.710363388061523,
      "mid_to_side_loudness": -8.258296966552734,
      "mid_to_side_loudness_range": 8.763298034667969,
      "side_mean": -30.97968101501465
    },
    {
      "high_freq": 7314.1640625,
      "loudness": -34.11273193359375,
      "loudness_range": 17.357553482055664,
      "low_freq": 4349.24462890625,
      "mid_mean": -31.670068740844727,
      "mid_to_side_loudness": -5.843963146209717,
      "mid_to_side_loudness_range": 8.85882568359375,
      "side_mean": -37.46630096435547
    },
    {
      "high_freq": 12199.2666015625,
      "loudness": -37.657005310058594,
      "loudness_range": 21.61037254333496,
      "low_freq": 7314.1640625,
      "mid_mean": -35.71549606323242,
      "mid_to_side_loudness": -5.095620632171631,
      "mid_to_side_loudness_range": 11.134129524230957,
      "side_mean": -41.05189895629883
    },
    {
      "loudness": -44.71501159667969,
      "loudness_range": 19.098976135253906,
      "low_freq": 12199.2666015625,
      "mid_mean": -43.12488555908203,
      "mid_to_side_loudness": -3.5376830101013184,
      "mid_to_side_loudness_range": 9.432469367980957,
      "side_mean": -48.53863525390625
    }
  ],
  "bands_short": [
    {
      "high_freq": 148.1999969482422,
      "loudness": -25.392610549926758,
      "loudness_range": 20.634992599487305,
      "mid_mean": -22.14577865600586,
      "mid_to_side_loudness": -15.106257438659668,
      "mid_to_side_loudness_range": 20.01058006286621,
      "side_mean": -37.355812072753906
    },
    {
      "high_freq": 392.3793640136719,
      "loudness": -21.153404235839844,
      "loudness_range": 10.496906280517578,
      "low_freq": 148.1999969482422,
      "mid_mean": -17.976221084594727,
      "mid_to_side_loudness": -10.863516807556152,
      "mid_to_side_loudness_range": 11.693546295166016,
      "side_mean": -28.51218032836914
    },
    {
      "high_freq": 794.6976318359375,
      "loudness": -24.57549476623535,
      "loudness_range": 12.565956115722656,
      "low_freq": 392.3793640136719,
      "mid_mean": -21.531648635864258,
      "mid_to_side_loudness": -9.595843315124512,
      "mid_to_side_loudness_range": 11.458578109741211,
      "side_mean": -30.890399932861328
    },
    {
      "high_freq": 1457.5709228515625,
      "loudness": -26.529321670532227,
      "loudness_range": 14.246950149536133,
      "low_freq": 794.6976318359375,
      "mid_mean": -23.545377731323242,
      "mid_to_side_loudness": -9.672123908996582,
      "mid_to_side_loudness_range": 12.439866065979004,
      "side_mean": -32.865867614746094
    },
    {
      "high_freq": 2549.74365234375,
      "loudness": -24.1678524017334,
      "loudness_range": 12.88589859008789,
      "low_freq": 1457.5709228515625,
      "mid_mean": -21.17943572998047,
      "mid_to_side_loudness": -9.798308372497559,
      "mid_to_side_loudness_range": 12.383792877197266,
      "side_mean": -30.49827003479004
    },
    {
      "high_freq": 4349.24462890625,
      "loudness": -26.321298599243164,
      "loudness_range": 13.79519271850586,
      "low_freq": 2549.74365234375,
      "mid_mean": -23.408802032470703,
      "mid_to_side_loudness": -8.806909561157227,
      "mid_to_side_loudness_range": 11.554930686950684,
      "side_mean": -32.15898513793945
    },
    {
      "high_freq": 7314.1640625,
      "loudness": -35.74440383911133,
      "loudness_range": 22.084110260009766,
      "low_freq": 4349.24462890625,
      "mid_mean": -33.334320068359375,
      "mid_to_side_loudness": -6.2361321449279785,
      "mid_to_side_loudness_range": 11.165181159973145,
      "side_mean": -39.49558639526367
    },
    {
      "high_freq": 12199.2666015625,
      "loudness": -39.631473541259766,
      "loudness_range": 26.963787078857422,
      "low_freq": 7314.1640625,
      "mid_mean": -37.916297912597656,
      "mid_to_side_loudness": -5.213732719421387,
      "mid_to_side_loudness_range": 12.552290916442871,
      "side_mean": -43.897850036621094
    },
    {
      "loudness": -47.49908447265625,
      "loudness_range": 26.668865203857422,
      "low_freq": 12199.2666015625,
      "mid_mean": -49.05430603027344,
      "mid_to_side_loudness": -4.062763690948486,
      "mid_to_side_loudness_range": 11.805480003356934,
      "side_mean": -52.94779968261719
    }
  ],
  "bandwidth": 564.5849609375,
  "channels": 2,
  "covariance": [
    [
      23.83591079711914,
      13.684329986572266,
      12.285155296325684,
      13.308676719665527,
      9.432770729064941,
      12.696112632751465,
      8.48783016204834,
      10.982666015625,
      7.825507164001465,
      11.527080535888672,
      7.535402774810791,
      12.100715637207031,
      11.003653526306152,
      13.081026077270508,
      11.233941078186035,
      12.331652641296387,
      14.27680778503418,
      18.911291122436523
    ],
    [
      13.684329986572266,
      21.50444221496582,
      8.756271362304688,
      12.042598724365234,
      8.509600639343262,
      12.52243709564209,
      6.6826300621032715,
      10.395455360412598,
      5.907573223114014,
      10.454883575439453,
      6.1662750244140625,
      11.618722915649414,
      10.539481163024902,
      11.706637382507324,
      12.371633529663086,
      12.720314025878906,
      12.734188079833984,
      11.830293655395508
    ],
    [
      12.285155296325684,
      8.756271362304688,
      15.398709297180176,
      12.591145515441895,
      9.102972030639648,
      11.34430980682373,
      8.74741268157959,
      11.52831745147705,
      5.928874492645264,
      10.683305740356445,
      7.363701820373535,
      12.149460792541504,
      12.269533157348633,
      13.96336555480957,
      12.682144165039062,
      13.348014831542969,
      13.396193504333496,
      15.891223907470703
    ],
    [
      13.308676719665527,
      12.042598724365234,
      12.591145515441895,
      19.460819244384766,
      11.398736000061035,
      15.103592872619629,
      11.353588104248047,
      16.960660934448242,
      8.64364242553711,
      14.407463073730469,
      8.659689903259277,
      15.631363868713379,
      14.695577621459961,
      17.252437591552734,
      16.11774444580078,
      17.603412628173828,
      16.516874313354492,
      15.22938060760498
    ],
    [
      9.432770729064941,
      8.509600639343262,
      9.102972030639648,
      11.398736000061035,
      18.068220138549805,
      15.492568016052246,
      11.986593246459961,
      13.84769058227539,
      8.53855037689209,
      11.593929290771484,
      10.713769912719727,
      13.174054145812988,
      14.433728218078613,
      15.088350296020508,
      16.1988468170166,
      15.400534629821777,
      14.75851058959961,
      12.755152702331543
    ],
    [
      12.696112632751465,
      12.52243709564209,
      11.34430980682373,
      15.103592872619629,
      15.492568016052246,
      21.60173988342285,
      12.674471855163574,
      17.454801559448242,
      9.282745361328125,
      15.598573684692383,
      11.351167678833008,
      17.45018196105957,
      17.693119049072266,
      19.266019821166992,
      19.960229873657227,
      20.056711196899414,
      20.21058464050293,
      17.314889907836914
    ],
    [
      8.48783016204834,
      6.6826300621032715,
      8.74741268157959,
      11.353588104248047,
      11.986593246459961,
      12.674471855163574,
      22.729087829589844,
      18.03373908996582,
      12.790658950805664,
      11.354804039001465,
      11.558489799499512,
      12.498522758483887,
      14.324042320251465,
      16.352569580078125,
      13.548561096191406,
      15.563767433166504,
      13.463019371032715,
      14.725830078125
    ],
    [
      10.982666015625,
      10.395455360412598,
      11.52831745147705,
      16.960660934448242,
      13.84769058227539,
      17.454801559448242,
      18.03373908996582,
      25.314067840576172,
      12.352673530578613,
      17.86824607849121,
      12.635212898254395,
      19.37080955505371,
      18.36714744567871,
      22.128475189208984,
      18.503480911254883,
      21.867107391357422,
      19.664091110229492,
      18.65199089050293
    ],
    [
      7.825507164001465,
      5.907573223114014,
      5.928874492645264,
      8.64364242553711,
      8.53855037689209,
      9.282745361328125,
      12.790658950805664,
      12.352673530578613,
      20.488162994384766,
      12.625311851501465,
      12.207011222839355,
      11.193309783935547,
      11.016840934753418,
      12.511053085327148,
      8.836047172546387,
      11.86080551147461,
      11.718961715698242,
      16.099628448486328
    ],
    [
      11.527080535888672,
      10.454883575439453,
      10.683305740356445,
      14.407463073730469,
      11.593929290771484,
      15.598573684692383,
      11.354804039001465,
      17.86824607849121,
      12.625311851501465,
      19.953214645385742,
      12.309048652648926,
      19.452985763549805,
      16.267675399780273,
      19.406373977661133,
      15.283790588378906,
      19.128314971923828,
      19.09213638305664,
      18.81014060974121
    ],
    [
      7.535402774810791,
      6.1662750244140625,
      7.363701820373535,
      8.659689903259277,
      10.713769912719727,
      11.351167678833008,
      11.558489799499512,
      12.635212898254395,
      12.207011222839355,
      12.309048652648926,
      19.630699157714844,
      15.26365852355957,
      17.320560455322266,
      16.306386947631836,
      15.862333297729492,
      16.37251853942871,
      16.701696395874023,
      14.940896987915039
    ],
    [
      12.100715637207031,
      11.618722915649414,
      12.149460792541504,
      15.631363868713379,
      13.174054145812988,
      17.45018196105957,
      12.498522758483887,
      19.37080955505371,
      11.193309783935547,
      19.452985763549805,
      15.26365852355957,
      24.382251739501953,
      22.400936126708984,
      25.825437545776367,
      21.98504066467285,
      25.463211059570312,
      23.638633728027344,
      22.59248161315918
    ],
    [
      11.003653526306152,
      10.539481163024902,
      12.269533157348633,
      14.695577621459961,
      14.433728218078613,
      17.693119049072266,
      14.324042320251465,
      18.36714744567871,
      11.016840934753418,
      16.267675399780273,
      17.320560455322266,
      22.400936126708984,
      42.62892532348633,
      36.448455810546875,
      46.27071762084961,
      37.117225646972656,
      38.15153121948242,
      30.236053466796875
    ],
    [
      13.081026077270508,
      11.706637382507324,
      13.96336555480957,
      17.252437591552734,
      15.088350296020508,
      19.266019821166992,
      16.352569580078125,
      22.128475189208984,
      12.511053085327148,
      19.406373977661133,
      16.306386947631836,
      25.825437545776367,
      36.448455810546875,
      43.63338088989258,
      38.721458435058594,
      41.46330261230469,
      35.648277282714844,
      36.783058166503906
    ],
    [
      11.233941078186035,
      12.371633529663086,
      12.682144165039062,
      16.11774444580078,
      16.1988468170166,
      19.960229873657227,
      13.548561096191406,
      18.503480911254883,
      8.836047172546387,
      15.283790588378906,
      15.862333297729492,
      21.98504066467285,
      46.27071762084961,
      38.721458435058594,
      69.91352844238281,
      44.73789978027344,
      51.64381790161133,
      33.03886032104492
    ],
    [
      12.331652641296387,
      12.720314025878906,
      13.348014831542969,
      17.603412628173828,
      15.400534629821777,
      20.056711196899414,
      15.563767433166504,
      21.867107391357422,
      11.86080551147461,
      19.128314971923828,
      16.37251853942871,
      25.463211059570312,
      37.117225646972656,
      41.46330261230469,
      44.73789978027344,
      45.75885009765625,
      41.785400390625,
      37.448265075683594
    ],
    [
      14.27680778503418,
      12.734188079833984,
      13.396193504333496,
      16.516874313354492,
      14.75851058959961,
      20.21058464050293,
      13.463019371032715,
      19.664091110229492,
      11.718961715698242,
      19.09213638305664,
      16.701696395874023,
      23.638633728027344,
      38.15153121948242,
      35.648277282714844,
      51.64381790161133,
      41.785400390625,
      57.02075958251953,
      42.02882385253906
    ],
    [
      18.911291122436523,
      11.830293655395508,
      15.891223907470703,
      15.22938060760498,
      12.755152702331543,
      17.314889907836914,
      14.725830078125,
      18.65199089050293,
      16.099628448486328,
      18.81014060974121,
      14.940896987915039,
      22.59248161315918,
      30.236053466796875,
      36.783058166503906,
      33.03886032104492,
      37.448265075683594,
      42.02882385253906,
      74.99608612060547
    ]
  ],
  "covariance_short": [
    [
      52.84785842895508,
      21.180883407592773,
      13.65931224822998,
      16.721202850341797,
      11.233695030212402,
      15.679682731628418,
      10.40229320526123,
      14.45725154876709,
      9.10219955444336,
      15.08992862701416,
      10.036783218383789,
      17.618846893310547,
      16.501964569091797,
      20.519731521606445,
      19.3026180267334,
      20.098604202270508,
      29.586544036865234,
      25.12334442138672
    ],
    [
      21.180883407592773,
      38.79489517211914,
      10.58834457397461,
      16.205509185791016,
      11.02260684967041,
      14.638362884521484,
      9.026788711547852,
      12.804662704467773,
      8.1505765914917,
      13.249664306640625,
      8.796370506286621,
      16.10323143005371,
      14.56436824798584,
      18.116107940673828,
      16.400606155395508,
      17.436410903930664,
      20.909690856933594,
      16.988683700561523
    ],
    [
      13.65931224822998,
      10.58834457397461,
      20.702747344970703,
      14.470718383789062,
      11.10473918914795,
      13.328194618225098,
      9.38603687286377,
      13.9592866897583,
      7.060211181640625,
      13.275174140930176,
      8.648612022399902,
      14.181803703308105,
      12.81812572479248,
      16.036588668823242,
      14.534903526306152,
      16.975353240966797,
      22.608749389648438,
      20.364076614379883
    ],
    [
      16.721202850341797,
      16.205509185791016,
      14.470718383789062,
      28.240488052368164,
      14.874043464660645,
      21.07783317565918,
      12.196861267089844,
      22.73969268798828,
      8.727267265319824,
      18.704288482666016,
      9.560924530029297,
      20.114002227783203,
      15.570503234863281,
      20.012126922607422,
      18.317272186279297,
      20.34999656677246,
      25.500064849853516,
      22.415010452270508
    ],
    [
      11.233695030212402,
      11.02260684967041,
      11.10473918914795,
      14.874043464660645,
      26.854509353637695,
      21.3172664642334,
      14.231220245361328,
      19.48336410522461,
      10.56089973449707,
      16.380596160888672,
      13.733773231506348,
      18.38226318359375,
      17.526395797729492,
      20.190587997436523,
      20.68840217590332,
      21.06215476989746,
      25.574655532836914,
      21.394752502441406
    ],
    [
      15.679682731628418,
      14.638362884521484,
      13.328194618225098,
      21.07783317565918,
      21.3172664642334,
      35.372074127197266,
      15.257410049438477,
      27.87538719177246,
      10.723189353942871,
      23.58106803894043,
      14.524279594421387,
      24.774188995361328,
      22.0765438079834,
      24.90427017211914,
      25.553665161132812,
      25.255970001220703,
      32.103370666503906,
      27.09124183654785
    ],
    [
      10.40229320526123,
      9.026788711547852,
      9.38603687286377,
      12.196861267089844,
      14.231220245361328,
      15.257410049438477,
      31.46666145324707,
      23.307092666625977,
      15.778103828430176,
      15.057324409484863,
      16.36855697631836,
      17.558799743652344,
      18.315515518188477,
      21.69337272644043,
      18.451583862304688,
      22.16465950012207,
      24.66481590270996,
      22.821533203125
    ],
    [
      14.45725154876709,
      12.804662704467773,
      13.9592866897583,
      22.73969268798828,
      19.48336410522461,
      27.87538719177246,
      23.307092666625977,
      41.8572998046875,
      15.47063159942627,
      28.868684768676758,
      17.020963668823242,
      28.74714469909668,
      24.148941040039062,
      29.65898323059082,
      25.214174270629883,
      29.05333137512207,
      33.39087677001953,
      32.49209213256836
    ],
    [
      9.10219955444336,
      8.1505765914917,
      7.060211181640625,
      8.727267265319824,
      10.56089973449707,
      10.723189353942871,
      15.778103828430176,
      15.47063159942627,
      27.43716812133789,
      18.057783126831055,
      17.876197814941406,
      16.238780975341797,
      15.79841423034668,
      17.548229217529297,
      12.828123092651367,
      17.969532012939453,
      22.51280403137207,
      21.950952529907227
    ],
    [
      15.08992862701416,
      13.249664306640625,
      13.275174140930176,
      18.704288482666016,
      16.380596160888672,
      23.58106803894043,
      15.057324409484863,
      28.868684768676758,
      18.057783126831055,
      34.89448165893555,
      17.943986892700195,
      30.159082412719727,
      24.248640060424805,
      29.050941467285156,
      22.628450393676758,
      28.224384307861328,
      31.841089248657227,
      32.23767852783203
    ],
    [
      10.036783218383789,
      8.796370506286621,
      8.648612022399902,
      9.560924530029297,
      13.733773231506348,
      14.524279594421387,
      16.36855697631836,
      17.020963668823242,
      17.876197814941406,
      17.943986892700195,
      30.50386619567871,
      23.14037322998047,
      24.556095123291016,
      23.71976661682129,
      22.539926528930664,
      23.95640754699707,
      29.391687393188477,
      25.508838653564453
    ],
    [
      17.618846893310547,
      16.10323143005371,
      14.181803703308105,
      20.114002227783203,
      18.38226318359375,
      24.774188995361328,
      17.558799743652344,
      28.74714469909668,
      16.238780975341797,
      30.159082412719727,
      23.14037322998047,
      40.52537155151367,
      32.77220153808594,
      40.86214828491211,
      32.570125579833984,
      39.41063690185547,
      41.36873245239258,
      41.3077278137207
    ],
    [
      16.501964569091797,
      14.56436824798584,
      12.81812572479248,
      15.570503234863281,
      17.526395797729492,
      22.0765438079834,
      18.315515518188477,
      24.148941040039062,
      15.79841423034668,
      24.248640060424805,
      24.556095123291016,
      32.77220153808594,
      61.753971099853516,
      55.04458999633789,
      64.8536376953125,
      59.37539291381836,
      71.55481719970703,
      58.778785705566406
    ],
    [
      20.519731521606445,
      18.116107940673828,
      16.036588668823242,
      20.012126922607422,
      20.190587997436523,
      24.90427017211914,
      21.69337272644043,
      29.65898323059082,
      17.548229217529297,
      29.050941467285156,
      23.71976661682129,
      40.86214828491211,
      55.04458999633789,
      72.2526626586914,
      59.561622619628906,
      72.69032287597656,
      71.47704315185547,
      73.8004150390625
    ],
    [
      19.3026180267334,
      16.400606155395508,
      14.534903526306152,
      18.317272186279297,
      20.68840217590332,
      25.553665161132812,
      18.451583862304688,
      25.214174270629883,
      12.828123092651367,
      22.628450393676758,
      22.539926528930664,
      32.570125579833984,
      64.8536376953125,
      59.561622619628906,
      103.48048400878906,
      77.19046783447266,
      97.13754272460938,
      70.35549926757812
    ],
    [
      20.098604202270508,
      17.436410903930664,
      16.975353240966797,
      20.34999656677246,
      21.06215476989746,
      25.255970001220703,
      22.16465950012207,
      29.05333137512207,
      17.969532012939453,
      28.224384307861328,
      23.95640754699707,
      39.41063690185547,
      59.37539291381836,
      72.69032287597656,
      77.19046783447266,
      90.92156982421875,
      88.26362609863281,
      86.20796203613281
    ],
    [
      29.586544036865234,
      20.909690856933594,
      22.608749389648438,
      25.500064849853516,
      25.574655532836914,
      32.103370666503906,
      24.66481590270996,
      33.39087677001953,
      22.51280403137207,
      31.841089248657227,
      29.391687393188477,
      41.36873245239258,
      71.55481719970703,
      71.47704315185547,
      97.13754272460938,
      88.26362609863281,
      136.70077514648438,
      111.15582275390625
    ],
    [
      25.12334442138672,
      16.988683700561523,
      20.364076614379883,
      22.415010452270508,
      21.394752502441406,
      27.09124183654785,
      22.821533203125,
      32.49209213256836,
      21.950952529907227,
      32.23767852783203,
      25.508838653564453,
      41.3077278137207,
      58.778785705566406,
      73.8004150390625,
      70.35549926757812,
      86.20796203613281,
      111.15582275390625,
      112.4931411743164
    ]
  ],
  "damage": -5.976367473602295,
  "diff_bandwidth": 583.1023559570312,
  "dissonance": 9.105399007972986,
  "drr": 16.490619659423828,
  "dynamics": 2.434791326522827,
  "format": 65538,
  "frames": 13413456,
  "freq_pan_to_db": [
    [
      -24.153701782226562,
      -22.17233657836914,
      -19.145755767822266,
      -16.552505493164062,
      -14.758198738098145,
      -15.789345741271973,
      -18.060609817504883,
      -19.493860244750977,
      -20.359792709350586,
      -22.346487045288086,
      -23.49532699584961
    ],
    [
      -16.682607650756836,
      -15.436792373657227,
      -13.40697956085205,
      -11.37471866607666,
      -7.99187707901001,
      -7.978200435638428,
      -11.165526390075684,
      -12.749488830566406,
      -14.266677856445312,
      -15.751934051513672,
      -16.989355087280273
    ],
    [
      -15.108882904052734,
      -13.760682106018066,
      -12.135930061340332,
      -10.221027374267578,
      -8.914763450622559,
      -9.273603439331055,
      -10.56695556640625,
      -11.738107681274414,
      -12.577576637268066,
      -13.916093826293945,
      -14.869548797607422
    ],
    [
      -16.809553146362305,
      -16.14014434814453,
      -14.766812324523926,
      -13.70468521118164,
      -12.642364501953125,
      -12.39721965789795,
      -12.425758361816406,
      -13.561724662780762,
      -14.795723915100098,
      -16.151920318603516,
      -16.9725284576416
    ],
    [
      -18.51890754699707,
      -18.354572296142578,
      -17.079858779907227,
      -16.630146026611328,
      -15.956947326660156,
      -15.577853202819824,
      -14.365586280822754,
      -15.061883926391602,
      -16.308156967163086,
      -17.525976181030273,
      -18.034439086914062
    ],
    [
      -19.17701530456543,
      -18.29308319091797,
      -16.939125061035156,
      -15.695760726928711,
      -14.527040481567383,
      -14.926438331604004,
      -16.097347259521484,
      -17.497663497924805,
      -18.825876235961914,
      -19.97126007080078,
      -20.362775802612305
    ],
    [
      -20.3404598236084,
      -19.559173583984375,
      -18.304759979248047,
      -17.003376007080078,
      -15.539031982421875,
      -15.966054916381836,
      -16.45343589782715,
      -17.872831344604492,
      -19.63578224182129,
      -20.8394718170166,
      -21.480796813964844
    ],
    [
      -19.739181518554688,
      -20.373638153076172,
      -19.4981632232666,
      -18.44276237487793,
      -17.191150665283203,
      -16.211679458618164,
      -14.438301086425781,
      -16.55521583557129,
      -18.512144088745117,
      -18.826047897338867,
      -19.02092170715332
    ],
    [
      -20.64145278930664,
      -20.03298568725586,
      -19.350017547607422,
      -18.027423858642578,
      -16.667240142822266,
      -16.208209991455078,
      -14.943881034851074,
      -16.685657501220703,
      -18.932151794433594,
      -19.699758529663086,
      -20.17969512939453
    ],
    [
      -20.732149124145508,
      -20.914752960205078,
      -19.058917999267578,
      -17.13081169128418,
      -15.989274978637695,
      -17.212411880493164,
      -18.164705276489258,
      -19.427471160888672,
      -20.612144470214844,
      -22.0499210357666,
      -23.437463760375977
    ],
    [
      -22.807449340820312,
      -23.138689041137695,
      -22.57259750366211,
      -21.145103454589844,
      -19.01710319519043,
      -17.41301918029785,
      -19.14304542541504,
      -20.721254348754883,
      -22.27787971496582,
      -22.80628204345703,
      -22.906286239624023
    ],
    [
      -25.13811683654785,
      -24.157085418701172,
      -23.815311431884766,
      -23.77706527709961,
      -21.715932846069336,
      -20.182964324951172,
      -20.00771713256836,
      -21.402860641479492,
      -24.008148193359375,
      -23.895349502563477,
      -26.792261123657227
    ],
    [
      -24.180587768554688,
      -24.999969482421875,
      -25.448884963989258,
      -23.799243927001953,
      -20.70082664489746,
      -19.37552833557129,
      -20.73838996887207,
      -22.325393676757812,
      -23.639753341674805,
      -24.286394119262695,
      -24.071605682373047
    ],
    [
      -20.67441749572754,
      -24.50213050842285,
      -23.79328727722168,
      -21.690975189208984,
      -18.6834774017334,
      -18.41977882385254,
      -20.791147232055664,
      -23.278242111206055,
      -23.698118209838867,
      -24.46823501586914,
      -24.744441986083984
    ],
    [
      -20.86979103088379,
      -22.606836318969727,
      -23.232227325439453,
      -21.3951358795166,
      -19.79912757873535,
      -21.170387268066406,
      -22.849143981933594,
      -24.129627227783203,
      -23.022502899169922,
      -25.19568634033203,
      -24.423925399780273
    ],
    [
      -21.06850814819336,
      -22.39202117919922,
      -23.235727310180664,
      -21.23638343811035,
      -22.166746139526367,
      -22.01418113708496,
      -23.456876754760742,
      -23.457284927368164,
      -23.0252685546875,
      -23.20545768737793,
      -25.137941360473633
    ],
    [
      -21.355812072753906,
      -22.46438217163086,
      -24.22188377380371,
      -23.192968368530273,
      -23.23438835144043,
      -23.030466079711914,
      -24.58549690246582,
      -23.136648178100586,
      -22.93880271911621,
      -23.177406311035156,
      -24.699235916137695
    ],
    [
      -19.07587242126465,
      -20.97310447692871,
      -22.788278579711914,
      -22.95882225036621,
      -20.580163955688477,
      -21.620521545410156,
      -22.66547966003418,
      -21.42547607421875,
      -21.520999908447266,
      -21.91375160217285,
      -22.89217185974121
    ],
    [
      -20.602602005004883,
      -20.57746124267578,
      -21.813249588012695,
      -21.81355857849121,
      -19.786300659179688,
      -20.98719024658203,
      -22.858139038085938,
      -21.271381378173828,
      -21.41559600830078,
      -22.673681259155273,
      -24.42257308959961
    ],
    [
      -23.943674087524414,
      -22.97054672241211,
      -23.583513259887695,
      -23.68965721130371,
      -21.535871505737305,
      -22.584007263183594,
      -24.25432014465332,
      -24.03411102294922,
      -23.768375396728516,
      -23.880401611328125,
      -22.050928115844727
    ],
    [
      -26.19812774658203,
      -20.842926025390625,
      -23.67647361755371,
      -23.885269165039062,
      -22.913612365722656,
      -23.00477409362793,
      -24.981277465820312,
      -23.90048599243164,
      -24.93062973022461,
      -25.8472843170166,
      -26.480377197265625
    ],
    [
      -25.51793670654297,
      -24.130807876586914,
      -22.418596267700195,
      -24.208293914794922,
      -22.989168167114258,
      -22.666648864746094,
      -25.639245986938477,
      -23.055389404296875,
      -25.276899337768555,
      -26.35194969177246,
      -27.462064743041992
    ],
    [
      -25.077308654785156,
      -23.986560821533203,
      -25.21248435974121,
      -25.692523956298828,
      -24.23307228088379,
      -23.231191635131836,
      -24.85837745666504,
      -25.62213897705078,
      -25.78049659729004,
      -25.07154083251953,
      -25.343494415283203
    ],
    [
      -28.955490112304688,
      -24.978994369506836,
      -25.092164993286133,
      -25.504056930541992,
      -24.764156341552734,
      -23.202564239501953,
      -25.029743194580078,
      -25.733800888061523,
      -25.809852600097656,
      -25.79972267150879,
      -26.11355972290039
    ],
    [
      -34.07986068725586,
      -27.373050689697266,
      -27.525556564331055,
      -27.00670623779297,
      -26.97719955444336,
      -26.07958221435547,
      -27.364099502563477,
      -27.301143646240234,
      -27.804601669311523,
      -28.538734436035156,
      -30.368305206298828
    ],
    [
      -27.197071075439453,
      -28.131385803222656,
      -28.592958450317383,
      -27.9204158782959,
      -27.673437118530273,
      -27.834911346435547,
      -28.456897735595703,
      -28.5408992767334,
      -28.786970138549805,
      -28.98493194580078,
      -29.275114059448242
    ],
    [
      -37.89786911010742,
      -29.698856353759766,
      -29.523500442504883,
      -30.117996215820312,
      -29.412857055664062,
      -28.83088493347168,
      -31.29887580871582,
      -31.00101089477539,
      -30.28453254699707,
      -31.347002029418945,
      -29.117250442504883
    ],
    [
      -33.893348693847656,
      -29.75225257873535,
      -30.3250732421875,
      -30.600055694580078,
      -31.531055450439453,
      -31.565332412719727,
      -33.54438781738281,
      -32.418392181396484,
      -31.992332458496094,
      -32.030189514160156,
      -33.30500793457031
    ],
    [
      -30.477203369140625,
      -31.407821655273438,
      -32.48331832885742,
      -33.00285720825195,
      -33.81160354614258,
      -33.13320541381836,
      -34.95643615722656,
      -34.66131591796875,
      -33.48670196533203,
      -33.94462203979492,
      -27.460119247436523
    ],
    [
      -38.72622299194336,
      -34.83156204223633,
      -34.10548400878906,
      -34.631866455078125,
      -35.36610412597656,
      -33.05293273925781,
      -34.138126373291016,
      -34.531593322753906,
      -34.78810119628906,
      -34.41548538208008,
      -32.77501678466797
    ],
    [
      -35.36399841308594,
      -35.31512451171875,
      -34.85863494873047,
      -35.15610122680664,
      -35.683467864990234,
      -32.59477996826172,
      -33.370059967041016,
      -33.375770568847656,
      -36.81520462036133,
      -37.443023681640625,
      -35.27663040161133
    ],
    [
      -39.36200714111328,
      -36.23237609863281,
      -35.991676330566406,
      -36.15996170043945,
      -36.16838455200195,
      -32.377376556396484,
      -35.200462341308594,
      -37.273651123046875,
      -38.46705627441406,
      -35.96231460571289,
      -41.83076858520508
    ],
    [
      -38.45211410522461,
      -37.26880645751953,
      -36.361724853515625,
      -36.592716217041016,
      -36.34026336669922,
      -32.484092712402344,
      -36.59828186035156,
      -39.11372375488281,
      -41.50288009643555,
      -39.12734603881836,
      -46.423004150390625
    ],
    [
      -66.12511444091797,
      -40.946205139160156,
      -39.30054473876953,
      -37.992919921875,
      -37.05752182006836,
      -32.219200134277344,
      -36.564308166503906,
      -40.55632019042969,
      -44.876617431640625,
      -42.98493576049805,
      -370
    ],
    [
      -38.98478317260742,
      -44.75656509399414,
      -41.733055114746094,
      -39.46495819091797,
      -38.434715270996094,
      -32.89313888549805,
      -36.87774658203125,
      -34.71747589111328,
      -34.635154724121094,
      -38.61592102050781,
      -40.49126434326172
    ],
    [
      -370,
      -45.18359375,
      -43.87419891357422,
      -42.19991683959961,
      -41.30538558959961,
      -35.23183059692383,
      -38.45174789428711,
      -34.03707504272461,
      -32.765071868896484,
      -36.85533142089844,
      -33.291473388671875
    ],
    [
      -370,
      -43.60865020751953,
      -43.892333984375,
      -43.59150695800781,
      -42.51618194580078,
      -36.58061218261719,
      -40.501827239990234,
      -38.517799377441406,
      -37.55784225463867,
      -37.82213592529297,
      -39.08863830566406
    ],
    [
      -370,
      -47.319889068603516,
      -46.708370208740234,
      -45.123939514160156,
      -43.13040542602539,
      -38.683677673339844,
      -43.021080017089844,
      -42.35075378417969,
      -40.33235549926758,
      -37.81950759887695,
      -33.695804595947266
    ],
    [
      -41.3335075378418,
      -47.8737907409668,
      -47.15312957763672,
      -45.71596145629883,
      -44.80649185180664,
      -41.17573928833008,
      -44.185462951660156,
      -43.54528045654297,
      -41.57263946533203,
      -38.731544494628906,
      -36.260704040527344
    ],
    [
      -47.03121566772461,
      -46.282081604003906,
      -46.878726959228516,
      -48.368839263916016,
      -47.576541900634766,
      -43.069068908691406,
      -43.85358810424805,
      -39.700660705566406,
      -38.80362319946289,
      -39.47909927368164,
      -42.294864654541016
    ],
    [
      -48.34042739868164,
      -45.98417282104492,
      -48.05802536010742,
      -47.60149383544922,
      -47.60484313964844,
      -45.85858917236328,
      -47.21043395996094,
      -45.10972213745117,
      -44.840850830078125,
      -43.50497817993164,
      -42.89078903198242
    ],
    [
      -48.60414123535156,
      -48.72959899902344,
      -47.89768981933594,
      -47.83461380004883,
      -48.48543930053711,
      -48.84170150756836,
      -49.89304733276367,
      -49.3694953918457,
      -45.795806884765625,
      -43.37123489379883,
      -44.00830841064453
    ]
  ],
  "histogram": [
    {
      "db": -70,
      "frequency": 0
    },
    {
      "db": -69,
      "frequency": 1
    },
    {
      "db": -68,
      "frequency": 2
    },
    {
      "db": -67,
      "frequency": 34
    },
    {
      "db": -66,
      "frequency": 13
    },
    {
      "db": -65,
      "frequency": 7
    },
    {
      "db": -64,
      "frequency": 1
    },
    {
      "db": -63,
      "frequency": 2
    },
    {
      "db": -62,
      "frequency": 1
    },
    {
      "db": -61,
      "frequency": 1
    },
    {
      "db": -60,
      "frequency": 1
    },
    {
      "db": -59,
      "frequency": 8
    },
    {
      "db": -58,
      "frequency": 4
    },
    {
      "db": -57,
      "frequency": 2
    },
    {
      "db": -56,
      "frequency": 3
    },
    {
      "db": -55,
      "frequency": 4
    },
    {
      "db": -54,
      "frequency": 4
    },
    {
      "db": -53,
      "frequency": 5
    },
    {
      "db": -52,
      "frequency": 1
    },
    {
      "db": -51,
      "frequency": 4
    },
    {
      "db": -50,
      "frequency": 2
    },
    {
      "db": -49,
      "frequency": 6
    },
    {
      "db": -48,
      "frequency": 2
    },
    {
      "db": -47,
      "frequency": 5
    },
    {
      "db": -46,
      "frequency": 5
    },
    {
      "db": -45,
      "frequency": 4
    },
    {
      "db": -44,
      "frequency": 1
    },
    {
      "db": -43,
      "frequency": 5
    },
    {
      "db": -42,
      "frequency": 5
    },
    {
      "db": -41,
      "frequency": 5
    },
    {
      "db": -40,
      "frequency": 5
    },
    {
      "db": -39,
      "frequency": 5
    },
    {
      "db": -38,
      "frequency": 7
    },
    {
      "db": -37,
      "frequency": 6
    },
    {
      "db": -36,
      "frequency": 6
    },
    {
      "db": -35,
      "frequency": 11
    },
    {
      "db": -34,
      "frequency": 5
    },
    {
      "db": -33,
      "frequency": 3
    },
    {
      "db": -32,
      "frequency": 1
    },
    {
      "db": -31,
      "frequency": 2
    },
    {
      "db": -30,
      "frequency": 4
    },
    {
      "db": -29,
      "frequency": 21
    },
    {
      "db": -28,
      "frequency": 9
    },
    {
      "db": -27,
      "frequency": 7
    },
    {
      "db": -26,
      "frequency": 13
    },
    {
      "db": -25,
      "frequency": 8
    },
    {
      "db": -24,
      "frequency": 6
    },
    {
      "db": -23,
      "frequency": 7
    },
    {
      "db": -22,
      "frequency": 7
    },
    {
      "db": -21,
      "frequency": 2
    },
    {
      "db": -20,
      "frequency": 9
    },
    {
      "db": -19,
      "frequency": 21
    },
    {
      "db": -18,
      "frequency": 10
    },
    {
      "db": -17,
      "frequency": 15
    },
    {
      "db": -16,
      "frequency": 72
    },
    {
      "db": -15,
      "frequency": 62
    },
    {
      "db": -14,
      "frequency": 114
    },
    {
      "db": -13,
      "frequency": 382
    },
    {
      "db": -12,
      "frequency": 771
    },
    {
      "db": -11,
      "frequency": 587
    },
    {
      "db": -10,
      "frequency": 348
    },
    {
      "db": -9,
      "frequency": 290
    },
    {
      "db": -8,
      "frequency": 83
    },
    {
      "db": -7,
      "frequency": 5
    },
    {
      "db": -6,
      "frequency": 0
    },
    {
      "db": -5,
      "frequency": 0
    },
    {
      "db": -4,
      "frequency": 0
    },
    {
      "db": -3,
      "frequency": 0
    },
    {
      "db": -2,
      "frequency": 0
    },
    {
      "db": -1,
      "frequency": 0
    },
    {
      "db": 0,
      "frequency": 0
    },
    {
      "db": 1,
      "frequency": 0
    },
    {
      "db": 2,
      "frequency": 0
    },
    {
