{
  "acoustic_entropy": 192.57318115234375,
  "bands": [
    {
      "high_freq": 148.1999969482422,
      "loudness": -19.786476135253906,
      "loudness_range": 9.914905548095703,
      "mid_mean": -16.398191452026367,
      "mid_to_side_loudness": -14.880115509033203,
      "mid_to_side_loudness_range": 11.320387840270996,
      "side_mean": -31.141586303710938
    },
    {
      "high_freq": 392.3793640136719,
      "loudness": -20.579383850097656,
      "loudness_range": 7.448207855224609,
      "low_freq": 148.1999969482422,
      "mid_mean": -17.401958465576172,
      "mid_to_side_loudness": -10.041971206665039,
      "mid_to_side_loudness_range": 7.326965808868408,
      "side_mean": -27.302396774291992
    },
    {
      "high_freq": 794.6976318359375,
      "loudness": -22.442106246948242,
      "loudness_range": 9.797317504882812,
      "low_freq": 392.3793640136719,
      "mid_mean": -19.315208435058594,
      "mid_to_side_loudness": -9.247589111328125,
      "mid_to_side_loudness_range": 7.234052658081055,
      "side_mean": -28.590604782104492
    },
    {
      "high_freq": 1457.5709228515625,
      "loudness": -24.960140228271484,
      "loudness_range": 11.744600296020508,
      "low_freq": 794.6976318359375,
      "mid_mean": -21.92305564880371,
      "mid_to_side_loudness": -9.073938369750977,
      "mid_to_side_loudness_range": 8.429376602172852,
      "side_mean": -30.804330825805664
    },
    {
      "high_freq": 2549.74365234375,
      "loudness": -22.12005615234375,
      "loudness_range": 9.657203674316406,
      "low_freq": 1457.5709228515625,
      "mid_mean": -19.147611618041992,
      "mid_to_side_loudness": -9.136070251464844,
      "mid_to_side_loudness_range": 9.361052513122559,
      "side_mean": -27.976829528808594
    },
    {
      "high_freq": 4349.24462890625,
      "loudness": -24.272136688232422,
      "loudness_range": 9.996786117553711,
      "low_freq": 2549.74365234375,
      "mid_mean": -21.34451675415039,
      "mid_to_side_loudness": -8.2880220413208,
      "mid_to_side_loudness_range": 8.802559852600098,
      "side_mean": -29.645362854003906
    },
    {
      "high_freq": 7314.1640625,
      "loudness": -32.771507263183594,
      "loudness_range": 17.335412979125977,
      "low_freq": 4349.24462890625,
      "mid_mean": -30.31385612487793,
      "mid_to_side_loudness": -5.848928451538086,
      "mid_to_side_loudness_range": 8.883055686950684,
      "side_mean": -36.11701202392578
    },
    {
      "high_freq": 12199.2666015625,
      "loudness": -36.334678649902344,
      "loudness_range": 21.63076400756836,
      "low_freq": 7314.1640625,
      "mid_mean": -34.36233901977539,
      "mid_to_side_loudness": -5.105499267578125,
      "mid_to_side_loudness_range": 11.150970458984375,
      "side_mean": -39.68874740600586
    },
    {
      "loudness": -43.36637496948242,
      "loudness_range": 19.08563232421875,
      "low_freq": 12199.2666015625,
      "mid_mean": -41.75035095214844,
      "mid_to_side_loudness": -3.5436837673187256,
      "mid_to_side_loudness_range": 9.450979232788086,
      "side_mean": -45.865901947021484
    }
  ],
  "bands_short": [
    {
      "high_freq": 148.1999969482422,
      "loudness": -24.227079391479492,
      "loudness_range": 20.364830017089844,
      "mid_mean": -20.980581283569336,
      "mid_to_side_loudness": -15.078625679016113,
      "mid_to_side_loudness_range": 19.99390983581543,
      "side_mean": -36.15579605102539
    },
    {
      "high_freq": 392.3793640136719,
      "loudness": -19.836374282836914,
      "loudness_range": 10.28947925567627,
      "low_freq": 148.1999969482422,
      "mid_mean": -16.661502838134766,
      "mid_to_side_loudness": -10.846879005432129,
      "mid_to_side_loudness_range": 11.691093444824219,
      "side_mean": -27.181859970092773
    },
    {
      "high_freq": 794.6976318359375,
      "loudness": -23.225200653076172,
      "loudness_range": 12.42205810546875,
      "low_freq": 392.3793640136719,
      "mid_mean": -20.181434631347656,
      "mid_to_side_loudness": -9.582038879394531,
      "mid_to_side_loudness_range": 11.475225448608398,
      "side_mean": -29.528535842895508
    },
    {
      "high_freq": 1457.5709228515625,
      "loudness": -25.158172607421875,
      "loudness_range": 14.163246154785156,
      "low_freq": 794.6976318359375,
      "mid_mean": -22.172969818115234,
      "mid_to_side_loudness": -9.670524597167969,
      "mid_to_side_loudness_range": 12.432825088500977,
      "side_mean": -31.495033264160156
    },
    {
      "high_freq": 2549.74365234375,
      "loudness": -22.788537979125977,
      "loudness_range": 12.820648193359375,
      "low_freq": 1457.5709228515625,
      "mid_mean": -19.793716430664062,
      "mid_to_side_loudness": -9.805736541748047,
      "mid_to_side_loudness_range": 12.360069274902344,
      "side_mean": -29.125890731811523
    },
    {
      "high_freq": 4349.24462890625,
      "loudness": -24.94101333618164,
      "loudness_range": 13.69743537902832,
      "low_freq": 2549.74365234375,
      "mid_mean": -22.024757385253906,
      "mid_to_side_loudness": -8.813345909118652,
      "mid_to_side_loudness_range": 11.519842147827148,
      "side_mean": -30.782686233520508
    },
    {
      "high_freq": 7314.1640625,
      "loudness": -34.37060546875,
      "loudness_range": 22.003000259399414,
      "low_freq": 4349.24462890625,
      "mid_mean": -31.958181381225586,
      "mid_to_side_loudness": -6.2376203536987305,
      "mid_to_side_loudness_range": 11.173791885375977,
      "side_mean": -38.111671447753906
    },
    {
      "high_freq": 12199.2666015625,
      "loudness": -38.312870025634766,
      "loudness_range": 27.09292984008789,
      "low_freq": 7314.1640625,
      "mid_mean": -36.52073669433594,
      "mid_to_side_loudness": -5.217550277709961,
      "mid_to_side_loudness_range": 12.554330825805664,
      "side_mean": -42.4217414855957
    },
    {
      "loudness": -46.37667465209961,
      "loudness_range": 27.287616729736328,
      "low_freq": 12199.2666015625,
      "mid_mean": -47.79315948486328,
      "mid_to_side_loudness": -4.064560413360596,
      "mid_to_side_loudness_range": 11.81410026550293,
      "side_mean": -51.76042556762695
    }
  ],
  "bandwidth": 577.3373413085938,
  "channels": 2,
  "covariance": [
    [
      23.318828582763672,
      13.652142524719238,
      11.980172157287598,
      12.891013145446777,
      9.09307861328125,
      12.470635414123535,
      8.300931930541992,
      10.81926155090332,
      7.673332214355469,
      11.366419792175293,
      7.364407539367676,
      11.869682312011719,
      10.541935920715332,
      12.591623306274414,
      10.825705528259277,
      11.759392738342285,
      13.357869148254395,
      15.708005905151367
    ],
    [
      13.652142524719238,
      21.856412887573242,
      8.73863697052002,
      12.136931419372559,
      8.47706127166748,
      12.794432640075684,
      6.709515571594238,
      10.293503761291504,
      5.949707508087158,
      10.530512809753418,
      6.277071952819824,
      11.528732299804688,
      10.262822151184082,
      11.5736722946167,
      12.163101196289062,
      12.535785675048828,
      12.66713809967041,
      12.123973846435547
    ],
    [
      11.980172157287598,
      8.73863697052002,
      15.064000129699707,
      12.319165229797363,
      8.8201904296875,
      11.216877937316895,
      8.46669864654541,
      11.359176635742188,
      5.697781085968018,
      10.505805969238281,
      7.214009761810303,
      11.872635841369629,
      11.900740623474121,
      13.551865577697754,
      12.366985321044922,
      12.943883895874023,
      12.732512474060059,
      14.228633880615234
    ],
    [
      12.891013145446777,
      12.136931419372559,
      12.319165229797363,
      19.259138107299805,
      11.191315650939941,
      15.067843437194824,
      11.116802215576172,
      16.739795684814453,
      8.439535140991211,
      14.165209770202637,
      8.617132186889648,
      15.51894760131836,
      14.429137229919434,
      16.959463119506836,
      15.852109909057617,
      17.26572036743164,
      15.970705032348633,
      15.380224227905273
    ],
    [
      9.09307861328125,
      8.47706127166748,
      8.8201904296875,
      11.191315650939941,
      17.867122650146484,
      15.4244966506958,
      11.748608589172363,
      13.583765983581543,
      8.35303783416748,
      11.322113990783691,
      10.670516967773438,
      12.970370292663574,
      14.11962604522705,
      14.746410369873047,
      15.94420051574707,
      15.01866626739502,
      14.259011268615723,
      12.073214530944824
    ],
    [
      12.470635414123535,
      12.794432640075684,
      11.216877937316895,
      15.067843437194824,
      15.4244966506958,
      21.561349868774414,
      12.557672500610352,
      17.36779022216797,
      9.147067070007324,
      15.462779998779297,
      11.395661354064941,
      17.454341888427734,
      17.527000427246094,
      19.11614990234375,
      19.69772720336914,
      19.882461547851562,
      19.739343643188477,
      18.046405792236328
    ],
    [
      8.300931930541992,
      6.709515571594238,
      8.46669864654541,
      11.116802215576172,
      11.748608589172363,
      12.557672500610352,
      22.677268981933594,
      17.778701782226562,
      12.7216215133667,
      11.086366653442383,
      11.357539176940918,
      12.370229721069336,
      14.041329383850098,
      16.045141220092773,
      13.288657188415527,
      15.200465202331543,
      12.902048110961914,
      14.027597427368164
    ],
    [
      10.81926155090332,
      10.293503761291504,
      11.359176635742188,
      16.739795684814453,
      13.583765983581543,
      17.36779022216797,
      17.778701782226562,
      25.188018798828125,
      12.148045539855957,
      17.710485458374023,
      12.572774887084961,
      19.203645706176758,
      18.038461685180664,
      21.783069610595703,
      18.211912155151367,
      21.461429595947266,
      19.036235809326172,
      19.13724136352539
    ],
    [
      7.673332214355469,
      5.949707508087158,
      5.697781085968018,
      8.439535140991211,
      8.35303783416748,
      9.147067070007324,
      12.7216215133667,
      12.148045539855957,
      20.33881950378418,
      12.439153671264648,
      12.213116645812988,
      11.159790992736816,
      10.803642272949219,
      12.278428077697754,
      8.639335632324219,
      11.550127983093262,
      11.046743392944336,
      14.871906280517578
    ],
    [
      11.366419792175293,
      10.530512809753418,
      10.505805969238281,
      14.165209770202637,
      11.322113990783691,
      15.462779998779297,
      11.086366653442383,
      17.710485458374023,
      12.439153671264648,
      19.77761459350586,
      12.247384071350098,
      19.256168365478516,
      15.917689323425293,
      19.043949127197266,
      14.97540283203125,
      18.716842651367188,
      18.273509979248047,
      19.321073532104492
    ],
    [
      7.364407539367676,
      6.277071952819824,
      7.214009761810303,
      8.617132186889648,
      10.670516967773438,
      11.395661354064941,
      11.357539176940918,
      12.572774887084961,
      12.213116645812988,
      12.247384071350098,
      19.665355682373047,
      15.37881851196289,
      17.10884666442871,
      16.075862884521484,
      15.687294006347656,
      16.225955963134766,
      16.40298080444336,
      14.189817428588867
    ],
    [
      11.869682312011719,
      11.528732299804688,
      11.872635841369629,
      15.51894760131836,
      12.970370292663574,
      17.454341888427734,
      12.370229721069336,
      19.203645706176758,
      11.159790992736816,
      19.256168365478516,
      15.37881851196289,
      24.190187454223633,
      22.077199935913086,
      25.660234451293945,
      21.732004165649414,
      25.220705032348633,
      23.01594352722168,
      22.510833740234375
    ],
    [
      10.541935920715332,
      10.262822151184082,
      11.900740623474121,
      14.429137229919434,
      14.11962604522705,
      17.527000427246094,
      14.041329383850098,
      18.038461685180664,
      10.803642272949219,
      15.917689323425293,
      17.10884666442871,
      22.077199935913086,
      42.39252853393555,
      36.18967819213867,
      46.19244384765625,
      36.90959167480469,
      37.826602935791016,
      26.969438552856445
    ],
    [
      12.591623306274414,
      11.5736722946167,
      13.551865577697754,
      16.959463119506836,
      14.746410369873047,
      19.11614990234375,
      16.045141220092773,
      21.783069610595703,
      12.278428077697754,
      19.043949127197266,
      16.075862884521484,
      25.660234451293945,
      36.18967819213867,
      43.3894157409668,
      38.62455368041992,
      41.12864685058594,
      35.265228271484375,
      33.32701873779297
    ],
    [
      10.825705528259277,
      12.163101196289062,
      12.366985321044922,
      15.852109909057617,
      15.94420051574707,
      19.69772720336914,
      13.288657188415527,
      18.211912155151367,
      8.639335632324219,
      14.97540283203125,
      15.687294006347656,
      21.732004165649414,
      46.19244384765625,
      38.62455368041992,
      70.0572509765625,
      44.516624450683594,
      51.69456100463867,
      30.715181350708008
    ],
    [
      11.759392738342285,
      12.535785675048828,
      12.943883895874023,
      17.26572036743164,
      15.01866626739502,
      19.882461547851562,
      15.200465202331543,
      21.461429595947266,
      11.550127983093262,
      18.716842651367188,
      16.225955963134766,
      25.220705032348633,
      36.90959167480469,
      41.12864685058594,
      44.516624450683594,
      45.412208557128906,
      41.537288665771484,
      36.85173416137695
    ],
    [
      13.357869148254395,
      12.66713809967041,
      12.732512474060059,
      15.970705032348633,
      14.259011268615723,
      19.739343643188477,
      12.902048110961914,
      19.036235809326172,
      11.046743392944336,
      18.273509979248047,
      16.40298080444336,
      23.01594352722168,
      37.826602935791016,
      35.265228271484375,
      51.69456100463867,
      41.537288665771484,
      56.65742874145508,
      41.669090270996094
    ],
    [
      15.708005905151367,
      12.123973846435547,
      14.228633880615234,
      15.380224227905273,
      12.073214530944824,
      18.046405792236328,
      14.027597427368164,
      19.13724136352539,
      14.871906280517578,
      19.321073532104492,
      14.189817428588867,
      22.510833740234375,
      26.969438552856445,
      33.32701873779297,
      30.715181350708008,
      36.85173416137695,
      41.669090270996094,
      51.92377471923828
    ]
  ],
  "covariance_short": [
    [
      52.11369323730469,
      20.793413162231445,
      13.046709060668945,
      16.221569061279297,
      10.762834548950195,
      15.318689346313477,
      10.00124740600586,
      14.062039375305176,
      8.832037925720215,
      14.751773834228516,
      9.729385375976562,
      17.188888549804688,
      16.111083984375,
      20.086353302001953,
      18.74187469482422,
      19.27455711364746,
      29.620471954345703,
      25.35409927368164
    ],
    [
      20.793413162231445,
      38.684661865234375,
      10.24364185333252,
      15.963552474975586,
      10.739546775817871,
      14.349474906921387,
      8.733298301696777,
      12.426689147949219,
      7.872150897979736,
      12.891383171081543,
      8.523488998413086,
      15.761280059814453,
      14.208166122436523,
      17.695133209228516,
      15.967976570129395,
      16.838085174560547,
      20.85529136657715,
      16.963802337646484
    ],
    [
      13.046709060668945,
      10.24364185333252,
      20.281654357910156,
      14.14225959777832,
      10.790762901306152,
      13.015047073364258,
      9.068575859069824,
      13.546601295471191,
      6.803459167480469,
      12.881375312805176,
      8.362549781799316,
      13.784822463989258,
      12.428162574768066,
      15.495473861694336,
      13.991394996643066,
      16.228178024291992,
      22.43779945373535,
      20.320934295654297
    ],
    [
      16.221569061279297,
      15.963552474975586,
      14.14225959777832,
      27.99095344543457,
      14.602935791015625,
      20.838876724243164,
      11.96275806427002,
      22.43080711364746,
      8.498854637145996,
      18.411691665649414,
      9.31766128540039,
      19.782808303833008,
      15.264886856079102,
      19.598514556884766,
      17.902055740356445,
      19.789438247680664,
      25.537418365478516,
      22.53853416442871
    ],
    [
      10.762834548950195,
      10.739546775817871,
      10.790762901306152,
      14.602935791015625,
      26.588726043701172,
      21.141305923461914,
      13.970837593078613,
      19.163951873779297,
      10.318739891052246,
      16.038633346557617,
      13.509041786193848,
      18.04660415649414,
      17.140344619750977,
      19.63900375366211,
      20.181852340698242,
      20.334840774536133,
      25.517959594726562,
      21.398895263671875
    ],
    [
      15.318689346313477,
      14.349474906921387,
      13.015047073364258,
      20.838876724243164,
      21.141305923461914,
      35.2044563293457,
      14.999659538269043,
      27.632766723632812,
      10.520697593688965,
      23.309946060180664,
      14.324590682983398,
      24.43550682067871,
      21.82372283935547,
      24.474695205688477,
      25.113983154296875,
      24.584299087524414,
      32.30048751831055,
      27.339426040649414
    ],
    [
      10.00124740600586,
      8.733298301696777,
      9.068575859069824,
      11.96275806427002,
      13.970837593078613,
      14.999659538269043,
      31.162811279296875,
      22.986675262451172,
      15.533843994140625,
      14.731988906860352,
      16.1683406829834,
      17.209320068359375,
      18.003660202026367,
      21.198911666870117,
      18.00426483154297,
      21.42854118347168,
      24.624958038330078,
      22.854280471801758
    ],
    [
      14.062039375305176,
      12.426689147949219,
      13.546601295471191,
      22.43080711364746,
      19.163951873779297,
      27.632766723632812,
      22.986675262451172,
      41.49638366699219,
      15.184920310974121,
      28.489686965942383,
      16.74610710144043,
      28.36929702758789,
      23.77950096130371,
      29.155349731445312,
      24.71918296813965,
      28.385047912597656,
      33.46449279785156,
      32.67227554321289
    ],
    [
      8.832037925720215,
      7.872150897979736,
      6.803459167480469,
      8.498854637145996,
      10.318739891052246,
      10.520697593688965,
      15.533843994140625,
      15.184920310974121,
      27.226781845092773,
      17.81299591064453,
      17.693151473999023,
      15.929478645324707,
      15.513202667236328,
      17.107051849365234,
      12.442285537719727,
      17.10792350769043,
      22.538827896118164,
      22.088586807250977
    ],
    [
      14.751773834228516,
      12.891383171081543,
      12.881375312805176,
      18.411691665649414,
      16.038633346557617,
      23.309946060180664,
      14.731988906860352,
      28.489686965942383,
      17.81299591064453,
      34.55625534057617,
      17.694377899169922,
      29.831098556518555,
      23.865131378173828,
      28.551488876342773,
      22.093080520629883,
      27.3610782623291,
      31.915000915527344,
      32.42884826660156
    ],
    [
      9.729385375976562,
      8.523488998413086,
      8.362549781799316,
      9.31766128540039,
      13.509041786193848,
      14.324590682983398,
      16.1683406829834,
      16.74610710144043,
      17.693151473999023,
      17.694377899169922,
      30.31037139892578,
      22.850330352783203,
      24.266639709472656,
      23.31033706665039,
      22.17910385131836,
      23.24480438232422,
      29.445650100708008,
      25.69089126586914
    ],
    [
      17.188888549804688,
      15.761280059814453,
      13.784822463989258,
      19.782808303833008,
      18.04660415649414,
      24.43550682067871,
      17.209320068359375,
      28.36929702758789,
      15.929478645324707,
      29.831098556518555,
      22.850330352783203,
      40.12346267700195,
      32.43301010131836,
      40.34825134277344,
      32.046695709228516,
      38.706329345703125,
      41.512264251708984,
      41.64160919189453
    ],
    [
      16.111083984375,
      14.208166122436523,
      12.428162574768066,
      15.264886856079102,
      17.140344619750977,
      21.82372283935547,
      18.003660202026367,
      23.77950096130371,
      15.513202667236328,
      23.865131378173828,
      24.266639709472656,
      32.43301010131836,
      61.448917388916016,
      54.61611557006836,
      64.39490509033203,
      58.37096405029297,
      72.01331329345703,
      59.58425521850586
    ],
    [
      20.086353302001953,
      17.695133209228516,
      15.495473861694336,
      19.598514556884766,
      19.63900375366211,
      24.474695205688477,
      21.198911666870117,
      29.155349731445312,
      17.107051849365234,
      28.551488876342773,
      23.31033706665039,
      40.34825134277344,
      54.61611557006836,
      71.7392349243164,
      59.010902404785156,
      71.62808990478516,
      71.83470153808594,
      74.663818359375
    ],
    [
      18.74187469482422,
      15.967976570129395,
      13.991394996643066,
      17.902055740356445,
      20.181852340698242,
      25.113983154296875,
      18.00426483154297,
      24.71918296813965,
      12.442285537719727,
      22.093080520629883,
      22.17910385131836,
      32.046695709228516,
      64.39490509033203,
      59.010902404785156,
      103.00867462158203,
      76.44735717773438,
      97.5730209350586,
      71.14400482177734
    ],
    [
      19.27455711364746,
      16.838085174560547,
      16.228178024291992,
      19.789438247680664,
      20.334840774536133,
      24.584299087524414,
      21.42854118347168,
      28.385047912597656,
      17.10792350769043,
      27.3610782623291,
      23.24480438232422,
      38.706329345703125,
      58.37096405029297,
      71.62808990478516,
      76.44735717773438,
      89.13562774658203,
      87.47389221191406,
      86.15625762939453
    ],
    [
      29.620471954345703,
      20.85529136657715,
      22.43779945373535,
      25.537418365478516,
      25.517959594726562,
      32.30048751831055,
      24.624958038330078,
      33.46449279785156,
      22.538827896118164,
      31.915000915527344,
      29.445650100708008,
      41.512264251708984,
      72.01331329345703,
      71.83470153808594,
      97.5730209350586,
      87.47389221191406,
      140.6511993408203,
      115.39996337890625
    ],
    [
      25.35409927368164,
      16.963802337646484,
      20.320934295654297,
      22.53853416442871,
      21.398895263671875,
      27.339426040649414,
      22.854280471801758,
      32.67227554321289,
      22.088586807250977,
      32.42884826660156,
      25.69089126586914,
      41.64160919189453,
      59.58425521850586,
      74.663818359375,
      71.14400482177734,
      86.15625762939453,
      115.39996337890625,
      117.32095336914062
    ]
  ],
  "damage": -4.901237487792969,
  "diff_bandwidth": 599.0237426757812,
  "dissonance": 9.139528213815387,
  "drr": 16.461563110351562,
  "dynamics": 2.3784310817718506,
  "format": 65538,
  "frames": 13413456,
  "freq_pan_to_db": [
    [
      -23.351804733276367,
      -20.4254150390625,
      -18.039709091186523,
      -15.752508163452148,
      -14.22189998626709,
      -15.058257102966309,
      -17.191734313964844,
      -18.324947357177734,
      -19.36357879638672,
      -21.449642181396484,
      -22.528610229492188
    ],
    [
      -15.434944152832031,
      -14.245381355285645,
      -12.19741153717041,
      -10.434248924255371,
      -6.969461441040039,
      -7.120293140411377,
      -10.066343307495117,
      -11.594196319580078,
      -12.92358684539795,
      -14.774423599243164,
      -15.832886695861816
    ],
    [
      -13.879079818725586,
      -12.434761047363281,
      -10.860122680664062,
      -8.992890357971191,
      -7.876683712005615,
      -8.270392417907715,
      -9.573022842407227,
      -10.437211036682129,
      -11.37024974822998,
      -12.586360931396484,
      -13.58226203918457
    ],
    [
      -15.539027214050293,
      -14.763886451721191,
      -13.614548683166504,
      -12.493111610412598,
      -11.50761890411377,
      -11.179603576660156,
      -11.2525053024292,
      -12.270752906799316,
      -13.499019622802734,
      -14.845454216003418,
      -15.670186996459961
    ],
    [
      -17.269384384155273,
      -17.155778884887695,
      -15.90912914276123,
      -15.348808288574219,
      -14.714097023010254,
      -14.305368423461914,
      -13.102678298950195,
      -13.772432327270508,
      -15.05614948272705,
      -16.239967346191406,
      -16.76723861694336
    ],
    [
      -17.862655639648438,
      -16.966060638427734,
      -15.56812858581543,
      -14.411849975585938,
      -13.303814888000488,
      -13.645236015319824,
      -14.76645278930664,
      -16.173812866210938,
      -17.46070671081543,
      -18.638469696044922,
      -19.03276252746582
    ],
    [
      -18.999000549316406,
      -18.161746978759766,
      -17.047607421875,
      -15.6622314453125,
      -14.255361557006836,
      -14.697907447814941,
      -15.145567893981934,
      -16.489990234375,
      -18.267927169799805,
      -19.53689956665039,
      -20.100902557373047
    ],
    [
      -18.322458267211914,
      -18.965187072753906,
      -18.124942779541016,
      -17.068395614624023,
      -15.831768035888672,
      -14.942914962768555,
      -13.262826919555664,
      -15.261863708496094,
      -17.085376739501953,
      -17.451656341552734,
      -17.73475456237793
    ],
    [
      -19.33232307434082,
      -18.658004760742188,
      -17.977882385253906,
      -16.689233779907227,
      -15.329901695251465,
      -14.910801887512207,
      -13.75610637664795,
      -15.27454662322998,
      -17.57587432861328,
      -18.36747169494629,
      -18.864362716674805
    ],
    [
      -19.2490234375,
      -19.719907760620117,
      -17.756147384643555,
      -15.770172119140625,
      -14.658150672912598,
      -15.880451202392578,
      -16.88714027404785,
      -18.151567459106445,
      -19.19478988647461,
      -20.695331573486328,
      -21.955734252929688
    ],
    [
      -21.510881423950195,
      -21.719797134399414,
      -21.162744522094727,
      -19.812725067138672,
      -17.652297973632812,
      -16.061382293701172,
      -17.80082893371582,
      -19.474369049072266,
      -20.634952545166016,
      -21.618947982788086,
      -21.54733657836914
    ],
    [
      -23.43046760559082,
      -22.40791130065918,
      -22.41720199584961,
      -22.537145614624023,
      -20.384414672851562,
      -18.846664428710938,
      -18.68670082092285,
      -20.196575164794922,
      -22.533601760864258,
      -22.468103408813477,
      -24.56902503967285
    ],
    [
      -22.945798873901367,
      -23.637685775756836,
      -23.777191162109375,
      -22.43772315979004,
      -19.385160446166992,
      -18.049129486083984,
      -19.414108276367188,
      -20.933290481567383,
      -22.238170623779297,
      -23.25849151611328,
      -22.81088638305664
    ],
    [
      -19.233489990234375,
      -23.631336212158203,
      -22.613731384277344,
      -20.412351608276367,
      -17.436668395996094,
      -17.086347579956055,
      -19.44724464416504,
      -21.893943786621094,
      -22.492509841918945,
      -23.151464462280273,
      -23.40448570251465
    ],
    [
      -19.932981491088867,
      -21.45956039428711,
      -22.085498809814453,
      -20.024127960205078,
      -18.487905502319336,
      -19.842185974121094,
      -21.485553741455078,
      -22.71613883972168,
      -21.586875915527344,
      -24.01850128173828,
      -23.306549072265625
    ],
    [
      -19.95404815673828,
      -21.07835578918457,
      -21.922531127929688,
      -19.89655113220215,
      -20.818893432617188,
      -20.664737701416016,
      -22.121980667114258,
      -22.18124771118164,
      -21.589603424072266,
      -21.81511878967285,
      -23.59777069091797
    ],
    [
      -20.05274772644043,
      -21.18546485900879,
      -22.969318389892578,
      -21.837322235107422,
      -21.8875675201416,
      -21.676544189453125,
      -23.264978408813477,
      -21.828903198242188,
      -21.578413009643555,
      -21.8355655670166,
      -23.15863609313965
    ],
    [
      -17.774839401245117,
      -19.615386962890625,
      -21.509098052978516,
      -21.54167366027832,
      -19.26797103881836,
      -20.26565933227539,
      -21.312740325927734,
      -20.146982192993164,
      -20.18612289428711,
      -20.565113067626953,
      -21.50714683532715
    ],
    [
      -19.223548889160156,
      -19.284881591796875,
      -20.5267391204834,
      -20.492414474487305,
      -18.448488235473633,
      -19.618867874145508,
      -21.49482536315918,
      -19.983196258544922,
      -20.049938201904297,
      -21.338546752929688,
      -22.962547302246094
    ],
    [
      -22.379568099975586,
      -21.616207122802734,
      -22.23640251159668,
      -22.377090454101562,
      -20.217294692993164,
      -21.20998191833496,
      -22.894603729248047,
      -22.72378921508789,
      -22.45465850830078,
      -22.57880973815918,
      -20.62892723083496
    ],
    [
      -24.766855239868164,
      -19.66379737854004,
      -22.27254867553711,
      -22.617481231689453,
      -21.597475051879883,
      -21.63641357421875,
      -23.61964225769043,
      -22.585187911987305,
      -23.529298782348633,
      -24.721134185791016,
      -24.07888412475586
    ],
    [
      -24.270654678344727,
      -22.951749801635742,
      -21.10834503173828,
      -22.854217529296875,
      -21.64113426208496,
      -21.289587020874023,
      -24.250843048095703,
      -21.766855239868164,
      -23.965761184692383,
      -25.160871505737305,
      -25.161903381347656
    ],
    [
      -23.753379821777344,
      -22.633638381958008,
      -23.83759117126465,
      -24.42855453491211,
      -22.957578659057617,
      -21.85629653930664,
      -23.47101593017578,
      -24.366634368896484,
      -24.484079360961914,
      -23.690889358520508,
      -24.063810348510742
    ],
    [
      -27.533588409423828,
      -23.626924514770508,
      -23.82199478149414,
      -24.219202041625977,
      -23.445528030395508,
      -21.82154655456543,
      -23.660137176513672,
      -24.413509368896484,
      -24.715538024902344,
      -24.45445442199707,
      -24.55155372619629
    ],
    [
      -32.64105987548828,
      -26.39668846130371,
      -26.24669647216797,
      -25.693355560302734,
      -25.63397216796875,
      -24.705039978027344,
      -26.005699157714844,
      -26.003278732299805,
      -26.447765350341797,
      -27.243576049804688,
      -29.00539207458496
    ],
    [
      -25.47441864013672,
      -26.86957359313965,
      -27.287824630737305,
      -26.618328094482422,
      -26.354341506958008,
      -26.47136878967285,
      -27.100849151611328,
      -27.25063133239746,
      -27.32335662841797,
      -27.64602279663086,
      -28.002397537231445
    ],
    [
      -36.46889114379883,
      -28.21141242980957,
      -28.266794204711914,
      -28.75830078125,
      -28.10377311706543,
      -27.460697174072266,
      -29.98798370361328,
      -29.745254516601562,
      -28.99418830871582,
      -29.892318725585938,
      -27.735986709594727
    ],
    [
      -31.998186111450195,
      -28.474029541015625,
      -28.954124450683594,
      -29.33502197265625,
      -30.12538719177246,
      -30.21827507019043,
      -32.27183151245117,
      -31.106761932373047,
      -30.653362274169922,
      -30.788768768310547,
      -31.68955421447754
    ],
    [
      -28.73289680480957,
      -30.05379867553711,
      -31.108675003051758,
      -31.663936614990234,
      -32.46694564819336,
      -31.766010284423828,
      -33.72126007080078,
      -33.35416793823242,
      -32.11138916015625,
      -32.45563888549805,
      -28.683500289916992
    ],
    [
      -36.57023239135742,
      -33.41304016113281,
      -32.8344612121582,
      -33.263702392578125,
      -34.02304458618164,
      -31.704072952270508,
      -32.813472747802734,
      -33.177818298339844,
      -33.47119903564453,
      -33.0858039855957,
      -32.35418701171875
    ],
    [
      -33.16677474975586,
      -33.956336975097656,
      -33.42832565307617,
      -33.828330993652344,
      -34.327049255371094,
      -31.2587890625,
      -32.007041931152344,
      -32.024513244628906,
      -35.4347038269043,
      -36.07757568359375,
      -36.36006546020508
    ],
    [
      -36.29267120361328,
      -34.8381233215332,
      -34.617523193359375,
      -34.80143356323242,
      -34.82746887207031,
      -31.031169891357422,
      -33.85222244262695,
      -35.90825653076172,
      -37.134178161621094,
      -34.56185531616211,
      -40.56883239746094
    ],
    [
      -370,
      -36.04522705078125,
      -35.083351135253906,
      -35.2547721862793,
      -34.982608795166016,
      -31.105880737304688,
      -35.33711242675781,
      -37.79509353637695,
      -39.97473907470703,
      -38.167198181152344,
      -370
    ],
    [
      -61.406219482421875,
      -39.78848648071289,
      -37.96699905395508,
      -36.571353912353516,
      -35.73451232910156,
      -30.85095977783203,
      -35.22040557861328,
      -39.26657485961914,
      -43.52931594848633,
      -41.80388259887695,
      -370
    ],
    [
      -32.79084777832031,
      -45.284584045410156,
      -40.319419860839844,
      -38.176944732666016,
      -37.06568145751953,
      -31.524747848510742,
      -35.52120590209961,
      -33.37040710449219,
      -33.4930419921875,
      -36.439178466796875,
      -39.13700485229492
    ],
    [
      -370,
      -43.71025466918945,
      -42.503379821777344,
      -40.81901550292969,
      -39.97901153564453,
      -33.854366302490234,
      -37.108238220214844,
      -32.707855224609375,
      -31.304624557495117,
      -35.91128158569336,
      -33.249267578125
    ],
    [
      -370,
      -41.89894485473633,
      -42.56882858276367,
      -42.21764373779297,
      -41.15983581542969,
      -35.19801330566406,
      -39.17265319824219,
      -37.106651306152344,
      -36.59444808959961,
      -36.74972915649414,
      -37.304534912109375
    ],
    [
      -45.484527587890625,
      -45.957611083984375,
      -45.428367614746094,
      -43.735477447509766,
      -41.81379318237305,
      -37.29528045654297,
      -41.69047927856445,
      -40.97980880737305,
      -39.36886215209961,
      -36.96067810058594,
      -32.33708190917969
    ],
    [
      -39.919742584228516,
      -46.88195037841797,
      -45.83032989501953,
      -44.4123420715332,
      -43.447181701660156,
      -39.79964065551758,
      -42.88313674926758,
      -42.11125564575195,
      -40.739986419677734,
      -37.403564453125,
      -34.87556838989258
    ],
    [
      -45.37211227416992,
      -44.87421417236328,
      -45.819435119628906,
      -46.996849060058594,
      -46.2534065246582,
      -41.69099044799805,
      -42.524112701416016,
      -38.33865737915039,
      -37.47365951538086,
      -38.99113464355469,
      -40.128875732421875
    ],
    [
      -46.922508239746094,
      -44.71488952636719,
      -46.72153091430664,
      -46.29215621948242,
      -46.22040557861328,
      -44.51518630981445,
      -45.84404754638672,
      -43.76514434814453,
      -43.39290237426758,
      -42.34791564941406,
      -41.826446533203125
    ],
    [
      -46.982574462890625,
      -47.42283630371094,
      -46.5865364074707,
      -46.453582763671875,
      -47.175594329833984,
      -47.468162536621094,
      -48.55787658691406,
      -48.03113555908203,
      -44.652427673339844,
      -42.12580871582031,
      -42.84807586669922
    ]
  ],
  "histogram": [
    {
      "db": -70,
      "frequency": 0
    },
    {
      "db": -69,
      "frequency": 0
    },
    {
      "db": -68,
      "frequency": 0
    },
    {
      "db": -67,
      "frequency": 2
    },
    {
      "db": -66,
      "frequency": 9
    },
    {
      "db": -65,
      "frequency": 34
    },
    {
      "db": -64,
      "frequency": 11
    },
    {
      "db": -63,
      "frequency": 2
    },
    {
      "db": -62,
      "frequency": 1
    },
    {
      "db": -61,
      "frequency": 2
    },
    {
      "db": -60,
      "frequency": 1
    },
    {
      "db": -59,
      "frequency": 1
    },
    {
      "db": -58,
      "frequency": 5
    },
    {
      "db": -57,
      "frequency": 5
    },
    {
      "db": -56,
      "frequency": 3
    },
    {
      "db": -55,
      "frequency": 3
    },
    {
      "db": -54,
      "frequency": 4
    },
    {
      "db": -53,
      "frequency": 4
    },
    {
      "db": -52,
      "frequency": 1
    },
    {
      "db": -51,
      "frequency": 5
    },
    {
      "db": -50,
      "frequency": 5
    },
    {
      "db": -49,
      "frequency": 0
    },
    {
      "db": -48,
      "frequency": 4
    },
    {
      "db": -47,
      "frequency": 5
    },
    {
      "db": -46,
      "frequency": 4
    },
    {
      "db": -45,
      "frequency": 7
    },
    {
      "db": -44,
      "frequency": 1
    },
    {
      "db": -43,
      "frequency": 4
    },
    {
      "db": -42,
      "frequency": 4
    },
    {
      "db": -41,
      "frequency": 6
    },
    {
      "db": -40,
      "frequency": 5
    },
    {
      "db": -39,
      "frequency": 5
    },
    {
      "db": -38,
      "frequency": 5
    },
    {
      "db": -37,
      "frequency": 5
    },
    {
      "db": -36,
      "frequency": 5
    },
    {
      "db": -35,
      "frequency": 6
    },
    {
      "db": -34,
      "frequency": 14
    },
    {
      "db": -33,
      "frequency": 5
    },
    {
      "db": -32,
      "frequency": 0
    },
    {
      "db": -31,
      "frequency": 4
    },
    {
      "db": -30,
      "frequency": 1
    },
    {
      "db": -29,
      "frequency": 5
    },
    {
      "db": -28,
      "frequency": 13
    },
    {
      "db": -27,
      "frequency": 12
    },
    {
      "db": -26,
      "frequency": 8
    },
    {
      "db": -25,
      "frequency": 16
    },
    {
      "db": -24,
      "frequency": 5
    },
    {
      "db": -23,
      "frequency": 5
    },
    {
      "db": -22,
      "frequency": 8
    },
    {
      "db": -21,
      "frequency": 10
    },
    {
      "db": -20,
      "frequency": 2
    },
    {
      "db": -19,
      "frequency": 3
    },
    {
      "db": -18,
      "frequency": 19
    },
    {
      "db": -17,
      "frequency": 13
    },
    {
      "db": -16,
      "frequency": 15
    },
    {
      "db": -15,
      "frequency": 31
    },
    {
      "db": -14,
      "frequency": 86
    },
    {
      "db": -13,
      "frequency": 83
    },
    {
      "db": -12,
      "frequency": 286
    },
    {
      "db": -11,
      "frequency": 720
    },
    {
      "db": -10,
      "frequency": 660
    },
    {
      "db": -9,
      "frequency": 409
    },
    {
      "db": -8,
      "frequency": 290
    },
    {
      "db": -7,
      "frequency": 148
    },
    {
      "db": -6,
      "frequency": 7
    },
    {
      "db": -5,
      "frequency": 0
    },
    {
      "db": -4,
      "frequency": 0
    },
    {
      "db": -3,
      "frequency": 0
    },
    {
      "db": -2,
      "frequency": 0
    },
    {
      "db": -1,
      "frequency": 0
    },
    {
      "db": 0,
      "frequency": 0
    },
    {
      "db": 1,
      "frequency": 0
    },
    {
      "db": 2,
