{
  "acoustic_entropy": 200.83334350585938,
  "bands": [
    {
      "high_freq": 148.1999969482422,
      "loudness": -34.86296081542969,
      "loudness_range": 15.14007568359375,
      "mid_mean": -31.245689392089844,
      "mid_to_side_loudness": -32.48322677612305,
      "mid_to_side_loudness_range": 28.0064697265625,
      "side_mean": -63.163352966308594
    },
    {
      "high_freq": 392.3793640136719,
      "loudness": -33.184322357177734,
      "loudness_range": 13.240222930908203,
      "low_freq": 148.1999969482422,
      "mid_mean": -29.853483200073242,
      "mid_to_side_loudness": -12.93325138092041,
      "mid_to_side_loudness_range": 16.205297470092773,
      "side_mean": -42.88263702392578
    },
    {
      "high_freq": 794.6976318359375,
      "loudness": -34.29103469848633,
      "loudness_range": 16.720340728759766,
      "low_freq": 392.3793640136719,
      "mid_mean": -31.412433624267578,
      "mid_to_side_loudness": -8.884599685668945,
      "mid_to_side_loudness_range": 15.21932315826416,
      "side_mean": -40.06009292602539
    },
    {
      "high_freq": 1457.5709228515625,
      "loudness": -35.923851013183594,
      "loudness_range": 22.557735443115234,
      "low_freq": 794.6976318359375,
      "mid_mean": -33.744083404541016,
      "mid_to_side_loudness": -6.000527381896973,
      "mid_to_side_loudness_range": 16.291288375854492,
      "side_mean": -39.20295333862305
    },
    {
      "high_freq": 2549.74365234375,
      "loudness": -41.35689926147461,
      "loudness_range": 20.975128173828125,
      "low_freq": 1457.5709228515625,
      "mid_mean": -38.90234375,
      "mid_to_side_loudness": -6.648683071136475,
      "mid_to_side_loudness_range": 12.657333374023438,
      "side_mean": -44.83789825439453
    },
    {
      "high_freq": 4349.24462890625,
      "loudness": -42.872596740722656,
      "loudness_range": 20.406829833984375,
      "low_freq": 2549.74365234375,
      "mid_mean": -40.28143310546875,
      "mid_to_side_loudness": -6.733872890472412,
      "mid_to_side_loudness_range": 11.19782829284668,
      "side_mean": -46.821292877197266
    },
    {
      "high_freq": 7314.1640625,
      "loudness": -43.74356460571289,
      "loudness_range": 20.0247802734375,
      "low_freq": 4349.24462890625,
      "mid_mean": -41.54930877685547,
      "mid_to_side_loudness": -6.054051399230957,
      "mid_to_side_loudness_range": 10.737421989440918,
      "side_mean": -47.58340835571289
    },
    {
      "high_freq": 12199.2666015625,
      "loudness": -46.53371047973633,
      "loudness_range": 16.63385009765625,
      "low_freq": 7314.1640625,
      "mid_mean": -44.591373443603516,
      "mid_to_side_loudness": -4.641082286834717,
      "mid_to_side_loudness_range": 7.12351131439209,
      "side_mean": -51.343360900878906
    },
    {
      "loudness": -52.432708740234375,
      "loudness_range": 17.030292510986328,
      "low_freq": 12199.2666015625,
      "mid_mean": -52.646671295166016,
      "mid_to_side_loudness": -3.583967685699463,
      "mid_to_side_loudness_range": 4.645786762237549,
      "side_mean": -55.78957748413086
    }
  ],
  "bands_short": [
    {
      "high_freq": 148.1999969482422,
      "loudness": -36.65895080566406,
      "loudness_range": 18.137317657470703,
      "mid_mean": -33.45777130126953,
      "mid_to_side_loudness": -33.63921356201172,
      "mid_to_side_loudness_range": 33.60175323486328,
      "side_mean": -65.8159408569336
    },
    {
      "high_freq": 392.3793640136719,
      "loudness": -33.485389709472656,
      "loudness_range": 15.356067657470703,
      "low_freq": 148.1999969482422,
      "mid_mean": -30.167644500732422,
      "mid_to_side_loudness": -13.877029418945312,
      "mid_to_side_loudness_range": 18.50877571105957,
      "side_mean": -44.18760681152344
    },
    {
      "high_freq": 794.6976318359375,
      "loudness": -34.76862335205078,
      "loudness_range": 18.675504684448242,
      "low_freq": 392.3793640136719,
      "mid_mean": -31.97522735595703,
      "mid_to_side_loudness": -8.732443809509277,
      "mid_to_side_loudness_range": 16.165246963500977,
      "side_mean": -40.65031051635742
    },
    {
      "high_freq": 1457.5709228515625,
      "loudness": -36.420982360839844,
      "loudness_range": 24.009841918945312,
      "low_freq": 794.6976318359375,
      "mid_mean": -34.522613525390625,
      "mid_to_side_loudness": -5.6303391456604,
      "mid_to_side_loudness_range": 17.355079650878906,
      "side_mean": -39.66269302368164
    },
    {
      "high_freq": 2549.74365234375,
      "loudness": -42.535491943359375,
      "loudness_range": 24.029212951660156,
      "low_freq": 1457.5709228515625,
      "mid_mean": -40.128379821777344,
      "mid_to_side_loudness": -6.715708255767822,
      "mid_to_side_loudness_range": 14.024182319641113,
      "side_mean": -46.469573974609375
    },
    {
      "high_freq": 4349.24462890625,
      "loudness": -44.04570007324219,
      "loudness_range": 23.897768020629883,
      "low_freq": 2549.74365234375,
      "mid_mean": -41.562992095947266,
      "mid_to_side_loudness": -6.84117317199707,
      "mid_to_side_loudness_range": 12.477559089660645,
      "side_mean": -48.49480438232422
    },
    {
      "high_freq": 7314.1640625,
      "loudness": -45.598663330078125,
      "loudness_range": 25.771331787109375,
      "low_freq": 4349.24462890625,
      "mid_mean": -43.57809066772461,
      "mid_to_side_loudness": -6.244917869567871,
      "mid_to_side_loudness_range": 12.919133186340332,
      "side_mean": -50.95887756347656
    },
    {
      "high_freq": 12199.2666015625,
      "loudness": -49.0253791809082,
      "loudness_range": 24.220054626464844,
      "low_freq": 7314.1640625,
      "mid_mean": -50.08626937866211,
      "mid_to_side_loudness": -5.017209529876709,
      "mid_to_side_loudness_range": 9.515287399291992,
      "side_mean": -54.64392852783203
    },
    {
      "loudness": -56.4631233215332,
      "loudness_range": 27.423324584960938,
      "low_freq": 12199.2666015625,
      "mid_mean": -56.53853225708008,
      "mid_to_side_loudness": -4.39600944519043,
      "mid_to_side_loudness_range": 8.769671440124512,
      "side_mean": -59.92805099487305
    }
  ],
  "bandwidth": 630.9422607421875,
  "channels": 2,
  "covariance": [
    [
      35.92797088623047,
      11.18813419342041,
      13.388394355773926,
      13.307149887084961,
      9.880096435546875,
      19.513439178466797,
      16.40023422241211,
      25.133756637573242,
      12.904659271240234,
      14.140582084655762,
      16.736526489257812,
      18.439729690551758,
      16.999418258666992,
      20.796716690063477,
      9.73768138885498,
      21.77893829345703,
      17.642282485961914,
      15.8678560256958
    ],
    [
      11.18813419342041,
      28.847816467285156,
      9.979246139526367,
      19.711929321289062,
      13.254975318908691,
      18.382286071777344,
      19.865535736083984,
      23.26237678527832,
      18.949453353881836,
      17.397764205932617,
      17.705930709838867,
      18.289134979248047,
      11.208399772644043,
      11.782791137695312,
      0.9709163308143616,
      9.772192001342773,
      3.8532724380493164,
      4.216529369354248
    ],
    [
      13.388394355773926,
      9.979246139526367,
      24.38532257080078,
      20.40926170349121,
      15.266631126403809,
      19.29926300048828,
      16.497282028198242,
      19.035511016845703,
      18.506153106689453,
      14.912673950195312,
      19.375749588012695,
      20.658653259277344,
      14.440128326416016,
      15.401997566223145,
      6.8663105964660645,
      18.542619705200195,
      15.462481498718262,
      14.030620574951172
    ],
    [
      13.307149887084961,
      19.711929321289062,
      20.40926170349121,
      44.374149322509766,
      23.650413513183594,
      35.88971710205078,
      26.99913787841797,
      35.979637145996094,
      28.978879928588867,
      27.445106506347656,
      26.06505584716797,
      32.44306945800781,
      14.914908409118652,
      17.460058212280273,
      2.147017240524292,
      15.86272144317627,
      6.88319206237793,
      8.49101734161377
    ],
    [
      9.880096435546875,
      13.254975318908691,
      15.266631126403809,
      23.650413513183594,
      38.65126419067383,
      31.848350524902344,
      35.292057037353516,
      30.62797737121582,
      35.880218505859375,
      25.254688262939453,
      32.55577850341797,
      27.53462028503418,
      22.62211036682129,
      18.801029205322266,
      9.037102699279785,
      19.166793823242188,
      14.295536994934082,
      12.74006175994873
    ],
    [
      19.513439178466797,
      18.382286071777344,
      19.29926300048828,
      35.88971710205078,
      31.848350524902344,
      54.57905960083008,
      39.53314208984375,
      53.91569137573242,
      35.280609130859375,
      35.54863357543945,
      32.230411529541016,
      38.225563049316406,
      21.345129013061523,
      28.158599853515625,
      6.318476676940918,
      24.743120193481445,
      14.844460487365723,
      15.827993392944336
    ],
    [
      16.40023422241211,
      19.865535736083984,
      16.497282028198242,
      26.99913787841797,
      35.292057037353516,
      39.53314208984375,
      64.02691650390625,
      57.04246520996094,
      47.06708908081055,
      36.99661636352539,
      43.74290466308594,
      39.0882682800293,
      30.512388229370117,
      29.148229598999023,
      9.104182243347168,
      24.770896911621094,
      16.15448570251465,
      14.821572303771973
    ],
    [
      25.133756637573242,
      23.26237678527832,
      19.035511016845703,
      35.979637145996094,
      30.62797737121582,
      53.91569137573242,
      57.04246520996094,
      87.8077163696289,
      43.19273376464844,
      48.52824401855469,
      40.07757568359375,
      46.2086181640625,
      25.70310401916504,
      35.34275436401367,
      6.391129493713379,
      25.50200080871582,
      11.721240997314453,
      13.550196647644043
    ],
    [
      12.904659271240234,
      18.949453353881836,
      18.506153106689453,
      28.978879928588867,
      35.880218505859375,
      35.280609130859375,
      47.06708908081055,
      43.19273376464844,
      58.69676208496094,
      41.63822937011719,
      48.98421096801758,
      42.07277297973633,
      36.19411849975586,
      30.811363220214844,
      14.578448295593262,
      28.320175170898438,
      20.441734313964844,
      17.79009246826172
    ],
    [
      14.140582084655762,
      17.397764205932617,
      14.912673950195312,
      27.445106506347656,
      25.254688262939453,
      35.54863357543945,
      36.99661636352539,
      48.52824401855469,
      41.63822937011719,
      50.544742584228516,
      36.15753173828125,
      41.8580207824707,
      26.268768310546875,
      32.738582611083984,
      11.851936340332031,
      22.687374114990234,
      11.86629867553711,
      13.69532299041748
    ],
    [
      16.736526489257812,
      17.705930709838867,
      19.375749588012695,
      26.06505584716797,
      32.55577850341797,
      32.230411529541016,
      43.74290466308594,
      40.07757568359375,
      48.98421096801758,
      36.15753173828125,
      55.87744903564453,
      47.317535400390625,
      43.17963790893555,
      39.013675689697266,
      21.048704147338867,
      37.55314254760742,
      28.073246002197266,
      24.512399673461914
    ],
    [
      18.439729690551758,
      18.289134979248047,
      20.658653259277344,
      32.44306945800781,
      27.53462028503418,
      38.225563049316406,
      39.0882682800293,
      46.2086181640625,
      42.07277297973633,
      41.8580207824707,
      47.317535400390625,
      58.67719268798828,
      39.554813385009766,
      47.16130065917969,
      19.41324234008789,
      43.42885208129883,
      29.085927963256836,
      28.87993812561035
    ],
    [
      16.999418258666992,
      11.208399772644043,
      14.440128326416016,
      14.914908409118652,
      22.62211036682129,
      21.345129013061523,
      30.512388229370117,
      25.70310401916504,
      36.19411849975586,
      26.268768310546875,
      43.17963790893555,
      39.554813385009766,
      57.26372528076172,
      45.20490646362305,
      37.155723571777344,
      45.70603942871094,
      41.280540466308594,
      34.52321243286133
    ],
    [
      20.796716690063477,
      11.782791137695312,
      15.401997566223145,
      17.460058212280273,
      18.801029205322266,
      28.158599853515625,
      29.148229598999023,
      35.34275436401367,
      30.811363220214844,
      32.738582611083984,
      39.013675689697266,
      47.16130065917969,
      45.20490646362305,
      59.17169952392578,
      31.423891067504883,
      54.04360580444336,
      42.798030853271484,
      41.06354904174805
    ],
    [
      9.73768138885498,
      0.9709163308143616,
      6.8663105964660645,
      2.147017240524292,
      9.037102699279785,
      6.318476676940918,
      9.104182243347168,
      6.391129493713379,
      14.578448295593262,
      11.851936340332031,
      21.048704147338867,
      19.41324234008789,
      37.155723571777344,
      31.423891067504883,
      45.95119094848633,
      37.11094284057617,
      40.085487365722656,
      33.54461669921875
    ],
    [
      21.77893829345703,
      9.772192001342773,
      18.542619705200195,
      15.86272144317627,
      19.166793823242188,
      24.743120193481445,
      24.770896911621094,
      25.50200080871582,
      28.320175170898438,
      22.687374114990234,
      37.55314254760742,
      43.42885208129883,
      45.70603942871094,
      54.04360580444336,
      37.11094284057617,
      75.09510040283203,
      68.40980529785156,
      62.27958297729492
    ],
    [
      17.642282485961914,
      3.8532724380493164,
      15.462481498718262,
      6.88319206237793,
      14.295536994934082,
      14.844460487365723,
      16.15448570251465,
      11.721240997314453,
      20.441734313964844,
      11.86629867553711,
      28.073246002197266,
      29.085927963256836,
      41.280540466308594,
      42.798030853271484,
      40.085487365722656,
      68.40980529785156,
      73.6431655883789,
      63.396488189697266
    ],
    [
      15.8678560256958,
      4.216529369354248,
      14.030620574951172,
      8.49101734161377,
      12.74006175994873,
      15.827993392944336,
      14.821572303771973,
      13.550196647644043,
      17.79009246826172,
      13.69532299041748,
      24.512399673461914,
      28.87993812561035,
      34.52321243286133,
      41.06354904174805,
      33.54461669921875,
      62.27958297729492,
      63.396488189697266,
      59.017616271972656
    ]
  ],
  "covariance_short": [
    [
      61.439022064208984,
      8.199161529541016,
      17.918174743652344,
      14.936737060546875,
      11.657135009765625,
      19.621782302856445,
      17.451412200927734,
      25.083633422851562,
      14.955979347229004,
      15.777480125427246,
      20.671167373657227,
      24.426454544067383,
      21.585134506225586,
      29.968307495117188,
      27.939908981323242,
      27.634048461914062,
      19.75174903869629,
      18.086523056030273
    ],
    [
      8.199161529541016,
      22.972394943237305,
      8.138629913330078,
      16.78817367553711,
      11.259468078613281,
      14.573028564453125,
      16.188373565673828,
      17.3142147064209,
      16.500438690185547,
      16.45728874206543,
      15.089334487915039,
      16.30491828918457,
      10.375744819641113,
      14.052477836608887,
      7.793576717376709,
      9.812586784362793,
      5.5920000076293945,
      6.205296993255615
    ],
    [
      17.918174743652344,
      8.138629913330078,
      31.488325119018555,
      22.567075729370117,
      18.54537582397461,
      22.369224548339844,
      19.144445419311523,
      20.732181549072266,
      20.816688537597656,
      19.12558937072754,
      22.218502044677734,
      25.476531982421875,
      18.560977935791016,
      26.399076461791992,
      24.70293426513672,
      23.061403274536133,
      18.15043067932129,
      16.5825138092041
    ],
    [
      14.936737060546875,
      16.78817367553711,
      22.567075729370117,
      52.863033294677734,
      27.53459358215332,
      40.34212875366211,
      29.90890884399414,
      37.02410888671875,
      32.62369155883789,
      35.0191764831543,
      30.57413101196289,
      40.525901794433594,
      21.264680862426758,
      32.88582992553711,
      18.052854537963867,
      23.71364974975586,
      11.863810539245605,
      13.787858009338379
    ],
    [
      11.657135009765625,
      11.259468078613281,
      18.54537582397461,
      27.53459358215332,
      47.5618782043457,
      36.500022888183594,
      40.46975326538086,
      33.472415924072266,
      42.92760467529297,
      33.81972885131836,
      40.2315788269043,
      36.28095626831055,
      32.45322799682617,
      34.48289108276367,
      30.024364471435547,
      27.02565574645996,
      20.781021118164062,
      17.324874877929688
    ],
    [
      19.621782302856445,
      14.573028564453125,
      22.369224548339844,
      40.34212875366211,
      36.500022888183594,
      61.08110427856445,
      43.538272857666016,
      55.291465759277344,
      41.69841766357422,
      44.150352478027344,
      38.92620849609375,
      48.248878479003906,
      30.777029037475586,
      44.732086181640625,
      30.072282791137695,
      34.85661697387695,
      21.867061614990234,
      22.08791732788086
    ],
    [
      17.451412200927734,
      16.188373565673828,
      19.144445419311523,
      29.90890884399414,
      40.46975326538086,
      43.538272857666016,
      73.96141052246094,
      60.359397888183594,
      54.325225830078125,
      46.15184020996094,
      52.0881233215332,
      49.4107780456543,
      42.03266906738281,
      47.90076446533203,
      37.09927749633789,
      35.80906677246094,
      25.467941284179688,
      21.21001625061035
    ],
    [
      25.083633422851562,
      17.3142147064209,
      20.732181549072266,
      37.02410888671875,
      33.472415924072266,
      55.291465759277344,
      60.359397888183594,
      93.36111450195312,
      48.59667205810547,
      55.54563522338867,
      45.19682693481445,
      54.94428253173828,
      34.43894577026367,
      51.5473518371582,
      31.130571365356445,
      38.339935302734375,
      20.5203857421875,
      21.382986068725586
    ],
    [
      14.955979347229004,
      16.500438690185547,
      20.816688537597656,
      32.62369155883789,
      42.92760467529297,
      41.69841766357422,
      54.325225830078125,
      48.59667205810547,
      72.31370544433594,
      54.85477828979492,
      59.82065963745117,
      54.796295166015625,
      50.40822219848633,
      53.75131607055664,
      45.29712677001953,
      41.4392204284668,
      30.997346878051758,
      25.736902236938477
    ],
    [
      15.777480125427246,
      16.45728874206543,
      19.12558937072754,
      35.0191764831543,
      33.81972885131836,
      44.150352478027344,
      46.15184020996094,
      55.54563522338867,
      54.85477828979492,
      69.27696228027344,
      47.94740676879883,
      57.49746322631836,
      42.09259033203125,
      54.95783996582031,
      37.729915618896484,
      43.526573181152344,
      28.969432830810547,
      29.1068058013916
    ],
    [
      20.671167373657227,
      15.089334487915039,
      22.218502044677734,
      30.57413101196289,
      40.2315788269043,
      38.92620849609375,
      52.0881233215332,
      45.19682693481445,
      59.82065963745117,
      47.94740676879883,
      74.10643005371094,
      63.23941421508789,
      64.07347869873047,
      67.1307144165039,
      62.26167678833008,
      55.65275955200195,
      43.008975982666016,
      35.537776947021484
    ],
    [
      24.426454544067383,
      16.30491828918457,
      25.476531982421875,
      40.525901794433594,
      36.28095626831055,
      48.248878479003906,
      49.4107780456543,
      54.94428253173828,
      54.796295166015625,
      57.49746322631836,
      63.23941421508789,
      78.812255859375,
      58.198387145996094,
      79.26252746582031,
      61.09237289428711,
      66.28929138183594,
      44.956077575683594,
      43.90711212158203
    ],
    [
      21.585134506225586,
      10.375744819641113,
      18.560977935791016,
      21.264680862426758,
      32.45322799682617,
      30.777029037475586,
      42.03266906738281,
      34.43894577026367,
      50.40822219848633,
      42.09259033203125,
      64.07347869873047,
      58.198387145996094,
      87.55113983154297,
      76.10191345214844,
      86.10088348388672,
      72.775146484375,
      66.20375061035156,
      53.0477180480957
    ],
    [
      29.968307495117188,
      14.052477836608887,
      26.399076461791992,
      32.88582992553711,
      34.48289108276367,
      44.732086181640625,
      47.90076446533203,
      51.5473518371582,
      53.75131607055664,
      54.95783996582031,
      67.1307144165039,
      79.26252746582031,
      76.10191345214844,
      105.7042236328125,
      96.78546905517578,
      96.94453430175781,
      75.814697265625,
      70.04132080078125
    ],
    [
      27.939908981323242,
      7.793576717376709,
      24.70293426513672,
      18.052854537963867,
      30.024364471435547,
      30.072282791137695,
      37.09927749633789,
      31.130571365356445,
      45.29712677001953,
      37.729915618896484,
      62.26167678833008,
      61.09237289428711,
      86.10088348388672,
      96.78546905517578,
      123.38867950439453,
      100.9590072631836,
      98.4815444946289,
      78.81572723388672
    ],
    [
      27.634048461914062,
      9.812586784362793,
      23.061403274536133,
      23.71364974975586,
      27.02565574645996,
      34.85661697387695,
      35.80906677246094,
      38.339935302734375,
      41.4392204284668,
      43.526573181152344,
      55.65275955200195,
      66.28929138183594,
      72.775146484375,
      96.94453430175781,
      100.9590072631836,
      101.21569061279297,
      85.94445037841797,
      80.32128143310547
    ],
    [
      19.75174903869629,
      5.5920000076293945,
      18.15043067932129,
      11.863810539245605,
      20.781021118164062,
      21.867061614990234,
      25.467941284179688,
      20.5203857421875,
      30.997346878051758,
      28.969432830810547,
      43.008975982666016,
      44.956077575683594,
      66.20375061035156,
      75.814697265625,
      98.4815444946289,
      85.94445037841797,
      93.80681610107422,
      78.90583801269531
    ],
    [
      18.086523056030273,
      6.205296993255615,
      16.5825138092041,
      13.787858009338379,
      17.324874877929688,
      22.08791732788086,
      21.21001625061035,
      21.382986068725586,
      25.736902236938477,
      29.1068058013916,
      35.537776947021484,
      43.90711212158203,
      53.0477180480957,
      70.04132080078125,
      78.81572723388672,
      80.32128143310547,
      78.90583801269531,
      76.77120971679688
    ]
  ],
  "damage": -16.741994857788086,
  "diff_bandwidth": 658.1093139648438,
  "dissonance": 7.645620451510851,
  "drr": 14.609635353088379,
  "dynamics": 4.183024883270264,
  "format": 1245187,
  "frames": 16633344,
  "freq_pan_to_db": [
    [
      -42.27639389038086,
      -41.64434814453125,
      -40.16445541381836,
      -34.12936782836914,
      -27.791372299194336,
      -23.54377555847168,
      -28.627052307128906,
      -33.98530197143555,
      -36.47297286987305,
      -40.48923873901367,
      -43.06669998168945
    ],
    [
      -39.27241516113281,
      -37.9391975402832,
      -34.91304016113281,
      -31.433223724365234,
      -26.134328842163086,
      -23.293893814086914,
      -26.418542861938477,
      -29.954431533813477,
      -34.872135162353516,
      -38.23405075073242,
      -44.981201171875
    ],
    [
      -40.29041290283203,
      -38.68621063232422,
      -36.28902053833008,
      -33.911781311035156,
      -28.2532958984375,
      -24.122529983520508,
      -27.040735244750977,
      -30.8922176361084,
      -32.86842727661133,
      -38.36660385131836,
      -39.61217498779297
    ],
    [
      -42.06930160522461,
      -39.004249572753906,
      -36.00178146362305,
      -31.546354293823242,
      -28.441503524780273,
      -26.319002151489258,
      -28.92240333557129,
      -32.514625549316406,
      -35.068458557128906,
      -36.98530960083008,
      -38.693260192871094
    ],
    [
      -36.0334358215332,
      -33.44462966918945,
      -31.773630142211914,
      -29.181068420410156,
      -27.19268035888672,
      -25.546438217163086,
      -26.656187057495117,
      -28.621753692626953,
      -30.18863868713379,
      -32.88278579711914,
      -33.99258041381836
    ],
    [
      -31.77913475036621,
      -30.77535629272461,
      -29.355138778686523,
      -28.3792667388916,
      -26.8987979888916,
      -24.87071418762207,
      -26.065567016601562,
      -27.74375343322754,
      -29.253477096557617,
      -30.62120819091797,
      -30.840744018554688
    ],
    [
      -31.100570678710938,
      -30.312196731567383,
      -28.573734283447266,
      -27.88200569152832,
      -26.146032333374023,
      -23.639413833618164,
      -25.33860206604004,
      -27.905658721923828,
      -29.636735916137695,
      -30.665725708007812,
      -30.060270309448242
    ],
    [
      -29.993745803833008,
      -29.944841384887695,
      -29.031692504882812,
      -27.438793182373047,
      -24.29400062561035,
      -23.30014419555664,
      -25.825939178466797,
      -27.943485260009766,
      -28.476715087890625,
      -29.102148056030273,
      -29.715635299682617
    ],
    [
      -31.099210739135742,
      -30.936338424682617,
      -29.753292083740234,
      -27.322586059570312,
      -26.3699893951416,
      -26.484447479248047,
      -28.991191864013672,
      -30.89811897277832,
      -31.63408660888672,
      -32.16762924194336,
      -33.490352630615234
    ],
    [
      -28.43672752380371,
      -29.122356414794922,
      -28.532146453857422,
      -26.65896987915039,
      -24.178760528564453,
      -24.382375717163086,
      -27.204151153564453,
      -28.880281448364258,
      -28.051624298095703,
      -29.03080940246582,
      -29.909099578857422
    ],
    [
      -26.59352684020996,
      -27.835371017456055,
      -28.103534698486328,
      -26.719228744506836,
      -25.087108612060547,
      -23.858062744140625,
      -24.163820266723633,
      -26.833492279052734,
      -27.59474754333496,
      -29.506101608276367,
      -27.7677001953125
    ],
    [
      -26.494918823242188,
      -28.03710174560547,
      -27.468870162963867,
      -27.888893127441406,
      -27.65444564819336,
      -26.11021614074707,
      -27.131641387939453,
      -28.31322479248047,
      -28.91360855102539,
      -30.408586502075195,
      -31.545862197875977
    ],
    [
      -28.931482315063477,
      -29.365633010864258,
      -30.179410934448242,
      -29.01569175720215,
      -28.942094802856445,
      -28.250932693481445,
      -28.821720123291016,
      -29.291568756103516,
      -29.50304412841797,
      -30.0098934173584,
      -31.39374542236328
    ],
    [
      -28.8103084564209,
      -29.719173431396484,
      -29.422679901123047,
      -28.997608184814453,
      -28.537328720092773,
      -25.628694534301758,
      -26.226648330688477,
      -27.365962982177734,
      -27.878488540649414,
      -29.13905143737793,
      -29.13417625427246
    ],
    [
      -30.07839012145996,
      -28.6158447265625,
      -28.226972579956055,
      -27.147544860839844,
      -26.76947784423828,
      -24.837478637695312,
      -26.097463607788086,
      -25.86737060546875,
      -26.0003662109375,
      -27.155115127563477,
      -24.22050666809082
    ],
    [
      -31.472227096557617,
      -29.149059295654297,
      -29.03689956665039,
      -28.182003021240234,
      -29.329242706298828,
      -27.039207458496094,
      -27.078523635864258,
      -27.37919807434082,
      -27.15751838684082,
      -27.40960121154785,
      -25.13339614868164
    ],
    [
      -36.029457092285156,
      -31.041305541992188,
      -30.307392120361328,
      -29.58819007873535,
      -33.26505661010742,
      -30.060514450073242,
      -29.697240829467773,
      -29.811742782592773,
      -30.992488861083984,
      -29.235952377319336,
      -28.114219665527344
    ],
    [
      -32.478065490722656,
      -29.014692306518555,
      -27.314285278320312,
      -26.659841537475586,
      -30.14946174621582,
      -29.479286193847656,
      -27.298553466796875,
      -26.657499313354492,
      -29.214815139770508,
      -27.056352615356445,
      -24.840347290039062
    ],
    [
      -39.03653335571289,
      -35.45079040527344,
      -33.30850601196289,
      -33.88010025024414,
      -34.97401428222656,
      -30.78288459777832,
      -33.467315673828125,
      -34.0484504699707,
      -32.44877624511719,
      -32.25896453857422,
      -29.571975708007812
    ],
    [
      -35.622344970703125,
      -38.99679946899414,
      -37.75864791870117,
      -37.75558090209961,
      -37.988399505615234,
      -35.64756774902344,
      -36.70602035522461,
      -37.88982391357422,
      -37.093509674072266,
      -34.740257263183594,
      -31.853099822998047
    ],
    [
      -41.645076751708984,
      -40.742794036865234,
      -39.32134246826172,
      -39.148658752441406,
      -37.195308685302734,
      -35.987152099609375,
      -40.7094841003418,
      -38.52082824707031,
      -39.48993682861328,
      -36.47144317626953,
      -32.83677673339844
    ],
    [
      -41.732818603515625,
      -41.544063568115234,
      -40.23619842529297,
      -40.094905853271484,
      -40.370811462402344,
      -38.81257247924805,
      -41.755638122558594,
      -41.26921081542969,
      -41.30754470825195,
      -40.95805358886719,
      -38.382301330566406
    ],
    [
      -40.2454833984375,
      -41.7723274230957,
      -41.25801086425781,
      -41.61408615112305,
      -41.114471435546875,
      -39.742469787597656,
      -42.704673767089844,
      -43.22175598144531,
      -42.49174499511719,
      -41.95624542236328,
      -44.279232025146484
    ],
    [
      -40.038543701171875,
      -41.85820770263672,
      -41.70863342285156,
      -41.41413497924805,
      -40.85845184326172,
      -39.050437927246094,
      -41.73564910888672,
      -42.6436767578125,
      -42.011722564697266,
      -41.59994888305664,
      -44.1129150390625
    ],
    [
      -42.56217575073242,
      -42.835716247558594,
      -42.45222854614258,
      -42.19512176513672,
      -41.613792419433594,
      -41.10280990600586,
      -42.37068176269531,
      -42.78691482543945,
      -43.03583908081055,
      -44.346824645996094,
      -49.96451187133789
    ],
    [
      -46.22819900512695,
      -44.67337417602539,
      -42.74708938598633,
      -42.35221481323242,
      -41.153892517089844,
      -39.034332275390625,
      -42.07098388671875,
      -42.916873931884766,
      -43.44332504272461,
      -44.66875457763672,
      -49.40269088745117
    ],
    [
      -46.971893310546875,
      -43.06856918334961,
      -42.33370590209961,
      -42.08774185180664,
      -41.628726959228516,
      -38.57418441772461,
      -42.9630241394043,
      -42.87295150756836,
      -42.29556655883789,
      -42.13996887207031,
      -41.65169906616211
    ],
    [
      -49.30995178222656,
      -46.10774230957031,
      -43.94683074951172,
      -43.48957443237305,
      -43.652584075927734,
      -41.14180374145508,
      -45.04481506347656,
      -42.972679138183594,
      -43.1054573059082,
      -43.436767578125,
      -46.646888732910156
    ],
    [
      -47.59036636352539,
      -45.59397506713867,
      -43.66762924194336,
      -43.62487030029297,
      -43.43185806274414,
      -41.61025619506836,
      -44.737396240234375,
      -43.38010025024414,
      -43.58688735961914,
      -45.96337127685547,
      -50.67555236816406
    ],
    [
      -42.66328811645508,
      -43.58370590209961,
      -43.66889953613281,
      -43.65751647949219,
      -42.852386474609375,
      -41.2435302734375,
      -44.083614349365234,
      -43.58479690551758,
      -43.415897369384766,
      -44.22078323364258,
      -51.35527801513672
    ],
    [
      -54.15638732910156,
      -45.744476318359375,
      -45.36164474487305,
      -44.83953857421875,
      -43.79197692871094,
      -40.71321487426758,
      -45.12387466430664,
      -44.67610549926758,
      -43.660255432128906,
      -44.89142608642578,
      -61.8634033203125
    ],
    [
      -45.80984115600586,
      -48.415740966796875,
      -45.2480583190918,
      -44.263648986816406,
      -44.484127044677734,
      -42.61764907836914,
      -45.84228515625,
      -45.546043395996094,
      -45.19196701049805,
      -42.09153747558594,
      -51.4041633605957
    ],
    [
      -370,
      -48.30045700073242,
      -47.42843246459961,
      -45.69172668457031,
      -46.38165283203125,
      -44.76455307006836,
      -46.744667053222656,
      -46.479427337646484,
      -46.635066986083984,
      -49.25366973876953,
      -43.73415756225586
    ],
    [
      -49.70231628417969,
      -48.755924224853516,
      -33.115699768066406,
      -42.157203674316406,
      -48.63744354248047,
      -46.585777282714844,
      -47.05904006958008,
      -45.71337127685547,
      -44.587989807128906,
      -46.19808578491211,
      -61.23975372314453
    ],
    [
      -74.12701416015625,
      -48.38545608520508,
      -38.311031341552734,
      -44.19679641723633,
      -48.64375305175781,
      -45.994606018066406,
      -46.59016799926758,
      -44.62268829345703,
      -43.219764709472656,
      -41.76206970214844,
      -370
    ],
    [
      -59.0415153503418,
      -50.803253173828125,
      -46.97964859008789,
      -47.34404754638672,
      -51.95890808105469,
      -48.91514205932617,
      -48.45463180541992,
      -45.3552360534668,
      -44.47016525268555,
      -45.902740478515625,
      -370
    ],
    [
      -52.72632598876953,
      -49.11821365356445,
      -48.862632751464844,
      -49.366153717041016,
      -53.40939712524414,
      -51.08927917480469,
      -49.04572677612305,
      -47.37904357910156,
      -46.282711029052734,
      -43.74912643432617,
      -370
    ],
    [
      -46.60258865356445,
      -47.48734664916992,
      -48.70095443725586,
      -50.07687759399414,
      -53.623008728027344,
      -51.70114517211914,
      -50.05180358886719,
      -48.82707595825195,
      -47.32459259033203,
      -47.83957290649414,
      -66.20831298828125
    ],
    [
      -46.49241256713867,
      -47.123416900634766,
      -50.294342041015625,
      -51.54291534423828,
      -54.113197326660156,
      -52.25422286987305,
      -49.44094467163086,
      -47.675575256347656,
      -46.95136642456055,
      -47.797142028808594,
      -57.85768127441406
    ],
    [
      -50.302146911621094,
      -53.330318450927734,
      -53.142982482910156,
      -54.24983215332031,
      -57.07955551147461,
      -56.88683319091797,
      -52.047767639160156,
      -48.16963195800781,
      -46.27388000488281,
      -45.95835876464844,
      -56.30765914916992
    ],
    [
      -62.0210075378418,
      -62.4430046081543,
      -65.87386322021484,
      -63.92385482788086,
      -64.3019027709961,
      -64.40420532226562,
      -60.444610595703125,
      -53.30609130859375,
      -48.61579513549805,
      -45.98723602294922,
      -48.74898147583008
    ],
    [
      -67.61186981201172,
      -68.43148803710938,
      -69.37567901611328,
      -71.0304183959961,
      -71.18614959716797,
      -69.56249237060547,
      -63.2317008972168,
      -56.662357330322266,
      -53.70876693725586,
      -52.373863220214844,
      -63.71828842163086
    ]
  ],
  "histogram": [
    {
      "db": -70,
      "frequency": 0
    },
    {
      "db": -69,
      "frequency": 0
    },
    {
      "db": -68,
      "frequency": 1
    },
    {
      "db": -67,
      "frequency": 1
    },
    {
      "db": -66,
      "frequency": 0
    },
    {
      "db": -65,
      "frequency": 1
    },
    {
      "db": -64,
      "frequency": 0
    },
    {
      "db": -63,
      "frequency": 0
    },
    {
      "db": -62,
      "frequency": 1
    },
    {
      "db": -61,
      "frequency": 1
    },
    {
      "db": -60,
      "frequency": 0
    },
    {
      "db": -59,
      "frequency": 1
    },
    {
      "db": -58,
      "frequency": 1
    },
    {
      "db": -57,
      "frequency": 1
    },
    {
      "db": -56,
      "frequency": 0
    },
    {
      "db": -55,
      "frequency": 1
    },
    {
      "db": -54,
      "frequency": 1
    },
    {
      "db": -53,
      "frequency": 2
    },
    {
      "db": -52,
      "frequency": 0
    },
    {
      "db": -51,
      "frequency": 1
    },
    {
      "db": -50,
      "frequency": 1
    },
    {
      "db": -49,
      "frequency": 1
    },
    {
      "db": -48,
      "frequency": 1
    },
    {
      "db": -47,
      "frequency": 2
    },
    {
      "db": -46,
      "frequency": 0
    },
    {
      "db": -45,
      "frequency": 2
    },
    {
      "db": -44,
      "frequency": 1
    },
    {
      "db": -43,
      "frequency": 2
    },
    {
      "db": -42,
      "frequency": 1
    },
    {
      "db": -41,
      "frequency": 11
    },
    {
      "db": -40,
      "frequency": 15
    },
    {
      "db": -39,
      "frequency": 13
    },
    {
      "db": -38,
      "frequency": 27
    },
    {
      "db": -37,
      "frequency": 30
    },
    {
      "db": -36,
      "frequency": 43
    },
    {
      "db": -35,
      "frequency": 45
    },
    {
      "db": -34,
      "frequency": 38
    },
    {
      "db": -33,
      "frequency": 31
    },
    {
      "db": -32,
      "frequency": 45
    },
    {
      "db": -31,
      "frequency": 67
    },
    {
      "db": -30,
      "frequency": 63
    },
    {
      "db": -29,
      "frequency": 74
    },
    {
      "db": -28,
      "frequency": 112
    },
    {
      "db": -27,
      "frequency": 238
    },
    {
      "db": -26,
      "frequency": 288
    },
    {
      "db": -25,
      "frequency": 389
    },
    {
      "db": -24,
      "frequency": 366
    },
    {
      "db": -23,
      "frequency": 324
    },
    {
      "db": -22,
      "frequency": 244
    },
    {
      "db": -21,
      "frequency": 229
    },
    {
      "db": -20,
      "frequency": 276
    },
    {
      "db": -19,
      "frequency": 271
    },
    {
      "db": -18,
      "frequency": 231
    },
    {
      "db": -17,
      "frequency": 121
    },
    {
      "db": -16,
      "frequency": 61
    },
    {
      "db": -15,
      "frequency": 38
    },
    {
      "db": -14,
      "frequency": 3
    },
    {
      "db": -13,
      "frequency": 0
    },
    {
      "db": -12,
      "frequency": 0
    },
    {
      "db": -11,
      "frequency": 0
    },
    {
      "db": -10,
      "frequency": 0
    },
    {
      "db": -9,
      "frequency": 0
    },
    {
      "db": -8,
      "frequency": 0
    },
    {
      "db": -7,
      "frequency": 0
    },
    {
      "db": -6,
      "frequency": 0
    },
    {
      "db": -5,
      "frequency": 0
    },
    {
      "db": -4,
      "frequency": 0
    },
    {
      "db": -3,
      "frequency": 0
    },
    {
      "db": -2,
      "frequency": 0
    },
    {
      "db": -1,
      "frequency": 0
    },
    {
      "db": 0,
      "frequency": 0
    },
    {
      "db": 1,
      "frequency": 0
    },
    {
      "db": 2,
      "frequency": 0
    },
    {
      "db": 3,
      "frequency": 0
    },
    {
      "db": 4,
      "frequency": 0
    },
    {
      "db": 5,
      "frequency": 0
    },
    {
